3.8591699804467527 0.0502 30934.732332409825
3.897197623126558 0.0484 31081.462287558155
3.645728558347928 0.0482 30705.927687788164
5.062703479431825 0.0457 31113.94631619967
6.385303142179372 0.048 31231.981522929684
5.110301753890321 0.0515 31199.898309035827
4.014361983639282 0.0473 30903.094152514834
5.215861474762278 0.0467 31070.281823449972
5.254196927939796 0.0442 31097.37645192437
5.501255929603673 0.0482 31056.41276484636
5.36043272885788 0.0456 31084.6951326951
6.267826018573685 0.0442 31128.504888303887
5.974838969431252 0.0425 31022.981413174613
6.573120956278569 0.0418 30997.614730511454
4.703974432864609 0.0429 30855.441671961886
5.764910636357947 0.0408 30876.223331972058
7.414352459595915 0.044 31217.215629505405
8.551638019733335 0.0409 31323.445301733067
6.992577840691495 0.0398 31177.928961388454
5.87275819501371 0.042 30955.44900483238
7.235337466838131 0.0396 31155.98307546817
5.363787426642514 0.0415 30815.785491363964
4.845231979211184 0.0413 30806.437899692883
7.1996731737676605 0.0409 31042.32288416535
5.178564471046106 0.0419 30982.268369593694
8.057634603562835 0.038 31290.484612481752
6.638302902432936 0.0402 31014.529110836695
9.541109231145606 0.0341 31287.29529042141
5.4635579364910045 0.0411 30898.521532609415
8.75441024479837 0.0365 31276.113984800435
7.698310125054129 0.0369 31134.689001852603
6.661306164296128 0.0362 30912.63217645745
7.737795152213041 0.0362 31235.61825498719
5.923461715819162 0.0347 30844.270094780102
8.728956673910648 0.0364 31224.05241698637
10.17655881039356 0.0337 31636.88150148283
7.792973751054997 0.0342 31033.080964382632
9.241185823115494 0.0323 31148.767685927825
8.013761186448146 0.0357 31072.07727566557
7.421733370231409 0.0334 31010.443913344352
9.170712309200272 0.034 31111.181426540734
9.63062721430871 0.0301 31206.9783304181
12.794024615688734 0.0322 31738.008676735568
8.257201967019453 0.032 31024.98520533429
7.2174419927044395 0.0339 30812.08209723793
7.471960916729732 0.0328 31055.301189021582
11.66513054054418 0.0286 31558.088294023695
5.866843211637043 0.0353 30598.665390159775
11.178990645075503 0.0314 31516.31678981421
8.176675331418554 0.0303 30940.050036426957
12.85950453749743 0.0308 31808.57388744912
8.20664747092506 0.0299 30963.39464869652
8.948005324231875 0.0322 30957.80457715191
18.964078602388746 0.0266 32421.41660746852
22.45805292939431 0.0303 32795.53206976337
13.92016321473993 0.0282 31897.04555849732
10.957359330746835 0.0301 31329.429924118624
10.594426294639044 0.0292 31347.504504337663
12.488124693312367 0.0275 31737.57142982976
12.062402176469414 0.0268 31390.148954628043
98.01517312825429 0.0294 41290.416413950334
12.677723925008772 0.0262 31499.205650842112
15.450155484675875 0.0261 32078.025290140646
19.310917703933402 0.0242 32769.54186470406
12.058674341909079 0.0272 31329.53098588092
8.197525070571743 0.0316 31001.807489624054
28.333505779500406 0.0248 33613.294208711326
17.543910918822625 0.0258 32219.883684288896
11.797142350353084 0.0274 31528.842373289724
10.225281454570986 0.0266 31100.262958575353
95.16710952519215 0.0234 40894.34118282677
22.433605744856134 0.0246 32876.23381183192
32.01198581926123 0.0228 34320.74175787032
95.78097641004386 0.0215 40728.3515486608
31.191621748344478 0.0227 34077.24388247934
18.696090751396543 0.0247 32238.015547165178
49.75268556808083 0.0246 36440.08189392978
93.55412883434214 0.0206 40538.88520201853
73.22589143549268 0.0228 38452.441544106165
72.32361964569986 0.02 38353.111329163774
26.633198994396416 0.0228 33507.93739809147
60.60253717334152 0.0205 37954.45195775745
49.46369005495589 0.0237 35925.08662400248
94.87246294675852 0.0228 40571.031900705726
89.0958260179354 0.0211 39986.71522795647
30.17809095003342 0.0227 33981.225496364175
97.62931593555842 0.0206 41029.242929554704
96.12379218564273 0.0205 40877.81451061894
96.46181480383603 0.0212 40505.239787219616
81.81558946657648 0.019 39561.89431223938
26.73198082889612 0.0225 33576.56105340187
37.65762717178788 0.0208 35067.181287778185
98.2491832350048 0.0187 41012.214962197075
96.67977446238812 0.0202 40734.26080888832
39.803573535602425 0.0222 34909.73216813123
94.89015125893292 0.0186 40484.02615159223
98.01968844072867 0.019 40971.00771487233
32.85205646774803 0.0217 33969.84932823662
96.36544036742201 0.0178 40730.8215602897
53.05395783482095 0.019 36235.90723860522
88.30922176980312 0.019 39919.54100039426
96.1261625825566 0.0178 40514.42385239111
97.04781359675329 0.0209 40591.4283916734
98.13004685385336 0.0182 40583.79139528365
97.75982330911201 0.0156 40651.80128892963
97.18300582152672 0.0158 40510.27903724551
96.447016848392 0.016 40601.16863521233
84.76359217774454 0.0165 39604.41617451393
92.7129211992136 0.0164 40035.52004008261
97.35489859243094 0.0156 40669.27912493441
96.71096857758421 0.0146 40369.49300166451
82.76531391985222 0.0177 39339.01172373436
96.19734931961167 0.0172 40643.72304588601
96.8457912842487 0.0157 40866.59452130248
97.47285676889791 0.0154 40699.051764786534
97.66271403089308 0.0143 40317.67531589492
97.83324781297219 0.0142 40723.810898937474
89.63860823733653 0.0178 39778.95484401643
97.8508627705342 0.0158 40540.07427650138
96.10340981788569 0.0142 40646.48764091266
97.41487886282452 0.0133 40651.42392985438
97.72033591719554 0.0137 40832.624347010664
93.0639540510991 0.0146 40364.17395328095
97.72777453603923 0.0142 40510.01394267377
98.24688602436062 0.013 40759.73949108203
96.9016808966239 0.0147 40413.59213803838
97.70632088966893 0.0135 40525.46459512211
97.88613054955883 0.0138 40431.32226902761
94.17570362585153 0.0139 40443.4726598427
97.74552537295232 0.0125 40506.827456054205
97.28761868228736 0.0154 40479.44173297416
97.45888168859203 0.0148 40509.51521751905
97.31325746753684 0.013 40381.61585076289
97.79973327789588 0.0122 40577.949830399695
96.19443512230697 0.0132 40664.73902308069
96.27343102059493 0.0133 40254.562341426994
97.05475455755658 0.0136 40442.55877938086
98.11879916480864 0.0128 40372.674242738
97.86909849043198 0.0117 40127.05841962503
96.97993574050484 0.0141 40275.8282182739
98.1383183186758 0.0136 40491.13383536951
97.88448528028808 0.0106 40497.10936102853
96.60302441959767 0.0118 40389.01279748383
96.30491969287556 0.0114 40327.448769562405
96.71228053620946 0.0115 40140.817957286345
96.889984597372 0.0115 40091.508172577225
97.8268594171462 0.0113 40583.8964429349
97.77338860488493 0.012 40480.39054687501
98.36205079583365 0.0118 40570.74029476856
98.22747911458511 0.0121 40579.93279618339
97.67108779261146 0.0106 40358.077870678986
98.21537222102178 0.0114 40166.60212683744
97.27300943223652 0.0107 40357.77163660759
97.96751658274545 0.012 40174.63144874504
98.02398043285838 0.0113 40413.84001162158
97.91308144608314 0.0097 40375.800563406425
96.42229608812258 0.0098 40272.343494703244
98.21909444364819 0.0108 40473.92743230979
97.43868747276184 0.0103 40234.08345870915
97.31403994588823 0.0086 40377.46025455903
95.76581626352822 0.0104 40236.144596618666
97.9756674498648 0.0095 40520.802395517094
98.17176621946763 0.0117 40423.00363492236
98.14375833954591 0.0097 40227.78755103919
97.81763136949094 0.0086 40358.64600882651
97.5241858976493 0.0108 40259.037826936765
98.24416274865123 0.0092 40532.331392954424
98.21337925863651 0.0111 40333.48599811795
96.5692563041043 0.01 40209.59397938559
97.53138056542181 0.0095 40037.04061081754
98.26793752591416 0.0095 40556.21133354845
97.9823610930974 0.0081 40128.49756634853
97.87903263475573 0.0107 40451.9872936898
97.67873752051646 0.0075 40451.15889309458
98.0264124222812 0.0091 40236.765516802436
98.33886907635011 0.0077 40192.75405857759
98.19861482323523 0.0079 40247.908340636335
96.75371884659118 0.0094 40213.85810640963
98.00964055843286 0.0091 40254.69891893258
98.04052587503467 0.0084 40256.07187598147
98.00365347353507 0.0084 40320.92908482816
95.69815650712549 0.0088 40131.43214635696
98.28827189454627 0.0073 40395.82391566828
97.74495720960444 0.0076 40524.54873149066
97.90940181031742 0.0071 40092.49541812351
97.56004982890164 0.0082 40356.60761655721
97.60806199918775 0.0076 40557.14860249641
98.2236120689691 0.0074 40117.69966471947
98.29936464150394 0.0095 40141.43966700643
97.91496080416135 0.0071 40104.44451285893
97.99460143142183 0.0074 40265.045841160296
98.36514630382536 0.0072 40203.54350462988
97.94052653862624 0.0068 40124.286373408686
98.3731931175606 0.007 40471.11436039899
98.29060350375245 0.0056 40289.58374925521
97.9620101425594 0.0065 40103.75259892352
98.1394556139577 0.0055 40194.03581448523
98.24236590001729 0.008 40245.49967084694
97.79536572403781 0.0083 40323.00335472013
98.11211538303557 0.0079 40336.32192878104
