3.6908141200217464 0.0534 30899.560662787742
4.182619670425161 0.0505 30951.411876389393
3.715106558734323 0.0501 30864.50401545644
3.646942202694182 0.0498 30826.60107713618
4.624515521229799 0.0495 31066.830355659837
3.317140348847688 0.0523 30902.319033971922
3.5623330270958222 0.0491 30889.569090493595
6.5591267271264515 0.0457 31286.015994417812
5.126225557071858 0.0446 30920.93506037673
4.529587567335512 0.0453 30964.060275361302
5.362796713970038 0.0459 31008.107458034134
4.2872338207522 0.0459 30859.30449884781
4.847433508797027 0.0447 30862.542200462623
5.16412870245275 0.0453 31065.50908680272
4.922126290653988 0.0429 30870.020227331872
5.108628074804818 0.0433 30869.651408666956
5.028530382095382 0.0408 30824.347596449814
5.841448002897462 0.0424 30910.82185776673
6.431047772906965 0.0411 31072.709791514277
5.220942507190578 0.0414 31015.31716020676
6.1960854258603755 0.0406 30980.691226277115
4.8182410787789784 0.0425 30693.51013900727
5.72412121303674 0.0393 30963.56193834873
4.735715028883329 0.0412 30665.576737946187
6.232232779388119 0.0381 30902.80060610784
5.723276892618695 0.04 30724.915498381004
6.947078327252183 0.0391 31048.41470319322
6.388034811224428 0.0409 30884.974790587894
6.592218780755589 0.0345 30992.619258689203
7.7440017914471655 0.0363 31148.505462769717
6.071935637967213 0.0391 30865.397219524228
6.843467197280339 0.0366 30960.502258054865
6.820201077455655 0.0382 31001.763462559004
6.186033643228196 0.0379 30772.281989643812
8.8240152221618 0.0364 31229.443810137902
9.459388847190976 0.0323 31280.6353948526
8.836293185338286 0.0329 31148.602683964124
8.480404006141264 0.0325 31196.60627619177
7.052523174978096 0.0369 30974.163196674937
11.3332704955597 0.0356 31585.535863472014
11.688878870818971 0.0332 31631.081663432557
8.764178948639167 0.0322 31155.70681027565
7.412992485988306 0.0345 30952.73976941679
12.881979077623086 0.0325 31758.342402299633
12.516022675282994 0.0297 31693.274987487104
14.814666351729553 0.0305 32136.808329989155
9.45261485314773 0.0305 31297.67766709658
7.422228536008585 0.0342 30784.786809954378
12.465629800529863 0.0292 31809.36138996079
98.25635352852301 0.0299 41225.82300041536
9.074251215115954 0.0308 31177.48619265748
11.404424393395082 0.0291 31434.332600677393
10.416069449542418 0.0296 31205.080954092282
10.89825321645826 0.0309 31216.852522033558
11.179994024435713 0.0288 31337.204999684294
20.149705645395617 0.0255 32705.17638355741
9.253453148659663 0.031 31220.911951846738
9.284967904386225 0.0306 31091.994536626888
18.763834760128386 0.0292 32428.132336753406
12.965312016073044 0.0272 31543.291900728782
16.45583990675628 0.0243 32276.43974974662
12.822888411351535 0.0264 31413.808996478976
20.657810036743086 0.0243 32731.742101478045
15.332086160640776 0.0251 31912.97465425979
14.120543589729722 0.0279 31843.037301821634
15.047156001938495 0.0271 31986.90195886791
10.274988056136326 0.0279 31126.6627364658
26.49013182434195 0.0242 33564.08369411706
27.845875647133298 0.024 33734.579751963494
40.43242296483019 0.0234 35066.348169248246
17.969696555604273 0.0263 32258.877261181435
23.3810818987362 0.0256 33007.25918356612
22.868287770985305 0.0262 32796.61545898345
16.713412015321506 0.026 32112.88279630693
91.29080667910328 0.0205 40449.35312608572
20.202901612107205 0.0228 32554.945872620585
23.101508788685816 0.0252 32848.799449506776
15.273445376831253 0.0247 31674.096877780463
93.21186407044176 0.022 40514.80503141272
13.70603317827417 0.0259 31548.39706049382
39.04363573367209 0.0219 34873.90498436107
94.63491012377477 0.0219 40774.91558397162
97.96902211940119 0.022 40657.49875415876
94.22983593237242 0.021 40495.75793394813
93.19297018144935 0.0205 40448.072313333745
95.03976949221835 0.0191 40541.78539746284
36.60219852928331 0.0212 34707.77236523185
78.67601325563456 0.0203 39090.057093641066
97.75097928691353 0.0188 40920.457686480724
97.44678704568538 0.0187 40636.81487555492
40.48373611466627 0.0204 35283.52537870366
63.38368966221912 0.0187 37817.16522679385
94.99445395217788 0.0193 40609.33881736523
96.8532052866891 0.0206 40668.69958571714
97.19712373146665 0.0196 40720.813804609876
95.5231417650541 0.0205 40622.525770851054
24.77860719224618 0.0218 33018.325613145695
78.69914106733934 0.0189 39104.76388174126
64.24100387491802 0.0188 37711.671180060235
91.98466025004723 0.0192 40426.15175469155
91.15158291483571 0.0202 40192.26204649751
82.47606612892773 0.0167 39565.86063361727
93.50962793641442 0.0177 40231.258913187
97.39959271881808 0.0203 40594.25955714075
97.49534765098164 0.0176 40634.98967345018
82.01280682421464 0.017 39518.62032433697
91.96812612549338 0.018 40300.17385558443
97.26455519371834 0.016 40634.620724809145
95.28619644881809 0.0166 40490.14632261098
97.12664815091323 0.0154 40771.779673871024
92.04741254302306 0.0156 40280.884642717
96.98007828682567 0.0143 40506.6240048326
96.0513817194585 0.0153 40629.117106338796
97.95458958120425 0.0161 40587.06389871286
97.89379903265518 0.014 40410.867871381466
93.84335673587489 0.0152 40336.699555356055
96.25011421777741 0.016 40213.94834871768
95.15064609140012 0.0152 40317.59752999886
96.40446464986759 0.0167 40331.61090043467
88.64902083462097 0.0182 39884.83139080423
93.37769194027813 0.0155 40129.6581761885
97.80603548643245 0.0143 40698.33514778771
96.06953925916524 0.0143 40426.58917090034
98.19814877102608 0.0146 40466.45780376363
97.93971311116093 0.0159 40577.05096447345
95.65741760715429 0.0149 40344.50528526256
97.82152321099322 0.0113 40475.06311113553
95.55782245059112 0.0149 40477.96150897919
98.04225740538554 0.0155 40330.08202121224
96.70164287382163 0.0145 40457.10444681869
90.04422997057236 0.0151 39801.671107941744
97.7127827547823 0.0127 40472.22946897531
98.17440444272563 0.0147 40404.50463952984
97.78911773966648 0.0114 40389.68030133347
95.46308434179561 0.0125 40386.87669017634
97.02710564051158 0.0129 40791.14993637706
96.93034749835496 0.0122 40381.341492221676
97.67720317854918 0.0125 40498.92746028169
95.46192252997317 0.0117 40383.7173047165
98.10594757364854 0.0118 40481.69652761121
98.1347289667265 0.0115 40617.76492758152
98.16157230242 0.0118 40544.07030062566
96.97210967818165 0.0101 40628.61325216583
97.5917580149255 0.012 40330.79499534452
97.22505043644516 0.0119 40380.335258142644
96.99947642856816 0.0114 40233.46519438591
97.95494588702404 0.0117 40324.88840008705
98.20372090737628 0.011 40622.17120513023
97.67270638402049 0.0119 40323.931131817124
98.16214144526211 0.0112 40388.73623076538
97.99684188686678 0.0102 40385.37720897047
96.56189400465314 0.0112 40279.27898698289
97.237329384419 0.0101 40432.986690023456
97.13097118913626 0.0108 40344.20689892415
97.87447808213564 0.0105 40534.62547167216
97.52825838487088 0.0098 40304.83211300132
98.36545206424769 0.0116 40590.23644503413
98.11210939787571 0.0094 40116.48958567555
97.68459437945948 0.0093 40353.41607562702
97.37156582414953 0.0102 40357.183057318485
97.49152812667569 0.0113 40148.81208516183
97.8917553736179 0.0099 40221.95947063407
98.18806729712905 0.0101 40466.44844707863
96.48920142584201 0.0098 40215.246258572966
98.14666777366446 0.0084 40243.899981087736
98.20180732799604 0.0109 40597.27370721135
98.25540548253869 0.0094 40403.96696208893
97.0530652069615 0.0098 40265.95269579232
97.90879653514666 0.0081 40514.31603832313
97.84555441809242 0.0086 40356.11818796216
98.31256162811495 0.01 40323.95299443669
96.8045845795883 0.0082 40375.36474083408
98.27960998559837 0.0075 40557.20727433416
98.0827064577093 0.0073 40465.374545321276
97.59661328927096 0.0069 40360.50336357122
98.20825961404307 0.0074 40208.50420668285
96.37399239786706 0.0088 40194.69039909794
97.31543546513667 0.0086 40265.63241915238
98.01877617595001 0.008 39955.35675731083
98.30841852613435 0.0071 40377.44617700702
96.86789839760604 0.0073 40476.17868018234
97.24764837767287 0.0083 40193.35921516633
97.8841944815107 0.0075 40249.8958914827
98.14460949832866 0.0074 40311.6328988755
98.37429345762102 0.0073 40426.41817223798
97.55404568215087 0.0067 40144.84181278266
98.13486711711855 0.0076 40430.510357302825
97.5930253618962 0.008 40224.41001411872
98.07338879442204 0.0065 40328.59603934867
98.07584981783134 0.0073 40184.446618761234
94.79716863236777 0.0068 39955.77122730181
97.78578390445333 0.0067 40065.13306589275
98.1406687037103 0.0084 40205.13443217607
98.13290100016732 0.0067 40382.90145973942
98.15253669311942 0.0065 40239.19646439539
98.32321423850506 0.006 40512.57552468172
98.33890880351653 0.0076 40314.02597186217
98.34716480560108 0.0065 40225.57796108083
98.2312850232357 0.0058 40384.37348380271
97.63570297931356 0.0063 40200.706115295194
