5.150954395220423 0.049 31113.317893381234
6.525706242695055 0.0469 31393.591813284045
4.5230057398464725 0.0485 30895.866582361676
4.841582472777253 0.0513 31085.405698648607
6.067173510395902 0.046 31347.73057551517
5.080936233407938 0.0468 31039.066028799305
4.311716438299629 0.0472 30845.669111937186
6.623891602851983 0.0433 31281.061407536657
4.904481568998199 0.0464 31034.617999480335
4.570307569099687 0.0446 30979.2650443551
4.258073138012793 0.0492 30839.259818172988
5.175955322878334 0.0455 31077.52584873226
4.970835055109432 0.0456 30932.90345927086
7.221103954329329 0.0424 31166.058527970516
4.577686412703405 0.0452 30818.028673388726
4.8094300332502256 0.0452 30939.429459448464
4.853809010942897 0.0426 30951.440977931506
4.3595815368978315 0.0451 30712.386305904056
4.636007356653174 0.0424 30743.790898724867
6.495459724173963 0.0435 31016.41282776743
5.599071173439398 0.0393 30919.469899649444
4.6673955392967 0.0408 30561.850850836305
6.07800139003053 0.0401 30986.615018140983
7.0509283537803205 0.04 31196.805857607527
5.922117776853315 0.0443 30884.47142011662
7.393050163977756 0.0398 31135.820563058805
6.498878707859487 0.0364 31172.82911834099
5.12125542384486 0.039 30856.612574234307
6.681772620607892 0.0403 30931.139610404283
7.2170555342066525 0.0374 31077.83539532002
8.404831879082872 0.0336 31233.746851116844
5.257414588111317 0.0408 30680.944019097213
10.986610338846875 0.0335 31448.141677183805
7.697659904440854 0.035 31077.938793933998
7.849709028242975 0.0364 31172.64356658504
6.652905945794786 0.0359 31039.021809976413
12.263926628231665 0.0327 31796.234921520532
7.421894422613191 0.0378 30994.352864447326
7.002584052497648 0.0367 30916.907811637666
10.368773089006492 0.0352 31487.511239373907
7.888697764611632 0.0337 31060.719405906853
8.017876813140846 0.0318 31055.21242754058
7.074973077622423 0.035 30799.53836693838
8.569573413258217 0.0321 31216.257616932493
8.918309112191478 0.0313 31107.18930120329
11.210361625621076 0.032 31394.386763536626
8.740199209776927 0.0287 31083.878270960864
11.062971894725626 0.0277 31512.992021627764
12.027419112133382 0.0311 31586.324116932134
11.008680611218255 0.0313 31599.67002964312
11.239877467804202 0.0289 31662.24180248471
11.485182920344139 0.0302 31451.67292082679
9.41730501650822 0.0301 31225.675069124725
16.887482433113547 0.0289 32117.34792364566
9.89366237992482 0.0284 31293.7963818147
9.572036712808453 0.0313 30963.440298813624
18.64247073920625 0.027 32430.330810036052
13.521619533687117 0.0299 31740.494693874414
13.590679546000063 0.0276 31815.09365971134
10.624158781965424 0.0288 31272.772549771937
20.541084407480636 0.0244 32835.19263023848
8.170420393162358 0.0291 30750.82431824868
13.477842409999273 0.0287 31613.821155291214
10.31092673434771 0.0322 31231.92585348425
59.237506601077904 0.0247 36921.77800633742
19.648337053181443 0.0246 32545.90344758179
29.344825711387873 0.0262 33972.05040687859
25.543501979124862 0.0258 33033.99798918891
20.917050395976904 0.0284 32895.08518904801
92.3480490242349 0.0233 40506.96807655809
19.044234743891764 0.0263 32507.04460873131
22.421378456382993 0.0242 33018.947662463324
27.122939367205504 0.0224 33587.930328289796
47.59949043754995 0.0246 35754.21861088428
94.86587929603344 0.0219 40774.42778148846
66.03696972865039 0.0213 38373.470884455266
93.2235891924639 0.0201 40594.090321701464
19.997581882937627 0.0258 32529.77895383406
32.02705870456049 0.0223 34267.85417600621
14.222967676202382 0.0262 31666.264117468374
15.117094991619664 0.0234 31788.04820971439
38.86762844982126 0.0216 35411.98016160726
32.41428310618695 0.0227 34074.053177513815
20.91292329134314 0.023 32580.94301849584
94.19056078756579 0.0207 40611.315354548715
81.14542868876048 0.0189 39256.02642966363
52.53435976812012 0.0218 36492.67735988557
88.45872871964404 0.0233 40020.57707920326
84.91991586800049 0.0208 39892.74944163956
89.06872534313963 0.022 40218.79924144507
94.966956819611 0.0193 40685.506526032565
71.59360579596752 0.0209 38656.33215138358
36.309441465822445 0.0201 34937.22103159548
84.95458084946148 0.0192 39864.40279145769
96.38524091610516 0.0192 40566.51291454497
95.72483117387495 0.0188 40671.01978461824
93.62480667896278 0.0196 40240.19698566249
92.35476950205936 0.0187 40358.18875506489
93.93173619873335 0.018 40567.6452037463
81.11142600864599 0.019 39430.59472078122
94.51155253345064 0.0189 40383.45219835895
88.3054374994875 0.0171 40167.60465284064
91.28586064890303 0.0173 40401.211854160574
80.91689366009237 0.0186 39306.55164055375
97.27820697165853 0.0187 40601.25293557289
77.66612268743214 0.0193 38806.439104659374
97.78629492732391 0.015 40589.96941367854
92.84661648625534 0.0188 40356.70960104123
96.93511652599598 0.0182 40427.66482544638
94.36241238869313 0.0169 40316.72290545955
92.08869215969422 0.0166 40193.31656396523
91.53746906377698 0.017 40245.39295568596
95.30565445965063 0.0169 40272.43598115818
97.38017371687397 0.0166 40633.567713052085
97.91239648556699 0.0161 40630.295359132826
94.47376337643219 0.0162 40493.79312339191
96.03151718923061 0.014 40614.840506421
94.46517657409186 0.016 40358.10054786929
96.56749792059142 0.015 40777.40983574009
96.82971791219494 0.0165 40903.01951461683
97.86341585149296 0.014 40640.9956044983
96.93919976118806 0.0148 40501.05572108946
98.35110067535828 0.0135 40715.09228694511
97.99932402497087 0.0158 40588.727796508065
97.13794765725711 0.014 40477.933892628884
98.04680329641204 0.0128 40586.047319712794
81.35960102311809 0.0164 38939.56607363235
96.6128823513405 0.0126 40440.978901290844
96.76888307419243 0.0134 40488.26695064978
98.10662302829977 0.0155 40824.722261906325
98.08808882607737 0.0148 40650.15787264825
96.49642153258027 0.0146 40548.684068506715
97.63026762544345 0.0126 40414.70042634807
96.7721813813077 0.0135 40562.67033604174
97.7793302539319 0.0126 40329.98010854527
97.90989535413483 0.0132 40457.42881717985
94.3582619730989 0.0129 40060.08111377298
98.07301099710809 0.0147 40390.964213452
97.4731972923499 0.014 40282.23610590875
96.34655345734717 0.012 40431.889964953
96.6341378874519 0.0113 40307.770659897535
96.82280502273915 0.0112 40144.88611453783
97.27868476286463 0.0113 40283.05202453087
97.77259635238393 0.0127 40457.1659293701
98.29414260675736 0.0121 40504.050506888525
98.18105758987491 0.0121 40319.882632673194
97.1842660236371 0.0115 40421.94473719016
97.13064641701978 0.0105 40166.09458984506
97.22622883916043 0.0115 40443.02455914806
97.91264896026753 0.0121 40404.98917811883
97.38125852495297 0.0107 40158.406004614226
97.61976617708814 0.0129 40555.40544508755
98.06450149830323 0.0109 40438.42979075381
97.94163796877454 0.0101 40386.60915901193
97.55288045852183 0.0106 40298.26729563733
98.29592996553646 0.0089 40445.84882510823
97.5946063597841 0.012 40522.223273473035
98.37717583366647 0.0105 40240.035102932154
97.85848126670334 0.0085 40250.43251277177
97.47449776552521 0.0107 40451.61015767462
98.32155531797281 0.0094 40278.52533234185
98.26873738964146 0.0097 40432.41352957612
97.95966494596051 0.0094 40479.49702276889
98.02194265897558 0.0113 40682.658858377574
98.25053247675339 0.0095 40422.33278341976
96.48862014130908 0.0108 40473.93298058283
97.91076140463416 0.0081 40671.94536403878
97.7591619540956 0.0115 40442.55076551855
98.18881447502307 0.0102 40404.10902485061
98.10990668970624 0.0078 40256.40481013084
98.20433557134236 0.009 40441.27242875312
97.85800262869539 0.0093 40387.77695963097
97.14338509159109 0.0101 40172.77250390324
98.16129107074379 0.0073 40238.77972331016
97.4235113832874 0.0094 39949.69920606234
98.07611534513329 0.0079 40280.00386118128
96.40802229380292 0.0086 39925.51152102144
96.76777643508272 0.0087 40338.56335219382
97.7798991898708 0.009 40243.9656935044
98.02173026004287 0.0092 40240.65069144812
97.71269833977377 0.0087 40173.11199441328
98.01773360768351 0.0062 40246.31285212062
97.90746917320135 0.0082 40233.3851379164
97.76467211817499 0.0076 40289.99886730255
97.6128874922901 0.0077 40463.03290382703
96.81808033553625 0.0082 40092.61395608134
98.36372039116365 0.0061 40598.08758900459
98.1890726843076 0.0082 40215.18150509004
98.14756386693946 0.0076 40352.114264487405
97.9445492019108 0.0075 40164.38094153973
98.27768065614993 0.0065 40283.089636416786
98.1602472527959 0.0067 40219.97379926318
97.03588455035423 0.009 40183.79470594472
98.1601227644811 0.0077 40186.17418200403
98.082107016838 0.0072 40402.46889352728
98.09445940967883 0.0064 40413.527409718095
98.14951681850714 0.0091 40209.80582998436
98.18502734965627 0.0068 40094.668483545596
97.20386776990865 0.0067 40158.034964602855
98.05008225815656 0.0057 40125.019715171074
