3.9364270036163966 0.0497 30956.907093559534
3.2297625006941466 0.0536 30864.695232597176
3.8459661725361087 0.0482 30944.1894309236
4.0890616727234645 0.047 31025.56229821403
4.434580376409692 0.0484 31056.44665465157
4.453134999248748 0.047 31002.286082114675
4.5997580890823135 0.0491 30933.835272471588
4.62434626509036 0.0472 30978.27468459798
4.561212446024249 0.0445 30924.25538198017
5.446238423926077 0.0445 31072.604647240274
5.881848553654439 0.0442 31024.965885527545
5.851481592027559 0.0438 31073.02700980573
6.520446733837416 0.0451 31208.32141468369
5.1521973613489305 0.0437 30942.712501179754
4.729419517328327 0.0429 30841.794280647147
5.001295502774488 0.0439 30858.04503910774
6.116864254538502 0.0397 30977.26144293805
6.551266007445485 0.0423 31082.59782437253
4.67379582563649 0.0427 30905.018819472964
4.7461045945722065 0.0428 30943.445865659894
5.228555192715528 0.0401 30810.069488955956
9.380689114772776 0.0376 31593.77127548238
5.233643209600829 0.0429 30731.056273297232
5.300618464763926 0.0412 30742.987807821828
5.897830948613512 0.0396 30808.588550424647
5.00873499953141 0.0415 30907.72467648592
5.6216531394854385 0.0399 30814.266326645768
6.733948089561748 0.0389 30936.899818178317
8.177477264757535 0.036 31259.009719272894
5.723114121614302 0.0375 30779.270931943134
9.624593808309264 0.0344 31429.125330572486
7.386350377357563 0.036 31041.68671081598
7.774015981558733 0.0336 31255.890793362716
6.0047652514372105 0.0348 30912.02663116407
6.665746128057796 0.036 30912.943786695043
11.549565924176605 0.034 31664.323249238118
8.651778916556667 0.0351 31183.950521455117
7.919788172404228 0.0364 30978.053368495286
8.36982201303409 0.0327 31168.42522542783
10.63766017839033 0.0326 31510.88877760193
6.474108072354761 0.0338 30719.37460991621
7.478282714016786 0.0338 30805.636536143575
8.514404352360062 0.0341 30999.30950308975
7.933171134637847 0.0315 30851.723430374128
9.910377385163322 0.0333 31391.51061707402
8.39681759517601 0.0329 30893.227494708237
14.085852993587684 0.0299 31929.009336915842
10.647134870749683 0.0303 31301.918239139286
13.036370762412233 0.0293 31752.999231739355
8.047663929875396 0.0315 30939.985438299835
7.1738297430132265 0.0335 30662.314260380645
14.537909042182266 0.0304 31942.473462900456
14.740069481690126 0.0273 31989.51078895783
10.8980122082645 0.0306 31461.5584078362
13.743655227158047 0.0284 31865.118675134658
19.34352074204265 0.0263 32712.293527181402
12.065065310461279 0.0281 31560.84392929449
9.926977058989575 0.0292 31091.87684477525
14.634632264454282 0.0282 31828.2629046123
12.824467923795195 0.0264 31676.791099310358
21.584869284380776 0.0255 33006.69963302833
13.773407337397606 0.0282 31782.474418968926
15.127394353865533 0.0262 31756.625921176677
30.28416227074548 0.0263 33893.0357898728
15.138992876054143 0.028 32042.14514206316
18.16869453886935 0.026 32350.301862437733
21.380902401158494 0.0268 32831.99723676864
21.120331671791007 0.0229 32749.192252986133
15.015364446598017 0.0269 31837.914939657898
15.756230900200002 0.0244 31990.615944959853
18.904371212769533 0.0259 32341.253605535545
30.29619891404513 0.0245 33838.62333915903
25.580743038470942 0.0233 33510.09506078622
30.01274246972462 0.0255 33829.06746493547
15.97533938868196 0.024 31928.746686698138
22.822987860034416 0.023 33050.63930884768
13.876643597602364 0.0252 31688.155432328294
70.19756535057446 0.0213 38012.99189533703
89.46906854774768 0.0196 40004.21026848591
92.84076390013584 0.0232 40274.860620056264
17.943155969184176 0.0236 32201.847353167348
93.44776373628403 0.0195 40396.59535558537
23.27923151092466 0.0228 33064.972628460295
33.31715770719053 0.0223 34051.70006812306
93.98783454418167 0.0205 40542.97944120924
95.27041093129502 0.02 40811.58774105796
61.79502932591484 0.0207 37361.42697890271
47.959719042852214 0.0206 35534.177652332786
21.562474192245315 0.0226 32656.021642429456
96.25443637555247 0.0216 40892.74435945784
49.01653466187999 0.0208 36041.114477526455
94.29986051207699 0.0206 40549.134192166945
98.26755427638791 0.0187 40618.500206799596
96.49014127216736 0.0193 40731.231977537165
93.02800925808485 0.0181 40409.61428438729
56.11484749941607 0.0195 37092.69681937682
98.03960893148427 0.0177 40887.28087905239
96.61009241352428 0.0186 40646.09491796301
92.02274840313154 0.0198 40307.33129543473
96.64621141609955 0.0186 40518.74500460905
76.03149669289527 0.0172 38868.1462625288
75.69773275229633 0.0185 38916.318728680315
89.99946819132961 0.0178 40231.83959038779
97.10217468354159 0.0171 40581.097872406935
91.61001891818134 0.0183 40397.71453012552
95.04926506390731 0.0174 40713.842301433135
89.64492472865517 0.0173 40132.27619545154
96.43382886986065 0.0165 40678.27572929183
94.30085883330402 0.0165 40438.7387965318
94.79542180856672 0.0151 40605.520170252814
98.00441309254443 0.0147 40741.680617210564
65.423408355724 0.019 37446.78050126877
97.3723065711079 0.0166 40538.57262658166
97.16698886033352 0.0162 40599.04684375625
94.94398859972151 0.0183 40363.22046739154
98.11130253449248 0.0173 40682.18445718315
84.92770493480022 0.0162 39442.498953681126
98.28928170302605 0.0147 40544.13561489679
97.83717586363534 0.0139 40807.79977831492
94.3212861122694 0.0151 40337.40187083194
97.85976864003447 0.016 40532.05504668718
95.3662600404429 0.0174 40466.17830318307
95.87462689468114 0.0145 40395.370155829805
94.7960673137434 0.015 40366.75454895984
97.93166233385655 0.0152 40448.965694283215
95.98926163082908 0.0146 40420.87997383324
97.4826754673393 0.0142 40580.491827718426
97.86767051440496 0.0127 40578.42604794682
97.32448822254462 0.0137 40542.29038456605
96.44980369955667 0.0147 40601.09621202538
98.27035971976683 0.0134 40754.31632173501
96.96789445066486 0.0138 40323.88957273156
98.26091139960808 0.011 40386.54370570482
97.73454108380555 0.0119 40411.183099613954
93.98659683755291 0.0129 40071.1375839652
96.67167741407269 0.0138 40407.46639411771
96.59077308614742 0.0141 40231.10212533352
96.90795203450564 0.0118 40362.66230466398
96.5636964234992 0.0116 40492.10952742587
97.97110753756066 0.0107 40285.15799543568
96.78278760826089 0.0133 40432.12977538502
96.30541345225443 0.0122 40175.134643052785
97.87192998947683 0.0123 40381.63379246335
96.74606822164571 0.0137 40505.502142485195
97.1296749033324 0.0116 40516.22388857007
98.11663428421114 0.0107 40218.96728449223
97.24695446310314 0.013 40162.43561039287
98.22074286183516 0.0105 40432.657259861764
97.5764637038204 0.0126 40580.59145463613
97.7953997740412 0.0108 40321.69972680179
96.61210663936451 0.0113 40301.69781699117
95.97316472407557 0.012 40167.72568832915
98.3765156123978 0.0098 40337.80892790554
98.23598144320766 0.0105 40451.619970228305
96.95191627090772 0.0121 40186.51744895288
97.18170316991272 0.0103 40306.92433202248
94.42126042434359 0.0117 39990.929779431186
96.95811612137614 0.0108 40435.27960189088
95.57996333653178 0.0104 40382.186085801055
98.05618137081362 0.0112 40218.10536354745
96.85980266470769 0.0112 40309.47691931232
97.0006082647023 0.0109 40275.17389594141
98.32731540979319 0.009 40285.92657512623
98.18752288294152 0.0101 40083.928873578945
98.09046463102953 0.0102 40510.16199709743
98.03246032603812 0.0106 40426.36747474511
98.35957066843334 0.0096 40297.81210940094
97.60284971382154 0.0098 40495.49636328439
98.12955263424557 0.0086 40236.696579496485
97.8253721685808 0.0107 40286.82007126471
96.97261263761368 0.0081 40293.478062558956
98.30342568847897 0.0076 40523.977751911334
97.81987472751177 0.0092 40284.23749099282
98.35910400302326 0.0093 40243.06642639386
96.25239963160513 0.0084 40037.45753505975
98.05799874188752 0.0094 40254.74224782977
97.85489791688737 0.0093 40322.42617253302
98.08659354553929 0.0088 40022.47178106926
98.02538220482468 0.0086 40315.109865070175
98.08862122967206 0.0086 40253.47618878063
97.84183090376335 0.0077 40176.774987770455
98.08311692392606 0.0097 40275.43833362785
97.86814558590312 0.0079 40268.60703556701
97.89542915411566 0.0067 40254.60727598503
98.16196241311923 0.0083 40387.36620623868
98.02608083197786 0.0083 40434.62644389318
98.37091117687676 0.0077 40217.834150389215
97.83605623644068 0.0079 40322.74455688067
97.95217143895992 0.0071 40160.70551004459
98.37241937544117 0.0064 40324.480549421176
97.9474660812043 0.0081 40181.666834002746
98.23705798233544 0.0078 40230.495711691314
98.38844681563965 0.0069 40351.14183437902
98.0815535977917 0.007 40610.87380499391
98.01715949850139 0.0069 40346.45168637339
97.71642392253538 0.0089 40259.96973460749
98.21184530686784 0.0077 40387.35695179755
98.15218098512835 0.0062 40223.24482886436
98.18823314692574 0.007 40227.364128878195
98.1169281408645 0.0059 40439.510708421825
