4.681240104736842 0.0483 31263.365000361355
4.513725467728961 0.0504 31040.15727697079
3.49659216624647 0.0518 30853.44853536956
4.065325071522389 0.0505 30886.139429701554
5.3439508039895935 0.0484 31020.43282556759
4.267233235805394 0.0508 30775.43837007346
4.3046963056200305 0.0481 30898.545334187977
4.187300508473799 0.0489 31016.817191489554
4.054426354552995 0.0478 30802.859800963433
4.195612917180153 0.0435 30910.746109605112
5.894932517051223 0.046 31092.794143210882
6.904237097136504 0.0423 31227.66472337174
4.42431083397397 0.047 30797.174773459214
4.227613360713487 0.0451 30629.38359988934
5.775865881816283 0.0412 31058.722367125996
4.765492521239251 0.0449 30850.922598134177
5.740113919303924 0.0386 31046.303557638872
5.654526236430764 0.0422 31047.21494381216
7.60352026566983 0.0437 31277.569677703916
4.935991268811798 0.0395 30736.78847886034
4.911042247109941 0.0422 30809.323507584537
6.2912914773904145 0.0438 31032.503527315155
7.657566355003598 0.0407 31308.411685797826
8.02173471399936 0.0402 31247.86405440775
5.9514138098050156 0.0421 30824.527636159703
5.2869026845668365 0.0398 30687.736020974564
6.097639164021684 0.0378 30835.880262324135
4.823052511711993 0.0385 30721.592341507185
4.619378344744523 0.0408 30799.30182429495
8.398552318998869 0.0362 31252.54972167734
10.298122032240059 0.0333 31481.253462577628
6.600991476599557 0.0395 31039.22097429276
6.370432061166458 0.0381 30937.45218550811
7.350375598604894 0.0377 31048.59755225011
8.890522737711644 0.0343 31374.33236485225
8.461576433914237 0.0346 31211.736170161228
9.022491820482278 0.0347 31173.6224212852
7.027109136458428 0.0334 30959.12823838832
8.292704290411175 0.0368 31246.45851378422
8.109550021181779 0.0345 31121.27291059089
7.351149791988832 0.0334 30878.283644021903
7.841525384094529 0.0339 31029.25894857955
7.429960032945901 0.0344 30859.391605033106
7.537687734534537 0.0342 31115.62138227613
12.012179381957178 0.0314 31624.983505839962
12.172747664146005 0.0305 31885.269397987908
9.087274577828282 0.0296 31073.066436692727
11.53616332903115 0.0321 31539.440579381997
10.843079114704098 0.0287 31465.97263501754
14.641368274971232 0.0271 31899.953271555125
17.00619200338519 0.0289 32351.557279292127
9.22954821819353 0.0321 31202.327190950215
10.327137154037372 0.0309 31318.99209289165
22.043955093370236 0.0276 33032.876122341666
14.342379236433594 0.028 31904.87989462634
18.216401293128378 0.0295 32437.7214716213
18.368217251380404 0.0286 32265.881022177302
12.699155525386988 0.0276 31491.75336196127
13.013702106203953 0.0274 31663.434935984646
9.798497291697446 0.0278 31191.12811274855
13.57950570046717 0.0262 31541.74026312431
21.007565210716326 0.0253 32779.85366715634
18.02991369032577 0.0274 32356.36442540054
16.73288778348246 0.0256 32288.295873701354
17.014583746292114 0.0265 32168.091704127626
15.150365991849531 0.0295 31878.9257748799
9.527452564779555 0.0301 31073.655734023396
20.49345048947393 0.0257 32619.94915677316
16.605893765937424 0.0268 32238.72098562394
31.382363989172735 0.0212 34275.36302752066
18.02870074551569 0.026 32058.958183818064
31.333671053760824 0.0236 34238.79367985138
37.10464192067129 0.0235 35050.98642337845
21.743097790304162 0.0264 32582.610280650275
20.862564984761534 0.024 32711.90158704074
15.807362863983052 0.0233 32051.755905231734
94.11799024775203 0.0227 40738.26890273511
93.21159383371537 0.0225 40532.51121829998
20.770512779101537 0.0238 32577.516613108455
93.14975559869548 0.0225 40741.40810580131
12.0368651644726 0.0244 31368.16349321995
33.65259234939342 0.0217 34437.182765520265
95.11684833041161 0.0209 40667.23694594754
15.388893492970514 0.0241 31751.21696136042
93.19145259883636 0.0223 40423.25513539996
40.39076952089076 0.0232 35040.02003716811
93.29721355577328 0.02 40641.830278072026
59.60361622010383 0.0192 37490.57508724796
98.0758493348426 0.0193 40684.96108671677
67.54299236567012 0.0196 38302.08124317121
84.23896466248708 0.0184 39627.599048466676
96.52774501135444 0.0189 40891.91352069652
96.23610058953199 0.0202 40750.28925016428
98.24244802982975 0.0202 40750.84661458234
82.90531548856738 0.0206 39399.931283272
27.79264376704249 0.0217 33618.509552007854
88.31923955411818 0.0182 39912.3944718861
86.86926815975303 0.0185 39954.790291912046
85.01431022682411 0.0199 39927.55685750004
60.53111312156903 0.0209 37002.79488377305
88.63966915421261 0.019 40040.97256762535
55.11018137259837 0.0197 36889.576906749135
85.97345435804664 0.02 39716.36802136506
97.90334281032155 0.0165 40959.76842555371
95.61129462461001 0.0178 40534.798734159034
93.21924043774418 0.0172 40510.34743420965
92.01164785118101 0.0161 40055.95702788535
85.66490429966646 0.0173 39495.32927402761
96.48130462382831 0.0168 40585.96434729959
94.94098903354546 0.0185 40561.7815388463
97.78231167254128 0.0161 40750.29417659749
77.72484628249238 0.0176 38838.07196430909
97.45165427585057 0.0169 40513.66345418328
92.7296195243325 0.0166 40389.01732336407
96.81582315742203 0.0161 40457.46522834033
97.50583993763007 0.0155 40598.56362873726
97.10086617157611 0.016 40634.15117034755
97.27076366998712 0.0146 40569.62879560612
97.90926121904955 0.0153 40550.00816510317
97.37219980720567 0.0168 40662.43282178795
96.63445541860378 0.0131 40430.24096127285
97.1616633260278 0.0142 40595.227739334296
96.24787528907738 0.0164 40472.588717329745
96.30315692974632 0.0119 40525.16353885744
96.14624169645171 0.0129 40425.34159978841
97.165239077336 0.0146 40491.56655882583
97.4016080403237 0.0134 40317.45374568391
97.6618455295222 0.0132 40424.851626284835
97.58793358538684 0.0138 40560.104528763244
97.06090981326462 0.015 40629.16205791264
97.29086992807964 0.0124 40339.32858689801
92.73123605762694 0.0151 40105.85093800186
96.27348440572003 0.0125 40386.75267546748
98.25072480044363 0.0144 40563.2298066938
97.40009779489985 0.0131 40472.788310033415
95.96545116314921 0.0131 40295.38123398098
96.72971861359864 0.0118 40224.540187419625
98.14408485631566 0.0136 40336.902444386986
97.9711538008532 0.013 40337.390722147305
95.98708578707533 0.0117 40161.00439842895
98.30376959529956 0.0118 40658.21890503892
96.87597895952192 0.0107 40165.33978921532
97.95136971065084 0.0118 40626.5240635987
97.72158129918634 0.0134 40690.8318694845
97.76760681972857 0.0104 40396.623416286246
97.88581848322264 0.0141 40210.93619896147
97.28650513947983 0.0128 40434.23118665342
97.58406398118045 0.0102 40379.97707427496
97.47230754012564 0.0111 40585.65748238651
96.13160039474762 0.0142 40340.08504242476
97.72177687485818 0.0104 40614.641470313705
98.23850238399326 0.0112 40181.60397630071
97.80941421407722 0.0105 40378.6253938794
98.25291930288256 0.0096 40600.26734380746
98.18570613924156 0.0104 40334.636900545054
98.06448507576359 0.0124 40154.64893823564
94.51148992765522 0.0114 40046.25929083805
97.66495918036665 0.0112 40627.03746790178
95.95339988652051 0.011 40349.96981594119
97.78673338032262 0.0093 40149.07862656312
98.1264534843058 0.0097 40367.131793807755
95.95839836848243 0.0099 40257.68415597847
98.14649283756532 0.0103 40069.432916543956
98.34311655981169 0.0097 40269.35390876721
96.63068854186774 0.0089 40020.12853278671
98.13995023192713 0.0096 40408.739969160386
96.61150323248746 0.0099 40246.123354701995
97.34895492469205 0.009 40451.71908654229
98.20259738866667 0.0085 40263.029834225614
97.88882648359524 0.0094 40343.47999851246
98.30401507771319 0.0085 40323.212191488405
98.04157079748975 0.008 40160.734624665296
97.84073943492149 0.008 40254.407622780935
97.65978692149234 0.0086 40341.663469915155
97.9403393572612 0.0083 40087.472679909595
98.28760594316628 0.0087 40319.28235460424
98.15434994688268 0.0082 40506.828788436644
97.66295981673372 0.0089 40343.17458234768
97.88700019171118 0.0101 40269.85415163887
97.20882726003873 0.007 40076.686088472525
98.3054365884423 0.008 40293.04378612194
98.0863135426004 0.0084 40348.58023744634
97.98518901746559 0.0068 40350.74360012166
98.1220217749555 0.0084 40165.58710819738
97.97359055769678 0.007 40155.595996036755
98.33858188019877 0.0072 40505.80431147646
98.16222247983744 0.0063 40217.94967137098
97.90541303982451 0.0061 40424.927616799716
98.34265613095421 0.007 40280.04353067724
97.99922855473925 0.0072 40356.15967652804
97.10896656944868 0.0074 40133.704708471894
98.18881801074485 0.0068 40076.92205582104
98.34766627195941 0.0075 40333.32063624279
98.31526323172086 0.0073 40441.291782423425
98.26155553166828 0.0068 40090.89717143142
98.37405705788812 0.0057 40332.88236445233
98.01505450302882 0.0072 40237.464830095436
97.93567639330438 0.0066 40018.88710741715
97.96343577613361 0.0068 40265.59443618741
98.34070474799289 0.0068 40125.39371609587
