3.9930088678715094 0.0494 30897.62887454225
3.9131614474153933 0.0495 30937.74726602169
4.3718105396507 0.0488 31055.624782393697
4.2035836827663555 0.0506 30987.454287981585
4.950476344560343 0.0477 31012.298513617825
4.915327738737998 0.0486 31099.06286364459
4.227667951209141 0.0472 30833.969380928407
5.220041604146977 0.0472 31090.78976063252
5.030786818850235 0.0482 30962.695573782683
5.21763171852278 0.0441 30922.679745280046
5.038072216245694 0.0473 31003.607286671988
4.06589172402031 0.0458 30869.7413121826
6.206877851308544 0.0435 31156.13927682662
5.301119806464738 0.0447 30967.659688691743
4.529090662176593 0.0438 30872.14582530295
5.459413784559998 0.0426 30883.526611784397
5.477455715852462 0.0392 30888.892368072018
5.59836871935147 0.04 31010.82628441674
4.440410262034566 0.0443 30695.149338395007
5.193610199262064 0.0445 30776.103792058315
6.572193600658488 0.0444 31146.896944799097
6.484940923951856 0.039 31201.682345522255
6.7158876491322665 0.0408 31179.157335801006
6.105590151359999 0.041 30934.042836408124
7.267129814103677 0.0382 31071.5988939799
5.552639604999861 0.042 30794.122403065394
6.745709154057896 0.0393 30957.98799394608
7.188642487995812 0.0372 31018.78147425228
5.24845600143297 0.0366 30713.21431314389
5.485714526987437 0.0368 30718.948344725217
6.444736889105718 0.0347 30686.86334796358
8.466375067789652 0.0342 31330.770901081265
7.2134715581697035 0.0351 31038.12552370972
7.815817856770176 0.0343 31053.536239928668
9.774464285835451 0.0351 31299.779483840906
6.312488914113386 0.0364 30755.379140129182
7.626620028995625 0.0374 30999.692920614507
7.826972591737316 0.0335 31100.827113577827
7.175173670653788 0.0353 30931.554158833085
7.455636435878078 0.0353 30902.66327469284
7.58303436945824 0.0344 30938.816689062834
9.054563040874317 0.0315 31223.840833957147
11.138254243312693 0.0305 31372.020743826324
14.667513049021913 0.0266 32216.959317578163
11.051814896079197 0.0277 31474.98178137207
14.519402718958602 0.0317 32027.08802169313
8.293136800062811 0.0343 30978.746945102466
10.006104307519875 0.0318 31190.313994866887
7.147938756023887 0.034 30899.677187643443
6.884984272978641 0.0343 30816.794085125213
9.463871592922127 0.0308 31185.358310428423
10.738113083404064 0.0298 31314.13661801073
9.92717068395062 0.0315 31356.670847868994
16.17708325709947 0.0289 32166.69725753381
13.572065863550492 0.0305 31828.193500089885
19.482651290200888 0.0271 32546.174418602142
12.24602017534131 0.0288 31423.533301058997
11.472199151031113 0.0302 31418.794073967754
10.924618184449965 0.0294 31379.322687276323
10.540181382194545 0.0303 31229.423256115915
8.942208971582609 0.0321 30919.567459923943
17.379074722378675 0.0273 32142.628363135726
13.828840470532048 0.0275 31760.614339985128
15.00567599116638 0.0277 31794.816281083135
18.759245832897463 0.0246 32439.65228661185
13.88257199326425 0.0273 31744.601024103387
28.585824162903208 0.0231 33749.830009420475
51.08237618580848 0.023 36873.683883104204
31.698305859359312 0.0226 34207.79741789041
31.68836949733012 0.0257 34339.93360660944
20.097715667258214 0.0256 32571.62460914963
24.045863603125675 0.0252 32754.615489247404
17.257805732975143 0.0253 32140.603773698058
93.3437482861117 0.0225 40602.17613727237
23.146250991340114 0.024 32963.91945761201
24.754224468781306 0.024 33264.3320861892
95.18910491464486 0.0219 40736.76884192981
23.583417435580863 0.0243 33110.82259634698
68.25814588267998 0.0215 38139.68761260465
90.21548389313551 0.0231 40449.6218569872
30.747737669768377 0.0217 33779.540316689614
26.597030952963014 0.0246 33276.226698440194
78.56256666183414 0.0212 39134.886187717595
72.25755148921603 0.0193 38292.869657371804
97.31830746437909 0.022 40842.629506348705
76.27313806527592 0.0205 38658.47002500592
97.85064166323252 0.0203 40776.22003046311
98.06564846520419 0.0207 40610.888182434595
48.93375760906635 0.0215 36281.10090065318
63.2962624138605 0.0201 37858.1482259863
64.37246256496933 0.02 37356.253974495405
80.51421207947163 0.0201 39582.419456606105
55.6648545885065 0.0197 36499.17380985531
95.84562730544957 0.017 40772.611644377124
69.01890050366102 0.0202 38400.66689190009
85.87976773462812 0.0194 39834.73029958311
60.50657275925876 0.0199 37588.122387018906
96.11217534333305 0.0181 40668.62650526328
97.30112542105168 0.0157 40704.394122739846
96.08236512426089 0.018 40509.07284570417
91.43499681901736 0.0157 40098.240146372875
92.30101043542757 0.0196 40138.29691230203
88.76781846002261 0.0169 39829.608107028966
88.84948151339103 0.0187 39969.13895391458
97.36051700203295 0.0169 40661.1323770645
89.9032611962179 0.0175 40305.22753333174
97.6344774964771 0.0154 40568.591234504376
96.98663272898726 0.0155 40516.681219462786
94.5077874698051 0.0189 40530.92823925494
95.59045915436839 0.0148 40432.12765769741
93.0735349782314 0.0157 40251.71023161308
95.77895501342397 0.0184 40548.96923252985
97.16470009382262 0.0159 40621.22749748227
80.93064549163442 0.0172 39299.421802347504
97.0407431221854 0.0155 40522.386515371654
97.86037637789136 0.0134 40476.09187223171
98.1594532988363 0.0145 40549.02071040561
83.60866677690002 0.0169 39328.18614959519
95.76353405365342 0.0142 40485.92416488245
97.75188358054588 0.0154 40494.67661495793
95.53859447220847 0.0143 40421.54955763103
98.04735620731601 0.0145 40549.25155713424
86.20184382820939 0.0159 39746.74054085654
98.07223342145886 0.0122 40626.5244697795
96.6182745065463 0.0151 40440.759508333394
94.6321294795186 0.0137 40262.527616785155
96.9169746102489 0.0133 40492.68982308426
92.55081278451786 0.0169 40060.50278447194
97.4442859242325 0.0109 40437.64519643052
97.89839684645864 0.0124 40468.58642629713
96.67562534451878 0.0118 40454.025892300306
98.25415283792344 0.0131 40431.90064464573
97.68516379302393 0.0124 40475.8953644079
98.13035031803551 0.0126 40356.52896332499
95.52941242371318 0.011 40443.867042494305
96.95378383521215 0.0151 40080.43459013519
98.16555312765738 0.0126 40513.18791336129
97.97021225951761 0.0129 40434.34520461532
97.01280939647893 0.0122 40285.44797711666
98.2726385484058 0.0125 40517.5115643233
94.53508711329499 0.0113 40239.42898210691
96.5793301848973 0.0115 40122.275965730965
98.2654699658382 0.012 40569.309368487295
96.35751150362204 0.0139 40403.35859611884
98.35456975272542 0.0106 40602.45976839865
94.73010519877847 0.0109 40156.818749978054
97.2434461715935 0.0117 40430.407543051195
97.90498001682175 0.0128 40416.8544084468
97.69416825047396 0.0093 40212.92152362492
98.31644788098372 0.0106 40533.96040239317
96.59129684106541 0.0123 40041.58434781413
98.14734369892672 0.0098 40470.58514009898
97.87097330475154 0.0101 40405.04686932013
96.58072480109942 0.012 40181.79819653537
97.65406077401792 0.0096 40167.468055373705
96.93957845020647 0.0109 40164.05306966997
98.37277715779405 0.0086 40342.23223913789
98.29940491887768 0.0108 40483.15420030303
96.56696255942695 0.0113 40176.00311087449
98.20147243823311 0.0114 40228.08608309443
97.72457622854434 0.009 40386.0617545978
96.85087065901769 0.01 40509.06272741927
97.69825259644874 0.0103 40171.6095452626
97.31209497461919 0.0088 40270.970186748265
98.16883321463548 0.0105 40454.483898992126
96.37573479239148 0.0108 40182.879607455856
98.34870080256503 0.0088 40118.30593588538
97.84156506924161 0.0108 40241.17734825517
98.36104994162355 0.0125 40311.14186059381
96.98640004125984 0.0097 40174.2070495974
98.31179215401124 0.0079 40443.848704018135
98.31267741691545 0.0084 40498.05453140615
98.20310818656219 0.0086 40166.77583698369
98.17139709942967 0.0075 40367.496655899085
96.5203712312623 0.0082 40208.518989403514
97.91357254307883 0.0076 40262.17330311009
97.65559750384298 0.0089 40187.0491470376
98.3656102456472 0.0083 39991.20366715545
97.78336343563949 0.0095 40360.220110792834
98.36504207396719 0.0086 40336.16533756125
98.3188643699271 0.0089 40151.01539465496
97.73704393866338 0.0092 40324.27034470324
96.38545156161804 0.0087 40144.284728343766
98.06999230824508 0.0075 40103.62669835818
97.7572449748802 0.0073 40275.98682541084
97.896726440197 0.0078 40301.14659342103
97.88230038251861 0.0077 39971.172227723815
98.30230818135813 0.0073 40108.67876811538
98.2075795170115 0.0066 40163.95297728461
98.02489726806748 0.0082 40011.51287700798
98.30591489106182 0.0062 40289.17228788612
98.34442801729834 0.0079 40413.352546977556
98.11322565772471 0.0076 40177.198550223286
97.53257926667926 0.0078 40384.95023828131
97.96970319026559 0.0071 40236.83695332908
98.16772926253792 0.0075 40160.94546340249
98.34814375686513 0.0057 40030.79372880531
97.79609319882117 0.0061 40342.8720394836
97.9477622325548 0.0068 40079.346391174724
97.65111236089133 0.0075 40035.1938544506
