5.527551282365476 0.0487 31172.151463027087
4.692846658731614 0.047 31078.977419263898
3.873548604561677 0.0506 30929.56821968735
4.566587565841037 0.0469 30824.361682142535
4.481371596771796 0.0457 31014.47894153268
4.388013453051413 0.0471 30915.141684303406
5.10638657592021 0.0479 31202.805979007924
4.688505323179786 0.0501 31018.574122130583
4.587328163225931 0.0444 30944.10152089388
4.816671339563085 0.046 30963.32438295396
4.603841785729487 0.0436 30843.696265473016
5.713043500605406 0.0411 31191.488938091043
4.770087015524121 0.0433 30851.14388341532
4.804687877923143 0.0437 30840.204893364207
6.560969855709102 0.0426 31123.318786520165
6.468251768933979 0.0431 31060.63989215918
5.410732533397754 0.0415 30825.750025711157
5.003739603720457 0.0431 30779.510183579205
7.0176434491499355 0.0433 31160.224156784003
5.100170678065198 0.0441 30766.93574860699
5.293097483105233 0.042 30791.25403538855
5.368002274311472 0.0411 30892.639656944466
7.598763254947304 0.0373 31162.28496877515
5.819409231864236 0.0394 30903.621047233046
6.210261810755106 0.0398 30974.9321183897
6.569200153573143 0.0401 30930.8317497468
6.612661915237116 0.0391 30936.253743584424
8.703286849278827 0.04 31239.555999518365
7.208194952523944 0.0354 31012.979352100876
6.801156386142205 0.037 31070.604863757664
6.486397258281536 0.0355 30839.94203763053
7.736730180226224 0.0358 31159.65910750705
6.645134932149049 0.036 30942.963602883297
7.904557755415916 0.034 31009.466414044982
7.227081591266773 0.0363 30873.3331260488
9.111404829394324 0.0373 31166.00831623565
8.138541027734698 0.0345 30966.71566140723
10.985270256593965 0.0334 31469.65171240125
7.245461118267453 0.0339 30911.70677772495
6.749167603036897 0.0368 30856.414727369443
7.633547024591481 0.0342 30924.47819386466
8.991282929529023 0.0321 31176.19902788162
8.15120142714802 0.0321 31118.124880991367
8.854014601411427 0.0329 31128.51722236303
8.023868640039623 0.0322 31038.692129520117
7.425336047687418 0.0348 30933.274916967825
15.587025494762935 0.0292 32296.15925127985
8.052970084211532 0.0339 30978.77316689727
12.226923067776202 0.0289 31587.27675498713
9.115018812465198 0.0288 31067.51264020018
16.66194461157348 0.0295 32096.47058649748
11.739734156351803 0.0272 31470.516949901754
11.221810546416192 0.0306 31618.535414369424
7.541047058472959 0.0316 30890.833643775313
9.474713869124592 0.0309 31115.041192050918
11.117036511378693 0.0281 31300.29062017507
10.317143452272445 0.0291 31212.083444276657
15.258877181821855 0.0303 31946.92607822391
96.62444521353838 0.0278 41140.9076930959
15.649243344588548 0.0251 32000.57992722477
16.46304717792407 0.0255 32060.028951335116
18.079165487726407 0.026 32378.297703270404
26.92002286474639 0.0229 33695.04381611811
28.223272279384407 0.0235 33527.44300222418
17.830212946886718 0.0272 32185.974490819463
9.30305927121543 0.0308 31040.111595464048
27.329555605509963 0.0243 33719.4458799461
64.13759465781092 0.0244 37697.51470702194
84.06373190602915 0.0226 39956.645983329676
15.974970372787158 0.0253 32021.84775346912
51.866353623310495 0.0232 36338.90103023405
24.012703326613746 0.0228 33246.78385383879
15.62324862680477 0.0229 32029.10611034424
15.416122097153112 0.0262 31835.439955688926
20.788976051974984 0.0249 32740.696849056607
24.840284951986906 0.0254 33103.24653602949
32.73805075261243 0.0231 34413.82627610761
49.19429916315978 0.0225 36176.59079317191
88.2817312517289 0.0236 40039.60706826102
21.72007404435198 0.024 32630.294245330046
54.216680928439615 0.0203 36738.27635171627
32.68424340505845 0.0229 34241.81568688212
23.492749157708225 0.023 33038.34387666582
25.357896429572435 0.0235 33307.48855867145
29.208057821831048 0.0223 33467.70723552768
96.37798145605313 0.019 40661.839508997225
97.5936417712517 0.0205 40783.964847136755
30.83868643594422 0.0214 33971.04701805554
70.52172571505126 0.0185 38335.662918979266
95.5139320291478 0.0185 40851.73438568736
66.45094570570795 0.0191 37872.92071972354
96.27878641663456 0.0174 40833.57217388237
93.54413967619385 0.0212 40281.97728141118
92.59642846292826 0.0181 40482.38858469085
52.4270217790749 0.0194 36183.279310999234
96.13605747010533 0.0177 40662.5697138953
43.60048212383343 0.0216 35675.70044798391
95.61781011780555 0.0182 40656.582935596176
96.91508369580377 0.0197 40710.497671677826
97.91651622974929 0.0182 40765.00826895929
90.23603860886706 0.0191 40276.96439722539
95.41725198133861 0.0187 40516.30200210108
95.98576620811633 0.0174 40648.909426247854
94.23737640116985 0.0174 40698.34966763166
54.705781445861454 0.0205 36416.645844083214
97.9457612660207 0.0174 40765.924506904106
90.63934635233873 0.0151 40329.21917546189
89.16172341294278 0.0168 40013.657242519366
93.50844355902747 0.0175 40271.57327801514
97.80535179886 0.0171 40641.57221395564
96.99221835539552 0.0188 40559.55114831924
96.99217653144693 0.0161 40588.414051784406
57.27036295557986 0.0185 36693.978713929486
97.74425674346591 0.0156 40439.78314218054
95.834038779442 0.0165 40643.990573628595
97.3943674973591 0.0161 40626.126024972335
97.32299576040288 0.014 40523.62924844674
97.7753617778736 0.0158 40613.18035394679
95.62148175498542 0.0151 40515.3784480133
96.24428777049886 0.0148 40337.89179811607
97.9402035130555 0.0144 40498.34270883024
96.75763915697394 0.0158 40525.79638587826
96.84843932436632 0.0157 40318.917442560894
96.75157597908444 0.0179 40395.143068778285
97.9259540757828 0.0109 40475.706176990476
97.76487820707685 0.0138 40555.60590967302
93.64127343497111 0.015 40236.6543895267
98.0048431496362 0.0127 40643.13739709181
90.04766564373709 0.0162 39659.971396412504
90.48170273818118 0.0142 40032.49899273145
97.3686446745208 0.0132 40502.696355414184
97.41051178749078 0.0137 40698.39432499932
97.21614683319531 0.0122 40464.88241258601
96.52276119791212 0.0132 40223.81023286382
97.13395966519475 0.0115 40412.043161695365
96.83998853439465 0.014 40329.874339972564
98.06271607230273 0.0124 40616.502999088334
96.46209495827546 0.0127 40320.806485435045
97.96035984646727 0.0122 40600.328128653004
97.19776193971386 0.0112 40526.050393960526
97.84381837927099 0.0117 40594.47394699023
97.65402860198343 0.0094 40475.60069983718
96.90766738048632 0.0104 40587.83121606273
97.85324975431783 0.011 40334.22008240548
97.74281998188889 0.0125 40629.74414332682
98.07968598679766 0.012 40515.908595733265
97.36148131036069 0.0112 40314.79662920093
97.01282750403398 0.0116 40435.90587827078
96.01238865778474 0.0107 40146.907881056555
97.5817488815528 0.0095 40465.81105773705
97.66849282682584 0.0109 40257.741888490804
97.61769487718057 0.0107 40779.255488173025
95.52655920703303 0.0112 40180.43126119841
98.3183064436192 0.0108 40653.97985590937
97.25322523625081 0.0096 40325.8649389716
96.82830177084921 0.0117 40435.81609526392
98.17430378350113 0.0097 40337.8405226597
98.22403598972973 0.0083 40375.88970331949
96.24857351541826 0.0116 40295.035781460916
97.8996978758226 0.0097 40526.40232166526
95.95411646843719 0.0107 40510.72966501748
97.52983489321369 0.0113 40321.39650700282
97.9270449584344 0.0099 40332.25530655105
97.65063275040355 0.0115 40305.931759937186
98.16615670630419 0.01 40249.813248559665
97.78973187756333 0.0092 40285.04961587666
98.16806699571829 0.0101 40546.29257328569
98.02680167336686 0.0113 40284.939649915854
98.14915223461692 0.0101 40444.11470511628
97.59227942178177 0.0086 40356.98172817076
98.26318698072198 0.0069 40570.038022821915
98.19854740498803 0.0098 40164.42429132777
97.3588307957789 0.0097 40206.481074325675
97.16510188155456 0.009 40290.506097044134
97.88604804088945 0.009 40303.28414817658
97.15608181119251 0.0088 40316.43582405609
98.21360390847514 0.0088 40406.98258833218
98.3243569881186 0.0068 40190.92736494106
95.90659407549802 0.0088 40236.590060078466
97.7056748614378 0.0075 40498.92176193893
97.96003460609438 0.0072 40289.122860565476
98.30843417074274 0.009 40351.48970142595
97.97958199612222 0.0071 40374.845803885204
98.1828617526863 0.0075 40575.69264806111
97.79857575830934 0.0077 40246.1437276131
98.0525764772404 0.0066 40301.40146287743
98.16524734195143 0.0062 40162.990339062046
97.98993661767132 0.0079 40293.18470377349
98.34059746656683 0.0077 40185.769155547016
97.85982476498545 0.0077 40248.65087198806
98.28395390658648 0.0073 40011.87479720858
98.16351825976567 0.0082 40187.098593872484
98.07180811002621 0.0063 40271.07161771085
98.32845955969178 0.0067 40242.401957711896
98.36640423651833 0.0063 40093.413101298465
97.90950815077619 0.0081 40132.51975597163
98.36516168536548 0.0064 40217.83284876852
98.13169002934046 0.0078 40466.94430045534
96.56243890270954 0.0075 40068.89642449494
98.17954993107521 0.0065 40285.859078308225
