3.766174757871215 0.0483 30790.32583397725
4.641720460223198 0.0492 31072.82745280128
4.417281503219769 0.051 31023.50339343493
4.593118931466183 0.051 30955.152177107695
5.0255306215081825 0.0471 31169.091803967738
3.8085988589377835 0.0542 30842.956880461148
5.223454107034769 0.0473 31022.46864597089
4.493057489282423 0.0514 31014.19862080757
6.255821797786303 0.0466 31291.492861733204
4.525423886458091 0.0479 30856.45716584741
4.257382198645263 0.0467 30958.75359312943
5.079422934880766 0.0461 31028.826729704862
4.900617809928223 0.045 30916.976327905628
5.785965319492584 0.0431 30965.585170716065
4.727159162089046 0.0431 31019.827133347262
5.533432038563495 0.0398 30980.730714838715
5.418731958047584 0.0407 30917.12679263712
6.47955631975602 0.0402 31159.62113875091
5.4740345484876185 0.0392 30878.817857471982
7.091117785277966 0.0386 31071.706486385025
6.1228869141294116 0.0405 31135.317094768983
5.196788002825803 0.0399 30780.682332278586
5.8179794319356475 0.0429 30980.093091415274
6.166297599959609 0.0389 30899.03621585273
7.295327402329516 0.0433 31120.988803701282
7.882758678956654 0.0373 31193.404433069885
5.2395621340970155 0.0378 30829.840097471857
5.636328749981008 0.04 30854.523287626016
7.514164705535635 0.0395 31148.1067972704
7.3472688428746045 0.0361 31026.912198689573
10.892419426886185 0.035 31551.54481786513
6.977967863433084 0.0356 30945.852530951193
4.9769442870357405 0.0418 30635.86196221681
6.1441961462018995 0.0338 30947.802302859604
6.590212152128185 0.0401 30875.22432598657
7.388460987181747 0.0343 30907.23968449065
8.522487708656888 0.0357 31211.82976431528
7.180876045626147 0.0336 30934.816275818124
7.712424843196297 0.0367 31024.526796032762
10.27915589753437 0.0356 31440.114455519903
5.678524573699291 0.0355 30621.896460467015
8.480321218047855 0.0305 31197.643147585575
9.557243395087117 0.0348 31249.82966702547
10.08019649434194 0.0349 31466.026060707605
9.249644316498815 0.0327 31097.112647694146
11.426553038332283 0.0321 31565.772209066818
8.207013263324239 0.0322 31044.54343317304
8.993498634581789 0.0314 31049.160127559622
10.30564732207094 0.0316 31300.090515672342
12.996474735271015 0.0312 31722.379204865018
18.87902764360798 0.0296 32376.786886478414
7.680562479997325 0.0331 30886.843722034904
8.389125718652013 0.0302 30825.215619258233
10.165720136225536 0.0306 31226.62162664079
11.9629294345913 0.0268 31561.765955186314
12.758362163564428 0.0287 31579.22614186226
15.033624827260411 0.0295 32091.75504272058
17.011925812062163 0.0288 32326.57863103631
15.364870693863413 0.0267 31985.623739759834
10.072621328564466 0.0293 31230.9452009709
12.79884948059753 0.0288 31577.11029739221
12.2518971414384 0.0267 31338.060473156518
13.647287503578735 0.026 31754.27690024003
14.041665950631566 0.0252 31615.67816333329
21.284912167552914 0.0269 32843.073322266246
16.311655516233206 0.0262 32111.826262960374
16.54276650540847 0.0242 31883.317101628945
21.610130869896732 0.0228 32938.93929657876
16.926950893006577 0.0274 32152.664098303627
24.675250976373984 0.0249 33163.05965183133
33.07493254027981 0.0234 34438.8772119383
89.72851346525731 0.0215 40244.13355914112
12.754689448925678 0.0267 31506.173625919404
17.963905915674864 0.0262 32191.78275576753
11.393817495638412 0.0255 31209.159217951965
97.10584744875212 0.0229 41033.838497107114
19.46160695099548 0.0246 32446.285175870944
12.93892220405367 0.024 31398.37548548413
27.03575300641394 0.0239 33391.80646258528
97.27325437786801 0.0206 40868.09419910729
94.56143151904183 0.021 40524.51555396223
96.59529741441216 0.0214 40636.92910578569
86.57271793220629 0.021 39872.282338075354
96.84879636261824 0.0232 40647.37635858463
22.887804623101164 0.0246 32769.39330267635
93.31262279329425 0.0184 40333.13804462174
75.38452413644636 0.0199 38501.04271780853
97.72816295392049 0.0198 40935.746481711765
24.4260231242089 0.0239 33157.471047433275
95.44414744015566 0.0177 40791.06316125932
88.62467775863887 0.0193 40145.55458763756
79.65157847705342 0.0174 39239.56881727297
42.87898144893283 0.0199 35628.01474491659
78.75341588955287 0.0205 39027.288408872875
26.000878553268638 0.0226 33191.62387833228
96.43599470845706 0.021 40762.80915413259
91.93053989532203 0.018 40155.37539564341
97.31424558779439 0.0183 40637.958053208444
97.05994198441252 0.0158 40389.310203119916
97.5680631844114 0.0178 40790.3487411548
94.12327145286318 0.0186 40466.19473937608
97.11558873039391 0.0191 40626.80571497192
89.32450410935493 0.0185 39741.28923176913
97.44020665650037 0.0178 40786.09260019684
95.90854333892186 0.0174 40483.89269619325
96.78942932376351 0.0157 40701.28764671008
94.24075438607505 0.0193 40532.86802341954
82.13518263758289 0.0172 39314.90902387441
97.14643046794987 0.0187 40758.161477248424
92.77223093706378 0.0163 40285.58284470129
94.04956155249995 0.0176 40140.696181783096
97.45939768749587 0.019 40666.07750417877
89.39375807228372 0.0156 39884.853852582775
97.29301619035645 0.0153 40560.75629990044
92.30684275520736 0.0166 40224.04571054951
92.69095311062594 0.0145 40090.14231529823
96.69025147536139 0.0164 40494.58653705517
95.38934034464693 0.017 40336.61474110595
92.4702671840432 0.0171 40147.59738620557
96.65906535266468 0.0153 40528.59263167539
96.64065997069908 0.0154 40467.469963688265
97.14760675942442 0.0156 40447.624464659544
95.94643496483219 0.0144 40473.975265797184
97.9323544177474 0.0135 40566.324203264725
96.86095737029493 0.0153 40679.26758818392
97.20115496180527 0.0131 40573.57905823783
97.32456219562259 0.0156 40494.92229808683
95.49275816816031 0.0154 40332.52201853887
95.484900666179 0.0137 40316.59265372225
90.99211959372849 0.0146 40036.09841959247
97.32021483981042 0.0124 40499.15589825538
95.23179019452414 0.0134 40644.157503363305
97.11597745351916 0.0146 40414.42272612593
96.30901290022362 0.0138 40285.527328349
98.17186566125908 0.012 40425.7573007191
96.54865260530998 0.0146 40491.45450307478
98.12097640375177 0.013 40572.56657500711
97.1698699590541 0.0103 40402.43381790376
97.16547624004593 0.0097 40437.90684927337
96.36817357682185 0.0109 40309.79021238126
96.89540689429691 0.0107 40429.41290942212
98.01638380215842 0.013 40221.52722393881
97.41654448028568 0.0129 40556.10646439315
97.05277675344443 0.0111 40291.36317367876
97.78015548138802 0.0132 40622.44467778547
98.24696896790373 0.0114 40387.04695464475
97.89837190881931 0.0119 40455.937950037885
97.12852090966388 0.0113 40357.88696824555
98.27291556174514 0.0117 40397.0426837821
97.36056080118878 0.0118 40346.81579800609
97.9810624017187 0.0099 40500.68348277314
97.09135496336829 0.0109 40335.18327476964
98.33976269431157 0.0103 40442.78949474508
97.53315781576288 0.0124 40426.19183141654
98.16098602622972 0.0111 40148.256276541055
97.97125721480786 0.0089 40379.97215861013
97.5387195653196 0.0107 40493.24377546969
97.83436663001591 0.0109 40465.72552295824
97.8015899938953 0.0123 40293.80514842787
97.9093219653822 0.0119 40472.50579719131
98.24924794346164 0.0105 40311.130733462574
97.45594857273558 0.0113 40168.050831794775
97.11547817005187 0.0115 40217.4964277851
97.77283575115231 0.0103 40438.92288781804
98.21047186107316 0.0089 40449.15565853107
97.92834683870002 0.01 40287.761138814465
97.87603982864987 0.0083 40262.28619705241
96.67169709930744 0.0106 40173.01567686491
98.1491829070477 0.0081 40321.723850081864
97.50375258685442 0.0103 40391.71452042329
98.27717831655956 0.0087 40309.092186811555
98.27757097207179 0.0092 40383.13207426307
96.68367201423384 0.0098 40390.79743162873
98.25568360893048 0.0071 40339.850409640116
97.08731877376509 0.0092 40323.27911244173
98.13046221504273 0.0077 40026.87097831498
97.96674394374517 0.0075 40249.25283162654
97.44591435102674 0.0086 40082.19733017681
98.37664497220482 0.0088 40355.585750186096
95.80091867924017 0.0083 40038.2182142095
98.1708649560364 0.0088 40350.192361938636
98.10149095718687 0.0078 40234.21935978333
97.99307090390512 0.0081 40227.87205471362
97.88590348132043 0.0082 40104.775436803095
98.21527255269889 0.0091 40353.43731687595
97.94434675082579 0.0084 40285.19853035937
97.97491686172367 0.0074 40276.03586887861
97.70174280095706 0.0092 40304.54194493469
97.75216910562474 0.0092 40054.18711604413
97.1173360937045 0.0072 40127.47775060712
96.27284798810102 0.0093 40000.5837968451
97.14533522171652 0.0079 40282.670235510835
97.43098212040935 0.007 40008.6429829041
98.22853376733048 0.0083 40454.99735848351
98.15145074230139 0.0069 40389.42163583257
97.96679120865069 0.0065 40318.26053286151
97.92068643720626 0.0081 40280.71976159113
98.19582317376133 0.0058 40209.97803000813
98.0921125968228 0.0066 40125.36788179451
98.0708632177537 0.0081 40435.59405278234
