5.3304570789771955 0.0484 31157.510557242847
4.889002922501818 0.0498 31218.449300206572
5.21649500719719 0.0429 31115.4274651966
4.411742767503222 0.0478 30987.622364128445
4.619966605708247 0.0449 30864.706903620598
3.8260180962056345 0.0494 30910.08204922713
4.363131533792983 0.0467 30797.67419614295
6.199112281247214 0.0429 31183.40087624692
4.247585681212681 0.0451 30826.66646723547
6.490322725531538 0.0432 31181.786054694887
5.167842626510312 0.0434 30920.28751293258
5.110660253486525 0.0445 30913.988513358825
5.057812300744682 0.0444 31030.23322077431
4.984316289493655 0.0443 30954.883915580147
5.401941316231437 0.0402 30841.963881935582
4.330223628445902 0.0455 30738.46394559499
5.5528961911600865 0.0435 30954.03581379402
5.874111897681407 0.0441 31032.03820912255
5.062811700491171 0.0452 30749.2160135665
4.988509472532211 0.0451 30942.52665088229
8.058534548223854 0.038 31255.661626841455
5.800232178395935 0.0389 31013.84018063706
5.922517536801482 0.0422 31062.172813926056
7.743357112567225 0.0356 31185.95306671018
5.4706989095465675 0.0416 30854.58640149193
5.379129604486198 0.0416 30919.155710343424
5.676911299718395 0.0376 30849.98070868629
8.110860055282314 0.0369 31194.845736083174
6.930373259572361 0.0387 30840.78229391194
7.113855814994473 0.0386 30922.233617497168
6.2001266454670345 0.0378 30947.01396374166
9.087553531853986 0.0388 31316.5994388199
7.215112754535213 0.0386 31091.571770588278
7.667480479781029 0.0348 30952.508411129103
6.989901268922797 0.0398 30917.365489030206
7.122123584431458 0.0364 31019.091921087813
8.038351911917747 0.0358 31135.348747322143
9.679970639490692 0.0329 31359.734470294
5.860878972725529 0.0362 30838.107851522927
10.028415958495728 0.0323 31315.628162364916
7.126503426558145 0.0357 31003.214794773532
7.038598236258312 0.0362 30862.727065292096
9.262112190349837 0.0324 30978.697137067466
7.375622822460284 0.0324 30869.57877777247
10.045577020502003 0.0317 31564.76169024427
12.49094795112668 0.0279 31586.120358559423
8.473362268702303 0.031 31216.47856132303
8.928998850425044 0.0312 31289.728251025892
12.330515379887808 0.0298 31638.011523833688
11.245428013818703 0.0299 31601.430263033595
11.499988940809077 0.0289 31408.696285259368
13.580231269274087 0.0289 31763.907348208268
13.77757325581485 0.0305 31683.65034922296
9.406837276735441 0.0295 31121.00393271511
11.229923505526315 0.0304 31474.669464534913
10.514718492278448 0.0304 31290.609999570286
13.6095645037159 0.0282 31737.506002218804
12.067756410920303 0.0284 31450.50159910685
12.910340965954559 0.0285 31692.738019789944
11.935410267881743 0.0281 31492.83010588902
16.799447740304075 0.0256 32012.534674292136
9.961924170283478 0.029 31237.407802414673
86.54698594725781 0.0236 40272.27462367508
25.963000668546687 0.0237 33700.385646096816
18.551815237526963 0.0263 32385.92302727174
16.643326122856056 0.0267 32031.19075447643
12.084390296396784 0.0275 31440.09844554962
14.227343232917427 0.0274 31851.938361586395
13.993087668806746 0.0274 31734.404400432875
19.798766931394624 0.0256 32544.715118187873
35.036129736736655 0.0245 34447.069887709054
90.80467747600383 0.0234 40456.90802502094
18.720922923625082 0.0241 32387.960362024558
20.10432768137382 0.024 32579.32341349559
21.113968491454486 0.0234 32759.488436070184
32.568969009349956 0.0224 34336.62814065893
36.75369759183092 0.0221 34929.451426661566
12.280655389764886 0.0242 31282.86895013585
19.276185025114316 0.0249 32381.873559664862
21.982080965108945 0.0236 32697.371658182492
55.59870200528206 0.0193 37049.973057407595
18.55243243477557 0.0232 32362.761865798133
35.20249508075225 0.0214 34730.964541329326
34.64288372557591 0.022 34435.92585315487
70.35766703629982 0.0206 38575.365117888534
96.31905379670049 0.0216 40681.045675225156
85.38216857585041 0.0194 39861.42947225771
28.391474035964055 0.0219 33774.25337351206
86.92551651859986 0.0205 39941.14995795241
96.63847187820747 0.0197 40726.34599263569
53.944393018401854 0.0208 37130.18677716634
97.58884911517201 0.019 40729.92854708705
95.61567507999186 0.0201 40763.81361394714
93.27708160279934 0.0184 40301.88662204707
75.79729202627759 0.0207 38633.34386503422
44.11093162459201 0.0223 35085.54585567194
97.43508867827065 0.0192 40730.120938320746
94.93448799756585 0.0164 40563.44388689063
97.49052961089383 0.0201 40676.17973309509
93.6624829386133 0.0182 40306.828195109636
87.43990828826952 0.018 40066.12857509956
97.98313142043433 0.0197 40857.36625611017
96.64513030810912 0.0173 40594.9969046617
86.82475516278056 0.0184 39799.32546653192
97.92793515546177 0.0194 40699.95734129514
88.51330233391047 0.0161 40189.65301662853
88.90640939542163 0.0194 40144.39771924585
98.37214223188387 0.0147 40853.1973699714
89.96272581441016 0.0166 40236.23043065973
92.69478816987836 0.0155 40209.61173392698
97.9230825921841 0.0172 40778.344480954445
97.41851722297534 0.0185 40687.413829246645
97.07338899805261 0.0182 40788.60575828071
96.92759036625932 0.0182 40499.88507899257
96.00527397103463 0.0156 40770.90002981031
96.06269379161436 0.0126 40348.1746507189
94.8958914226181 0.0162 40244.036882272085
94.44230356579514 0.0154 40451.517454287874
97.81070336542155 0.0153 40523.99361518124
96.9790201957008 0.0168 40554.24810821391
92.11217313877543 0.015 40067.21457600511
97.94310662896876 0.0145 40566.44726858132
98.20827951428912 0.0125 40397.006549721555
97.69061931500391 0.015 40518.86065902885
97.71257809315158 0.0143 40571.52062033478
98.27411723896194 0.0133 40455.225479795234
96.93247548446935 0.0133 40452.79187359188
95.35675217907023 0.0138 40179.10641708697
94.43958323266092 0.0139 40432.4813457838
97.42733690908175 0.0144 40503.83608589357
94.32048569978747 0.0133 40026.77336493609
97.80143418266248 0.0131 40603.817616212924
98.08428673932853 0.0129 40476.31704030371
96.97269661144925 0.0134 40459.756622819135
95.2769206078885 0.0141 40524.52023688402
97.51349610322134 0.013 40532.38853073501
94.72968946187214 0.0123 40293.92194068818
97.46637957270264 0.0142 40385.056504412074
97.69934916000763 0.0114 40730.26726951165
96.92501321452758 0.0135 40391.972215668684
97.77858422102297 0.0134 40604.80387743144
97.90769227036981 0.0096 40612.69114724144
97.91596244467966 0.011 40120.35259371826
97.68376815105538 0.0114 40370.532964661164
94.59353235393021 0.0129 40219.12875876037
96.7331256790324 0.0104 40502.26635355634
97.42137583007003 0.0105 40572.23213779056
98.09620444850114 0.0104 40406.917989075715
97.79880289260286 0.0113 40392.552932441904
97.83371948112101 0.0103 40473.04808632843
96.8282550979915 0.0096 40211.252670544935
98.15239309591956 0.011 40373.48509460666
96.37871223302932 0.0107 40286.33825532759
97.65725497743679 0.0099 40302.409420968324
98.37576291049494 0.0089 40444.44721723219
98.27584902179792 0.0119 40465.16162363419
97.59996165483476 0.0115 40232.076197519906
97.89225966808634 0.0096 40452.95018821366
98.0955982627339 0.0093 40295.54873569241
95.56302156218656 0.0104 40406.30433893127
98.29389773435108 0.0095 40306.62784046592
98.35704255762444 0.0093 40315.413122633654
97.72517182254546 0.0109 40258.49948302241
98.10351392292287 0.0112 40341.65829808793
97.88523795281733 0.0085 40039.69877119019
97.45666124377226 0.0095 40364.15060194532
98.26293417163079 0.0093 40579.27675774982
98.32287874682464 0.0082 40304.64329727799
98.22464305987427 0.0087 40459.30534115806
98.12187132049823 0.0085 40310.41345474664
97.3463858813409 0.0121 40485.73313840502
98.1417382520616 0.0074 40370.72109175303
97.88463372926421 0.009 40124.74744670885
97.93977389070793 0.0092 40243.988446991585
96.86781948835689 0.0089 40326.81881959027
97.784916444136 0.0096 40358.80022606611
97.63362257730928 0.0085 40232.03825177205
97.22452195877622 0.0083 40291.65664497433
97.77150858988811 0.009 40351.48022735044
97.06421313970023 0.0095 40274.83080522323
98.2008073658792 0.0086 40320.263818724976
97.17894368788204 0.0087 40167.04164594334
96.64057059921215 0.0091 40268.51102476464
97.55704896203936 0.0078 40097.279493147915
97.48734672400343 0.0084 40034.238593477516
97.5370459207768 0.0082 40277.94828576342
98.14036861875199 0.0073 39962.213560764954
97.99508373236227 0.0076 40335.54325625734
98.15976846351316 0.0075 40203.892362002596
98.15147960783113 0.0066 40343.121097952455
98.32735254177791 0.0069 40312.8901369937
98.02424648038014 0.0064 40234.578876864725
98.11782338025057 0.0051 40310.82949275399
98.19748582550167 0.0083 40475.06818747984
97.79611439237632 0.0069 40193.083067769396
98.02173164898909 0.0079 40333.118414806246
98.16883421705423 0.0071 40365.471557351644
97.644700749338 0.0066 40093.303154339665
98.35433658295354 0.0066 40186.725333900446
98.19698203903776 0.0056 40184.65017752794
