4.541484662064568 0.046 31037.131894338017
3.78562058171718 0.0499 30924.289893320427
4.549118815682845 0.0485 30959.92456433527
5.177561705326644 0.0508 31076.579832915115
5.194132072707092 0.0457 31099.282433203098
5.290553521302981 0.0476 31146.412300495034
4.367703600795254 0.048 31114.831383248147
4.691737059913608 0.049 30997.324173684094
4.2613871563860695 0.0435 30869.828954929846
5.551974753670951 0.0446 31119.202648024446
5.147821659749808 0.0428 30897.28571399635
4.578128670685335 0.0477 30818.494341542024
5.618971940610013 0.0416 31091.30736826254
4.864070478116366 0.045 30914.21547819798
5.990004203148651 0.0405 31006.365223268673
6.429719796814805 0.0427 31115.05055364264
5.671773201689977 0.0393 31031.125729489788
5.368059781214383 0.0408 30936.306050351122
6.962492225346317 0.0406 31254.15005341842
5.398890279609209 0.0404 30950.077876415726
6.028827129887556 0.04 31035.192345981977
8.518067380738184 0.0391 31248.61068126831
7.706658573839746 0.0385 31328.7370141779
6.3493924514691455 0.0373 30936.460351970945
5.353467948409275 0.0391 30835.145515086308
7.906123839135235 0.0375 31194.809072767104
7.481399306498197 0.0363 30936.29442832119
5.677278492802381 0.0387 30751.675453899752
8.091274544727812 0.0357 31199.87126219495
7.3738377556578225 0.037 30960.02613348004
5.587444456286852 0.0403 30767.998378852248
10.247516930658781 0.0362 31467.986790406885
7.603987417958907 0.0374 31064.979930519563
8.30503697807192 0.0372 31258.727856088597
7.830906851313995 0.035 31010.814222699813
6.969165195912842 0.0351 30970.67560516897
11.297000157863556 0.0318 31595.83154120765
8.331537673362968 0.0343 31150.328787774128
6.248754117090934 0.0365 30746.014948063388
5.732186570451228 0.0338 30783.726955492388
7.354343500708956 0.0339 30952.503489393956
10.136444598034046 0.0339 31342.766678323664
8.427399208432428 0.0312 31056.198136933635
9.74549485215347 0.033 31321.032118670297
12.542288315136858 0.0346 31635.940597762623
13.716894919643373 0.0309 31843.686134719577
9.555044493816123 0.0311 31229.979044505206
10.701747988454423 0.0314 31508.311499267027
13.961393710135209 0.0306 31558.837622499672
9.634893635076638 0.0302 31255.766677616033
9.156245673761385 0.0317 31120.337918910573
10.728731164234475 0.0328 31409.970902399316
9.636835367013866 0.0341 31052.619939978347
18.211486918652795 0.027 32574.91427023048
11.295600359399767 0.029 31314.78578506733
11.739609834940879 0.0289 31475.554132004487
15.833232965453004 0.0286 32270.396200600546
14.599124442743763 0.0275 31964.302150683292
24.755684721935403 0.0278 32976.28180294712
10.876571614016695 0.0294 31268.74913191668
20.62877720788698 0.0251 32688.20755319929
12.710415419628337 0.03 31486.991615418094
21.708574209120957 0.0254 32708.495346067128
21.38864538390116 0.0248 32989.81171812276
11.220556472248854 0.0261 31297.63817435963
31.97662145521273 0.0253 33920.13043545432
17.412524440777094 0.0258 32082.27217090353
23.214292686235357 0.0259 32931.525382327905
15.018854536655004 0.0262 31859.37249378097
13.760743209274306 0.0261 31792.63579380672
14.717342729192513 0.0263 31838.447785324366
92.89011627757634 0.0203 40502.76566459977
17.06074182831751 0.0236 31984.972398756378
92.44997578631953 0.0224 40624.26201138423
18.179028049639076 0.0245 32380.467443586047
66.98001908227907 0.0206 38163.46992073903
21.948912575322094 0.0239 32921.66570192625
15.625790001972936 0.0234 31809.319624073356
50.74165018373164 0.0219 35992.8724154297
53.37792573912921 0.02 36416.73345957944
55.48899513961461 0.0228 36366.78564009433
89.98827623351453 0.0222 40262.39233275396
78.71453698956643 0.0199 39255.78597100246
40.65087334227652 0.0213 35634.95986310917
47.65031237132461 0.0218 35953.62250949431
81.99612221995329 0.0208 39700.7916064476
94.18413408053162 0.0211 40556.315157530225
96.42949370866178 0.0228 40796.46527611874
90.89696418799932 0.0206 40249.5586581195
88.15415004170254 0.019 40151.57300721602
35.40976083809934 0.0207 34570.05945169203
73.71480839211078 0.0205 38286.37419710958
40.24031551509728 0.0194 34913.18668894143
21.10852195057837 0.0232 32529.487825920496
95.02058325614983 0.0201 40693.825095756605
95.81988515745526 0.0163 40528.79981842182
93.67763320838837 0.0188 40481.23357330768
94.66181945418148 0.0198 40256.827496227364
82.43948810980882 0.0204 39498.92850568478
94.62858534815551 0.02 40530.24615512309
97.05831243917721 0.0185 40777.37774135642
81.3102031344068 0.0199 39507.266022842974
95.28264865170094 0.0176 40644.22479409237
96.71069927337187 0.017 40528.861692933206
97.11962346421491 0.0165 40434.42846981929
97.21781897246835 0.018 40682.98530267488
85.93886646057516 0.0171 39534.92596686294
75.5390688262352 0.0177 38407.37753614248
93.64317877454434 0.0193 40425.9696926215
94.23391728500937 0.0161 40487.26174417034
72.5341918105227 0.0181 38103.53760666135
97.42576587850768 0.0151 40638.08114192194
57.373412350386985 0.021 37114.046829981344
97.8914860455501 0.0168 40629.28528917855
98.01696178452463 0.0154 40748.622860263924
97.61669079048231 0.0155 40467.094650728526
96.79091786530272 0.0161 40646.429602982855
95.3971566337632 0.0153 40542.006143750834
95.8140746515967 0.0145 40476.518243220526
95.37509241904843 0.0151 40430.42283846266
96.51936585809999 0.0165 40496.022374287735
97.20901378394638 0.0141 40635.279367189825
96.57705452427227 0.016 40562.12187507555
97.25626020474475 0.0124 40759.447067815985
95.97710920101596 0.0159 40378.84541403559
98.18940412857047 0.0133 40595.197927882225
97.70220661683825 0.0131 40615.439795588456
96.5998956200701 0.0153 40511.865442432296
96.56260317951764 0.0153 40406.89500073426
98.17740403505695 0.0123 40442.4917097155
97.05839924552326 0.0146 40311.937271690884
97.79341901519463 0.0122 40680.114411553914
97.10425755776112 0.0114 40374.176329141315
95.81375687060404 0.0137 40448.906077781714
97.33607544069365 0.0121 40618.35666046519
98.14590078006377 0.0128 40437.14347942895
98.24165490665793 0.0126 40496.622859451905
97.23511142497868 0.012 40443.50436053427
90.3358469485748 0.0145 39780.222379663755
97.71844865087432 0.0113 40290.739863844305
97.18327627438958 0.0138 40289.17246204716
97.26652348700766 0.0128 40453.016007096325
97.6157689684345 0.0143 40511.63913388955
98.30834023363676 0.0097 40547.90716060783
97.85505708247645 0.012 40680.078541364244
98.0654435290613 0.0113 40410.921629108154
97.18427597031102 0.0124 40592.7909297223
98.16913624104558 0.0089 40503.501317069116
98.38250630249321 0.0101 40582.205216174545
97.92629079431322 0.0094 40273.34091227463
97.71591951286885 0.0112 40463.25445826186
97.81742889672239 0.0115 40293.16675573262
95.00595158449589 0.0113 39969.37550715458
98.22415634085402 0.0111 40299.01216494505
97.97096720794181 0.0113 40411.82439236356
97.72066567557216 0.0114 40373.66557282991
95.93740919377086 0.0108 40334.0297621754
98.13555409767703 0.0101 40434.584057868145
97.9607228907817 0.0111 40524.846897100666
98.27197686378152 0.0109 40654.83370728539
98.20677611476702 0.009 40508.824308095835
97.48799011929619 0.0078 40094.59038923832
98.33913835911338 0.0092 40499.71006696899
97.46881438063204 0.0092 40287.629973801704
97.78386722151352 0.0092 40068.13364492353
98.17948366503848 0.0088 40364.32963676118
98.25752936391325 0.0096 40639.236809288464
98.23187133568418 0.0105 40239.015736642425
98.0249652445341 0.0092 40382.93064825075
96.15554395755824 0.0078 40321.55916028534
97.9881927206847 0.0083 40258.67501744248
97.76686114285383 0.0078 40237.69585483438
98.18093465463203 0.0082 40170.43056503339
97.65885689833314 0.0095 40207.642075878015
97.61415319723802 0.009 40083.38983814525
97.31098249681226 0.01 40321.46315898088
97.73052435975906 0.0088 40141.78589718426
97.45389129375563 0.0077 40144.957813606015
97.91991064127508 0.0092 40219.564629325585
98.18925286702915 0.0082 39973.644820681824
96.56646419091167 0.0074 39936.02446399915
98.35290238679175 0.0071 40120.07495045289
98.21501593847927 0.0078 40203.200971786384
97.58993172217548 0.0086 40450.10385457563
98.34135128042531 0.0078 40139.47135598068
97.89216498914092 0.0089 40231.1713773351
98.11853660199138 0.0083 40441.856620659
98.29373468697572 0.007 40240.193535553226
98.13379663233448 0.0076 40327.89886839082
98.33623013430238 0.0073 40113.689701226926
97.59602593748265 0.0081 40173.08780201485
97.5352772600368 0.0073 40270.70802849254
98.38643681199285 0.0066 40084.35476729955
97.83108532233578 0.0073 40315.737025657654
98.08128664160424 0.0083 40286.82511959362
98.34634361643292 0.0068 40208.90607343164
98.20535426445944 0.0058 40359.60200042002
98.10807048565268 0.0072 40214.70128130589
98.36232193296452 0.0082 40220.29072238091
97.86625623204903 0.0068 40147.21911048964
