4.9400987558045575 0.0465 31098.209053868708
5.116587965248513 0.046 31089.54158918926
4.923194833340989 0.0466 31146.5173551193
7.963565861830191 0.0427 31377.02270859048
4.801779878233356 0.0452 31008.09898170726
3.7825429867394953 0.0484 30797.897237362184
5.583643657423274 0.0453 31085.444364644318
4.1068012221221295 0.0485 30793.71450160385
5.179029717202248 0.0433 30935.39775258527
5.456393134594391 0.0464 31105.613545881482
4.425728718333481 0.0434 30873.097982140636
5.319406881055764 0.0441 31056.459191867
5.375807581399239 0.0423 30996.318820213917
5.152847974362378 0.0459 31069.390461686675
5.370311422556292 0.0421 30992.309080527462
5.923122377638902 0.0427 31069.873646904587
5.67222776142629 0.0446 31076.287401988153
4.966711126476332 0.0439 30980.3231833413
5.129262328108511 0.0441 30945.45724583166
5.132644999477153 0.043 30919.364010781323
5.011800974390585 0.0417 30853.365243413253
5.809936706461789 0.0402 31032.60347215752
8.22602862973974 0.0391 31284.058108941023
6.353760269776178 0.0408 30945.335194508374
6.4332080340279365 0.0389 31072.343981108315
5.489380880026862 0.0387 30735.16093455272
6.6103214404628305 0.0374 30960.910977589436
7.405104818851837 0.0364 31125.94579325145
5.73625763260849 0.0399 30794.604585956477
4.773648999003614 0.0414 30757.65972186044
7.030796916679589 0.034 31083.377010820663
6.971825269363185 0.0405 31051.233013842797
6.6448663346691985 0.0357 30936.324718314194
8.822168171330405 0.0346 31091.865521995263
8.072428098279444 0.0348 31101.277502276436
8.231863556228186 0.0348 31080.845520032486
6.929949701462777 0.0351 30831.965751386295
8.76039682172257 0.0324 31267.48431040806
8.552300926723769 0.034 31166.60180219515
8.115174256077626 0.0321 31183.90849412779
12.506836592921136 0.0321 31902.813517739196
8.887402438619267 0.0308 31177.136744562587
8.80427073778316 0.0322 31143.791989379173
7.901697928840845 0.0311 31023.015606285724
9.688486796270007 0.0318 31355.068318491896
12.027056083225938 0.0299 31674.984666873654
8.789484057518594 0.032 31082.252886583814
9.973193343505281 0.0297 31216.933788451497
9.463883086684877 0.0326 31360.492535874117
17.62984444256209 0.0292 32372.431976834345
12.195466822819698 0.0304 31483.546570746275
10.489795188500699 0.0293 31456.44597976744
13.571244026020189 0.0278 31660.516775092186
8.581022841713336 0.0304 31056.627370461287
12.67997518097593 0.0294 31462.20013652278
10.523079737313287 0.0286 31281.972490301323
13.326648262276265 0.0276 31591.168747753112
13.032500575897643 0.0274 31555.12645793258
13.882766695175544 0.0271 31875.131381081024
16.99520344493548 0.0266 32067.43744567936
13.14913458384408 0.0267 31801.06964734939
16.915845285546464 0.0262 32062.74447160481
11.533660308305304 0.0298 31274.74563451934
17.78156333112933 0.0272 32286.506930681608
96.24092548863268 0.0242 40915.142710233165
20.12390853406783 0.0266 32687.436247510195
29.945969148326192 0.0258 33641.95292059528
19.913974393187964 0.0249 32394.025423656054
22.61400221297739 0.0247 32817.707773831185
26.030461030965146 0.0244 33485.56571714922
16.425629850087613 0.0256 32067.818974136277
23.126304875526955 0.0236 33031.84792407949
32.166548964947005 0.0232 33935.760177872995
22.81634238216185 0.0247 32908.571589939864
21.272116239896107 0.0228 32799.704294385665
18.171703189355455 0.0243 32293.44772341557
22.44675954074402 0.0235 32890.37365451185
31.596144074105872 0.0229 34212.96518638592
24.285417500713418 0.0253 33243.77598711913
23.77512283195618 0.0228 33111.858731129665
22.0391377635756 0.0239 32652.17352157558
96.37516139212067 0.0226 40738.72416326203
23.54704216136605 0.0243 33184.72281716464
95.5641200464876 0.02 40768.374723783796
97.0896091288707 0.0214 40903.552003824836
38.9556366214796 0.0211 34600.17368591858
95.47144432313051 0.0174 40522.14690123693
89.20847068371856 0.0216 40060.60492182242
76.84224880703623 0.0174 38854.53038039539
92.36363627772374 0.0228 40420.18393595516
25.4595222589743 0.0248 33073.434869562385
94.71467086163089 0.0185 40598.11443015828
92.89765389947891 0.021 40283.718721498306
95.43355109008526 0.0205 40729.42667027634
97.04519939895245 0.0219 40504.60712196248
74.93059173303241 0.0209 38627.580056038314
21.852685363192684 0.0225 32464.296448001853
84.66074901808338 0.0184 39631.99242560923
97.78403229382407 0.0178 40682.66069160143
50.46973609655085 0.0215 36340.37856084133
95.18287901578266 0.0167 40487.786805493844
96.79050095649963 0.0187 40579.0939635586
98.01323736336086 0.0161 40789.06339317302
98.06821620253463 0.0163 40754.83684567545
94.35385472958802 0.0164 40323.0725613791
84.30522506412971 0.0167 39447.24575917261
95.00443652058435 0.0166 40399.71830589136
91.63794521058695 0.0165 40264.63689791413
96.67707976851102 0.0171 40611.18492662615
94.14709052460978 0.0182 40547.302928436686
96.846697755392 0.0165 40623.48829392643
97.30011878077799 0.016 40722.64845017892
96.61903546302347 0.0157 40607.7399160036
95.78660709867039 0.0158 40317.82721580961
92.16094019212498 0.0175 40060.54653156346
98.03929306626812 0.0169 40615.73345632757
77.93686233969419 0.0154 39073.30726286529
80.03623772181552 0.0163 38883.41852669673
98.13712952725501 0.0132 40554.92336832447
97.25506082884237 0.0143 40447.32996352074
97.72920195136277 0.0127 40530.70030062681
87.60931667203118 0.0136 39600.80682757083
96.11350551304481 0.0149 40404.40915926406
96.38309258837283 0.0141 40530.483124457074
96.9174116039984 0.0153 40393.00251927334
94.4635932253308 0.0161 40351.08513756249
98.10527294160758 0.0144 40451.026959054965
95.53801195340105 0.015 40236.55475084107
97.96714467786958 0.0139 40493.25506706807
96.62888116107236 0.0124 40562.12529976025
97.12990071189965 0.0138 40507.302838716125
97.90986307611583 0.0141 40379.591900947395
97.57060758496596 0.0168 40617.395429667406
98.14648085868615 0.0149 40340.68358013569
96.94711326484116 0.0112 40304.25168379936
96.82619883838198 0.0119 40614.50240049008
98.14325865370252 0.0124 40584.835343169114
94.41615029718588 0.0139 40071.72200745265
95.23930230680008 0.0129 40317.12067592603
96.4099380507199 0.0134 40532.964137495066
98.16624974821504 0.0134 40443.39852524294
95.17401548287305 0.0126 40372.3322463127
96.30000543005906 0.0136 40333.79991415273
96.83354131413812 0.0111 40269.974274085056
97.46947634795255 0.013 40515.491549874445
96.51708503746656 0.0122 40406.9204930666
97.45402281543245 0.0104 40565.63008486995
97.81113338102803 0.0118 40429.84477618554
97.92072228972138 0.0111 40302.868027976496
98.25553516450135 0.0114 40559.28433103247
98.22886965586788 0.0108 40447.54388491355
96.24396997667958 0.0122 40207.45515016577
96.76655202099334 0.0124 40232.034729650695
97.71757803193756 0.0113 40367.62688543094
98.12025999271926 0.0096 40499.25413191965
98.25485537223842 0.0109 40480.81652731106
97.86260688885594 0.011 40177.76349781283
98.11907787083278 0.0102 40143.753567508444
98.33372805640536 0.0092 40690.13450004892
96.44814177213887 0.0109 40171.7094918996
97.9026066983007 0.0082 40300.667475749935
96.80797470193988 0.0106 40304.47595177344
97.98526817381037 0.0098 40353.560977318775
96.23789361750796 0.0101 40423.80019854668
98.20112793478405 0.0114 40410.7009820907
98.05226635075391 0.0088 40464.681287712316
98.19600183512868 0.0084 40351.03205595606
98.10915302460415 0.0097 40243.606335941324
98.30311931005613 0.0108 40393.18832873734
98.03763935034799 0.0076 40200.98597472562
98.00266060837569 0.0091 40368.130590063854
96.69436169433452 0.0116 40361.13297080276
97.8803202942237 0.0091 40127.48686916072
98.36359912706851 0.0098 40488.63817990833
97.57167727922696 0.0077 40232.46655304552
97.7298975106735 0.009 40483.37641191929
98.23124709752702 0.0102 40423.33318424391
98.27152994839345 0.0109 40195.874996297134
98.06047244792744 0.0082 40230.24968982974
97.142690326454 0.0092 40373.42992323435
97.5699816615391 0.0083 40080.775715231066
97.49774903968635 0.0077 40153.8661560269
97.7977275075741 0.0072 40470.87190279847
98.17664212131096 0.0081 40210.20445396149
98.31363793115959 0.0101 40538.12888911821
98.34566599917345 0.0086 40424.40697202628
97.93715105685601 0.007 40067.70411869373
97.88771572469733 0.008 40258.57840603747
98.17981183882533 0.0074 40294.12934784362
97.73707160650588 0.0069 40155.90001865486
98.01087860303696 0.007 40213.28154165811
98.37011169744315 0.0067 40435.49833503111
97.56670412347005 0.0069 40003.66175707912
98.26450701369824 0.0097 40298.77635826327
97.95733160159034 0.0072 40294.487974565156
98.37141437309246 0.0066 40404.3932752741
98.0986459083509 0.0086 40206.03461626247
98.21487435579753 0.0064 40203.68454942519
97.57683875441174 0.0077 40257.75887842822
97.52108825735714 0.007 40399.81733859491
