4.622533507653202 0.051 31065.472331799436
4.848495964279623 0.0497 31115.059514158194
4.3349260164519 0.049 30927.37866681218
4.442278336477269 0.048 31020.97188001563
5.198447631238921 0.0479 31209.619006241708
5.100675598687478 0.0459 30931.691998432754
5.987031084578669 0.047 31252.90482377764
4.767631844164457 0.05 31003.59698401885
4.903716994511798 0.0458 31013.591329796276
5.615180995039338 0.0469 31111.225815502006
4.349329988552713 0.0437 30910.996054565134
4.626744662671652 0.0475 30901.919204282352
5.350579384238983 0.048 30976.92700077349
4.967830452814029 0.0459 30895.887712737116
6.265363470312256 0.0435 30979.364216591097
5.733103100920606 0.046 31031.779167109944
4.067884164820131 0.0474 30725.308224170585
4.940555538221314 0.043 30773.82668118176
5.957561097154365 0.0415 31142.340611880343
5.583935031912258 0.0408 30920.68721855856
8.037879502726764 0.0396 31287.930661269318
5.38572151878781 0.0413 30847.528257925685
5.82185021553313 0.0428 30968.85164388184
6.267124910013056 0.0404 31018.79806684039
6.735296041626815 0.0384 31246.00536779873
7.017471940813321 0.0375 31055.975742198767
6.689218672396014 0.0363 30966.883917918196
7.074687442244467 0.039 31116.44770534449
8.496858457704793 0.0346 31125.147843105646
7.3339827497708105 0.0363 30954.926061179547
7.451969580372355 0.0336 31082.264844686382
5.916928293325361 0.0377 30949.04543693508
8.437319404564217 0.0355 31150.47030364984
7.595713679319219 0.0345 31081.835406705326
9.376442226493339 0.0354 31293.850890961763
8.7803098731694 0.0334 31195.51543986759
8.237078846020683 0.0345 31115.480245511233
11.261914885548407 0.0332 31661.861905767488
6.304000654758562 0.0362 30785.510627078995
7.696514299288469 0.0364 30948.136232257646
7.831457049084308 0.0351 30971.907568243867
8.886666104701703 0.0343 31170.000162651977
8.683574815014063 0.0316 31224.05967113084
10.291371196177208 0.032 31249.43309365634
8.172908945336372 0.0323 31032.90277707961
11.102035141668196 0.0328 31415.408716443348
15.068821641460286 0.0304 31826.16187004966
16.2748679344938 0.0283 32387.144193871318
13.658605858612827 0.0286 31839.55441066596
20.65785918580539 0.0303 32733.95419677042
11.431811378838356 0.0279 31418.46046099146
19.740766401173552 0.0253 32767.7213046377
8.162986627623786 0.032 30873.543686837755
15.33502800363109 0.0308 31948.69233591177
17.796239837471287 0.0283 32260.352295202898
12.799647268965256 0.028 31591.126005016613
13.01251935338205 0.0283 31568.129632384906
19.266883219001464 0.0298 32452.922018092646
21.614263666731013 0.0274 32658.514395944483
15.764103989117913 0.0274 31820.730518250446
14.236951898183849 0.0284 31860.478366119834
15.587475987555203 0.0271 32031.834564453326
21.056653917190157 0.0253 32774.65849359817
14.514299486232193 0.0266 32000.22403905089
18.820767295185515 0.0256 32482.192054423296
18.945204651923202 0.0274 32583.55112674003
12.942117287839592 0.0272 31508.299691304517
17.91625521883238 0.0252 32355.015884834305
20.15913251602894 0.0243 32610.6540355312
33.07044411709114 0.0225 34584.200153942205
13.067274519974486 0.0267 31520.871680671924
24.48659238013971 0.0243 33356.132034683986
15.389879170064802 0.0262 31863.944459481954
21.609741053537373 0.0229 32828.24220036469
27.55985133833288 0.023 33834.30136233544
26.540156224528822 0.0229 33551.247527855085
19.60002607456075 0.0239 32498.689336743188
97.25072756684219 0.0197 40835.55907104746
20.723078846886462 0.0246 32696.560164936058
28.302264706507522 0.0219 33953.13405032787
97.05742873967499 0.0195 40890.870510496236
31.50345684135739 0.0207 34298.94509218207
95.90860690719879 0.0196 40713.37135087419
51.013927032154044 0.0201 36300.85500887083
92.3482382152864 0.0208 40427.21134405997
53.31266757801067 0.021 36401.76303459997
90.93774458911498 0.02 40234.807531533435
22.12799464164596 0.0237 32768.34291373061
95.2443041450223 0.0185 40558.03462156006
69.88566765747987 0.0199 38375.69921646061
98.21738960953937 0.0197 41047.106592718344
66.6856014450425 0.0199 38031.851319132176
97.2217349490956 0.0207 40733.51843584886
54.95950496337763 0.019 36767.85667014115
87.80182071999417 0.0189 40115.617996047564
39.48053205420228 0.021 35225.11967429373
70.37727228574599 0.0188 38146.564395100104
96.65215886954579 0.0178 40586.099021081696
97.50607903694035 0.0193 40758.96904547282
96.26385329942063 0.0197 40653.09018960987
96.6504097533888 0.0169 40578.44634864943
84.15231279299459 0.0175 39730.34990084742
91.51550675528227 0.0159 40136.00946502501
96.8039499632708 0.0146 40597.12678437779
94.77588435192487 0.0168 40530.74338971697
96.16416436545069 0.0167 40589.92009684094
98.15430020249575 0.0175 40844.28657061861
53.0147257662587 0.0202 36207.51882534632
94.7316035067738 0.0184 40400.59423986095
95.30663013855096 0.0178 40548.0028396846
96.91175193434802 0.0164 40626.6245871744
95.05430841602242 0.0167 40335.37529591438
82.11996996583974 0.0162 39305.165048533505
72.56435734442702 0.0196 38418.83539271963
97.25244005259604 0.0153 40490.20736095201
94.83583909592534 0.0149 40472.21120810226
92.33584363839853 0.0147 40311.16529584109
96.71656910307924 0.0145 40440.38429756606
95.06252585593124 0.0139 40414.9073977662
91.09325542162895 0.0169 40293.8024680485
95.95614138059308 0.0157 40295.34955673701
93.20365730479097 0.016 40316.54107083382
97.34419668059185 0.0141 40657.81261478559
95.4505486475777 0.0173 40384.77610431257
97.26862850918694 0.0145 40558.832843549615
97.3090874092067 0.0155 40637.82207015666
95.65012930637629 0.013 40138.728846141814
97.86963988196776 0.0132 40472.74390190175
98.23232837695696 0.0121 40549.91900036822
97.47885162877623 0.0099 40518.805774102235
82.52892551018896 0.0152 39351.829534570345
98.11772005564048 0.0129 40495.69439298453
96.4783443876161 0.0125 40428.265347347864
97.11740704716144 0.0136 40336.614062917586
97.5492228933222 0.0135 40467.45189039001
97.58094187526108 0.0133 40554.56924578759
97.51390083134628 0.0121 40172.314041210106
95.35759311926687 0.0122 40356.32447367161
96.77442502528439 0.0129 40431.0636712644
93.51756696773448 0.0145 39963.46237249455
97.2516640660205 0.0125 40293.841911852825
97.72301418557221 0.0106 40362.01544065282
98.10385581973348 0.0131 40446.99926082888
97.79487031338734 0.0121 40314.98560551518
97.10521546098276 0.0126 40111.97852396889
97.28151824866922 0.0101 40140.750336447905
97.86810951609726 0.0112 40319.90014497791
96.44294631037809 0.0111 40363.125646426975
97.944114358783 0.0115 40516.91275191437
97.95726546935714 0.0118 40495.672209724275
96.91444418351473 0.0098 40411.53302025047
98.1450880722681 0.011 40666.39800130447
95.23790808463355 0.0112 40197.05088430627
97.36996883708369 0.0106 40404.91125652328
98.15715736077577 0.0105 40320.92441840543
98.03876513737482 0.0123 40518.9195639729
97.4035570189494 0.0092 40225.73246000102
96.74500802213122 0.0124 40130.57270709825
95.680526649457 0.0124 40064.41465283722
97.50710080164569 0.0091 40105.38144537909
98.05081078788275 0.0113 40465.266173608245
97.9804126638523 0.011 40352.36452666572
97.48820882093419 0.0091 40262.65203216681
98.09605253561958 0.0086 40396.29511509693
98.05558055534824 0.0096 40212.1945916257
98.35931476783274 0.0084 40506.61707967966
97.91988586218939 0.0084 40360.62896530658
98.16805263798592 0.0093 40259.452157823755
97.3858075524664 0.0093 40514.90533140283
98.20283820382208 0.0074 40334.6628505828
98.00255497389229 0.0095 40291.37953175624
98.36166881573442 0.0088 40474.037377651046
98.27459971627249 0.0086 40485.96539303028
98.14934202040996 0.0079 40293.49577684676
97.43613874064869 0.0089 40024.45448139357
98.26794153745347 0.0079 40067.63257886297
98.14787197671528 0.0086 40454.87266010963
96.66729592226248 0.0089 40431.34089320856
98.35224814928323 0.0076 40160.067168194946
98.10123881951463 0.007 40244.25463660461
98.35415963223177 0.0077 40484.44995660988
97.05795269652376 0.009 40043.042076066034
97.98272259216326 0.0079 40207.44283603979
97.63184611834453 0.0066 40365.69041739417
98.27290095246846 0.0081 40167.21007404432
97.61051355577968 0.0081 40321.53913595675
98.27298978720161 0.0062 40344.385588720135
98.09929135721549 0.0073 40455.43511910393
97.9270936692935 0.0092 40359.482050835635
96.58256192845838 0.0068 40003.26290323737
97.53000313778193 0.0086 40141.714277874446
97.92249695109494 0.007 40109.91862942759
97.61553464071801 0.0076 40206.630473092104
98.33971013644828 0.0077 40084.45045205907
97.95846680487641 0.0052 40143.07814612964
97.82160790803368 0.0067 39998.08326953393
98.19912034314541 0.0061 40357.890623071464
97.85139482486895 0.008 40401.66997448634
97.37631889791044 0.0067 39939.17098044002
98.02298731596422 0.006 40443.76948015823
