4.806871658733009 0.0481 31041.842818113793
4.287584051444441 0.0505 31066.814346477466
4.895081369871659 0.0469 31032.40689849276
4.33648599934468 0.05 30971.165749767766
4.774792220760786 0.0531 31055.35989530943
5.895819840036431 0.0487 31179.72765786106
4.153744054329761 0.0489 31039.744365773437
9.465249377501678 0.0416 31710.428721729855
5.245533195744237 0.0424 31032.56848391456
5.057073349390756 0.0454 30974.540190129566
4.773297559736846 0.0487 30932.901557002173
4.865018451305934 0.0485 30831.314631563015
4.975336215707186 0.0457 30928.63406463322
6.1709832847204 0.0409 31223.89918445285
5.559615927711888 0.0456 30893.430209150232
4.303756540856855 0.0451 30628.08921214716
6.054998536850788 0.0396 30969.069969758137
4.576730920047991 0.0431 30717.219936488287
5.3670637998652655 0.0393 30937.423771629088
6.00542391332251 0.0403 31030.053519775134
7.763517467779054 0.0377 31260.794545229823
5.17026992117761 0.0436 30722.457661621982
8.066165420509694 0.0407 31147.671983339347
5.878011591832009 0.0392 30950.37165223892
5.808621762616605 0.0413 31017.03769687244
5.678586867209862 0.038 30834.08908345612
7.1761701125034945 0.0387 31085.88329223792
6.986092597760016 0.0368 31241.269962024235
6.403620191234427 0.0371 31030.425083779388
6.58336672598978 0.0391 30933.78824019107
7.358872014491567 0.038 31043.739426256627
7.030976974574958 0.0347 31114.986275175168
7.809091262477135 0.0381 31146.37295506666
7.235702824600956 0.0337 31001.936758309654
6.299746694219857 0.0379 30658.48704228848
6.754473992817619 0.0368 30835.119980148607
7.559957461410298 0.0357 31112.94164113457
10.263851673055191 0.0343 31536.1768662113
9.757710271310623 0.0329 31179.929298189003
9.605532216266454 0.0317 31273.238918102914
7.9360350100134065 0.0321 30957.306193517416
6.373512424906604 0.0354 30736.826387212146
6.7823229397102 0.0338 30705.9727008676
8.836770607742565 0.0322 31106.709968924246
7.442782852043355 0.0339 30988.851276009693
7.454208984308818 0.0311 31096.690725863198
10.573808272317393 0.0297 31441.486609136242
10.464043118165488 0.031 31394.83866809605
8.168595122346531 0.0309 30973.23983705952
9.910061647689789 0.0279 31153.306178626844
13.567677056441413 0.0285 31690.981826339852
13.464882812664941 0.0306 31795.193146691934
11.051918033056578 0.0296 31456.58552558747
10.891374780079701 0.0277 31233.60755448775
12.47821257852954 0.0302 31709.470137494252
10.721518834059294 0.031 31420.48516231361
14.865357071482471 0.0254 31961.59463820576
22.246709133445634 0.0248 33141.40615428324
10.767150215125286 0.029 31431.236352390268
11.789582691757673 0.0277 31499.19238026245
11.09837697465385 0.0271 31233.6746010134
18.904533009202932 0.0267 32457.360791802734
22.86070087412299 0.0263 33089.787646660014
97.20055826312264 0.0247 40878.637735216034
12.671163254715669 0.0251 31521.93400597873
14.859658350460682 0.0257 31866.834112770517
13.674763636541561 0.0274 31818.511270162024
19.67656602301702 0.0248 32603.01737356133
38.412201416536526 0.0235 35100.91906773897
90.83730380077424 0.0255 40615.11630861157
17.08235521075373 0.0259 31990.978553972687
27.129268110374547 0.0229 33562.95561192176
17.561122465368186 0.0248 32099.347963567725
96.39146306896212 0.0209 40938.89778273742
13.596855202980764 0.0255 31671.772375191715
16.699008053529692 0.0259 32068.139431132946
16.27429624718474 0.0244 32019.63900590771
22.612619348952283 0.0228 32912.05175287367
23.4380854106928 0.0228 33074.734533076924
87.30056193761668 0.021 39975.62622246948
26.751279874884162 0.0233 33517.39428074555
38.30973132565264 0.023 35134.88111694311
82.92107488653153 0.0218 39677.62290494175
86.20746286604296 0.0223 39825.66206556021
29.567270880967477 0.0221 33847.68393592452
95.48774380741277 0.0187 40439.86430278332
23.246268696987748 0.0229 32743.17105147093
97.48339204707794 0.0186 40765.69888494726
58.19706490724518 0.0192 37575.84850322782
95.16775827350538 0.0205 40744.337427450235
95.077221720373 0.0186 40500.39630061586
93.53919728492751 0.0206 40519.207864789205
89.94453090848329 0.021 40355.157878821716
88.04715457266722 0.0185 40001.02901494725
95.35603553214693 0.017 40720.38498824057
80.64643932053112 0.0197 39601.78872019096
84.41495889629249 0.0184 39674.894702223326
66.9340413294397 0.02 38221.439466578435
97.77213787164789 0.018 40801.46618774279
97.71396385422483 0.0168 40786.20305779723
94.40531493240253 0.0164 40581.02634121192
84.66663652563543 0.0198 39875.94837537244
50.64067490770116 0.0174 35799.61233325838
98.11023101630212 0.0177 40512.566275422425
98.15090933272492 0.015 40614.160665113195
98.31982469690153 0.0175 40882.863131725564
97.5832352103779 0.0171 40747.87003483618
95.64415339789447 0.0211 40619.749939521535
93.80452287073919 0.0166 40554.20548685057
91.72834905036636 0.0206 40116.459762959625
96.63509726259085 0.0179 40610.08609752867
97.57367405959445 0.0175 40759.5297486951
96.4387990133265 0.0158 40437.42372291237
98.02860336241582 0.0155 40617.07002431313
95.38007976839643 0.0155 40436.138772696584
96.66401701636356 0.0143 40412.758211311724
96.56349476606142 0.0161 40507.563598085566
97.58361996530265 0.0163 40507.854783715586
96.65804060905475 0.0138 40485.196281375385
96.07578052598524 0.014 40574.244076554314
97.88192937119453 0.0121 40624.81728422523
95.26813085213126 0.0156 40531.26186536554
95.94886271222695 0.0158 40277.845788560546
98.00627893303582 0.0147 40655.73465566943
96.9610799479346 0.0148 40511.315055111496
92.14533093526617 0.0155 40215.315680433225
97.6094572956546 0.0125 40605.89754097523
97.0313524754447 0.0134 40506.40486931876
96.67098308584548 0.013 40277.73738253981
98.19502483058264 0.0131 40601.19002679969
98.02660402252576 0.0125 40500.17682011884
97.31206934123696 0.0135 40480.82334072479
97.9541819334692 0.0134 40540.57249235697
97.90873979660947 0.0137 40410.61350577453
96.30256566559747 0.013 40191.40062420576
97.81105021254088 0.0114 40689.91161689578
97.13155396407049 0.0127 40661.96700245452
98.3678131834669 0.0106 40727.91220790782
97.79276296560091 0.0134 40271.321801582446
97.57858256025716 0.0141 40369.563091096454
97.85472805792875 0.0139 40465.10103965103
96.78873749840407 0.013 40468.426999429634
97.50347232852458 0.0116 40396.099317252774
97.54111089149264 0.0125 40306.8718131143
96.9736572868702 0.0136 40228.598339410106
96.57695212639872 0.0129 40349.43449084419
97.90765534161054 0.0113 40399.579354537986
98.11182159868382 0.011 40433.52533466467
97.38488628474099 0.0101 40350.47696104128
97.28037299282651 0.0101 40377.09026850887
97.55582781180023 0.0109 40427.001767824
97.81275599363029 0.0113 40576.407696614464
98.2611843600467 0.0107 40425.94949505682
98.15958386392822 0.0088 40614.03113734906
97.7317569886822 0.0113 40557.20765554722
98.25412573046631 0.0114 40372.1373107776
97.97002716493358 0.0091 40527.518208781155
98.01082631513924 0.0083 40327.2428198163
98.19649108775977 0.0116 40297.39846971249
96.96020856831602 0.0118 40290.84214902311
98.19597986562333 0.0104 40621.807932831485
93.66224963724217 0.0113 40130.791016432755
97.6920681558181 0.0115 40428.38556652248
97.05831008255848 0.0087 40440.29748918454
96.47203209651458 0.011 40253.51793421619
98.06595418400842 0.0083 40375.93099915079
97.72192375896633 0.0078 40433.178149305015
97.52567721466498 0.011 40330.639612697334
97.77540723892864 0.0073 40245.55315111771
97.94190420259368 0.0095 40289.11166170005
98.01140857293865 0.0103 40272.21562500563
98.00881498198551 0.0095 40418.53749585728
98.2394965469977 0.0085 40108.172828668794
97.70019537975362 0.0077 40498.649341562304
98.10673468053584 0.0068 40403.41214868824
98.26183181802746 0.0067 40391.055855169616
98.27913081493362 0.0076 40156.83429975459
98.1811013616403 0.0088 40329.54852146349
98.04385829555376 0.0093 40340.49529556025
98.08090888368488 0.0073 40161.11213965074
97.83578910080654 0.008 40299.926354623974
97.92139592126517 0.0071 40058.80221528915
96.78834753587267 0.0091 40016.26947669374
97.2846372118861 0.0087 40348.37890265822
98.27738377113849 0.0075 40001.11782437627
97.26705652167021 0.0061 40096.29703531373
98.16215259580484 0.0076 40127.533820756995
96.64538196734755 0.0077 40088.33738345215
98.23847697373127 0.0075 40231.01995600757
97.67696790271032 0.0075 39934.95592395985
97.07331038972852 0.0069 40049.53842742633
98.178950758189 0.0081 40453.29848703047
96.67129834661938 0.009 40103.61640544489
98.37169006296352 0.0071 40200.059750424785
98.37745559597477 0.0074 40208.898170243796
98.14865139816283 0.0065 40290.87682476846
98.16062978892806 0.0073 40277.06270790611
97.9285724820633 0.0066 40150.15283793301
96.98613461257 0.0071 40226.70616279482
98.20248070036968 0.006 40071.947720354576
