4.500451854407674 0.048 30942.985070872925
3.5952534677547834 0.052 30843.686795851707
4.798454252061042 0.0495 30911.46321878761
4.125507244993372 0.0489 30857.225713571203
4.168119604190015 0.0498 30922.00732062541
5.508215748027482 0.0471 31141.08646674564
4.648886294209527 0.048 30870.854162322477
4.144641291633496 0.0486 30827.72340730625
4.117732880460638 0.0474 30888.05072378751
5.709929669688928 0.0461 31050.211451583185
4.499984107967506 0.0464 30801.76121418851
6.612836565637911 0.041 31155.61019978222
4.188218073306724 0.0463 30761.49296072504
4.06185083013692 0.0464 30800.646289927652
5.880644544454795 0.0462 31138.265530629553
4.754217437457166 0.0438 31054.082905100222
4.124095794431427 0.0451 30683.27981775881
5.761985255235218 0.0397 30829.99188635401
5.252494682327849 0.0399 30873.057092618477
5.478655071850017 0.0424 30901.975670343843
6.879533252593574 0.0374 31068.08397225362
4.263680099187069 0.0446 30768.95019755035
5.6694845989859 0.0417 30813.0886524985
6.635993257401939 0.0358 31038.082102365224
5.196124089093964 0.0408 30786.08320894771
6.440330334534102 0.0382 31103.03147623683
5.721916841120315 0.0384 30954.65144855482
6.5876068801068195 0.0384 31080.715511711645
5.166594098816024 0.039 30742.957575059303
5.692411616086091 0.0376 30793.049684346635
10.904345535613711 0.0332 31680.93092268221
5.303217637471727 0.0376 30561.127963877654
5.976466649256782 0.0379 30882.586461434596
8.239524251655174 0.0347 31236.18877312437
6.669982394473504 0.0378 30784.8787085177
6.6790851955741735 0.0346 30901.99615106473
7.062430012821716 0.037 30913.16229274717
6.001669704687979 0.0369 30877.490773036985
9.85217632830555 0.031 31479.229501340382
7.8267180415768465 0.0356 31018.60770492132
13.170563940719836 0.032 31809.264101142362
7.100967688267977 0.0325 30939.6139714508
7.655349756270478 0.0324 30974.218073394102
11.20500632830524 0.0311 31549.871636403182
8.833594214621352 0.0338 31173.320210007616
10.004154834374907 0.0337 31341.152352478584
7.420913820589922 0.0385 31037.869946025807
9.97040402815786 0.0291 31239.956443307776
7.854283556760948 0.0317 30913.231879720206
14.936415621363185 0.0299 31905.55963922697
8.19458077944338 0.0306 31094.58820498556
10.621683168439722 0.0311 31145.799419686533
12.489058306665422 0.0305 31726.81385152727
19.538610799472632 0.0258 32565.005610339616
16.822662284274603 0.0279 32290.281323292984
12.24164633637101 0.0294 31638.420873519866
13.327727262675227 0.0308 31618.115013795767
13.918905703569527 0.027 32013.931967787026
11.09808826835304 0.0265 31301.352465239484
17.67536645703374 0.0284 32499.987147749755
9.653879632413119 0.0304 31273.084324484324
19.285339713537063 0.0268 32505.13727557905
13.976385349876384 0.0276 31634.11327701725
13.226369147309978 0.0269 31683.029262488668
20.00801424292839 0.0273 32600.883774687438
16.611057367191222 0.0269 32111.767683781785
16.940002964641636 0.0277 32172.53972390215
19.273486703769105 0.0258 32403.00786213397
31.56249471321196 0.0257 34059.979573489036
94.08967343343846 0.0233 40820.40703125955
29.532665102587636 0.0227 33878.13989294486
97.17479317477519 0.0241 40887.824616872116
15.596404191088025 0.0252 31803.092967765144
16.989958793919083 0.0244 32098.32241385402
13.878768042942 0.0249 31658.425693050445
18.888204258789525 0.0244 32375.376080608406
21.87794130695168 0.0237 32818.37064448953
30.40635224481977 0.0221 33852.784045416134
19.147369346216994 0.0255 32457.14250254681
84.79471465543403 0.0234 39609.43867781064
95.4235105734659 0.0215 40778.87225713034
30.03577684965633 0.0227 34037.44487140644
22.217089186347625 0.0239 32897.968093002826
88.17114964052652 0.0213 40186.08355319066
34.98390874377941 0.021 34571.32072939623
48.118302768926675 0.0206 35546.582511513334
94.24848762441712 0.0207 40500.092004448634
33.21631058380131 0.0218 34250.66026076154
23.639300128336625 0.0231 32961.31380023471
59.48389175462483 0.0197 37668.83902835071
60.817855109224816 0.0211 37648.338556403876
77.88209101800186 0.0201 39087.76388753472
47.10826363517841 0.0211 36291.711988256
40.47722762377426 0.0222 35026.893485115084
72.52773058159526 0.0192 38772.29594528282
67.36512729836278 0.0184 37983.302515452735
97.6950437911331 0.0171 40730.887397530176
66.14074259688503 0.0191 37738.91226222485
95.95115313687205 0.0181 40314.72533853862
95.7230399016664 0.0206 40604.94509359767
97.46662724024463 0.0184 40993.36059429831
96.81768817719696 0.0178 40672.680469325285
71.33605594437586 0.0203 38417.854732424836
93.60491382775764 0.0172 40367.18966583381
97.34276123550701 0.0198 40807.040580811
95.14546988780846 0.0193 40681.48078679453
94.81453808770672 0.0192 40394.19561833674
97.41535663259711 0.0176 40783.46579364937
89.94297940956196 0.0169 40129.296309923644
95.85940853510385 0.0177 40307.17183502396
95.04837264199465 0.0157 40201.80842402417
97.03635867053643 0.0154 40490.613135305284
90.68419213422409 0.0156 39918.48081373385
94.12953336173736 0.0152 40546.67152743491
97.20903976499054 0.0146 40584.084865521916
96.33879186062516 0.0171 40415.098413544605
93.78461976854561 0.018 40111.43942832906
97.49438196157472 0.0149 40612.874754530836
98.31871891899547 0.0136 40736.166221172905
96.94300062381987 0.0148 40637.38125333735
97.95354695597818 0.0162 40559.965379105735
90.64364473020565 0.016 39979.66305426627
93.06955204326074 0.0147 40430.79722686064
97.70319794386434 0.015 40660.75301647899
94.86002858057304 0.0146 40233.58543620348
97.86759869619277 0.0139 40433.726509801876
98.20725439040936 0.0136 40497.170108597245
98.22885717500945 0.0129 40462.09406265015
96.84838805339436 0.0145 40402.89392427603
97.68819704881948 0.0122 40534.93882243945
92.31281877711082 0.0138 39993.653089083244
98.2021196031701 0.0122 40406.46005354575
97.36127064495881 0.0117 40189.59846589669
98.21346187191689 0.013 40451.232853736816
95.53623540208343 0.0111 40240.29372484229
95.43771473972554 0.0126 40196.53681701402
97.58469606478135 0.0137 40286.38865980288
97.44793102839694 0.0133 40555.49957812187
97.74017031174311 0.0149 40377.06494973484
97.95487597288587 0.0116 40377.220375133926
98.18542643738171 0.013 40560.76773110227
90.89534383037503 0.0133 39820.637843735276
98.36583829259186 0.0111 40422.23970405391
94.89839433855934 0.0137 40316.419234164874
97.89731460672321 0.0108 40380.98095157873
97.63159764690607 0.0125 40486.00841103283
98.3452382854915 0.0104 40357.38454839393
97.85765029895974 0.0105 40270.38723809315
96.94438327322065 0.0121 40364.58924969026
97.03759956420288 0.0109 40442.415999637145
97.36559681225845 0.0117 40432.56233274339
95.09932557382423 0.0113 40317.43399726525
97.87791829722363 0.0115 40184.39880359308
97.24561552648149 0.0099 40415.0385201611
97.70018543594438 0.0105 40463.78765603791
98.01617648841804 0.009 40219.346781140855
96.41911615967541 0.0111 40169.77742221835
97.68683526455631 0.0104 40435.487724783445
96.25237791738509 0.0113 40131.20731220246
98.36499532356773 0.0086 40444.19071864259
97.6207958968774 0.0099 40236.027671020944
98.36708273965132 0.0094 40191.13548492648
97.2583159046437 0.01 40388.892521701106
96.89718639758304 0.0086 40164.71755793877
98.3313837076719 0.0091 40459.37857456199
97.73596803550676 0.011 40225.916531629686
98.23070090064125 0.0089 40434.49974764171
97.94147179550289 0.01 40176.664788207636
98.17944200120743 0.0104 40245.555051251526
97.24342598955887 0.0074 40282.97590905809
97.51369588954724 0.0103 40191.22268735506
98.16331830097751 0.0103 40177.7355007085
96.95781634254712 0.0089 40180.65102805576
97.89672728348722 0.0082 40316.458222936395
97.8488651369604 0.0106 40350.62366899405
97.88670043533334 0.0064 40425.816891050585
97.479613805173 0.0083 40376.9275185101
98.35024031932885 0.0085 40558.08790656675
98.35877392041084 0.0083 40253.3829009586
97.98374133792937 0.0089 40386.50412435598
97.69669217693242 0.0094 40298.73730868938
97.93617148135947 0.0086 40073.93435638181
97.5723703624551 0.0071 40162.59770591904
98.02758536816636 0.0074 40321.86494531802
98.11383937505911 0.0081 40471.33893844487
96.5759610932314 0.0063 40302.924720524126
97.58053620517511 0.0062 40148.405336612064
98.35962058931034 0.0079 40195.338692392674
98.29398718050139 0.0068 40022.58661659678
98.21753321964556 0.0062 39780.39362960293
97.89687778624392 0.0075 40159.93237215743
98.33196650874744 0.0064 40263.17324998094
96.96864286531265 0.0075 40214.65764782179
98.14010490898613 0.008 40358.44683386518
97.7294832249641 0.0066 40244.36746294935
97.43475682587403 0.0065 40033.465649368496
98.33932430133457 0.0075 40332.303383184
98.28735897441341 0.0069 40345.09235578255
98.34935520786954 0.007 40221.32299197579
97.57781534158563 0.0069 40261.681577308176
