4.4808546837107555 0.0483 31003.814888684185
4.992451788754753 0.0473 31130.31050499602
4.031155881561097 0.0512 30830.034383834944
6.991198634104938 0.0474 31373.126439243937
4.692491184464715 0.0478 30998.03687894069
4.395308978208156 0.0466 31011.48087710458
5.2530291513634495 0.0433 31090.376509960373
5.163292184617492 0.0472 30928.300295632722
5.33949275690934 0.0447 31039.438721019364
6.090418818336539 0.044 31156.88628769227
4.253234749832662 0.0428 30882.56173796124
4.0446602112084955 0.044 30814.26899192517
5.560416895208725 0.0415 31026.16883029733
7.168891527267554 0.043 31257.33300470929
6.556174881935262 0.0438 31152.209399725652
4.697831700164686 0.0441 30950.005232051517
5.431266338240458 0.0425 30968.136403444674
4.871075252445926 0.0448 30827.757693296568
5.4808377365889775 0.0416 31005.954998400564
5.10012809770371 0.0434 30686.888467701683
5.834986134432452 0.041 31093.06573332599
6.92471326795279 0.0383 31085.292447268646
6.654468273501086 0.0389 30990.238490265005
5.779170318120561 0.0403 30844.62083888608
5.053840315111191 0.0367 30835.259807767365
5.445683034101858 0.0388 30746.086774798863
6.388167874753115 0.0394 30878.009955531394
4.969900383800848 0.039 30746.195586157257
6.707572909164007 0.0398 30955.26780293316
5.502448167335193 0.0366 30786.70513256139
7.575844626287128 0.0347 31127.134712080227
8.466716530467544 0.0339 31312.32658523717
6.367016998776054 0.0355 30904.229464962435
6.323372344086867 0.0367 30828.82256248941
11.406190520909737 0.0372 31760.943911754697
5.787759821367766 0.0381 30779.680987585496
7.543977440327995 0.0362 31066.552931285347
8.339364748180119 0.0346 31178.480931395057
8.229219368436322 0.0342 31145.17760727885
8.90619938209292 0.0336 31186.299342152866
10.772253263331194 0.0336 31454.82266445725
9.74804990122947 0.0301 31335.737971192968
10.833347960841124 0.0312 31624.604076706983
5.504035089063006 0.0353 30690.98220762338
9.587087297688972 0.0336 31184.94725195179
11.427252876818377 0.0292 31610.660684948438
6.914100629617006 0.0352 30641.019369987574
12.495806394295093 0.0298 31596.556104331787
13.73121931342571 0.0303 31822.152021536054
9.629917217128947 0.0317 31154.491857817797
7.899881976635098 0.0302 30901.437938254883
10.628388776787354 0.0302 31301.210605007207
11.342141630739075 0.0316 31261.779756893957
11.411318548344049 0.0294 31432.102184550502
11.642785676548552 0.0286 31338.578573003015
11.622189580834146 0.0281 31412.68604197099
10.364032936323575 0.0287 31145.17544192484
10.288356794103901 0.0271 31181.39951446879
96.87128231127564 0.026 41348.765767523175
10.975117235545548 0.0276 31221.186643315566
14.57743662087279 0.0275 31981.331944465514
21.41221375579796 0.0248 32694.169600638696
26.580672356265616 0.0246 33722.67485456476
17.85667735486667 0.025 32460.20061485743
13.566887003721495 0.026 31824.936747164546
15.124088349502225 0.027 32097.418077963186
96.51555136191166 0.0248 40978.13907756257
20.555695378698847 0.0257 32710.42396613448
95.08907143077721 0.0226 40850.11275561067
20.18274334220211 0.0247 32778.90469630874
18.24132859777704 0.0227 32208.455658410967
25.852666302529485 0.0249 33601.37117743498
60.17606290559875 0.0241 37337.78082920468
31.04422776655279 0.024 33821.62217532154
29.429893868682413 0.0236 33785.65034636778
20.396257983959508 0.0264 32591.732789547244
58.751901526179864 0.0205 37220.29427608504
17.877836318131767 0.0241 32361.642662705603
15.478588064967122 0.0267 31851.23835674332
68.56614783130003 0.0231 38106.73433328838
35.77020386828912 0.0219 34897.63802326894
95.6150726901027 0.0223 40772.88219088715
71.48511438797885 0.0208 38717.62535287012
28.624394579818453 0.022 33710.58191684522
21.968009124227798 0.0228 32727.403644129787
16.337456653626123 0.0241 31743.528903969138
91.97785052797056 0.0212 40372.45791479812
95.06587484549983 0.0216 40625.28226564301
23.735408704414624 0.0215 33102.02857281129
67.12985913631071 0.0205 38286.73087737125
94.86656162714955 0.02 40740.37700391502
42.90165249517687 0.0206 35481.24439887092
96.18274255951569 0.021 40918.512953184625
33.83986783960191 0.0219 34276.35930882478
87.68896065356918 0.019 40046.54332617704
96.56254758495218 0.0171 40410.45242254477
85.05181161769498 0.0164 39698.861014740345
89.89485980943394 0.0189 40045.8805355377
97.53451579329412 0.0179 40577.73692116403
83.25130814283115 0.0203 39448.76723989347
97.35200317944862 0.0182 40700.5029051674
65.47771765503319 0.0195 37849.109323730685
97.42022511217925 0.0192 40765.819565250924
71.77265681530932 0.017 37933.121257404884
95.76632294700019 0.0163 40604.18601176361
95.65452737416284 0.017 40628.77399949989
95.21943902138838 0.0178 40424.84835657994
96.73777461408521 0.0178 40669.89002308897
97.64780709010107 0.0153 40676.86628853567
93.01090414057526 0.0181 40208.310865880674
96.16169157714003 0.0171 40531.920997780064
97.91934029440488 0.0159 40626.30515949962
93.74887525417896 0.0146 40260.78472937478
97.46169799626824 0.0161 40580.78231458223
96.45654653190839 0.0164 40499.44708947931
95.36701050589508 0.0147 40593.96153925514
94.94791666135593 0.015 40226.124448070565
95.87990481727766 0.0148 40375.72334532443
98.24382144675049 0.0138 40537.04255729098
89.6567839509057 0.0156 39885.77568928279
85.8259167134818 0.0163 39554.77780763912
95.13305608259422 0.0152 40539.01662487288
96.7257645653746 0.0136 40565.967082490315
97.93418695688311 0.0144 40416.02931390215
97.89473436467098 0.0145 40513.32373777987
97.42854991050524 0.0148 40471.21816972569
89.94035002810728 0.0157 39898.030468882906
97.41388497463207 0.0147 40543.51694806829
95.76912653126092 0.0122 40550.655394380905
97.80128149846954 0.0142 40417.23715901915
97.5367972749841 0.013 40468.856761482464
97.0710022871829 0.0129 40477.63040887269
97.83423734781717 0.0138 40395.87980287821
91.82675870391043 0.0134 39840.72633517818
98.01977500218975 0.0137 40656.45392893551
97.14791894969505 0.0126 40471.146198677634
97.44656516596133 0.0144 40518.65213035683
97.88803876410512 0.0113 40604.25121652331
96.80340665882667 0.0123 40343.847310217
98.3392488667635 0.0123 40441.67704208621
97.92571623212226 0.0123 40607.78821792204
97.16841562272715 0.0126 40364.13874564239
94.60877688895552 0.0128 39924.625539624176
97.362207927215 0.0113 40549.13579702632
92.46509901704303 0.0107 40044.47118713775
98.37410945764175 0.0105 40372.82826139965
97.51902440689146 0.0111 40295.281604450734
95.34386488746838 0.0101 40305.24076212139
97.9787509541828 0.0109 40337.38336470719
98.05455148037109 0.011 40266.41090428641
97.818172513227 0.0113 40263.12290535266
97.96857764995346 0.0126 40446.90391086287
97.80512767855792 0.012 40361.675447836846
97.80093272199316 0.01 40297.891328317215
97.91639258453263 0.0099 40614.87564359439
98.36997750810174 0.0097 40306.32566868975
97.60125385048222 0.0093 40348.463557558825
96.66333180761124 0.0105 40248.12919270817
96.83877698381707 0.0111 40553.1475237179
97.28834160787012 0.0082 40484.25421514029
98.10346029489044 0.0107 40366.06285523186
96.34452632118851 0.0087 40314.77105626114
97.73146187351486 0.0112 40546.281524990925
96.03325265415022 0.0098 40133.80003444273
96.87278603138012 0.0086 40238.971419490445
97.94013466932404 0.0095 40263.549529698634
97.83565967426735 0.0085 40603.23979038778
97.8880641549082 0.0078 40379.67320616353
97.70595363711608 0.0098 40200.492199900356
97.97901319696963 0.0102 40231.46635554893
97.89007971813203 0.0101 40240.90727317389
97.68180140608419 0.0084 40205.73557092469
97.66483513609916 0.0091 40271.71766443243
97.58294469607979 0.0081 40008.014993615005
98.22539435935548 0.0084 40199.622200724036
97.85096312942773 0.0077 40183.431043967576
97.91142309529802 0.0084 40394.55235414246
97.16135817155586 0.0089 40141.585249990305
98.17464706708029 0.0079 40248.78166529144
95.22542814130986 0.0099 40016.585331185444
97.8935078720458 0.0077 39928.350320825164
98.34053906813264 0.0066 40246.291402190014
96.75772550238406 0.0077 40327.07276192261
97.36846580817222 0.009 40343.793111681916
97.93617480803947 0.0086 40068.2645803886
97.97742116526167 0.0067 40007.669038867265
97.09549824580297 0.0083 40137.933386766184
98.1610809863507 0.0085 40385.878472190794
98.37662903464188 0.0062 40288.931715543775
98.14871885961749 0.0086 40247.326478445124
98.28274126097809 0.0078 40299.97739489923
97.9291559677953 0.0074 40179.376417212974
97.2919348623848 0.0072 40114.19345639462
98.25715400835182 0.0072 40294.51373721625
97.72783181075964 0.0079 40229.64672534089
98.24556166392165 0.0061 40052.97687842806
98.32995296015417 0.0067 40507.3075370813
98.13400882232352 0.0066 40264.61771824688
97.93672566191358 0.0069 39985.487609461314
98.26138654437868 0.0071 40185.80854423157
