3.7647616239594375 0.0528 30897.846354337187
3.7736892502763157 0.0488 30728.360485991583
6.393657882334615 0.0481 31268.835641975526
5.065782007137929 0.0452 31091.636542589124
4.197115495570042 0.0502 30872.873525208175
4.421944127621686 0.0494 30891.434883138692
4.945569680316156 0.0454 30962.7162141784
5.9698011467372005 0.0467 31114.631801627187
5.878552126296362 0.0396 31130.55575800976
4.732317126979076 0.0458 30934.92531592721
6.267166653102691 0.043 31148.384987464553
5.32063354149576 0.0457 31081.578685881526
5.966387459437969 0.0436 31102.41383276056
5.759849520359006 0.0433 31028.82060383937
4.675325645489986 0.0432 30902.01787049843
5.894057624112824 0.0445 30909.28739329765
5.920460627647145 0.041 31196.83284930569
5.269727718713914 0.0421 30818.028121353706
6.8873059283199 0.0396 31209.293072080483
10.07341938891793 0.0405 31586.290808689624
5.215900876109812 0.0394 30825.591193043132
5.132068060642198 0.0434 30858.68381277568
5.51656976310924 0.0426 31007.86270218173
5.168168737318949 0.0375 30882.19686584319
7.164747444789152 0.0388 30980.784779938447
8.030298299914927 0.0383 31243.771775727004
7.457121814580023 0.0406 31121.985945520806
8.240514912087505 0.0342 31291.049127132006
6.132741131482702 0.0357 30884.051300366693
7.790107038487647 0.0364 31146.17460880376
4.922714419390337 0.0397 30581.726546388505
5.851594311685695 0.0381 30908.002707062937
7.18958060372671 0.0355 30980.04848739319
7.9803345455195664 0.0372 31243.862368131715
12.957800445689802 0.0368 31767.727864927674
8.026604762309168 0.0347 31057.06616609239
9.953232106765308 0.0349 31429.930602248638
7.485117284162776 0.0346 31094.176029151164
8.793254457603421 0.0319 31154.732602038403
8.72709207001563 0.0329 31257.317238706008
10.379683042497748 0.0333 31383.67505073033
10.066495344690486 0.0303 31300.23792865956
9.333876285641086 0.0326 31226.35227342407
9.22952305840961 0.0349 31304.56033068824
9.999764902603422 0.0311 31407.180545148924
8.955898880370937 0.0332 31066.694991484605
9.433402196376273 0.0325 31192.02968663379
10.5339353976105 0.031 31230.397726361087
11.785373608489246 0.0322 31374.748611289586
9.444978783592726 0.0315 31087.887611317074
8.884193724066018 0.0299 31053.61922124346
18.4376549520523 0.0279 32249.711252669495
14.04037131187089 0.0292 31647.55853420581
13.388835098913042 0.0295 31683.49747823508
11.979353877473708 0.0302 31620.855516605214
10.137094251038382 0.0308 31239.703549007132
13.155371524321765 0.0282 31625.396538039386
17.098529496612528 0.028 32163.900301416175
12.106992049538166 0.0269 31408.208747017306
23.28390090125422 0.0253 33091.65435082859
17.644177522444025 0.0272 32301.53144973637
18.955493154131908 0.0254 32560.391869981857
12.993164777828627 0.0293 31461.50575202489
16.082789534692957 0.0258 31803.439701730407
13.936784968970512 0.0262 31705.534552642977
16.990045674236608 0.0258 32169.312362501405
9.338665570251129 0.0299 30897.481636592
17.375398774348756 0.0268 32073.59023293247
15.56022350405151 0.0247 31928.69994757885
16.175286506158066 0.0258 32153.60478332318
29.962802990187857 0.0237 34052.53325696117
30.369383833745612 0.025 33861.4431708863
23.54242664152956 0.0228 33090.799289670926
27.195030487790092 0.0246 33659.78524367481
24.06957556413516 0.025 33111.846269567475
97.08093536391225 0.0201 40885.52201033355
90.26173167967904 0.022 40142.3337444943
36.684666502417066 0.0226 35030.094730955534
54.79000417548517 0.022 36834.454980229726
23.520734652817122 0.0243 32772.944260863755
30.946137470253767 0.0235 33709.6839449114
58.541531188785946 0.0224 36838.33618168536
64.99924844543598 0.022 37713.71140020658
94.41541440536419 0.0231 40556.38154371055
97.5936603009225 0.0214 40988.98387211364
42.70374887758805 0.0235 35645.14002448683
97.88209050602148 0.0203 40890.623502701535
96.64353124030778 0.0198 40901.0197697438
94.18873850768296 0.0186 40510.31689594606
43.44526443688242 0.0194 35119.97767332903
98.11523736486195 0.0165 40533.03687648362
97.95630588914734 0.019 40893.66346587512
39.63014141432215 0.0216 35338.442955075356
98.31261188539514 0.0181 40869.73654665709
94.70814693449728 0.0199 40491.5337274033
97.82345866508999 0.0179 40654.264221740144
94.3330741074613 0.019 40398.49580080328
95.95868372696039 0.0191 40548.05387191598
97.78011942885345 0.0187 40697.141906808334
72.03838002760695 0.02 38308.329212780285
52.12265080154307 0.0209 36714.728951172125
96.86859858157682 0.0177 40578.99653908048
81.72360747530551 0.0183 39098.819872520864
85.58249295093086 0.0184 39803.41335563522
98.18065816756877 0.0173 40683.187000422564
95.37667062517282 0.0186 40605.389328815916
82.8276040064559 0.0178 39540.121073530674
97.8821595252076 0.0177 40604.1851712523
97.65162690951809 0.0168 40867.95892858017
98.33504941785733 0.014 40710.79894403609
97.61725676044021 0.0156 40525.82824105725
97.59130993518843 0.0166 40468.08718070316
87.92977493540974 0.0164 39884.8192998172
68.99532979372836 0.0183 37898.0961014055
93.8636036433797 0.0151 40170.5949870753
97.77099964796732 0.0153 40491.333000240294
96.1795369752774 0.0146 40619.57293577378
98.19653268133808 0.0133 40796.50626115008
95.87468383796919 0.0145 40513.8621485272
94.54994629520743 0.0145 40488.786698687916
94.20500948131104 0.0159 40391.5857211389
97.89362110684927 0.0141 40687.5783387995
93.66746592648583 0.0168 40116.86031606484
97.47925330012235 0.0143 40415.928136055336
95.31240168405712 0.0135 40397.22480893829
92.81929325331451 0.0141 40274.695356827695
88.23759328528537 0.0155 39515.28141667064
97.23488115077957 0.0145 40561.563624737224
96.07077481294 0.0141 40280.714102116835
91.70590886529696 0.0142 39918.938763719816
97.74556276223471 0.0127 40687.18289197383
97.76995838385858 0.0129 40586.27839122805
97.85657647814641 0.0128 40459.22518498806
79.4764793143121 0.016 38652.761301569895
98.02261831280768 0.0114 40576.88853336442
97.43841989477065 0.0112 40455.76986536159
96.59624609943901 0.0139 40353.84492489704
98.20314752787169 0.0137 40702.557298659856
97.96550054581043 0.0124 40356.307592085395
97.62216600285892 0.0124 40530.218542442126
97.93057579094136 0.0122 40645.5893504532
97.06245667498139 0.0125 40254.84074017196
98.01879597297736 0.0126 40281.51623361637
96.55167291725591 0.0126 40163.36843203613
96.5561194792008 0.0106 40311.81070511585
96.8391803110707 0.013 40476.7914424742
97.76189900686339 0.0124 40478.7153257939
97.04862501711222 0.0114 40313.46912380026
97.72654015119187 0.0121 40369.30349313539
97.94705833276548 0.0109 40357.40230445917
97.69581463477925 0.0115 40299.93269106569
97.78541479882233 0.0109 40216.38030822585
98.0965395009462 0.0101 40568.32355522227
98.07616595422503 0.0126 40520.43535025878
98.14677489942474 0.0077 40420.70630761888
97.68098584254696 0.0111 40224.57134398842
97.96710546311515 0.0109 40230.95803894113
98.28143190493655 0.0097 40184.67054788098
96.71144936041696 0.0112 40202.21793752748
98.00200711043824 0.0098 40512.106059257254
97.78108945420053 0.0094 40184.348112877364
98.125190338323 0.0089 40532.72830774125
96.79858995080038 0.0107 40181.48219389492
97.60367341107184 0.0094 40251.59583389036
96.87498210153488 0.0097 40190.681587001236
97.91616225246916 0.0116 40420.06979808969
97.84969393798634 0.0083 40335.27192230648
97.58587071094364 0.0112 40062.27880676238
97.70166557631296 0.0092 40344.931249005866
97.95825454273967 0.0081 40541.0472229354
97.74406349428318 0.0098 40045.76886543287
98.24382183073368 0.0092 40239.649874067116
97.51940577196407 0.0082 40320.60399046326
98.34589919522844 0.0091 40151.02039228975
98.03852304842263 0.0086 40398.782480437374
98.15058730398805 0.0093 40252.35010076241
97.81447527523494 0.008 40119.31169475634
98.05753376282306 0.0091 40265.34715689418
98.01000876585148 0.0077 40172.6133430152
98.15646417540844 0.0087 40327.68567786587
98.29753057789604 0.0074 40511.332070873636
98.10488359639577 0.0075 40267.82286866696
97.50673799553702 0.0091 40226.49318321593
97.17638547804677 0.0091 40163.17440774365
97.53248018340935 0.0091 40253.8498257232
97.86497502810408 0.008 40277.47915518699
97.50112529940078 0.0083 40352.274276666954
98.01693162959883 0.0078 40137.887813874644
98.03504798334423 0.0082 40195.98872579033
97.5708246075122 0.0083 40200.08989362876
98.26142876612873 0.0073 40349.93671589214
98.30501824177895 0.0066 40132.138237944964
97.9267715375287 0.0068 40523.91841659564
97.84578130717449 0.0079 40086.70190579909
98.04991316516004 0.0072 40225.88459390713
97.88729108896328 0.0071 40193.2944008012
98.25174433376976 0.0065 40253.22079218501
98.36610945470406 0.0063 40382.21951876052
98.02214815549496 0.0065 40366.7383612732
98.06429167478153 0.0069 40088.474641388384
