3.3897692252846703 0.0487 30949.62239141339
4.8015825378656585 0.0477 31177.15830634124
5.021093918649823 0.0491 31107.532295371486
6.414506163753329 0.0478 31135.85487026582
4.593657731279762 0.0484 31036.438379087325
4.7934662365747736 0.0435 31002.4288236566
4.251576143701148 0.047 30993.47528615447
5.434059565363362 0.0447 31112.577927522325
4.848157425660052 0.0433 30998.491774741222
4.96765797771959 0.0464 31191.002115507647
4.868317309610978 0.0459 30898.026254908524
5.541920456154223 0.0454 31016.45517711771
6.621367798359946 0.0442 31236.151895695184
4.437965886758798 0.0463 30908.068406474296
4.362658403330656 0.0462 30809.44819752831
6.07427733696853 0.0419 31077.535045879882
4.8124797184242 0.0399 30851.221298071
3.818378014201042 0.0451 30732.62983379521
5.0309479470915885 0.0448 30862.24703734687
5.138106795777177 0.0434 30795.61589316479
5.441029655651483 0.0428 30718.02672469257
4.794587438460691 0.0429 30725.343620621545
6.384345728222095 0.0417 31154.89077932565
6.30751247389006 0.0393 30982.211725625064
5.848170516771431 0.041 30848.98112079883
6.454498746780735 0.0398 31004.534650809932
6.214888240879236 0.0377 31042.72989312778
7.808789874064955 0.0388 31096.744742382125
8.801819682075099 0.0376 31292.237699937377
6.193312164599346 0.04 30854.10489845658
5.610333869714283 0.0375 30813.61007120983
6.23564654666664 0.0402 30913.078469374355
6.084826992238281 0.0368 30753.471421495393
7.783241051524339 0.0378 30956.71663723189
7.1448093649938285 0.0355 30955.05864154889
6.8515298464132695 0.0351 30925.43429560248
5.0636867211947605 0.036 30570.883259571277
10.982406996915566 0.028 31481.3592000146
9.55401538219811 0.0352 31228.32922010202
6.524319734370108 0.0361 30840.93762850958
11.23841942239057 0.0329 31668.142183370182
9.35457158011743 0.0364 31306.38115061888
9.241985085869466 0.033 31131.289008144686
9.73167999082827 0.0347 31473.760349836582
8.474472553428477 0.0325 31144.42352578412
10.792411565650387 0.0295 31428.15955667891
11.805344837176452 0.028 31767.87126295849
13.16714635450351 0.0277 31832.486921989912
8.968343760797525 0.0326 31113.492090862223
8.266086458021185 0.0333 31054.63560633565
7.682295269901147 0.0322 30833.54174956346
8.565337274870506 0.0323 30958.135628987293
8.40717921489511 0.0337 30918.76949072882
11.488219037701079 0.0286 31553.36426471887
17.210507421661305 0.0267 32267.827995963562
13.33506914170137 0.0282 31557.084680046733
9.03871059773542 0.0302 30962.070803518935
13.112446128349161 0.0284 31676.044996041102
11.065715912497893 0.0295 31568.28004827548
15.347604342763617 0.0287 31894.417343257934
39.929475307292826 0.0255 35173.55543568935
13.640815015634411 0.0276 31684.57807222084
22.342191618278374 0.0271 32927.45740259993
23.605112694278212 0.0244 33328.072773718864
15.866103698446244 0.0265 31790.17465627462
15.143635604055387 0.0262 31937.53734425538
19.26630430213926 0.0231 32563.633530675652
21.80368381240717 0.0257 32825.361505272165
20.53307336979477 0.0238 32666.465334202145
33.6617106769963 0.0228 34751.5359067471
15.438461385669381 0.0235 31802.76570995125
95.50590111469695 0.0222 40857.80643506581
57.64692200559468 0.0236 36881.821547995656
27.500147829357314 0.0229 33634.78693465562
12.890705524134438 0.0253 31301.582018199853
14.201828062932519 0.0248 31551.172624143746
96.35389120456036 0.0258 40792.933736323685
34.18182547582837 0.0235 34432.53005986083
30.96326350544063 0.0232 34422.0664785672
28.669146105728583 0.023 33703.2320594847
20.068290221012898 0.0242 32540.633110043316
78.56889014291598 0.0209 39169.030058746386
97.02812164708644 0.0203 40851.51215400802
83.81724216737949 0.0191 39745.107790892136
57.508861896182225 0.0201 37285.64028342755
55.367044726100055 0.0212 36509.062472596976
74.38097594728374 0.0217 38503.616314135776
92.43906701074964 0.0216 40394.59530293985
63.81061805112267 0.0212 37572.30299889741
54.0380897691541 0.0217 37033.47988736247
95.46192577817379 0.0197 40707.82279218283
58.940748879774034 0.0195 37314.64020295823
35.99630343114191 0.022 34830.85489195694
97.42229314073538 0.0174 40768.44594340118
21.92815275957529 0.0219 32822.42923431733
93.70800645285156 0.019 40575.39709033425
87.57395200202824 0.0196 40086.98072896923
97.09595775312125 0.0162 40643.09242551609
97.56144519768618 0.017 40780.55172602039
64.37281240405582 0.0186 36882.24151433012
96.44575050661473 0.0187 40654.285890526546
85.07231818424873 0.0172 39580.51910848244
96.25650416712422 0.0149 40584.74457410413
91.71121584690799 0.0166 40180.16774948301
96.44347360992778 0.0176 40789.981342480816
92.14976266893628 0.0181 40475.22881356588
49.67332547533904 0.0196 35777.632647444
89.1203045205303 0.0159 39682.60433202262
96.53560348075513 0.0166 40730.11678839563
97.06603315985062 0.0175 40610.20742637103
97.86545069837017 0.0143 40711.92534336764
93.6552603589095 0.0137 40269.863199360414
95.64795353179657 0.0171 40452.27658432552
94.36184875895452 0.0157 40308.665392879266
91.80083155976719 0.0191 40307.08167896612
97.44180752449252 0.0138 40797.88239418532
90.59751494811326 0.0188 39920.30501464443
95.48027197599562 0.0135 40419.36047555428
97.8139049449488 0.0146 40743.54957271437
97.75526562394211 0.0128 40435.260374855745
97.97743764988152 0.0144 40421.9078674193
96.87605119229136 0.0141 40389.00858163665
93.81241153341337 0.0143 40551.74582302916
95.88978786403622 0.0162 40479.80745236491
97.7533190566748 0.0139 40450.726577047484
92.10135015363946 0.015 40152.24851102549
97.99510565107491 0.0135 40625.50375171994
96.7318438412612 0.0138 40449.801048552705
97.21938713076467 0.0139 40476.07665358652
94.10948812475567 0.0144 40322.08519796756
97.95394720950564 0.0142 40610.37859369185
97.78377862783775 0.0138 40293.95513793753
97.2877605770238 0.0128 40380.11216120284
97.67884528414488 0.0136 40567.64067450625
97.7010992677125 0.0136 40398.831875868345
96.78239953250998 0.0135 40512.985290300996
98.26211289008504 0.0138 40422.10590815897
95.03918526900554 0.0123 40287.215108717515
98.16305630964828 0.0131 40457.00286295013
98.20908786335694 0.0109 40347.96890548858
96.16845430932806 0.0114 40216.55318672879
97.61187586799441 0.0118 40230.028335304465
90.82135076307758 0.0122 39946.15126638577
96.18462373305852 0.0126 40305.98958885089
97.71221850652643 0.0117 40377.96306222221
97.98256162421036 0.0112 40514.3171599632
97.58188353898451 0.0119 40532.74893304018
97.6760397801678 0.0115 40481.826653758384
97.59138504515137 0.0107 40425.525952555
97.42301904910774 0.0122 40497.699603365196
97.56210915467976 0.0115 40532.79397619121
98.17656096857108 0.0117 40284.18607671662
98.16343912947835 0.0113 40108.34624208778
97.68413345585863 0.0119 40393.158895109555
97.14544180163426 0.01 40206.37937258923
96.41884810659619 0.0116 40202.518493951444
98.04045786644265 0.0108 40320.56157698376
98.07547730827662 0.0097 40418.330709374386
97.16615561254257 0.0112 40379.046872308645
97.97682636615622 0.0098 40293.83608085735
96.28443990404428 0.0105 40334.42321226896
97.9313745889863 0.0098 40442.25482587774
97.3399926451781 0.0096 40364.93501586334
96.51403304087545 0.0093 40361.37120292443
97.92464815225031 0.0079 40247.39279365993
96.49433212683518 0.0085 40408.260325237236
98.06702379427327 0.0097 40226.98320657751
97.63371412823349 0.0102 40265.047903118
96.58080763274211 0.0087 40138.96027585872
97.48816514351603 0.0071 40250.31381410136
97.51485380548488 0.0084 40399.790020086024
98.10378517215855 0.0082 40127.627446149236
97.72984093374248 0.0081 40445.34802886371
98.15732595507397 0.0072 40543.68945200022
97.8473343477747 0.0094 40259.646601232744
96.68503137583836 0.0095 40245.2350090178
97.3367947034206 0.0085 40154.47679084611
97.93416622322341 0.0087 40145.002137161675
98.15440095587697 0.0083 40440.82483789187
97.50619066657248 0.0087 40318.0943496729
97.9838281751976 0.0088 40391.288704812185
96.90627199172556 0.0078 40280.43439752126
98.25793364036811 0.0091 40352.65516878155
98.35414917204237 0.0084 40280.04121419228
97.71630513482461 0.0093 40407.09191865447
97.8412322993533 0.0087 40236.86912081528
98.35753301355761 0.0074 40256.86917586623
98.25976385037059 0.0072 40286.9585151315
97.75100760092867 0.0079 40142.362718061435
98.10785985636265 0.006 40306.73392971801
98.30762050583442 0.0073 40083.648939136736
97.94901562141506 0.0061 40228.54760869574
98.05910799507086 0.0087 40338.970772381035
97.75098990378413 0.0077 40383.31204338218
97.10733839832412 0.0059 40267.30491635003
98.35421547202994 0.0071 40106.6024875027
97.85034073459055 0.0077 40309.75227163443
97.83846666224633 0.0079 40441.87777361991
98.33236191864175 0.0075 40330.349815247355
98.16939819345379 0.0064 40261.43739408887
