4.058699375569692 0.0521 30935.7716212913
4.60288493874157 0.0468 31060.29721707336
4.3889435831238535 0.0501 30937.05939034119
4.919778795714163 0.0493 31175.19616325652
3.9566222232383983 0.0496 30838.285872316133
4.4787967190310605 0.0507 30837.003725597795
3.8518563143049627 0.0508 30787.13666475228
4.85569448185778 0.0484 30909.213236288746
4.6218281865328406 0.0427 30854.049140459316
4.35167929355016 0.0441 30838.25832449275
6.097200771781108 0.0451 31098.920748346303
4.9031201854780875 0.046 30848.582414094606
5.182619677004188 0.0423 30821.768510042064
4.300497799458613 0.0453 30884.874286724542
7.384186208423335 0.0393 31257.326215665635
5.6491959094208495 0.0436 31069.880812923737
4.8927776904571685 0.0451 30898.164873978152
4.818232457172613 0.0444 30821.871921690697
4.835517206912484 0.043 30827.490401544463
6.345850923045249 0.0419 31037.663718334723
5.284160817180163 0.039 30813.950107963374
4.473557559929942 0.0417 30664.41647605203
5.5844441504119695 0.0418 30803.573789535636
6.670445483854439 0.0382 31189.210007098056
7.6250890689764566 0.0369 31163.274043106503
10.480509286671378 0.038 31700.078794048623
4.728786895407551 0.0388 30703.204494023743
6.62009004700109 0.0433 30870.707351169494
6.017643676020087 0.0353 30891.88479473188
9.842468072148876 0.0373 31490.86137976461
8.169654630253284 0.0359 31184.477144306893
7.212246785522382 0.0366 30932.886965406855
8.201448190613627 0.0347 31162.466637508707
8.352672823682127 0.0347 31073.48920721115
7.97375831273131 0.035 31153.028841011346
9.825087656638518 0.0335 31190.230086207368
7.213019793953559 0.0354 31082.72035895824
11.810225663511842 0.033 31579.493941039385
8.616209385195079 0.0344 31265.561511919608
10.724616575592567 0.0328 31605.2651584799
9.725387838522229 0.031 31264.54804154532
8.159262438973922 0.034 31060.91081266034
9.05321267291295 0.0323 31140.76460324253
11.078294921608718 0.0317 31500.81274867535
9.373112470821333 0.0352 31181.410713204332
9.900672292154136 0.031 31371.8806341706
8.664509643139285 0.0304 31192.13847324932
11.353545621747758 0.0315 31491.194169984672
7.803111131755264 0.0338 30914.03616964049
9.399628612795025 0.0319 31115.247738413407
9.805195711306265 0.0302 31158.191199828474
13.637479685425909 0.0309 31750.63315680276
15.877433381049626 0.029 32147.36999623655
10.60840212045544 0.0277 31283.735594387577
9.611391616415709 0.0296 31074.529818997056
12.435860406519229 0.028 31601.71137161006
15.251450905547978 0.031 31718.603970639604
18.258019761826958 0.0276 32393.12508165584
8.06803457812854 0.0298 30789.99303927961
11.567810955545074 0.0291 31521.675694909452
17.07259456343158 0.0241 32233.455112925676
14.880992254867788 0.0268 31758.269763205837
10.659938584193037 0.0289 31066.799349435234
18.103369988335853 0.025 32305.42316203392
23.040227625876714 0.0267 33002.390915577074
13.334996894821172 0.025 31651.383613693044
18.0311519578401 0.0267 32291.609365514778
13.316634514641134 0.0272 31486.887661331075
66.0393322201464 0.0216 37969.323417530264
27.483585475530248 0.0224 33837.34881241565
22.50875252903553 0.0229 33023.689057383905
25.25867994383707 0.0238 33022.91820090958
19.710333320224354 0.0231 32507.54812700446
24.92435131996962 0.0223 33104.999298656694
26.691286954467877 0.0253 33258.5276050857
17.452822921127755 0.0253 32175.414765965037
96.60198289698077 0.024 40905.531985429036
24.797713292200836 0.0226 33219.851588248355
23.630116778366318 0.0238 33051.546553645436
51.138629328594206 0.0225 36526.25551938988
32.018278160307574 0.0221 34335.21236440087
96.0002101236891 0.0217 40873.1670202804
85.24190529053908 0.0229 39977.93500865654
23.883124158898323 0.0242 33083.76130764561
93.82241377581288 0.0219 40613.393500280166
44.85906054418053 0.0225 35654.75598056355
88.91527017105523 0.0208 40380.56378558948
96.29419484830034 0.0183 40858.228574041976
85.4411768875894 0.0211 39895.302493886375
40.23098490867673 0.0188 34585.04211086647
26.378830354026274 0.0207 33208.992443820964
80.85930821748337 0.0206 39237.34590305451
95.02789566423293 0.0209 40401.49609212355
94.01535817411977 0.0184 40362.22215931961
28.061240778155792 0.0206 33447.20982376925
95.57439948795943 0.0195 40568.393424393595
97.75386855178995 0.0206 40772.721213019395
95.4793972314928 0.0201 40652.465050887826
97.98172644870074 0.0179 40796.80222966921
69.96702245646193 0.0195 38134.84383562683
97.62216839916772 0.0185 40714.71481500452
96.54126712415936 0.0181 40614.90879737609
95.30679318687434 0.0157 40540.03001314797
97.33665212312218 0.0159 40671.83750969033
91.58393449762039 0.0204 40334.420871837596
97.72718981885339 0.0189 40508.190571875115
97.23348771629901 0.0152 40472.43091454648
91.03409775639761 0.0192 40192.79596062748
82.82457577766009 0.0186 39527.6566955661
97.40542572884114 0.0169 40421.237325611015
90.03738848423633 0.0179 40158.79022374215
95.06177204222305 0.0183 40519.47154293449
96.3640720315767 0.0174 40488.44871616037
95.11998643719784 0.0164 40421.239233766115
96.11747971354986 0.0149 40542.45299935447
96.7318706210985 0.0165 40395.60172388184
93.3986904993047 0.0165 40450.70699649443
98.10982838052345 0.0148 40657.08309001158
95.4933397347155 0.0168 40367.434435444404
97.38134159532716 0.0141 40712.81083945668
96.08003426945719 0.0161 40494.40264409272
98.27493557714214 0.0121 40539.918136529384
98.20768294202162 0.0147 40596.28877800251
97.24152845771346 0.0139 40448.54367990059
98.32360912439272 0.013 40672.98096013027
97.78154364001291 0.0143 40604.21773525834
97.89946149340568 0.0125 40586.564594786425
97.69215002976348 0.0145 40476.4458861166
96.38559126631782 0.0127 40222.33777993539
97.01701254477331 0.0145 40425.91164302401
94.44327267501438 0.0155 40169.32216931971
97.01949880858331 0.0128 40529.881253522275
97.62835886795308 0.0136 40746.48344299351
98.12608127743415 0.0121 40622.86074392184
97.03460609841159 0.0116 40390.123462424075
98.12786004585953 0.0113 40535.495398164516
97.50327642358012 0.0149 40542.32169659392
98.09861972455712 0.0133 40525.302680129294
97.82730037182118 0.0116 40321.07085547232
98.10882672332102 0.0102 40748.518215381024
97.50656935681897 0.0111 40611.66695082599
98.11641888997319 0.0097 40414.22866812155
98.10626415399335 0.0107 40512.75050341052
97.39686972664705 0.0102 40561.92739263948
97.66357151732068 0.0124 40523.840541258716
98.04009560659016 0.012 40519.265079222554
95.87344599831421 0.0131 40206.971326933635
96.28841980126042 0.0122 40376.057955810495
98.1045171786136 0.0117 40497.30393053858
97.88430272174617 0.0113 40431.37259376321
97.7316291504395 0.0117 40516.863505370886
97.75345898622396 0.0116 40297.9377336528
98.21290193369961 0.0107 40308.94860310178
96.84974307188814 0.0108 40368.85320538567
97.51744976646906 0.0099 40416.89074098993
97.19537221582023 0.011 40365.07422214786
97.60587436084782 0.0111 40451.16626174554
95.99433191841689 0.012 40064.273444915125
97.52235140507514 0.0112 40375.27698472328
96.6038305945658 0.0099 40406.16245047348
97.89084371118669 0.0099 40668.80636004784
98.0678766840527 0.0113 40399.75394153746
97.90396420581324 0.0087 40552.89072579345
98.27900978424952 0.0094 40328.31958823003
97.45134721919 0.0095 40387.765600749735
98.09846102705282 0.0079 40358.20663560053
97.55944931548191 0.0115 40156.992033511015
97.4614658469467 0.0075 40376.86649688596
96.56667554754942 0.0091 40081.99675764217
98.10949548593402 0.0084 40172.50045968667
97.82102715559955 0.0074 40382.15995317442
96.99178200073068 0.01 40189.02937530358
97.16803318898624 0.0094 40266.34618109673
98.13256832170477 0.0094 40270.73902585251
98.26839653436413 0.0081 40356.63963876686
97.38920467968748 0.0089 40211.015079112774
97.63731635291592 0.0089 39944.07042022253
98.07289081696361 0.007 40457.26130864497
97.94519766068653 0.0094 40354.36688362686
98.28045407524476 0.0076 40517.3901306922
96.84021778706918 0.0083 40180.75106392312
97.97588239687553 0.0084 40100.74720943689
98.07202724676567 0.0094 40405.78045898492
98.12352512492512 0.0078 40393.45362080878
98.1778328143453 0.0065 40274.6069189925
98.15620596161034 0.0077 40151.82317740598
97.30619459739188 0.0075 40012.77170195995
98.35554660810206 0.0067 40182.28534753441
97.94976718954534 0.007 40189.40383489935
98.32229738819495 0.0072 40285.891064421994
98.0745787527145 0.0077 40134.35607314106
97.08536845511593 0.0084 40160.776311488495
97.01882460643445 0.0076 39878.69612804614
98.10458797754927 0.0069 40314.84000406755
98.21867277482467 0.0058 40437.9343534095
97.28699084182584 0.0061 40055.94314717323
98.36809471638725 0.0077 40248.9391154069
98.13712848243371 0.0072 40018.87371631513
97.81981026709776 0.0064 40241.92036398264
97.97720962433839 0.0059 40337.05996115847
