4.589785768616358 0.0483 31131.658762114832
4.748346385362953 0.052 31073.889400793563
4.152972432111812 0.0505 30962.451291202666
4.879260003473618 0.0496 31192.01071775411
4.034815154707618 0.0472 30745.11848718813
4.28129758385736 0.0486 30912.422877190078
6.507853633918429 0.0442 31253.238038814834
4.847612057232122 0.0466 31031.839679907727
4.227391231792408 0.0478 30887.926132431396
6.518112652916718 0.0448 31317.858434912232
4.721117268169889 0.047 31009.904783366524
5.011144490623933 0.0474 31071.22754071963
5.412029855152953 0.0454 31079.044277069843
6.740710825444151 0.0405 31181.61851617811
4.458349401507092 0.0449 30819.460325283988
7.859381864856989 0.0418 31332.104926627537
5.357754273259318 0.0449 30953.232336697725
6.358278128248205 0.0399 31095.635306099583
7.477969760132054 0.0426 31264.958908756405
8.59586728204054 0.0363 31451.778185452444
5.422704845268291 0.0405 30915.887941860077
6.918083374303272 0.0393 31185.169830220926
8.008964349756386 0.041 31220.085158250546
4.9860603718127 0.043 30903.02199759107
4.99549661835814 0.0421 30698.662125003946
7.4512110226455555 0.0378 31190.897413709004
9.30817362264012 0.0384 31403.885206521783
7.791793953493779 0.0379 31079.303425425413
7.307883895007302 0.0392 31028.445952904025
6.42736992400669 0.0377 30962.53181398842
9.025732328955636 0.0359 31197.807912416727
9.763240305328141 0.0347 31255.405470399794
7.520422105279484 0.0347 31072.85114614171
6.627564189142855 0.0365 30911.22828524596
6.901453504298684 0.0384 31030.319920485577
7.469874620550643 0.0375 30965.930759719642
9.737537414182336 0.0354 31321.778658423675
9.568503407847308 0.0356 31353.58964217242
7.72201771668259 0.0353 30895.175903039457
7.337904868778332 0.0328 30925.305426238923
11.365762229561518 0.0345 31591.347874609713
7.255582957480618 0.0342 30912.53756047319
7.296018083521178 0.0315 30783.404863110143
9.190117159610882 0.0331 31082.19164821674
8.386679235253931 0.0319 31042.584205079125
9.331014519454154 0.0329 31332.066546255344
14.69302275271846 0.0303 32093.74880715902
8.681691886682279 0.0303 31103.353616066634
12.97800307266133 0.0325 31636.560948115224
7.653392377511543 0.0317 30850.391346461143
8.078606138397205 0.034 30997.488270382102
8.233372156456793 0.0323 31106.730094974773
11.604974443841085 0.03 31497.156832888504
7.410015081000287 0.0326 30897.29332005896
12.71212728360527 0.0284 31466.763249220632
17.68787870554166 0.0274 32456.899888871932
11.256689446392187 0.03 31351.051281394255
15.936582060919047 0.0289 32056.98888489965
8.989850022489007 0.0302 31013.40000053752
16.241893407302754 0.0261 31970.672337215372
10.176576913514632 0.0287 31228.94542635669
27.745139834135347 0.0262 33534.411400469035
21.466633761271062 0.0254 32860.10817558928
11.380314421803059 0.0294 31554.40175617628
33.878982420537085 0.0263 34027.370368023105
12.369482969910516 0.0272 31499.35563930153
15.44632370736897 0.0266 31962.851295110286
77.60067706845655 0.0236 39268.67698660395
13.755986885245356 0.0254 31738.071705973456
31.66077813955446 0.024 34260.368134493045
27.350359443988495 0.0257 33428.20420137306
14.806062402986127 0.0241 31743.670314774718
28.30762459924802 0.0225 33881.29731041952
24.83605144157522 0.0241 33229.495477881595
19.09962786615592 0.0258 32244.27193947188
91.08471454528056 0.0209 40465.198446455724
18.73492393152288 0.0243 32196.06813881764
64.75658771294248 0.0221 38163.603758545534
18.018843534998545 0.0245 32172.894916239457
91.2364766312763 0.0227 40537.4069207191
91.48303915104373 0.0208 40481.15388302891
97.58700907916831 0.0188 40761.30462355017
54.376922180485096 0.021 36934.93993296975
65.37334145660479 0.0186 37859.08104506703
45.00858209028823 0.0229 35623.53994610157
63.83201158857835 0.0203 38216.82598871477
95.17838150102776 0.019 40720.544579060705
91.20107946545386 0.0211 40145.282267325856
87.31008696936024 0.0198 40053.66473357378
71.31381492982618 0.0199 38459.89930186432
97.87012180951096 0.0201 40852.28838494022
92.63256907421224 0.0197 40378.53459250535
49.51702461046056 0.0212 36707.227961291
61.957296105905215 0.0194 37266.161538304106
86.87739966553006 0.0206 39869.32295959957
96.02054880337178 0.0181 40673.85975389746
81.76683717769708 0.0173 39114.391162867454
97.35411418775222 0.0173 40603.86420294775
90.16714818331681 0.0189 40303.40205626573
93.51761322702345 0.0165 40508.044908979835
76.1508399386933 0.0183 38578.73193791418
92.61638976593025 0.0163 40322.343515190994
69.93779993223359 0.0199 38468.246709196945
97.35481214086407 0.0185 40616.78287221101
98.12638583131785 0.0178 40570.88385451903
96.65412914534048 0.0166 40611.852496016676
64.05379590511627 0.0183 37475.967710793
84.29162458874316 0.0178 39473.526901271915
95.65056926355757 0.0153 40563.629970631824
76.01864672738043 0.0181 38462.6462738976
96.57251204672093 0.0151 40561.913768240775
97.6950955442697 0.0158 40655.165989537294
97.55447820394626 0.0167 40657.71855529522
98.26813351964151 0.015 40689.441269186165
97.764400711118 0.0158 40695.685430977996
93.11394555353817 0.0158 40401.45219977874
98.16393596700283 0.015 40552.24932070188
95.87017805733822 0.0143 40473.82831868228
97.90778540669542 0.0144 40667.76725091615
86.49300724557952 0.015 39693.022671168335
96.55757323949129 0.015 40560.10891677177
86.40253224453129 0.0155 39842.114386612426
97.3269960156583 0.0149 40685.73811536097
94.77021012777122 0.0142 40383.180104551364
97.0112469925543 0.0153 40525.59523296646
95.97092720467488 0.0132 40500.041210576026
94.70240519105236 0.0137 40323.58977889348
98.33930638816396 0.0133 40570.10554470979
96.30164168392733 0.0146 40273.34000280641
95.72961848620385 0.0147 40239.907662036734
97.9513372020749 0.0136 40572.54010914482
97.58205167905501 0.0116 40440.15376945069
97.82547798112118 0.0118 40440.30732225517
97.08991415746111 0.013 40412.05905638847
97.4014208688887 0.0171 40446.36140739689
97.98250647313446 0.0127 40519.70366319254
97.62400733910965 0.0132 40620.07199796314
97.77227387739124 0.0108 40509.75519091356
97.75272425306123 0.0142 40438.94988303181
96.8618733919874 0.0144 40478.78811708223
98.02222730325381 0.0103 40557.65881609674
97.39603824971483 0.0123 40359.02897787874
97.31025825847277 0.0139 40578.144939126556
97.67446685285003 0.0097 40400.49656462748
97.23487677540611 0.0135 40569.302786977336
98.0807419896564 0.0106 40471.82432008926
96.23852881705326 0.0118 40245.45479799328
97.83853837022923 0.0111 40464.17399606757
97.23164418984338 0.0122 40465.55969897313
97.99828992570669 0.0116 40369.54253343397
97.90043621164702 0.0107 40185.25122675524
98.06297885791304 0.0091 40340.08137552662
97.35468557001744 0.0099 40252.02075990542
97.69469933025427 0.0118 40124.39501356081
98.04459063691031 0.0092 40389.487655552926
95.72645937348126 0.0118 40146.09312085501
96.90096199549504 0.0129 40003.53134923756
98.2977653750233 0.0104 40286.018112576996
94.6683415917187 0.0126 40119.65423487486
98.14106863693492 0.0083 40332.70621986617
96.47383125445026 0.0108 40441.03094750596
97.62307751747201 0.0115 40275.82625276138
95.66692991997581 0.0103 40437.41909853101
98.34552543475391 0.0101 40402.65426721389
97.89988492104018 0.0114 40351.42953837673
97.6058326376074 0.0111 40186.32327908497
97.77951929130101 0.0102 40426.749897640795
96.03216381134614 0.0102 40129.19692124564
97.57559964784751 0.0098 40507.351820769094
97.81976115760828 0.0075 40370.36894362475
98.31217310107601 0.0078 40268.416469208096
97.05061795531479 0.0091 40216.2023458272
98.02719647923685 0.0082 40152.93934308167
97.5713879699382 0.0082 40162.210633238086
97.8342116428966 0.0098 40431.88226324035
96.49035888718628 0.0091 40035.45991199578
98.07224112280832 0.0082 40340.79567534484
98.01806660092711 0.0093 40211.29784312006
98.13325053984606 0.0067 40129.47753097612
98.35194293204299 0.0081 40424.75185972569
98.25883796773543 0.0074 40351.17283141125
97.68666879280968 0.0078 40431.245138500846
98.36708296847969 0.0073 40226.72133798151
97.75402409457756 0.0086 40176.120756709664
98.25888335199295 0.0075 40258.599475110816
98.3696897583589 0.0068 40195.61615045269
97.94674173940274 0.0071 40062.065422476015
97.44026861632467 0.0076 40215.866254060056
98.06642892256055 0.0073 40004.74626608438
98.05558943673786 0.0066 40326.97764079744
98.2567909623183 0.0072 40525.38372230322
96.87038773967633 0.0068 40291.58856764994
98.16142496590324 0.0081 40158.3508298584
97.9547873730975 0.0076 40120.888919849436
97.02368684101508 0.0079 40204.47342186632
98.24173367085302 0.0066 40261.7706323786
98.30960892653822 0.0084 40385.91917735395
98.34686073503676 0.0067 40075.60944899547
98.03214945193373 0.0071 40104.19700390619
98.14227490822908 0.0065 40442.89237562373
