4.520767159672488 0.0495 31061.729939281995
4.473588293021526 0.0489 30954.441365928596
6.798155354391762 0.0471 31367.045173039878
4.405240254404473 0.0473 31069.939297738354
4.434213783086579 0.0477 31084.36430975129
4.909101455869635 0.0464 31002.859608342438
4.326230353002623 0.0483 30886.66627303156
4.463606438066824 0.0474 30969.807847177857
6.044667823165078 0.0439 31119.21297701198
4.283410235839211 0.0443 30969.793364547975
4.109373754058759 0.0446 30744.96311593764
4.608792667059536 0.0477 30920.408307403424
4.006068511662115 0.0444 30618.27987426618
5.535284778225036 0.045 30964.19518033856
4.763271094315433 0.0479 30827.234653269345
4.77827152930632 0.044 30891.38595505907
6.130085036684081 0.0393 31091.471031146782
5.950874181764721 0.0425 31045.059587350035
5.618650245149264 0.0416 31108.19031290401
5.529543285451673 0.0408 30929.93822948419
4.855992184368829 0.043 30869.541821343537
6.214437892584932 0.0419 31159.13462492875
6.907480517699482 0.0435 31160.878821057137
6.6830040720352875 0.038 31088.713734132947
6.5503984866341565 0.0396 31052.429034907098
4.695870709994516 0.0399 30629.284527094645
5.845075737259301 0.0401 30870.687466194526
5.363626373078668 0.0388 30814.26376448571
7.873727462441501 0.0402 31204.625796462213
7.273833666913453 0.0369 31034.56380944896
7.637282864520501 0.0373 31057.461508211385
5.114860463727533 0.0394 30904.641659063007
6.5651985731657625 0.0339 30865.513889759226
7.1246633635198595 0.0384 31002.182709967325
11.793596301888225 0.0342 31770.248205143416
8.737724036293383 0.0341 31285.704122345964
7.315513622655035 0.0357 31045.09740505146
7.671555887320981 0.0317 30895.41360387824
8.449769073426344 0.0321 31157.563641781686
8.31953142287839 0.034 31037.060822161227
9.04153390809509 0.0315 31269.974270695657
10.781806379971309 0.0307 31571.695581535118
10.420985448003831 0.0324 31293.63064580565
15.273297624430203 0.0298 32142.93480000856
11.940181541395376 0.0294 31677.838170535742
10.068863308692288 0.0332 31386.619971743155
9.018828911233616 0.0318 31264.35186219708
7.644090405940365 0.0335 30810.055414776678
8.490315838846335 0.034 31047.828381871568
9.683049789631845 0.0312 31087.453526034937
14.898770245786025 0.0308 32027.35446996879
7.414984675573581 0.0343 30833.390022556145
13.145687729138468 0.0263 31627.544116105077
15.386709574346742 0.0278 31994.42258237443
9.157507386864015 0.031 31139.86675870615
12.25944772185631 0.029 31414.995620569152
7.8312047888150484 0.0301 30859.677445956248
12.438600243410818 0.0265 31520.730042216117
12.193532658574266 0.0279 31484.42313881017
22.08878887929608 0.0261 33042.179071998304
12.11902421124509 0.0289 31394.014037858295
8.29965355522125 0.0294 30920.483689489858
26.49341927544545 0.0258 33475.81932900819
11.24243990964721 0.0308 31218.553123546146
18.491658483381087 0.0276 32294.52200027776
38.593051852854494 0.0242 35004.18988310694
13.816524937905848 0.0273 31777.451389539467
34.38179997140905 0.0241 34726.52753414618
23.32528237869938 0.0248 33271.81347316192
23.447248694216306 0.0249 33069.5151583266
36.39443081222014 0.0221 34950.48682643167
17.08470735999823 0.0251 32160.166922499608
37.53416623978947 0.0232 34450.30500729776
37.735947288065255 0.0218 35217.400272301784
25.201509590713137 0.0235 33101.8299896788
95.96381075697172 0.0215 40648.15084577352
14.389480925572634 0.0238 31778.216070651695
32.851573372598885 0.0218 34480.97501709336
45.035252006848815 0.0228 35710.46806324989
15.02024419492679 0.0257 31900.348173425264
21.783239654845143 0.0225 32741.40084024296
29.97419040778768 0.0236 33867.9046141048
52.48170560760932 0.0212 36519.45786944926
88.51441337695519 0.0222 40142.31178876745
96.15837298428094 0.0212 40791.81651429043
96.55753389445026 0.0212 40841.6003319798
43.23604026256785 0.0201 35367.266278107694
26.911972518224832 0.0236 33651.88703829457
95.67604170568798 0.0191 40603.33409480483
49.07468055733291 0.0215 36103.093809126
97.45572655511582 0.0223 40738.86966612318
76.15449992839486 0.0191 39004.581445420125
95.41308692728602 0.0166 40462.592534282
97.40899343411525 0.0189 40630.56066315476
41.67653158268639 0.0211 35592.94209960258
95.91007646621571 0.02 40463.3117214328
93.00662894632806 0.0177 40470.657823696085
70.11801310113114 0.0186 38101.47834391272
97.62690086244201 0.0193 40788.22530691674
96.86417307850795 0.018 40460.44509176819
93.3819870375643 0.0171 40301.54971102526
94.30248613399219 0.0186 40404.69977912468
91.19452666036315 0.018 40378.01686573884
92.02427683116345 0.0167 40202.16568219343
68.88602573054703 0.0179 37885.26371434975
97.17751677960982 0.0175 40676.781986891365
92.62693192602656 0.0171 40466.284958741635
96.28397438360078 0.0189 40570.29593410597
96.85612795386895 0.0158 40401.77399162768
97.83276943918776 0.0176 40399.71028913219
98.07350107187733 0.0154 40532.62651417765
92.99224802056213 0.0194 40338.5324615076
87.15861251814985 0.0159 39904.97015262489
93.49882319767838 0.0155 40095.758967076166
96.11552973405064 0.0157 40257.15379218827
96.84412382514454 0.0124 40401.65299999283
97.77873124401599 0.0166 40647.75139545422
94.24500124301478 0.0164 40348.92931617419
95.82728986582109 0.0131 40640.73861686014
96.93954245919906 0.0139 40452.12916903667
96.13730063529196 0.0142 40447.882722037306
96.07657472503428 0.0144 40483.22389562469
96.62979577118247 0.0152 40590.14259631462
96.4349755892248 0.012 40391.36395713249
97.33721559992078 0.0134 40521.16066372171
97.3689509491652 0.0146 40427.78856869521
96.6698689015 0.0147 40288.774425964744
97.35908229208596 0.0137 40346.61817294279
98.0645919621936 0.0123 40690.04809761815
96.54574048975905 0.0136 40688.37528982662
98.11295529838897 0.0127 40620.17541758022
97.84850263750704 0.0155 40354.87597962517
97.62783307472263 0.0134 40224.26335102908
96.98285202274718 0.0127 40449.87331877042
96.86712437623578 0.0138 40483.52476395013
98.31921848023848 0.0126 40537.7745536118
96.43077850680402 0.0128 40321.891176695586
98.12663345976706 0.0121 40679.09889388448
97.20127811984408 0.013 40483.08346673348
98.29674093983778 0.0121 40604.24129426568
98.05797290140752 0.0124 40476.1519254358
98.10520099261288 0.0111 40494.57919271732
97.2857308037179 0.0129 40327.984819045545
96.7179638001804 0.0103 40557.30990593805
97.6911486452483 0.0106 40579.76694425452
97.33234333873673 0.0116 40255.57632991576
97.66522891348912 0.0127 40190.257978849266
97.16540702735756 0.0123 40242.21965200877
97.11873914877059 0.0106 40407.54793680764
97.9823540914007 0.0104 40591.28871243495
98.0126177085602 0.012 40368.63460274343
92.9330418702615 0.0117 40027.2262728153
97.03893963492673 0.012 40335.98247213366
97.3726690299884 0.0106 40480.54595836054
97.86716103436095 0.0115 40464.63404672016
98.05552984175917 0.0086 40381.12089432714
97.71910096791315 0.0108 40305.48053496028
98.05187300694651 0.01 40237.856306240225
98.11491173468677 0.0116 40602.71537342389
97.92459286504598 0.0116 40512.24795277957
95.2294592496748 0.0106 40228.66014362151
97.79025798858267 0.0102 40284.6122495058
97.34536082138203 0.0098 40477.71843671709
98.04980668756069 0.0091 40297.16953378098
98.20806790314694 0.0098 40341.41442360669
97.14497130842773 0.0104 40273.49953222098
98.11629111823704 0.0109 40191.217058252114
97.42864879002421 0.0091 40402.55557430454
97.13326921202024 0.0109 40258.55986735381
98.11292913416922 0.0086 40540.359538862125
97.7042883618246 0.0092 40167.17368969317
97.95192819179927 0.0089 40163.887512631445
97.57400312092037 0.0079 40192.18599653899
98.25676305005183 0.0079 40314.528201452194
97.99919888172313 0.0087 40298.696972003156
97.83380295063398 0.0087 40237.15611425129
96.64420185883664 0.0071 40350.87351658745
97.8175475531034 0.0083 40387.56075158006
98.15438882115845 0.0093 40290.32291695345
98.0898270540813 0.0072 40315.433580936246
97.30090751839344 0.0091 40384.86944183093
97.56671868845939 0.0074 40414.718362613276
98.12397767906975 0.0066 40294.8279561745
97.23594630280954 0.0092 40426.939420259616
97.66831901896363 0.0071 40213.37618291895
97.68969190954084 0.0064 40430.78291306314
98.25377777709944 0.0081 40351.8586318643
98.28813198719489 0.0085 40326.8317893048
98.00035014940515 0.0069 40459.83085796855
98.37443110087152 0.0077 40213.35504321675
97.88883919460808 0.007 40327.84684494184
98.37762784808089 0.007 40266.71375041297
97.68693422615799 0.006 40125.734126028095
98.11534325227419 0.0067 40238.147584468104
98.15308518909754 0.0062 40273.2620718989
97.71256977730664 0.0076 40221.149110977836
97.98061837189924 0.0075 40271.530787388445
98.36816935685619 0.0073 40191.17240474072
97.98966422602734 0.008 40348.92838226638
98.36946057300233 0.0056 40230.44517039882
