4.53171689651643 0.0533 31038.10769145696
4.252533816827462 0.0485 31020.904258241742
4.284033830893039 0.0486 30999.369605507218
5.752711386371607 0.0494 31079.92933134768
3.4411205990375033 0.0503 30792.720260826627
4.164317363393444 0.0486 30958.58634818964
5.013198581991729 0.0443 31124.60417581085
4.297260931537871 0.0504 30763.973696813424
3.8387097995210935 0.0491 30819.072097910142
9.950806058419047 0.0423 31719.928769387392
4.232482158945897 0.0463 30939.8442443642
4.569731312911793 0.0465 30853.871889732658
4.743656352317271 0.0439 30848.531899778944
6.122730055912812 0.0418 31097.011873824325
6.6712664837557805 0.0449 31171.400779601998
7.1057359324585665 0.0408 31343.125342288437
6.720425802857122 0.0405 31102.545607424778
6.373192559850937 0.0414 31156.541678145906
5.502533157042583 0.0414 30916.852584940632
5.267972302189021 0.043 30939.479377769443
8.020836868264015 0.0399 31254.677536110456
5.541862792301802 0.0395 30862.236846173302
4.793438350472693 0.0405 30698.88972196905
5.74704169858486 0.0406 30915.154350310688
5.370064329560606 0.0396 30820.15149374287
6.988053013428525 0.0406 31079.590752699554
6.198333268875258 0.0418 30881.24082172495
6.382255083535531 0.0376 30860.821229994723
6.919142304456759 0.0357 31044.25902364126
9.445156465339258 0.0365 31267.74442837265
9.153779833980245 0.0379 31230.475923532413
6.1070881031930035 0.0396 30933.49156371845
6.803940071057365 0.038 31123.29479714961
7.879328472473774 0.0361 31175.993741238388
5.584499722299865 0.0385 30669.337534600407
9.87895746406135 0.0359 31420.65547810748
6.882622526572777 0.0347 30897.037267181215
11.017739489033366 0.0327 31616.59528228758
16.99069664810076 0.0345 32332.063734087733
11.09762873032378 0.033 31530.093381660034
7.01591974881755 0.0364 30800.962697805673
12.241553388440087 0.0334 31742.84715342705
6.868624047688259 0.0336 30758.176130710548
6.314403945000811 0.0333 30723.17389829652
9.55403217605202 0.0324 31247.031930673158
12.824099458762781 0.0301 31784.40239561032
9.275306094410718 0.0328 31210.185170145287
13.820317046122945 0.0294 31677.345928117484
10.190974875247242 0.0303 31232.136431937543
10.918117868186862 0.0289 31448.196084358024
11.24521208637942 0.0297 31471.394876957133
12.293103992543447 0.0283 31531.365000634993
10.198394265091071 0.0296 31269.97668695884
10.963365472998731 0.0292 31214.65135709636
11.00782146337458 0.031 31425.427790530346
10.75101517363269 0.0298 31438.365719938876
10.327697369703795 0.0303 31166.125587062543
10.515461835182638 0.028 31395.133826344587
14.484261660571644 0.0273 31896.184590073743
11.101511587952103 0.0294 31318.145262168233
12.955216090339329 0.029 31488.8047174159
18.44425810706117 0.0283 32243.35148713398
11.50488759913209 0.0276 31357.728324145395
34.27569950588125 0.0241 34303.77992674159
21.77232026569276 0.0256 33149.03711822827
34.52149632695708 0.0237 34464.61425994482
13.581300686155327 0.0298 31724.662517360794
15.093477092679514 0.0261 31813.365621324265
22.154670123495478 0.0223 32748.592289219894
15.88383808857725 0.0259 31865.660896493413
22.093799448798045 0.0242 32797.5574545911
14.61234862622651 0.0246 31690.814231946966
39.4405677414219 0.0245 34858.68520672631
36.094481333610794 0.0245 34862.72825506682
13.663237267357854 0.0266 31474.950593391997
30.162163443742042 0.0229 33954.830482506826
27.136426782506256 0.0236 33347.706816330036
20.5575072653857 0.024 32950.36152925873
93.0261672073208 0.0238 40523.01338211963
91.86779540100693 0.0251 40225.68668268424
37.23009860077449 0.0206 35056.915842844595
33.977408567977356 0.0223 34408.06819471541
25.55640786906564 0.0228 33423.68544188904
41.31247324442987 0.022 35633.465274329574
96.96003257169558 0.0213 40619.12774888234
61.85172607471861 0.0239 37076.08302645633
34.477192242557216 0.0224 34524.1276213749
39.48601650662302 0.0201 35148.85839376636
69.97331784896282 0.0188 38216.416675110864
47.92483582317965 0.0213 35752.55896859615
34.71681150608412 0.0215 34729.703171470544
93.22165733881299 0.0203 40505.76576589348
96.59904719476395 0.0194 40588.325208924805
35.318710288209495 0.0201 34460.40691148179
96.73050589794501 0.0191 40703.335169680446
97.53954671612247 0.0195 40694.62102390135
63.71077119159284 0.0186 37764.497944671675
71.27992699634542 0.0203 38122.633650415606
96.11648314329767 0.0167 40677.69161251966
80.33587329162265 0.0206 39062.63083616979
93.48486493286433 0.0176 40253.739818323855
95.11096080805395 0.0173 40669.07786486429
96.51240306617377 0.0178 40655.54507175256
87.02116506940459 0.0175 39538.49364169035
94.5706693611316 0.0182 40654.778971358304
85.68205554084157 0.019 39442.99028445938
97.5283691680226 0.0158 40920.77128846312
97.92440311779987 0.0157 40726.104120051226
95.74908775336847 0.0169 40517.711932204955
96.98416510730779 0.0155 40613.09214709704
95.95757243767541 0.0142 40276.26031832447
96.58166877280665 0.0166 40628.03596447097
94.1657351793106 0.0166 40407.04789322568
98.14021833928169 0.0163 40931.25082285355
93.794888972934 0.0173 40352.90382419343
97.1327572596233 0.0158 40596.453407432746
97.41785649309628 0.0151 40465.897835690375
97.01782446827417 0.0142 40519.735951600975
97.69459105171448 0.0134 40613.57194660439
97.99345842175907 0.0134 40618.69219678845
96.70194481756775 0.0149 40517.59696522358
93.22186734547823 0.016 40395.387878318536
98.10228046516671 0.014 40569.54460232933
98.03810180676174 0.016 40623.57429683775
96.57747116667299 0.0147 40352.46185072325
96.02584546178483 0.0138 40178.307276236126
96.87952385756908 0.0148 40401.58269301696
98.14641512412642 0.0166 40618.17999204461
92.47094656972128 0.0122 40299.189253871744
98.09451151171297 0.0107 40600.47041846684
94.1292844004841 0.013 40272.06164489285
98.36418172583379 0.0129 40599.83874339938
97.28260781081813 0.0126 40331.376073000545
96.29831257272863 0.0128 40597.949070477756
98.2652790340262 0.0118 40787.65106214345
98.1360231953268 0.0133 40344.23233724543
96.06768073804993 0.0116 40520.38567238543
97.31132307790827 0.0144 40655.83604946392
96.10813065040091 0.0135 40281.70422224228
97.82817343636673 0.0092 40388.41210473913
97.71245284425419 0.0126 40399.7356927887
97.905469776422 0.0117 40474.97054283624
98.13189509015332 0.0111 40162.81121463714
88.94707627394912 0.0137 39819.82332173748
98.2924123560896 0.0123 40487.12905051212
97.44412253358425 0.0105 40402.43854294274
96.78666614001276 0.0131 40302.729039488535
97.09697474905742 0.0131 40423.91594691743
98.03731029684454 0.0105 40311.79049424624
97.73695149737611 0.0106 40425.93030613049
97.7992327749176 0.0107 40555.1516189998
98.02482775353343 0.0096 40361.99224357791
97.23981448953458 0.0099 40203.57343316718
97.50327440622738 0.0091 40264.074107298526
97.69708617480657 0.01 40381.03342731791
97.64994680878216 0.0114 40309.864457514195
97.80732728486582 0.0099 40370.64844205408
97.91985186812873 0.0098 40579.31807153191
97.4646686293698 0.01 40403.18980574479
97.74540454511435 0.0099 40218.62887802021
97.55486560260313 0.0109 40283.45936697618
97.82350831585414 0.0106 40359.97861143914
94.8308465703338 0.0105 40109.65552148603
97.90835635954706 0.0095 40352.98562136875
98.22767473973467 0.0088 40375.73027471518
97.99917200837584 0.0082 40183.33196824604
97.08607975259542 0.0107 40332.208194973566
98.37831945656859 0.0105 40213.36127581535
97.46524216841398 0.009 40242.055109476205
98.13496536639902 0.0069 40354.19585739213
97.11003271487586 0.0094 40365.03966578797
97.79744625636185 0.009 40407.911173596505
98.25757545007875 0.009 40501.36197585581
97.85252337102095 0.0076 40106.241856090615
97.37870372461686 0.0103 40225.418561734994
98.2000934849676 0.0085 40222.06642237421
97.8077017015303 0.0079 40551.6365915841
97.86470443544167 0.009 40432.84152822702
97.25913433707188 0.0098 40324.547079829
97.84522061211653 0.0088 40376.40204730504
98.25180407657203 0.0096 40203.934507154954
95.76689138746907 0.0089 39946.66554455596
98.20152620969223 0.0086 40213.86648975499
98.21730383937803 0.0068 40322.11781777364
98.25509426288968 0.0084 40584.93771853506
98.31069981483502 0.007 40288.92715795517
97.75206340879761 0.0083 40367.3917038664
98.14734175790218 0.009 40092.9473966069
97.93027539223873 0.0072 40304.939803601366
98.2650087634615 0.0078 40309.41504739388
98.27404322949603 0.0071 40242.30930238766
97.04237504097244 0.0092 40328.06834778329
97.53976542682142 0.0083 40181.82520445376
97.97869069062077 0.0083 40381.58364087613
97.99157817790712 0.0069 40238.8375304912
98.10460317389384 0.0064 40157.12913390744
96.43503283484677 0.0085 40204.92264687622
98.17610064284098 0.0064 40167.77023269694
98.23818361195805 0.0069 40190.97896782051
98.24751321528191 0.0067 40420.498995483256
