5.666933703713102 0.0465 31137.80925573686
4.995154021578576 0.0521 31107.230672031284
4.616314859612593 0.0462 31055.928169412065
4.683106760483057 0.046 30989.150300132264
3.9621695675825706 0.0467 30938.804886429185
5.336003567853889 0.0506 31071.82880210602
5.7145817566269095 0.0484 31111.50188538347
5.474229731536534 0.0447 31023.199607605708
3.861901349748471 0.0475 30798.93229184004
5.468267486276012 0.0463 31199.137573380965
5.6341558341052576 0.0483 31107.468895986585
4.937328525657152 0.0457 31019.242572087034
4.945922993241007 0.0435 30929.920514166344
4.909041074874524 0.0443 30995.162474943376
5.747512588734261 0.0439 31005.035910867846
4.739675404797899 0.0458 30840.087958636013
5.089127124897618 0.0451 30921.611190562104
5.3194526698428755 0.0424 31006.1665557514
6.900760377645638 0.0418 31194.739379953393
5.850731521701842 0.0412 31115.310613798694
4.78520699864119 0.0434 30761.9336557981
5.558869767596299 0.0419 30814.168066860595
5.909654820977816 0.0392 30960.820530127578
5.849223922213549 0.0414 30935.845903130594
7.673015912698612 0.0369 31169.599435526485
8.497701526206884 0.0357 31247.018306074748
6.678631577323133 0.0397 31071.310258291152
5.916883936309548 0.0399 30728.391091453566
7.927972051044056 0.0368 31207.758707518253
7.330079534777838 0.0393 31167.327430919242
9.337545413179587 0.0368 31174.399185140195
6.880247177983547 0.0356 31040.119137097317
7.1667489932207085 0.0348 30983.14513720262
9.378506109442872 0.0343 31166.597945221776
7.218902543266765 0.034 31039.498464094377
10.398893980679789 0.033 31555.375368021327
14.235743816364478 0.0332 31907.105631516908
7.983481823687406 0.0316 31076.2958000141
7.7453546609221045 0.0346 31043.485542231116
9.541248369140103 0.0327 31379.719782038977
8.012296763404049 0.0355 31100.880511388463
8.815036609241526 0.0351 31257.880507410224
8.546732799914984 0.0322 31048.637645407656
14.496574638540874 0.0322 31850.861219834245
11.081941105259865 0.0297 31500.783210358786
11.51192360495263 0.0338 31630.13930618209
9.924810345024946 0.0324 31242.24317226973
14.20453506489804 0.0314 31979.44316699926
26.417828142502724 0.0276 33412.19088522106
13.577538988159771 0.0289 31789.96613215064
8.76704936516744 0.0308 31379.656591024133
13.544499320093713 0.0313 31854.172254707984
10.441813381562884 0.0327 31537.28318266095
15.41820253675568 0.0299 31738.520943884563
15.020614057649977 0.0275 31928.07294721464
12.8280162900275 0.0291 31685.1609977933
15.585583863622894 0.027 32088.657419596184
9.720096900183153 0.0281 31175.687901483554
27.92264860855742 0.0244 33623.67595974883
14.923100832453867 0.0258 31814.402423766383
35.981327426825224 0.0259 34800.167364106834
18.67064845431042 0.0259 32350.038324360943
9.853324572057836 0.0285 31287.250966274532
20.059311012348225 0.0284 32661.88808867463
44.65742274077357 0.0245 35494.92282107335
40.21474098175184 0.024 35119.55235289863
17.577792015905796 0.0255 32213.11081035274
21.803700505299553 0.0268 32685.28170977678
18.663586268297898 0.0254 32319.01370131091
10.732279287692702 0.0269 31292.551123743466
12.65963726654167 0.0272 31496.43486014366
29.851567692802032 0.0239 33914.52264457632
17.58292644392035 0.0274 32151.643503555988
34.632478416497364 0.0231 34670.19406202209
22.784500879816655 0.0245 33026.86312125955
16.71657668228867 0.0244 32021.65797138018
41.11447922051185 0.022 35517.75870399552
22.49568531447087 0.0239 32655.135153493346
20.850136990842486 0.0228 32653.6416459619
88.4185920192005 0.0192 40094.317566334226
26.127511474099602 0.0235 33301.4592409268
19.97704088445657 0.0218 32478.060837215995
93.25421821725129 0.0219 40608.780301894905
69.33017430503334 0.0214 37991.552280822856
89.81565226849222 0.0199 40147.65582611483
96.57282326796823 0.0192 40596.969219826366
97.06939335729798 0.0198 40640.4086620523
39.69222021794841 0.021 35285.03668965351
20.9486531198479 0.0218 32765.227716449484
61.48879138070284 0.0214 37156.34449769647
96.36468190129398 0.0185 40528.43105234917
90.36977729218277 0.0174 40399.88132711008
31.14066534666466 0.0226 34052.49744870605
97.79460595870874 0.0176 40567.370097099425
38.757333406254624 0.0207 34837.32006172836
93.38805886736516 0.02 40691.265852387136
96.22865937083554 0.0191 40659.412540537494
95.83910871845491 0.0173 40714.28897019015
92.19820016189718 0.0181 40024.02519402519
96.40234309087677 0.017 40865.010272106876
96.9603702633224 0.0196 40619.534938791665
93.67274263384242 0.0204 40584.890217674205
95.26710080918843 0.018 40562.59075783636
87.24527911170179 0.0167 39997.300698115054
98.27085672725542 0.0145 40832.63186051885
97.66395690263504 0.0164 40779.42869435966
91.98354758610931 0.0172 40345.01793592489
92.16599881089284 0.0175 40319.956606857246
97.50512657789929 0.0186 40689.63931450459
97.90640628430181 0.0138 40648.1083866878
94.79092569854149 0.0175 40343.946112715515
97.8258319832786 0.0163 40760.22894380387
96.98170177013961 0.0165 40548.26597818616
78.87247412570818 0.0199 39039.27334215412
98.26717716602343 0.016 40569.43287243933
97.88344953666403 0.0157 40679.87962280555
96.7301297851615 0.0141 40396.55790270776
93.54949861813003 0.0177 40276.773563385774
96.21538026146702 0.014 40531.32144514835
96.06144083410801 0.0151 40436.21354359084
97.19421229894624 0.014 40511.46975847257
84.95791110511973 0.0149 39595.668624925725
98.19528407220781 0.0125 40569.415909807845
97.07245975492027 0.0149 40575.419247343314
96.64869708851032 0.0157 40308.72028248733
98.28119233301425 0.0121 40530.16124427623
97.18669393767115 0.014 40425.01928379185
94.92417710913574 0.0146 40243.78419627276
96.90286134268125 0.0139 40335.38325719512
97.496812332643 0.0139 40417.15638919896
95.42488994468174 0.0127 40515.18456732339
97.48118659352151 0.0125 40439.76274879227
98.15639407285381 0.0148 40498.80255239928
97.08506262884286 0.0126 40599.861180768705
97.21287810393765 0.0139 40705.16380374666
97.79514301430143 0.0135 40523.764502396414
97.85697953773803 0.0132 40593.49488651988
96.8749725308038 0.0145 40400.231179718256
97.87636024687556 0.0118 40549.12264939632
97.5122484855277 0.0138 40269.006298152424
98.05932378396527 0.0122 40343.96895292441
98.00055809936552 0.0129 40409.09689702878
97.17789803616007 0.0098 40461.87741153186
97.0998382581412 0.0112 40284.771958643825
98.06241727247448 0.0119 40490.09479682726
95.88810609456844 0.0117 40128.58187815921
97.12874907392076 0.0115 40421.56002379022
97.60299452454213 0.0135 40326.530868459915
95.64566680097292 0.0112 40390.92507298352
98.3170982673635 0.0109 40453.63500659995
97.95175803886721 0.0106 40309.83372075622
97.44335785276547 0.0116 40455.69063351561
96.37560566821392 0.0114 40447.60189175423
98.12326298150609 0.0086 40435.47615264804
97.65743391656132 0.0097 40331.80556690302
98.02131727072255 0.0103 40377.93861702909
98.31704031802975 0.0102 40350.94281770193
97.52155971001663 0.0099 40320.71224702776
97.22641018501584 0.0101 40525.03447489433
97.66722455817197 0.0098 40391.0726597423
98.21401187107003 0.0092 40584.246511560894
97.94412419911127 0.0104 40601.06272764736
97.9125263389343 0.0087 40322.77287368979
97.34031304201324 0.0073 40372.53884341532
97.81797144365036 0.0102 40345.024500137886
96.76076539345729 0.0115 40194.83160404739
98.19840658341029 0.0108 40354.35441989118
97.96552472367146 0.009 40399.69688011121
97.34493460540182 0.0101 40337.19594771746
97.89803510081472 0.009 40328.19689498063
97.92865127921509 0.0073 40149.59040403918
97.52966134294365 0.0075 40229.47301870359
97.88986609510427 0.0074 40504.63101858415
98.11211631419792 0.0092 40399.714728404615
98.29153162572159 0.0078 40629.326521871
98.26464535025262 0.0076 40174.22748590062
97.56535416288553 0.0096 40313.32358571079
97.92731453505306 0.007 40321.17530284948
98.0717543787683 0.0075 40183.452859282654
98.37209719178956 0.0087 40346.28024736331
97.77365041197265 0.0085 40402.50946879856
98.09339834074774 0.0086 40228.04586087396
98.208421733696 0.0079 40139.82059604927
97.73361662925817 0.0078 40164.19260816108
95.99916653280278 0.0067 40355.61784101153
98.17843865454029 0.0077 40287.94524396065
98.16302207938624 0.0084 40298.92962810654
98.03388295609223 0.0078 40540.22605903616
98.3091046042111 0.0062 40302.85426721836
97.76337722826918 0.008 40130.974703029846
98.21302174714951 0.0067 40294.13488603149
98.29899944154971 0.0073 40262.05137706538
97.42808293440027 0.0078 40076.27781820171
98.23545347382871 0.0073 40371.13866506377
98.14475349718622 0.0091 40341.236600713906
97.71703984617187 0.0071 40311.90585967428
98.12006904910476 0.0077 40238.86030283143
98.03952640989351 0.0069 40240.47855730564
97.8771543624916 0.0069 40252.60310437285
98.25547448361566 0.0055 40294.68198435753
