4.438082246469357 0.0539 31036.68781563752
3.696812464585436 0.048 30889.600180425765
4.504835217302043 0.0519 30999.238958412618
4.702880998852568 0.0488 30944.472294873038
4.194648103228581 0.0524 30879.48825838079
3.9305516142174355 0.0509 30907.197599080166
6.80584360413886 0.0471 31354.70540010823
4.584244583374017 0.0447 30911.697859225827
5.032266701062372 0.0484 30932.79449327855
4.737512569933786 0.0484 30862.894065459488
4.531091425943284 0.0424 31022.524823858905
5.249885473345515 0.0467 31032.122983147354
6.782377272871559 0.0436 31239.430916351666
5.43990806723895 0.0427 30944.62113178098
5.076523637272435 0.0414 30855.323273084847
5.514620089344439 0.0438 30969.12013824286
5.116785658697333 0.0438 30792.67502662121
6.543763711346 0.0408 31099.941264792425
5.805779454348116 0.0408 31096.988982992094
6.378946703809384 0.0427 31007.079182520443
5.153445957671521 0.0427 30854.619077276206
6.070595610210377 0.0394 30862.99487354592
7.074850510565001 0.0388 31180.355675156912
6.66782156644719 0.0403 31062.569334259795
5.120028072331988 0.0421 30754.3192599236
5.707431627394876 0.0387 30803.716866962364
6.190169713266625 0.0385 30961.275890841513
6.592520982774945 0.0398 31031.555412205937
8.014412762947963 0.0351 31069.446441971562
10.616797118027264 0.0348 31552.61547126393
6.699174225817976 0.0361 31048.237123812854
5.7844282979694555 0.0384 30892.17635441831
8.016182814199135 0.0392 31190.687292031133
6.9382792183048485 0.035 30944.487873126393
5.63824086230108 0.0369 30818.362845315394
6.848456381921495 0.0372 30957.90422583246
7.415453871103616 0.0368 30964.74971497688
6.672789781451914 0.0348 30967.688644776223
9.39067532347707 0.0358 31346.912561258214
7.985337236003881 0.0343 31061.52475524345
10.193804115131824 0.0343 31347.739798916555
5.882868535844235 0.0387 30698.139142231717
11.635381126672712 0.0301 31626.023292745045
10.931397783305156 0.0308 31425.28105513741
15.43683613198536 0.0304 31909.880415441894
9.672549704902 0.0322 31262.521693606697
10.915782720319633 0.0287 31372.652036622778
12.25727806739737 0.028 31699.568572156255
11.163948622530851 0.0319 31415.042371823598
8.837381919542835 0.0327 30999.30041623232
9.692880301566134 0.0304 31244.861267009856
12.083554525440235 0.0312 31685.353533963287
16.86042987547129 0.0291 32305.632061064905
12.316531175519009 0.028 31588.183449678054
6.644841369906262 0.0308 30564.573430501972
8.45036611658029 0.0306 30996.656473373278
10.00719996681063 0.0318 31205.253897080212
11.090873730488209 0.0291 31202.720677828976
12.36991720011789 0.0289 31440.11672185169
11.82460916200585 0.0262 31376.90751627086
17.80214002495772 0.0251 32252.565203528113
22.14191315940505 0.0239 33046.293766982664
9.224120025540097 0.0311 31048.226126343565
26.606613253593498 0.023 33418.34354413092
13.176486633790569 0.027 31739.60734064
26.027803554627045 0.0247 33656.5185099623
13.524666923757197 0.0253 31601.437290282152
17.231161589352194 0.0237 32167.704901989142
20.127212409946107 0.0259 32683.568704000783
41.97673589357334 0.0212 35894.26975023283
38.86630379245768 0.022 35069.38058166006
43.76548850002702 0.0235 35976.23998903822
96.14423491113334 0.0252 40779.75400990145
96.9171516375247 0.0233 41059.44703754811
91.52460713020642 0.0216 40493.74499763294
12.48760168722797 0.0252 31372.860879671593
23.498410975809485 0.0228 32863.54969661312
39.27145117856117 0.0233 35262.05763663245
13.929797241963612 0.0234 31675.435876179596
68.79034521049081 0.0213 38167.11069165165
96.23319988142461 0.0213 40875.03898410128
42.014903016757714 0.0223 34965.31814707558
53.15018103213523 0.0221 36684.40742352403
20.613475694514364 0.0231 32696.588330505085
92.80674667165877 0.0231 40405.550581697
27.073388215806457 0.0236 33693.41720268487
92.30207798171485 0.0208 40637.918438083325
96.595245164999 0.0214 40387.2665321128
97.07501363695302 0.0196 40723.32606495022
96.83933386469327 0.0193 40934.908732496115
51.98143620077322 0.023 36365.69961529302
97.71746689498133 0.0173 40731.78316662065
28.844635182091167 0.0201 33729.33653419727
89.5965716082691 0.0205 40290.41970547553
97.41891195221584 0.0193 40814.68098392229
59.170328666909654 0.0203 37491.07230171215
94.7361328725892 0.0201 40377.3891708652
71.33220267265334 0.0197 38313.29302488048
76.13198265118794 0.019 39048.75969125071
95.32624445100609 0.0164 40297.12027105526
23.777575475016594 0.0215 32988.32887173319
97.66479227683996 0.0188 40874.218429953566
97.7272885455104 0.0183 40665.73167550616
67.84240758892274 0.0199 38017.42030547529
92.99254248335002 0.0167 40324.86782673988
90.23919353719573 0.0183 40188.33348387267
94.5553319467645 0.016 40451.03169822685
97.02742812322091 0.0159 40631.447215778135
96.38392020124098 0.018 40433.84271205734
96.36707670860717 0.0171 40610.48350865648
95.29831447893994 0.0146 40410.63581833086
94.63822666776211 0.0158 40152.4015947802
76.759013575143 0.0186 38547.706454741856
52.54899746925841 0.0185 35627.05740725441
97.7517803903863 0.0157 40672.546292121915
94.20297339990168 0.0135 40388.19162122483
93.18793287849995 0.015 40257.49261725215
97.61238173593648 0.0136 40546.255378279704
95.38874738230577 0.0143 40462.99626477082
95.01697400775659 0.0158 40389.171955157595
96.65958588290084 0.0166 40476.8900299912
96.78453066649078 0.0137 40526.45787174128
96.82723200479097 0.016 40668.12112138631
96.45236629586448 0.014 40372.67421329709
97.15964021822954 0.0163 40698.78381357605
90.22740737091469 0.0147 39949.526350659165
93.16035076453095 0.0131 40081.054638867725
97.48831192452279 0.014 40561.58660971224
95.04893761006171 0.0135 40210.092439724875
94.13133816717406 0.014 40278.4593985856
97.76105432600656 0.0136 40469.996480442394
97.59234660610116 0.0145 40355.27583808771
95.26450104994403 0.0136 40368.38773169151
96.43357851028527 0.0129 40129.00787385179
97.7098405277885 0.0122 40505.69953959187
96.71784176250286 0.013 40276.889958550826
97.22277911153346 0.0129 40321.96619602972
98.3720122348393 0.0141 40394.94587944955
97.83061377252872 0.0128 40282.319466350586
97.6548097425321 0.0119 40341.49990971282
97.42677005923031 0.0142 40201.7196383968
97.63652334865775 0.0123 40349.80271074403
96.1764208323426 0.012 40367.58353099768
97.86059189638439 0.0114 40521.97387608511
98.13454604591092 0.011 40399.70081110188
97.71274336180869 0.0121 40684.86096172313
98.26917198970399 0.0121 40374.16812452413
94.00788012634301 0.0137 40100.45003932803
97.66569153076856 0.0103 40455.66697897566
96.87627097844123 0.0115 40324.13654609709
95.52856634198821 0.0111 40317.32549041708
97.69290337382931 0.0125 40503.832009035075
98.13243996912786 0.0111 40442.512688213224
97.85122073356624 0.01 40331.88695516159
98.19773306940252 0.0092 40559.038749102256
98.28665963293177 0.0124 40269.393452341064
97.97271116106594 0.0114 40231.12666907145
97.60066898410746 0.0121 40021.89488062429
97.61197586524145 0.0097 40478.787565757324
97.52993355841522 0.0104 40231.925855610345
92.39757625870288 0.0099 39926.16900857688
97.07928464757529 0.0088 40427.66736432959
96.83546005515552 0.0097 40366.37678349401
97.42367961529128 0.0101 40229.7334394994
97.46820371872406 0.0107 40191.54200044113
98.08266127720965 0.0096 40085.84030948797
98.11811887764392 0.0094 40403.55609392348
98.20575909275854 0.0088 40253.02361406585
98.3781397578674 0.0102 40395.55322740603
96.84024826213266 0.0086 40172.67087751718
97.48305398878591 0.0107 40418.08908642032
95.83027658174107 0.0092 40250.69610388864
97.78194097188664 0.0102 40112.467341157884
97.72630858363765 0.0086 40204.37500412712
96.82573118538438 0.0103 40333.30855664872
98.33472604524849 0.0071 40379.96631980119
98.10625627585279 0.0085 40194.47122302928
97.7026687410302 0.0074 40247.147031003085
98.22670601361415 0.0088 40250.86712569619
97.97696123443681 0.0067 40138.2499519211
97.8856697621669 0.0091 40188.84968691641
98.08949766106456 0.0082 40418.045113133325
97.90664830335528 0.0097 40374.76778860077
98.12178048699582 0.0088 40255.842663553645
97.81519383817191 0.0065 40366.808335205
97.92886995615189 0.0076 40233.295686754514
97.9612389645288 0.0081 40450.66216244839
98.28451061579892 0.0087 40328.19863925209
97.64510737165614 0.0071 40215.39086478058
98.36722603427144 0.0066 40084.52408795978
97.9448209854435 0.0069 40163.08833796595
98.38903613777485 0.0081 40493.273070685296
98.33849518253922 0.0065 40500.13049989088
98.3755075089296 0.0075 40386.69092790194
98.13374212655742 0.0079 40185.860679381934
98.12248479032263 0.0064 40380.02012687269
97.50731668739225 0.0069 40121.9952479386
98.02925832025174 0.0069 40264.30783919037
97.90731253441466 0.0072 40316.60817093553
97.99236260827381 0.0063 40097.18104653155
