4.3266538230313865 0.047 30973.424944518472
4.598917882988307 0.0509 31087.57502841261
4.397193742905144 0.0494 30933.030792267717
3.6374393324971783 0.0506 30877.812308832756
5.349909915005332 0.0504 31059.215712045545
4.6256704480527215 0.048 31022.714543125116
7.1096967939806985 0.0466 31494.784296926933
5.372336718545593 0.0452 31041.81376445735
4.822379535717627 0.0455 31090.65105536952
5.1532092089168655 0.0463 31021.356799506146
5.920239985735799 0.0426 31171.692805405553
6.283370650615593 0.0416 31028.13887273579
4.96552818689332 0.0437 31037.919840044215
5.76126464648087 0.0409 31056.72197986317
6.081286430329933 0.0445 30949.715383026465
4.68210114040127 0.0441 30867.223046843268
4.691711338239077 0.0428 30869.436177791198
4.718188945940135 0.0446 30963.367932274195
7.350874666472408 0.0429 31219.317109990167
6.7178289147556525 0.0422 31100.608908966617
6.365305284116927 0.0423 31149.228821403605
7.309505943893374 0.039 31332.694748756876
5.933967399554775 0.0414 30994.68995683139
6.037602432443255 0.0406 30834.441120648335
6.105611340867207 0.0379 30859.417940969888
6.195562760715089 0.0374 30711.531895834894
7.326540777435843 0.0366 31052.732130876593
6.244606106708769 0.0392 30918.572754462326
9.007153257122157 0.04 31332.524802048752
6.53254660677002 0.037 31008.24419790217
6.6838144474709855 0.0357 30965.21465715468
8.46890965637737 0.0326 31271.58518335651
7.070970645487964 0.0367 30890.93197282778
8.531504303951218 0.0355 31187.188870866208
8.025418419627414 0.034 31166.496151061972
15.30442210215514 0.0312 32193.558614573605
6.583370171883422 0.0362 30895.23888582666
7.320669768062852 0.0354 30897.021524176158
8.147044299905993 0.0351 31077.604626075856
6.7892033004957 0.0361 30867.189043085353
7.465110942075655 0.0332 31042.168945343587
8.571371730771444 0.0318 31214.433655072724
10.231337683240447 0.0339 31316.035463467586
14.331355747296655 0.0322 32172.71682724466
10.564658858569226 0.0316 31312.622246238574
8.133727445966072 0.0312 31007.71012397965
10.358341325442822 0.031 31462.201493743
7.9343691743152815 0.0349 31038.503630692907
11.306485448052534 0.0298 31322.581462910162
12.711898396720242 0.0305 31614.71093619884
11.117329552390924 0.0294 31506.810701211703
9.49898277979736 0.0309 31171.16518567667
13.47576546313 0.0292 31858.21131013094
13.807009401350893 0.0276 31724.57263751626
10.934889522224639 0.0283 31353.22438740723
9.294748820250357 0.0293 30966.35439242566
8.867312384533161 0.031 30977.628479515
21.46746211952949 0.0251 32842.35926906546
12.29079929428323 0.0252 31620.633496085477
24.38838943022887 0.0262 33388.80937757054
18.07797536424893 0.0261 32352.164963825682
11.60093581758837 0.0278 31393.326823275445
16.161647124986963 0.0255 32032.950901952452
29.237451516044583 0.0248 33992.79653436402
12.113067659844214 0.0279 31404.680358717877
16.80391778946909 0.026 32212.777460121488
10.4290350353891 0.0271 31156.217138677504
92.68939571733527 0.0233 40808.34334441811
31.56781903132143 0.0235 33952.172070350185
15.341489034077874 0.0253 31933.1823308184
13.608902078396266 0.0247 31436.15614983279
24.774342496455713 0.024 33376.774524204746
23.87288901163563 0.0242 32899.49093570237
30.209503654241615 0.0233 33915.4279885522
24.83093192325586 0.0253 33292.41653120255
29.12283802669499 0.0236 33856.54882942142
16.46041112810367 0.0248 32109.884243332894
40.72778604861378 0.0227 35540.41328709483
21.677621752261437 0.0265 32864.262853094195
18.037147465859398 0.0245 32294.729200724687
23.431346795550162 0.0231 33215.194904395445
22.237617083904794 0.0236 32697.215888332485
94.64995013656973 0.0209 40403.672678880735
30.933119530377752 0.0226 34125.24425113456
30.716445647078128 0.0227 34222.60037393955
44.68833318830211 0.0207 35806.88977352201
90.6242487636183 0.0216 40299.597288963705
91.03930798062405 0.0217 40309.337782643015
70.09068868512075 0.02 38195.14036616195
50.40172135292174 0.0207 36470.414275607145
72.85199618372414 0.0204 38834.95868989297
93.3889957633255 0.02 40514.42358975304
97.21423109088944 0.017 40707.805212551524
83.3870065635132 0.0214 39380.808027326944
87.62327575603796 0.0202 40080.382938795825
95.42211169991693 0.0183 40750.031420286294
93.41512902487939 0.0177 40241.215245116255
95.9508933161248 0.0181 40627.468689525245
88.53328733128019 0.0184 40124.793769753065
95.98755058144776 0.0189 40546.86400213522
58.20460574711908 0.0193 36871.62255876828
96.24605025211126 0.0184 40574.77785387001
87.96172100328717 0.0172 39906.609640479524
91.24756429387722 0.0162 40185.78502412191
66.97730364976759 0.0191 37622.3454841401
82.97892114264302 0.0195 39543.15109169775
94.09400251972488 0.0149 40495.71913332602
85.18936036027486 0.019 39506.92271266673
97.94353462179362 0.0155 40562.56466908595
92.99814968568782 0.0182 40607.942239364
93.51874007613627 0.017 40286.40543839587
97.33289553561853 0.0154 40607.2907071033
97.58057800225038 0.0171 40741.50117933659
97.99886029009878 0.016 40693.967203848886
98.3285966481069 0.0145 40624.65672662409
96.10014524719085 0.0156 40351.10834532428
88.25470668811725 0.0147 39729.14736514813
84.962351578483 0.0159 39399.021836686006
97.85527591757709 0.0148 40614.68575372
96.69705360028158 0.017 40323.985019265645
97.96323656389423 0.0143 40421.64792662094
97.65708463914704 0.0149 40563.46992115388
96.4959219326047 0.0146 40449.27842459808
70.8479325051559 0.0165 37915.95396328138
97.35929453446927 0.0153 40581.21553239835
96.81718709232521 0.0125 40407.78376818057
97.50367622224995 0.0137 40909.981868519215
95.97302055073747 0.0136 40353.38922440864
94.51936479357491 0.013 40456.56341090505
89.10776396858859 0.014 39673.83246294885
97.72404959062042 0.0123 40323.69056620804
98.03473190322131 0.0136 40544.29235669231
97.54280857327106 0.0135 40596.32283139328
95.80276026299104 0.0134 40116.58560496235
97.99078503847784 0.0127 40510.183813804535
97.19787521310944 0.0147 40598.9039406996
98.0786840861254 0.0136 40515.12619109371
97.80231133189092 0.0135 40665.391481604245
95.83853494109847 0.0128 40374.53375633308
96.67008799788961 0.0104 40252.02157698259
97.7920799476499 0.0138 40474.106239507484
97.92891926005048 0.0113 40452.4584696487
97.07772109310173 0.013 40154.92605911797
95.83320702631798 0.0122 40281.33355060945
94.07382374107407 0.0142 39938.52317178696
98.16150532637273 0.01 40429.290583675014
96.28044674412585 0.0133 40354.4663774159
97.36265507699063 0.01 40324.543950716376
97.69261587320456 0.0115 40574.324469817904
96.1167435355147 0.0111 40184.15630208446
98.29627448274087 0.0103 40488.52725064251
97.40593876473093 0.0122 40377.47067964059
97.60587953268814 0.0113 40487.54001730017
98.05856787407107 0.0115 40526.31853973624
97.29185360912723 0.0111 40339.36889332236
98.34566417027149 0.0099 40234.118391414246
97.07044997495196 0.0112 40235.04099823179
98.23006828225215 0.0112 40558.22276974438
97.63548654466734 0.0099 40245.18701428351
97.60784395349704 0.0092 40390.3056880462
97.90086950606232 0.011 40400.210872473006
97.91205883396714 0.0102 40349.59595033222
96.84289863494088 0.0106 40420.825064164135
97.92804202952308 0.0102 40442.79052526547
98.02858885084765 0.0091 40386.40229847571
96.7384222505047 0.0104 40117.56067502216
97.09450955591095 0.0094 40179.42392916128
98.32907020936634 0.0096 40561.50538760211
97.45979116530435 0.0085 40418.33892337427
98.35206701082097 0.0095 40332.80199380874
98.1624053590318 0.008 40309.82244521367
96.67912509980036 0.0094 40065.435139329755
98.17094607843322 0.0079 40154.530984478115
98.37328258308303 0.0077 40457.20087126744
98.20117988649413 0.0085 40348.01709642312
97.93737786579044 0.0086 40279.84195347185
97.21290632454307 0.0092 40293.30782165593
97.38464333159585 0.0085 40151.75432193319
97.93952798790228 0.0076 40404.91719409114
97.9816560285843 0.0072 40442.95710625773
98.26685224445691 0.0086 40320.75336288094
98.00007063922614 0.0087 40223.36144797324
95.72156440130549 0.0082 40054.401955685804
98.01396766263696 0.0077 40373.086089346354
98.31988685233848 0.0075 40334.55768385649
97.22065975030807 0.0078 40322.50700618162
96.8468960535091 0.0085 39960.82485652924
98.3499153344018 0.0064 40354.187125481454
98.17062110927402 0.0072 40339.36033935974
97.12987801256557 0.0072 40064.38518735441
98.24716375894027 0.0091 40191.48877042186
97.77341523779967 0.0085 40416.57279522697
98.2988708448559 0.0067 40251.70608696933
97.5780250481854 0.0066 40125.57240492699
98.0847922005131 0.0077 40200.38981323317
98.0953610431589 0.0076 40376.215744246074
96.54220482701 0.0072 40212.950096682514
98.25419591909517 0.0071 39997.94261534479
97.86265653996718 0.0079 40283.26504012379
98.2258888161698 0.0059 40242.371085173545
