4.538231321525061 0.052 31168.132961353884
3.8703981036792188 0.0497 30889.405319309313
4.137834918975117 0.0492 31038.11798866377
4.536825800840844 0.0511 30992.922877996934
4.944092410317133 0.0435 30973.359688535787
4.5550064311234655 0.0476 30998.340763097625
3.4368982787868654 0.0516 30710.20103396837
4.983844135021862 0.0459 30993.778449162943
5.936164209699065 0.0425 31192.940262650474
4.6565070814730625 0.046 30987.123120664848
4.69902610229921 0.0458 30935.989390308758
5.646110690039493 0.0425 31135.66125004092
3.8272320667016966 0.0504 30717.161851046345
6.4453287711429965 0.0422 31256.085792362963
4.687239867486679 0.0459 30806.859499515573
4.462404890504319 0.0443 30745.78653405474
5.3932954492431096 0.0405 31016.871893878695
6.498653423451537 0.0407 30987.023339446914
5.485221822864888 0.0385 30880.74364449558
4.655910636889125 0.0448 30786.342337419832
5.608958613385345 0.0407 30945.049900801205
4.562067513111069 0.0435 30637.877009389715
7.298413041306622 0.0401 31170.289429119002
7.096748002669846 0.0391 31148.9322891339
8.468932032611573 0.0384 31299.39609812193
5.903491026566204 0.041 30987.823407678683
6.560613946033499 0.0425 31012.888306680765
7.556032994461768 0.0396 31095.633419551297
6.957492464032946 0.0352 31136.105415520287
6.098925681405055 0.0395 30840.617005899334
7.46292716306592 0.0384 31068.65623560701
9.999721388173398 0.036 31371.013443167525
5.4526589585097165 0.039 30766.672352603862
7.354179340410423 0.0353 31105.600675893984
8.048378727901936 0.0344 31063.508265783188
7.429244314731632 0.0362 30922.355778777182
11.324091739770672 0.0332 31636.586812657744
9.736395681128196 0.033 31502.206603594965
9.283633134933256 0.0337 31189.259909915258
8.679448270363913 0.0306 31140.994841260406
10.750082785485947 0.0298 31408.436347986673
7.865710482073766 0.0336 30968.030296671728
14.82929302856045 0.0274 32179.47341279
7.069366152399678 0.0351 30856.346725717292
10.504430306232203 0.0305 31497.926599569953
9.768036871947622 0.034 31199.42051721746
8.135674798222963 0.0318 30971.31286098335
19.51473349579021 0.0288 32509.380933867917
9.887751893722115 0.0284 31165.102641722868
11.273926387094862 0.0294 31584.900828858805
8.118366051946701 0.0297 30808.09701752706
13.778018907300877 0.0306 31855.767031697327
10.680465185689965 0.0289 31317.04804057406
8.909580860585974 0.0316 31015.095924821475
15.604161049565612 0.0294 31816.043471035162
9.27813941959331 0.0295 31061.961714368954
11.31113804646009 0.0277 31343.01003736917
15.236305518850227 0.0284 31968.972936661816
16.87471260883355 0.026 32150.29790914869
12.945028019132144 0.0271 31428.412854961163
21.244592251591893 0.0256 32949.870582464166
15.901878257998588 0.0282 32033.972758357973
12.149449240586739 0.0255 31472.146155564875
11.590759360256715 0.0263 31372.90837490942
9.280987667245036 0.0286 31097.41105679855
13.112814182513489 0.0275 31640.972656589896
26.809639578297478 0.0248 33651.199539266
21.50162094763493 0.0251 32868.10785088347
15.519770483921096 0.0228 31911.64974143089
24.430579326705892 0.0233 33292.473229126655
16.532851927244614 0.0242 31986.425368484248
21.503497444445387 0.0258 32763.112307661766
28.178863792103172 0.0243 34042.02886766401
24.27027141164558 0.0234 33274.37826078734
48.13428429183072 0.0222 36038.19381180919
91.3001991426429 0.0243 40466.10345697293
96.39849841904979 0.0234 40818.305024434194
88.68673155479556 0.0199 40230.075077161506
52.76327778200607 0.0215 37078.49339421041
31.760720801158513 0.0226 34358.86133460168
30.96540883847531 0.0228 33975.09413590496
90.1025051731486 0.0224 40111.7013630829
93.94570576795502 0.0236 40795.65944419105
23.318947155667328 0.0223 33019.80882749238
33.8006308539575 0.024 34449.60808362907
47.98104628380843 0.0208 36087.0634631935
66.32518830594888 0.0205 37862.59875603061
53.113194292839665 0.0199 36405.99080808127
40.14007628996792 0.021 34993.13888109901
88.58292807088795 0.0192 40284.02523214077
97.40383194490717 0.0188 40711.272255106895
26.189242237734852 0.0217 33225.226666480856
80.73046943879501 0.0184 38910.497357934706
56.71207147366934 0.0198 37142.943150441766
35.80314983866846 0.0211 34661.84996564561
98.21163522740922 0.0192 41076.53752767861
97.40413939250074 0.0197 40633.116944688634
91.25718143610622 0.0187 40322.85050870073
95.31612071629905 0.0173 40684.710459341215
93.94067836023817 0.0179 40172.23697057343
96.02879565673837 0.0167 40734.82534728361
97.98484385407794 0.0177 40680.667668293114
96.09204289975195 0.0166 40407.89309191897
96.76560945967566 0.019 40747.45205825001
95.11955615311267 0.016 40332.17381275509
94.54158705407083 0.0159 40606.00484822055
96.84432670787855 0.0172 40638.28838068101
95.47480517670114 0.0161 40658.624966978154
82.06966753542952 0.018 39402.257184994916
96.84903046852854 0.019 40610.8504815848
94.60730857668798 0.0161 40647.76032264035
95.18405692573216 0.0146 40450.70438715188
94.96278799969261 0.0143 40318.27514440117
97.78583765314661 0.0141 40729.62929278726
93.82051901885802 0.0161 40313.40816979612
89.84794863218646 0.0157 40236.238883539896
97.8623456555279 0.0161 40568.90422132774
98.34669123485814 0.0154 40550.58190636552
94.46078578618236 0.0158 40433.02591392532
97.59647274202024 0.0155 40588.04588677063
96.0738540366395 0.0142 40214.151259176964
89.86194616888916 0.0154 40131.14121061612
97.87971987293705 0.0149 40698.999761920015
96.65719446038854 0.0138 40285.220308943484
96.81224752515739 0.015 40435.638875190845
97.47642478431004 0.0151 40660.86189629711
94.6821760805001 0.0151 40391.48921239157
97.95427577291419 0.0139 40395.39323228279
97.3428602013509 0.0155 40474.58940216727
97.72213721210916 0.0134 40450.84850335553
97.83535832886591 0.0144 40402.363337252784
96.26041485140777 0.0123 40327.36535053344
97.80171278217226 0.0139 40593.267912470976
97.74242110642373 0.014 40429.52558628176
95.76981830095251 0.0124 40386.69579773236
89.11402527807199 0.0135 39506.63445970379
97.34508354421564 0.0133 40450.35284861364
98.0844970171253 0.012 40475.67782462486
97.89601129480211 0.0144 40501.783679566084
97.54570931290759 0.0099 40481.33117476568
98.0333177102703 0.0135 40513.81602885336
97.60668910292469 0.0132 40375.52006162577
95.33310245372762 0.0134 40298.54121159504
96.9628947047206 0.0116 40391.47855991603
98.02045955370235 0.0107 40709.90539800139
97.25628316738045 0.0119 40234.26562932767
95.44030764358966 0.0107 39993.73647813313
98.15314334896175 0.0106 40333.27919941137
97.6797214183522 0.0104 40190.82309755738
97.98682403493419 0.0104 40503.34508148122
97.41666318649821 0.0114 40363.96422102107
97.11522951580032 0.0113 40345.27972483412
98.06254201279695 0.0119 40646.03514230444
98.14485620530755 0.0099 40445.81262068314
96.64017895287436 0.0099 40353.76277581962
96.7615787645392 0.0107 40259.51064506617
98.38988528863555 0.0109 40413.340115430925
97.81089437730823 0.0121 40620.334466316606
98.16980875484126 0.01 40491.8499460087
98.10580578524585 0.0115 40559.46303574728
98.34314291530153 0.0104 40434.24955959116
98.15036358786358 0.0099 40267.51153622114
98.02983875733902 0.0112 40280.798923811526
98.18388304805143 0.0093 40227.20207833932
98.15583150096096 0.011 40467.158679840395
97.95201509729948 0.0089 40348.54336610681
97.09114552543878 0.0089 40449.564684683945
97.49400022786352 0.0091 40515.90766750194
98.18956321781494 0.0091 40583.48569085858
97.68569471460127 0.0084 40322.73925090366
98.10811288042578 0.0079 40362.328033636346
97.58195264983421 0.0105 40245.212789278594
98.24055166623546 0.0084 40265.37489875178
96.99841575491449 0.0082 40249.84318797868
97.6158507937352 0.0071 40327.05330744416
97.87290970774843 0.008 40475.33352941924
98.24469852767193 0.0091 40501.99991744958
98.20203876071153 0.0082 40411.14373880163
97.91261302840955 0.0085 40249.53595608577
98.26922122279271 0.0075 40192.62007158066
98.29746817747643 0.008 40379.079875370015
98.12994236924783 0.0082 40270.558036366776
98.21284755873118 0.0073 40255.16752801912
98.01927933050314 0.0072 40140.48544835532
97.49818192223425 0.008 40289.87109791573
98.05439677430115 0.008 40308.469772221826
96.88728418977726 0.0084 40234.225314360265
98.3644491084036 0.0075 40328.21423557721
98.01046133672979 0.0079 40173.822262331116
97.51394492098623 0.0072 40092.78107130943
97.721464031272 0.0081 40273.05275380244
98.33187930363593 0.009 40240.614342710905
97.77780519245754 0.0089 40103.05664542739
97.94905223401315 0.0087 40054.18269037006
98.00445513783099 0.0071 40435.56958112831
97.81615208713269 0.0077 40223.5973251099
97.97673397697646 0.0078 40328.81558529435
98.28776408691047 0.0076 40299.60131681218
98.0879987544675 0.0085 40050.994177634064
97.69816947429415 0.0074 40051.09461704875
