5.335139384497644 0.0471 31137.980324596043
3.9949391071014007 0.0493 30937.266018079037
4.380056329953802 0.0467 31123.06755996959
6.006573315088224 0.0431 31259.211733506854
4.330206307878104 0.0476 31011.708187744458
4.5684724371081975 0.0501 31123.905788863565
4.155052114411901 0.0471 30984.144997536067
4.686305236217723 0.0427 31035.987625494014
4.787321092759129 0.0456 30899.083974332487
6.011522919771361 0.0445 31095.796974132478
4.025439940069407 0.0466 30911.840621071806
4.16433889799509 0.0459 30671.257376479683
8.804970603314427 0.0428 31538.269805971744
6.030001795607568 0.0462 31097.326626434875
5.815973695091384 0.0404 30981.37283093816
4.870171286031039 0.0422 30937.041761612258
6.143528536406223 0.0418 31075.21509778714
6.593133810330288 0.039 31134.92354151199
5.591226146932583 0.0446 30825.53857324079
6.18840010675792 0.0451 30866.01920830069
6.5511946267577645 0.0403 31058.801040866445
6.324570874650264 0.0431 30858.398113743344
6.472592009724831 0.0381 30968.92615802919
6.493065211875149 0.037 30998.68325203698
6.15558219341234 0.038 31052.56191986168
5.170252536099952 0.0399 30811.160594464884
6.526923662670601 0.0346 30948.032365109237
7.173718615786513 0.0359 31161.56070471768
6.8930665450185495 0.0397 31101.8129513715
8.182737703166207 0.0388 31321.6929522698
5.738142781413291 0.0383 30896.88232005694
8.725995671229091 0.0334 31332.931914402554
7.402315136221267 0.0354 31122.17344068412
6.87452861312451 0.0376 30896.690620596575
10.329081568009219 0.0356 31505.05153746554
7.177267049317781 0.0355 30838.23163194881
7.68091150365138 0.0352 31100.368697136855
7.700426602718176 0.0345 31090.28381775285
6.944994178083331 0.0345 31046.82540313633
10.716103513007933 0.0358 31338.54143719369
6.969171977497912 0.0347 30846.016531180583
9.606222870416964 0.0333 31310.76632397085
10.253682097782432 0.0322 31275.82106733497
7.423686992600281 0.0324 30811.32376339573
13.502373505058893 0.0302 31936.434459187756
8.279446171607525 0.032 31047.02885857523
11.2239389098698 0.0288 31472.500223467174
10.80544427532654 0.0297 31316.649234423363
10.108109064321164 0.028 31253.13446138428
13.97497025250508 0.0292 31788.114195299888
11.3431172573507 0.0308 31444.784416403556
14.894509095868171 0.0307 31892.73004699123
15.74830567262108 0.0261 31965.72628129198
21.813574596331186 0.0279 33043.57026513419
9.470207025135064 0.0295 31048.799404529873
15.899382231493393 0.0273 32140.550843022345
10.22554748255183 0.0279 31135.464291473967
17.98086744746702 0.0254 32380.820462381584
9.543029908389416 0.0291 31063.112703274546
18.845110026954348 0.0289 32481.68416519799
13.306645072994069 0.0294 31622.376277094143
19.015409662887784 0.0271 32489.82893065223
16.288738443988432 0.0277 32170.302176132256
18.783040292484472 0.0269 32272.35550679815
22.270089310769034 0.0273 32538.091785163902
30.088942558197118 0.0231 33977.510373493475
15.155323036429522 0.0251 31797.50427990753
17.640922125332988 0.0253 32356.37550997009
21.747309440056934 0.0264 32544.90123806543
14.090950672146285 0.0262 31756.48929003279
96.9362221842654 0.0241 40955.28361738642
25.466305357046483 0.023 33416.94614962733
27.54564709009801 0.0237 33644.21151686612
25.11576208527922 0.023 33258.08205917396
18.14908202727582 0.0254 32258.864043124926
89.76758849502731 0.0216 40140.792992000504
51.18560525506213 0.0224 36503.83423301697
28.725843021416374 0.0215 33965.71904621072
17.097315054336274 0.0246 32005.02846296203
32.92638064567351 0.0227 34238.12676688744
56.79362189099773 0.0195 36776.506578778826
25.028500537434375 0.0219 33359.41653011164
85.04092575070513 0.0198 39749.46828430626
25.363586182625866 0.0232 33175.47860848974
51.46840217367132 0.0204 36403.984469289906
95.39675481728955 0.0196 40685.607527526154
70.13597786748178 0.0202 38393.7554994922
19.11545515469521 0.0232 32248.10693235254
36.24946530466797 0.0227 34693.81306559345
68.08259702678143 0.0204 38104.910513159615
16.167395086716198 0.023 32064.110675602402
82.26651707835435 0.0181 39106.34919435282
97.65039193744609 0.0202 40842.95220924402
95.42559867063659 0.0207 40875.109813196235
82.99485392735922 0.0205 39470.924561884225
97.61679912836436 0.0186 40795.66950004369
97.7292364139279 0.0216 40715.552473994656
96.2763257506668 0.0202 40731.51565644269
93.98723958438036 0.0189 40504.18333956271
68.37935769207252 0.0178 38078.34932312293
80.85074228668759 0.0182 39260.214781101175
94.12685517466358 0.0164 40381.898322326015
97.78458951065296 0.0162 40689.59211089901
96.9646834708987 0.0166 40637.933407119286
91.47490853122098 0.0162 40291.145511269504
96.77281200541954 0.017 40687.04349157585
88.15277915953759 0.0175 39826.94986609826
93.39280508692772 0.0177 40398.57544871015
98.1335336842492 0.0158 40861.23806634347
93.54821557993104 0.0162 40369.75570796909
96.36220123604576 0.0178 40606.929815459174
98.19856467895319 0.0161 40652.311233088345
97.12401864180963 0.0163 40571.75449605097
98.16592377539799 0.0149 40762.41349236073
86.05062550156966 0.0157 39574.34087120934
97.92212889763758 0.0161 40692.24455471287
97.0926277809237 0.017 40541.0708933562
94.1653620690203 0.0153 40402.45615414157
97.00374453738866 0.015 40383.10315281134
85.23937512986514 0.0176 39606.76360759765
92.21169931651355 0.0151 40120.83494714904
86.30678525292421 0.0161 39566.51002362713
98.20959062278162 0.0145 40800.14122334187
94.08565827414021 0.0145 40333.981201659764
98.0354726115916 0.0145 40672.31908896613
96.45895899106378 0.0148 40544.94626948281
97.53471498650512 0.0156 40691.07571703915
94.5178744134537 0.0137 40327.342461693086
94.0925216584136 0.0133 40122.794887445656
96.87916383435147 0.015 40730.11692332307
97.42532267356712 0.0129 40473.93657383519
93.9235809304505 0.0137 40080.48607866457
97.12023240851559 0.0127 40600.633985961154
96.81327432869695 0.014 40450.4144621501
98.00018398332983 0.013 40561.400740074845
97.70205136685391 0.0127 40417.63211853445
97.76786873995617 0.015 40431.4629238288
97.60913096884809 0.0128 40215.13804418121
97.10420798655005 0.0112 40309.51948121205
98.0025382041733 0.0103 40393.5157186041
97.27077508920898 0.0115 40351.074203061406
98.11825423073633 0.0117 40663.23366733853
97.2809015915891 0.0107 40380.578294759805
98.30041240883219 0.0108 40554.088612928135
97.89441544751602 0.0114 40353.94473052157
97.10091965671373 0.0134 40144.70243764112
95.16338939694079 0.0131 40240.745506931904
93.57174445936514 0.011 39853.81817078244
97.82365914931705 0.0122 40577.39160738323
97.59683800639252 0.0107 40459.34379913942
96.94382362396769 0.0122 40498.97444705754
97.94322472125154 0.0102 40526.63585318472
97.73981741148846 0.0104 40409.42623242406
98.07320360623139 0.011 40363.25167228688
95.69142424825712 0.0104 40103.43651112111
98.06016016104606 0.0093 40407.679399832545
97.23140456841561 0.0112 40290.569455254554
97.87050130752125 0.0104 40209.82063345309
98.01067347106627 0.0115 40171.76663785789
96.59718266336351 0.0096 40142.84382791274
97.8656515312818 0.0085 40091.84236084589
96.52382809537764 0.0101 40275.192464502725
97.77587263463988 0.0106 40302.12807248156
96.96604546791397 0.0097 40335.119473797415
97.89057654587 0.0085 40579.858586923074
98.09416447972714 0.0096 40278.88543242363
94.94117331957976 0.0102 40085.01779294995
98.21045081843181 0.0092 40111.482129693075
98.30543030352223 0.0091 40248.819623436524
98.02632291336438 0.0086 40332.049726194906
97.3952925681293 0.0102 40421.54200928708
97.40084932918094 0.0076 40366.2348506148
97.79474950937394 0.0089 40114.39438672316
97.56967137880287 0.009 40141.11919211604
98.36683139224387 0.0095 40106.72524306424
97.79183674399427 0.0079 40413.82925828864
98.22457680970022 0.0079 40172.19252684754
98.2661423931488 0.0105 40276.49516579196
97.86010310977782 0.0087 40374.01229631782
97.67105857115354 0.0083 40450.828815955094
97.99351467105855 0.0059 40207.967337173286
97.71441176879837 0.0086 40361.54184087036
98.23493228525253 0.009 40386.242943304125
97.76409011075997 0.0091 40446.941444696764
97.98444713263821 0.0082 40205.64222200869
97.52850620381149 0.0083 40254.02863441468
97.64393479674442 0.0074 40158.072630030045
98.04753184432765 0.0069 40284.34502731217
97.58910187442322 0.0081 40157.95648713024
98.23957239141805 0.0084 40166.01828355088
98.07106580212363 0.0076 40290.88760423691
98.16463213788334 0.0071 40372.390597223304
97.63666897561316 0.0084 40244.472637886116
98.15397890713355 0.0082 40200.01047121148
98.09813923187082 0.0082 39996.9509123274
98.26051968980866 0.0074 40447.308478672654
98.35094754845693 0.0064 40314.96286467593
97.88818385184842 0.0081 40317.530008957045
97.65936383256694 0.0076 40233.58456960138
98.36863964121723 0.0075 40430.761881224185
