3.9286510691115772 0.0492 30876.516268274656
6.226902776932565 0.0502 31199.66482041397
3.9875570801590126 0.0519 30911.120061620244
4.547420893820389 0.0492 31106.169306296877
4.590800068099033 0.0491 31155.93768903203
4.833417284042178 0.0455 30992.272133855742
4.551250563255293 0.0484 30979.65617721754
4.487397808558599 0.0458 30846.919853945063
5.359378456352713 0.0459 31026.630554421157
5.49551821809593 0.0437 31123.20332695869
4.997241589831034 0.0459 30962.700335477533
5.5881590924882785 0.0419 30916.083172010745
6.576145298169713 0.0438 31200.39879928297
5.350177244573836 0.042 31022.287104880023
5.189647121322554 0.0442 30968.402790686625
6.30181490462318 0.042 31149.801455819837
4.2357048266360176 0.0461 30856.166275334683
5.004731365876565 0.0408 30743.81264909463
4.509833397939585 0.0442 30812.570783295436
6.154683031118095 0.0409 31045.601818620235
6.456471183017745 0.0383 30977.33823477106
6.029655518925633 0.0402 30992.540356090984
5.883503232999373 0.0394 31011.65381444298
7.036802402337252 0.0348 31199.195846390743
5.707890541350059 0.0395 30929.349765260165
9.658068872684247 0.0357 31504.139364323186
6.606816990365822 0.0377 30942.10740406358
6.539881617220414 0.0379 30806.51779239354
6.451734799512558 0.0378 30863.15821358636
4.364613485006548 0.038 30668.450754209025
9.240107213308946 0.0361 31168.179666926237
8.631078418109928 0.0345 31177.338018043007
6.750268239100951 0.0369 30995.86498148046
6.2816307140021 0.0365 30828.060536021065
7.267888425219064 0.0354 31034.085300684274
6.997454635776634 0.0372 30860.520090874797
7.8571526919890635 0.0319 31079.627895642057
9.928029638238293 0.033 31434.38833174377
9.234106983632651 0.0329 31305.876543910035
7.557029633890665 0.0328 30962.817485630792
8.169382197322975 0.0321 30968.18773100902
8.16880133683555 0.0332 31104.404533551042
19.15195278813047 0.0323 32651.441269614912
7.689988564326485 0.0318 30879.329534264314
6.593004197435027 0.0338 30743.364650430118
8.44939336658751 0.0332 31055.784349855272
8.854961192966769 0.0351 31151.560442374765
7.973409737334091 0.0327 30863.483510266844
9.150614596793321 0.0296 31152.03497696853
9.728731550479264 0.0298 31214.532975863116
10.518940462323462 0.0309 31344.72243260622
12.286453466594194 0.0315 31824.559545261636
15.810141081011182 0.028 32212.982183988384
11.045234244140646 0.0277 31198.227432431835
11.935243015856422 0.0303 31539.66727193823
11.699164314931675 0.0288 31416.70928896619
20.51679280483096 0.0262 32747.77227247081
8.687818464667346 0.0323 31118.79130818239
14.29925783724981 0.0282 31920.851978814
27.674129794075352 0.0251 33609.58113745047
14.726936466523606 0.029 31871.319419882715
12.935232997164215 0.028 31532.17723949678
16.559640808036654 0.0248 32156.431170310167
26.039658464633014 0.0258 33263.22632476855
23.686780094134782 0.0238 33142.93898215158
20.586327704554858 0.0258 32594.364440114736
26.979904329350887 0.0239 33749.57340228791
21.675636961991987 0.0254 32950.91062254728
40.045216569875095 0.0226 34877.61076857375
8.732204442781084 0.0274 30886.35635939072
19.932535727619726 0.0269 32744.57201004101
15.952790883865385 0.0269 31947.122917635563
43.292654549479835 0.0216 35765.23811170653
19.347724911217593 0.0246 32549.951244431548
44.06346685935795 0.0212 35653.23100088366
20.018904011326104 0.0234 32485.38583156495
16.623745179997716 0.0242 32081.663257926346
32.921775286016945 0.0226 34408.32208722194
37.33052684144017 0.0226 35054.472607653996
51.42368995058713 0.0222 36642.270234710486
97.5606840851577 0.0199 40860.43875261677
47.35947872246605 0.0211 36314.088476450466
21.848782716183223 0.0256 32877.33209841831
98.22910743606873 0.0202 40881.1540617482
27.286441808127677 0.0215 33570.480981717
55.25230063079153 0.0221 36954.87083364154
21.5884714747391 0.023 32570.2184534935
79.81630082906311 0.02 39354.64044023357
90.45551771622051 0.0199 40147.66271513345
81.93447545793934 0.0185 39585.22387482146
29.447654678172217 0.0227 33842.4836731858
50.65732064122909 0.0212 36306.75814348419
96.80057048494547 0.0205 40839.51071290523
88.21791559736069 0.0188 40028.12971417855
91.33616880833107 0.02 40247.146737435774
43.2838074926176 0.0201 35539.96698117283
81.86861410362232 0.0197 39187.15694771304
92.58045762175482 0.0191 40330.584861840696
91.06431239022578 0.0191 40291.42621878882
61.08188834299765 0.0169 37238.422345303916
93.1802362753145 0.0173 40567.754847642784
96.69200052969177 0.0194 40700.51671702831
98.21925355506356 0.0153 40516.198855954935
95.0928626132769 0.0173 40703.944134585894
97.54534483778325 0.0174 40793.00832629225
97.05708825625759 0.0178 40744.49823377394
77.41899814743059 0.0172 38726.85330104111
95.13241844272396 0.016 40500.957213260626
89.52886214885035 0.0188 39985.11094626977
97.49890442396533 0.0156 40269.59245065304
97.43332668729423 0.0164 40658.80150371006
97.42559036692657 0.0159 40702.87255721088
96.02748349045372 0.0147 40710.60708566665
97.97474057353772 0.016 40581.89101896436
97.17831815886521 0.0145 40308.68422554448
94.92014181365454 0.0143 40374.19651698406
95.07327888224751 0.0145 40348.84343327457
94.67796484759043 0.0166 40388.89076448068
96.09449338094925 0.015 40394.0063549927
94.48292243359856 0.0144 40355.20150005453
94.82353456096922 0.0172 40345.14291408263
94.08559897101799 0.0161 40229.40188860091
97.2361878126994 0.014 40686.75761565655
97.61655842401824 0.0147 40484.53525938188
95.27167030405134 0.0154 40343.757529151495
89.95231591291714 0.0134 39593.849139773316
91.11960713043167 0.0151 39855.03797580684
95.63390896090469 0.0144 40094.94424288673
97.87417045130368 0.0132 40649.08760528278
95.81931225281697 0.014 40360.60669817186
97.75758005690001 0.0129 40394.39502234957
98.17108954076122 0.0123 40540.9432500113
95.17360784207057 0.0152 40164.757219830644
98.16401454251147 0.0133 40605.491702946674
96.70501061949753 0.0134 40371.20725905337
95.61294836840608 0.0143 40513.572683023514
97.12581135057849 0.0101 40431.07481396048
97.37778665236041 0.0123 40544.09864126052
96.23857476617292 0.0116 40350.624815273295
97.27562144125754 0.0122 40375.79048357322
97.08134897285201 0.014 40504.071975006445
97.53200165324478 0.0119 40351.19296025277
98.13384543332889 0.0122 40128.42215181194
98.0787830592859 0.0121 40453.90269687689
97.58984364361655 0.0086 40300.21207347565
97.67496325035134 0.0113 40592.869924922226
96.16055563874346 0.0125 40367.582210934925
97.47422137815919 0.0122 40545.565516866394
98.07124001824766 0.0109 40315.41512919943
97.92136361059653 0.0117 40271.508565659664
96.80450008406115 0.0105 40404.12918874095
98.1664485874466 0.0105 40330.74158051774
98.34995075860573 0.0108 40568.545520865664
98.19497691212534 0.0114 40377.92443328188
96.9737994787636 0.0112 40433.91092645875
98.3033851734341 0.0101 40383.703729236506
97.98235127114386 0.0091 40304.96998834491
97.99613276777987 0.0089 40397.058401953705
98.08113013287861 0.0103 40531.32761976981
97.97856538734543 0.0084 40076.12448480858
97.35322483616238 0.0091 40496.55004101362
97.94817552159336 0.0097 40395.338507393026
97.99334041777875 0.008 40319.32110045434
98.22894330861266 0.008 40722.03125785269
96.41716087941855 0.0107 40235.07817967382
98.12200443507113 0.0072 40374.720271195394
97.9774576873471 0.0105 40243.605564059726
97.54188661316745 0.0106 40337.98540794142
98.20472148404595 0.0095 40364.62529654877
97.46801488441167 0.0115 40313.89192771869
98.18222190906452 0.0106 40271.81691541551
96.92163498491486 0.009 40381.10574705584
98.22862740629098 0.0085 40474.941069300665
97.00603539671872 0.0101 40256.30084908405
98.15295439409475 0.0093 40101.82593628715
97.72689678671945 0.0078 40034.35059320538
97.34564156668444 0.0089 40177.80564247976
97.34389550472754 0.0078 40335.55256873962
97.74746694973503 0.0081 40081.68806609721
97.5528462209432 0.0079 40353.22675845486
98.17405314282847 0.0083 40267.337633131254
97.43010593550844 0.0075 40222.22441512475
98.26721080786959 0.0074 40322.82980529047
98.03298290448683 0.0089 40333.56549237385
98.11970079046709 0.0082 40569.33505667583
98.18835755466584 0.0079 40266.26521770898
97.68499674222289 0.0082 40112.123502451424
96.90639767285349 0.0094 40296.57481270182
98.01228169258562 0.0073 40150.85316649724
96.28795599709314 0.0094 40473.21251937115
97.65492955233836 0.0076 40148.452843629944
98.34671736714728 0.0046 40235.27580795973
97.92501444353226 0.0071 40169.33766508577
97.98238398261897 0.0075 40133.35314277149
97.97698941185871 0.0078 40233.72161369022
98.05642419071715 0.0084 40159.00788891169
97.80761893029836 0.0075 40305.34905273708
97.35941551947047 0.0065 40237.79984205492
97.51731878774747 0.007 40252.691405206446
97.71682371143163 0.007 40314.442736070036
