3.8702733159224074 0.0494 30971.809438285134
4.436605481194063 0.0486 30986.42542221381
4.781894320341558 0.049 31092.311108258364
4.1993992167128384 0.0494 30980.979822603862
5.1924017216690075 0.0475 31029.021765517988
3.995186501517091 0.0499 30942.78552855208
4.552477981788634 0.0486 30964.263714274926
4.389524003017249 0.049 30968.4735059063
4.951341827659083 0.0449 31016.814606094147
4.920195397689278 0.0459 30931.441493427457
5.543749841845784 0.0452 30945.494056059062
4.906307919718067 0.0437 30896.85655901944
5.3260635758949375 0.0456 31026.879908494022
4.4291698493186855 0.0441 30871.959183913055
5.392665557168993 0.0445 31013.26684291458
5.482326169321809 0.041 30902.66293128319
5.531702020404063 0.0423 30904.149380962877
5.252938685007181 0.0406 30787.588478230075
5.5375718937688 0.0434 30917.984969093053
5.992600025016215 0.0433 31014.510459994206
7.57794403628377 0.0384 31160.886493633432
4.644718692520368 0.0433 30773.816956342846
8.022581179682293 0.0371 31311.61365762559
6.198299673645661 0.0372 31126.46535923784
6.414218296460364 0.039 30921.863768344625
11.130802263059199 0.0388 31605.25998520934
9.228439441095189 0.039 31409.490919181924
6.849310242983392 0.0358 31045.774469481494
5.739342415276894 0.0398 30929.900429489662
5.896344219092627 0.0365 30751.41435801523
5.724276895064567 0.0375 30835.83271020288
8.230529117472726 0.0378 30999.340131456087
7.015317813376337 0.0378 31031.557670926897
6.005871197604043 0.0382 30818.405139515384
6.035152043683548 0.0344 30879.832668535768
8.629144474216679 0.0376 31182.60572671544
6.193641009156128 0.0365 30665.538051054875
7.5931414234637575 0.0381 31122.785950974816
7.786559825021216 0.0329 31010.929971921472
7.180983805116739 0.0348 30866.52515591017
7.649552261193759 0.0327 30949.6650576249
6.648215882771614 0.0335 30939.520418971944
9.181914331172058 0.0318 31377.668004944888
8.053145901280542 0.0341 31034.621931394195
12.588690472111567 0.0305 31723.653363484947
7.278366564998708 0.0321 30768.344262364575
7.313759246177196 0.0329 30812.383814508194
10.915237698547212 0.0312 31524.068823233298
12.634177130320467 0.03 31766.23614203187
9.277148590330281 0.0311 31010.13045445493
8.343852890462125 0.0308 30924.717731746798
16.31727476405297 0.026 32236.576591662153
13.987479437765703 0.0283 31945.092058150618
11.57460342247603 0.0285 31596.55498361137
11.013769523426976 0.0268 31438.73470679748
15.597103467040498 0.0271 32193.588677817483
14.367410592033227 0.0286 32016.89716909428
21.50736993205424 0.0279 32904.492646424434
10.217033325822172 0.0286 31199.079441871105
9.721268039728788 0.0308 31153.311247000798
16.37524640306446 0.0263 32138.95707061111
16.68622584525792 0.0267 32101.333499005344
13.442690047041712 0.0257 31697.34800733941
19.838045903022685 0.0248 32561.784265000293
11.812515683813475 0.0272 31154.628034657526
21.381314457176227 0.0259 32725.898756733863
11.797538255396915 0.0259 31509.730316834542
12.425100542204444 0.0268 31474.0190578276
16.638181942297066 0.0253 32296.652765181225
19.931624806654835 0.0273 32583.40393776751
22.020306396299148 0.0255 32930.16467353973
32.6810997794796 0.0222 34128.66720662285
32.52778706973224 0.0259 34002.213103241425
23.9734227712039 0.0263 33010.34274034028
30.712420110272664 0.0243 33885.755949915656
19.809805067440163 0.024 32381.47280407625
94.71978742233293 0.0221 40629.496519696244
25.15658068534485 0.0249 33178.57635364947
96.49532142183867 0.0227 40873.920379321906
37.921173157261094 0.0221 35126.7412298908
15.565539604710715 0.0232 31802.131440097903
22.858201980518423 0.0224 33048.52751676364
38.14047063311457 0.0233 34922.17816126419
94.70852858095132 0.021 40778.52865952378
80.66474037364823 0.0204 39546.52853183862
60.89225203827189 0.0196 37268.812552868156
77.71015429130246 0.019 38805.222690943396
97.68519604262676 0.0215 40914.60069429135
97.45864188494869 0.0198 40625.51728423325
81.64302173951012 0.0198 39300.247842211844
97.85330979088269 0.0192 40743.46638368049
79.99647379479407 0.0198 39306.319342875
92.77367699984664 0.019 40504.72974302223
96.7579136690663 0.0187 40571.1407230839
90.36210501675613 0.0201 40301.48284895922
88.34341529028626 0.0187 39879.66227599074
76.90430163113093 0.0196 38858.13153065637
97.69347460994518 0.0175 40694.369945699065
96.72204385364246 0.0195 40796.433870485096
96.77339998587625 0.0193 40622.23935482976
89.11456019953316 0.0169 39951.9949471117
96.22078687270908 0.0179 40711.75557197662
98.02589055751024 0.0203 40698.19514218678
95.55810854617077 0.0191 40575.69076707826
98.0759799055393 0.0172 40778.862395591685
95.10203398698353 0.0173 40453.88148126194
84.87738253329262 0.0193 39702.83672511614
96.49181913163696 0.0177 40615.34299418546
96.72550643415734 0.0168 40586.96039865007
88.96959916772029 0.0159 39967.08138146608
98.20940420572846 0.0184 40685.479642601036
98.10689155758486 0.0167 40725.04974868206
96.95540291155272 0.0172 40801.57518365506
93.10185602986306 0.0157 40110.436697548175
98.27993192102714 0.016 40785.12579412521
72.53891688683098 0.0165 38288.77990445636
98.06771825869357 0.0153 40600.40991241568
97.75761738503338 0.0157 40453.67229389601
96.33578041991669 0.0164 40462.16999349794
96.31863341120842 0.0159 40345.96663988299
96.27881587489453 0.0148 40549.692655040155
96.4253196707673 0.0147 40334.26858596622
98.15875410335325 0.0157 40480.918005583655
96.77948174014935 0.0126 40329.92518468256
97.27833182771747 0.0149 40561.00665234705
97.79076363042871 0.0125 40609.34579539614
95.38043198271518 0.0157 40429.92934754816
97.63928085237255 0.013 40699.093044730755
95.26955775364115 0.015 40195.035036819005
95.74399199468745 0.0138 40448.147237695695
93.9650207310165 0.0134 40306.69736222774
97.05960228382538 0.0127 40257.60027331988
97.8540810119812 0.0151 40462.11416467595
97.11124206909314 0.0121 40476.726491520465
96.64230597231048 0.0145 40302.678554808226
97.94990045918449 0.0111 40633.53927622328
98.06066685585942 0.012 40499.556429076925
97.28620135411103 0.0137 40261.938401566185
96.91228341253652 0.0157 40596.80896246005
97.66718359328267 0.0113 40510.029684689944
94.76917381273816 0.0118 40310.09778965676
98.26681383064721 0.0108 40464.17195758722
98.22069822821913 0.0149 40593.56394497995
97.77311226738112 0.0112 40493.53815725708
97.29181035645213 0.0122 40124.82823299433
98.1997477258269 0.0093 40504.704862399674
98.13824182865386 0.0107 40222.52938806092
98.072037991338 0.013 40391.70541246185
97.9537494320807 0.0116 40305.78779018373
96.2945501217819 0.0126 40386.91524986054
98.2905507562955 0.0121 40309.01685898117
98.15777032754194 0.0094 40364.30397040214
97.03985846686945 0.0124 40425.719029063075
97.93796395484675 0.0101 40118.2408443965
96.8255946588369 0.0097 40296.54608414433
97.72085364087509 0.0105 40345.09018445257
96.99571372309316 0.0121 40410.10158941138
98.29633934181295 0.0107 40257.158105643
97.7894257930975 0.0087 40202.322025765745
98.24468617162516 0.0101 40295.69413780952
98.19885472601244 0.0102 40299.18998936798
97.5953062493299 0.0093 40167.65147782903
98.02557076532578 0.0098 40389.122698265106
97.36364534150457 0.0111 40046.72679343737
98.37829659120071 0.0098 40440.01367714638
97.88952023774148 0.0102 40380.42645199121
98.05034517683814 0.0099 40473.11980514781
96.951473773227 0.0102 40234.683507537455
97.72139200828659 0.0115 40511.5713549537
96.97154688440273 0.0082 40174.6165374433
97.56846153816937 0.0086 40407.624011015614
97.46618340396526 0.0089 40388.04911982626
97.07673781094294 0.0084 40348.76975756744
98.17549837016918 0.009 40445.37656127511
96.42348354267394 0.0094 40249.40372297007
97.80825282457852 0.0082 40238.56921183484
98.3721966403135 0.0067 40177.81827269629
97.6026392928974 0.0088 40172.37077017973
97.54988576900928 0.0073 40394.96555504382
97.63338837758968 0.008 40191.093873271995
97.99539033806323 0.0082 40337.21052462542
98.34355320059706 0.0073 40015.6173554234
98.32168263086149 0.008 40175.05665544766
96.9857741073384 0.0093 40116.16034642532
98.25780741211844 0.0079 40423.68135226268
98.27817382639127 0.0084 40047.31063258772
98.09753338778067 0.0071 40434.57060441169
97.59022457917591 0.0086 40038.57136490131
98.07666770114734 0.0069 39842.423470967704
98.36467408244705 0.0059 40328.879935807934
98.1281734192882 0.0081 40335.58873724249
97.68568263395714 0.0085 40185.58988376998
97.68210339623465 0.0078 40324.28143966392
97.59424775873265 0.0072 40106.63979418053
96.92683137995056 0.0072 40261.44833792285
97.90023249124255 0.0072 40166.35031117423
98.18134649222138 0.0061 40298.51226177082
98.1288864636247 0.0074 40395.156622676026
97.70285213998834 0.0054 40380.90065026423
98.2891589685235 0.0076 40166.85420221815
