4.295691517972605 0.0506 31001.157208082346
3.9904442745213857 0.0503 30764.63908358393
5.347559173608991 0.0475 31180.779526016457
4.913394526188803 0.0475 31187.250669336463
5.615355334319122 0.0476 31229.14104395337
4.211563019408863 0.0464 31096.936343192578
3.7648057862440902 0.0485 30860.25464301291
5.0024170872599205 0.0451 31135.274403261836
4.169674689770714 0.0453 30862.378515972134
4.146853684077918 0.0436 30677.78925185277
6.428427778606666 0.044 31213.137275804627
4.694017106891273 0.0467 30878.648134290044
4.688626231759 0.0453 30791.556844029088
5.153537117308352 0.0431 30872.571149704672
5.822290049114788 0.0413 31083.036836163043
5.29173498845423 0.0432 30862.030524488768
5.274806803316078 0.0438 30895.643559582324
5.043050065393804 0.0406 30828.04608703859
5.873834017260966 0.0428 31056.979024351487
6.0267015643548065 0.0409 30911.10649833942
6.802040268377048 0.0396 31131.982048369435
7.84962927803052 0.0414 31228.650745716695
7.700334449965798 0.0385 31247.69427583459
5.666393000632383 0.0418 30966.8168204139
5.8137476013101175 0.038 30854.41176207987
7.459926872590403 0.0404 31006.855455702633
5.757549346205269 0.0376 30935.48429831835
4.722318317318737 0.0406 30663.03774615636
5.2501096961792255 0.0383 30641.4523777219
6.494752054448418 0.0381 30949.442011051822
6.208232923883656 0.0371 30905.115444971172
5.839905426372262 0.0356 30801.626011928172
8.466613482284105 0.035 31152.829276146236
7.52539626794215 0.0368 31080.91942976081
6.705400428880473 0.0381 31003.676222656577
6.2946553891661585 0.0356 30771.40914944292
8.957842556233523 0.0325 31187.530663555302
9.679511123130606 0.0331 31383.276510042237
7.935378055132801 0.0354 31081.314184713654
8.922976496833858 0.0343 31245.76760375966
8.297654962786735 0.0356 31156.209737844543
12.370051300586397 0.0322 31641.22905660745
11.629162102783383 0.0332 31654.335379256798
7.4294723838361945 0.0352 30978.593858883538
10.497193182767054 0.0334 31393.822854010763
13.474443677040359 0.0304 31787.845635929487
15.64222294828343 0.0287 32193.2642878379
10.677019051373357 0.0324 31396.19119872194
16.954030841174358 0.0284 32454.874637987625
12.165821287117668 0.0284 31803.0011204251
17.702769315141293 0.0267 32395.25338003116
14.266970791278785 0.0284 31984.60834481797
26.882425367680636 0.0291 33229.95427215982
10.229153563379468 0.0334 31179.410997525676
9.549153372270494 0.0298 31261.46095190382
8.831970009811956 0.0309 30970.932104751697
11.724918936758082 0.0295 31398.663135107134
10.638787037557742 0.0304 31225.94072940242
10.663845036189478 0.0287 31302.547412998345
16.115801433809462 0.0283 31945.615829860577
25.670155383892432 0.0266 33444.89620867074
12.573821121816568 0.027 31451.84653085674
14.425701591414096 0.0272 31796.424484271596
14.898310920187871 0.0266 32016.290147591193
97.35843112994881 0.023 41077.119461732196
96.97669031134824 0.0258 41002.774551927716
13.795173463847316 0.0257 31728.792146065716
11.973865523060066 0.0271 31536.26285031001
25.18149906647151 0.0241 33217.937974302986
26.329602398478787 0.0245 33461.05311747979
14.64376181619033 0.0284 31781.686504277885
14.973756875275646 0.0252 31885.756722353817
95.91247190225779 0.0242 40806.15087152685
27.66480615634786 0.0256 33663.10328876993
23.403561037192485 0.0233 33102.75252526972
28.00331892664026 0.0236 33442.41437613961
16.374517518193137 0.0241 31906.747510645284
95.24494904610856 0.0227 40781.06703697679
18.833378817861497 0.0235 32304.576899390762
88.40964894815365 0.0209 40355.35417731468
25.15530798556945 0.0226 33240.962811177524
50.82828785277805 0.0219 36678.62158040411
96.69653317377481 0.0219 40864.884300456724
37.33422881867982 0.0216 34945.493910256024
49.58828680287868 0.0203 36172.892837355364
31.438959726711786 0.0223 34061.41091050779
77.18313381895318 0.0194 38499.2505993414
42.32994964730559 0.022 35399.50190293968
96.98870157890313 0.0216 40589.29507601618
90.61999485323524 0.0189 40299.24928854557
25.52017814483508 0.0211 33143.11083765035
96.46457135209735 0.0208 40591.94857316753
82.22802049035673 0.0197 39287.12083103065
96.91861064405805 0.0172 40862.80754514214
96.6344858358553 0.0192 40536.265135381975
64.40385970821752 0.0195 37415.635517395334
97.82177194272312 0.0193 40716.081072126784
97.3544534034609 0.0183 40588.3899376988
94.91163034252605 0.0167 40501.57278643207
97.89713520578574 0.0199 40806.58890842083
94.45281108208945 0.0194 40344.557062823515
89.63540837151486 0.0189 40088.771885554175
95.15289624354658 0.0197 40593.29298041452
56.316500370719695 0.0189 36417.10769888153
50.727374236404536 0.0201 35723.93757249185
91.18603174756143 0.017 40273.41212281035
98.19150434447495 0.0188 40779.866406703964
83.1177614562637 0.0173 39393.228067773845
79.91766237722571 0.0193 39522.01056462227
97.38985286750633 0.0162 40644.41142738394
88.36346247558475 0.0181 39731.46887972229
97.02367570428491 0.0159 40542.211863234115
96.92181183692004 0.0154 40620.93140198858
98.11592255915274 0.0156 40659.979434609755
90.61095883022337 0.0188 40168.699007671436
92.05389157034038 0.0164 40047.057517503745
59.17588205327039 0.0176 36587.40772090904
96.24882740768912 0.0176 40603.073413170256
96.90204508748934 0.0151 40423.09523951039
97.71960997038903 0.0162 40643.70510871602
97.40438296158509 0.0162 40573.888597907106
97.91501427925839 0.0128 40448.832127034286
91.10206324773537 0.0146 40210.820949852096
95.16506787334856 0.0153 40289.74966933649
97.25421467063761 0.0154 40659.72867801294
97.7526869631823 0.0139 40590.8682090386
98.38015034985582 0.0131 40626.645350449944
97.3609549923058 0.0139 40496.66186163661
94.5868527607817 0.0129 40339.263786299554
91.14617456517685 0.0132 39946.4329670443
96.48417224544349 0.0136 40614.495680155844
95.7262928148379 0.0128 40235.05974046124
97.43660394412547 0.013 40561.93916193436
98.08119974337629 0.0124 40315.75499274861
98.06058585201136 0.0124 40426.713834448085
94.60089074100729 0.0147 40346.04222742559
97.91635800166381 0.01 40635.811996049546
87.04364812774367 0.0139 39413.67702770649
96.91037880869985 0.0124 40288.16631767116
97.79646907775152 0.0114 40613.07426079906
97.61805754773445 0.0142 40403.08196833557
92.85976455257104 0.0148 40041.33519415342
96.87302894544816 0.0119 40325.17960815215
98.18784016578294 0.0111 40489.55184299429
98.13842420708814 0.0113 40470.90143414455
97.9322793028065 0.0098 40599.87894036303
97.52806845857616 0.0114 40244.444966450654
97.47180899652466 0.0114 40549.0579268949
97.51249196200486 0.0107 40611.1213065296
98.3706395138247 0.011 40271.13585528421
98.36321365309614 0.0109 40479.987808593985
97.21981639186835 0.0091 40399.82267273531
97.70710056657315 0.0107 40168.36774650774
94.91811950419435 0.0131 40391.76396096707
97.47542943293575 0.0109 40570.94419039366
97.08029157419575 0.0099 40447.579016001146
97.6588993025143 0.0136 40562.31955635647
97.50394741305345 0.0121 40399.51371296899
97.8184691530396 0.0084 40278.14603053128
97.43069593774192 0.0096 40358.97643779408
97.6221134477384 0.008 40140.31785372071
98.37723985275642 0.0075 40377.55062971058
98.11844032484592 0.0079 40502.413961861545
98.1223188174308 0.0097 40097.66778560925
98.01725975850158 0.0087 40177.01097548132
98.00668579529797 0.0109 40379.79388997077
98.38307117897797 0.0073 40386.69084540225
98.01927886524471 0.0081 40471.55141345074
97.83434034670172 0.0094 40371.85742045142
98.19471019685491 0.008 40361.31611197208
97.67407984397472 0.0104 40289.144694631315
97.60838479684575 0.0091 40428.13355691792
96.70682885794183 0.0103 40086.984863131
98.17047024357217 0.0082 40150.42860356499
97.75154415351558 0.0094 40291.6294988338
97.69249978467923 0.0074 40161.80779696696
97.71404932836695 0.0094 40596.73419662855
97.80042697254027 0.0079 40553.48340734345
97.02488275151585 0.0087 40219.24539221826
98.0407080197623 0.007 40129.2739966596
97.73778033768323 0.0083 40155.52441039933
97.86117445689787 0.007 40005.37215315325
97.85091466168043 0.0077 40246.15463536864
98.18007839147833 0.0079 40189.94645015597
98.15852974327971 0.0072 40180.56321580105
97.56836784310985 0.009 40379.237609623226
98.18253657208473 0.008 40226.20077334674
98.3751366082435 0.0073 40244.02734027637
97.54628710006946 0.0076 40329.13246710196
98.0409821863374 0.0081 40191.635535969945
97.99149826292019 0.0071 40317.77526525417
98.0411570902221 0.0077 40101.79997813985
98.38096228384097 0.0061 40328.92253495493
98.32031297163326 0.0057 40407.08570663998
97.13374323213577 0.0064 40445.86086575055
98.10094388974426 0.007 40166.5068897298
98.09851604912093 0.0073 40231.293531661395
98.23262006663965 0.0057 39964.641921444396
97.83680927182962 0.0073 40092.39571471031
97.18396757877036 0.0067 40232.865175301515
