4.2603905901952075 0.0528 31088.18959233959
4.64411553624972 0.0489 31057.73297758128
4.325294183724017 0.0494 31046.23310024668
5.7573472558246435 0.0491 31149.386213547332
4.798002333640844 0.0473 30899.585325875603
4.791924482006877 0.0482 31072.377844575873
5.014065866431029 0.0461 30981.23561816191
5.260154480544547 0.0491 31062.068988972456
4.214322981409185 0.0467 30858.639278659644
5.5298578308762165 0.0462 30951.878611075124
5.1002589941800665 0.0443 31087.02009902091
5.1016725564680145 0.0462 31002.023814911743
5.181367722736866 0.0442 30870.41497547124
5.421221547417457 0.0391 31073.102096304363
6.163700151600223 0.0427 31103.844453363345
5.149976836724527 0.0447 30866.72010550463
6.68688557634097 0.0418 31189.710057300745
4.626820184993315 0.042 30896.457737305038
4.656604294999906 0.0425 30743.729641294478
5.540626229955494 0.0439 31029.273442053185
4.735060845657763 0.0419 30830.957683151795
5.554287554078926 0.0401 30798.043696467994
9.323727107210695 0.0397 31349.012966262515
5.7828358716232335 0.0397 30870.26348502839
5.834900703892883 0.0406 31002.589557167772
6.0521265435668985 0.0402 30867.651947723134
6.87922180842432 0.0421 30991.27437129801
6.2870406479599765 0.0385 30883.33525679915
7.480228999712068 0.0386 31176.56799216529
5.86108443485611 0.0402 30681.52898161167
6.235497575836807 0.0374 30830.229747574595
8.244803232884113 0.0355 31283.29731165457
6.334359718700415 0.0394 31069.553275315542
7.76011396594994 0.0364 31087.871081116995
7.1198455818987245 0.0358 30912.97036968479
10.562208548489666 0.0359 31456.53366975343
6.199846107261483 0.0379 30981.718656339384
9.263799981642697 0.0341 31222.405913077113
8.713447351715512 0.0344 31129.691806547926
8.985700779474904 0.0329 31261.14449075834
10.173664524447556 0.032 31394.91097366586
7.595953106783089 0.0318 31065.770767165617
5.746095884006395 0.0368 30755.19066750153
8.001430768807642 0.0302 30981.680111768903
7.20277669339323 0.0336 30972.230298038787
8.915898916739087 0.0321 31193.87118747179
7.201486820878582 0.0328 30913.11659128284
8.677692764212011 0.0331 31151.575357378217
7.82103712420113 0.0329 30914.09728103828
11.620445262579448 0.0295 31496.153404480076
12.69867850052968 0.0318 31451.842614528905
6.59138040191375 0.033 30817.946923259595
6.994362387675402 0.0321 30777.073933768588
11.173698051283251 0.029 31420.262880553837
11.63255132787693 0.0287 31478.575580441553
13.184832663534282 0.0268 31537.525088144062
16.920228692205704 0.0282 32277.272016877327
14.626976252878807 0.0287 31755.90991128057
12.310421177973184 0.0309 31449.132332470188
18.32599510270513 0.0271 32167.991299059042
15.24831243807847 0.0277 31760.197799859867
17.304960937769774 0.026 32298.429534226143
14.672184334388094 0.026 31891.895006649782
11.518381952677256 0.0291 31405.239786294613
15.506574283596635 0.027 32000.468349907384
24.132672971251274 0.0254 33221.135535751026
16.606165469683365 0.0254 32167.74431097927
16.185398218751324 0.0261 31972.261876682915
19.436986249792522 0.0247 32412.051155648678
16.024092566463544 0.0267 31876.472066629583
27.72213962347267 0.0241 33612.735665617656
17.02470515451785 0.0259 32224.236664510343
23.46531373773737 0.0255 33223.96206183662
16.56917405577295 0.0248 32062.383083830166
10.738144173739368 0.0284 31183.567677156083
24.611612208285568 0.0226 33494.1347613017
21.079691919879682 0.0257 32807.29474072031
22.483444981604862 0.0244 32663.66570151129
92.59725295309849 0.0232 40562.52234329086
86.18571543228211 0.0213 40037.22825441017
46.3598072929355 0.0236 35795.64790532468
35.56425803866462 0.0237 34488.17459081958
75.22015639502838 0.0204 38452.931594121525
88.56052683827363 0.0207 40153.63158781849
97.29947394050721 0.0195 41090.388369925415
53.780106841822956 0.0224 36449.77635298079
96.61459920664716 0.0186 40668.89693376797
24.224251116686233 0.0226 33135.98028619918
19.69267254198879 0.0222 32376.50350540012
75.090389750908 0.0198 38928.436971936586
91.5568090375333 0.0188 40113.03741518227
95.2817226076271 0.0188 40934.739462487974
95.7605768061121 0.0202 40554.60788648936
97.68043191476049 0.0172 40782.51356580678
97.84475017126852 0.0189 40752.31297261506
93.34411437909667 0.0183 40369.638385039674
47.46278695143838 0.021 36270.84731441401
88.34634306776641 0.0191 40102.9312960459
95.83452889620062 0.0156 40483.15167790297
96.9138622004266 0.02 40635.846638298586
96.08576597300049 0.018 40628.44836747627
91.13692837426979 0.018 40190.05748563595
73.76894758839997 0.0178 39018.92642346824
97.69380903874308 0.0179 40952.30024790054
66.25054604745003 0.0181 37725.24348317565
95.17197593091815 0.0175 40507.4900124537
96.82782170997652 0.018 40631.05368549907
96.28916663228861 0.0178 40634.05809425396
94.05508926957347 0.0162 40258.78845782264
97.22160117082687 0.0156 40588.746033209274
87.6961900467114 0.016 39534.04272470223
98.2672124610703 0.016 40614.09523207911
96.6109516683708 0.0145 40424.71940105198
97.2422621589314 0.0178 40560.029518553616
89.11217737480001 0.017 39790.335106768565
96.7028417804398 0.0173 40658.96028733604
98.10405202072589 0.0158 40741.912850992674
97.36669808343575 0.0142 40486.21972066284
97.85473890274541 0.0148 40251.6941364176
94.53148678544684 0.0147 40372.50426457986
98.12152543262965 0.013 40502.71693322103
94.617578939285 0.0127 40200.046106005786
96.40986147960878 0.0155 40494.12038202695
96.72763047123736 0.0133 40609.76947942923
96.29070514172173 0.0145 40386.05068783524
96.6664407232937 0.0135 40562.12819694427
97.78080598880359 0.0143 40437.32088710165
93.4170187983098 0.0151 40463.31797081203
97.20637052741148 0.0132 40541.006886477655
96.96935657308936 0.0155 40532.398416137796
95.85472672715092 0.015 40391.68243130604
97.61293512158451 0.0141 40524.7185181294
95.82459302791595 0.0129 40110.60188325525
96.78069338749329 0.0134 40459.913721521516
97.853856266001 0.014 40179.11892095576
97.94543905414284 0.0118 40487.52974409069
98.28971148544473 0.0125 40465.26577071587
97.77809246611692 0.013 40406.88166708968
96.75436385856823 0.0131 40149.49955866789
97.65626335369163 0.0101 40228.01336109259
97.41290368735646 0.0108 40545.74406678107
96.59720172218196 0.01 40359.35609653428
98.0675551236277 0.0114 40562.12440982548
98.09152289126173 0.0139 40541.131793755856
97.56441510812364 0.0118 40502.71095433739
97.24163861632745 0.0108 40380.474202101854
98.31221221581143 0.0108 40538.0315404964
97.10593381114165 0.0125 40445.92347915186
84.42808595609678 0.013 38942.8163925193
98.2810314462005 0.0102 40406.68224634006
96.65890165154464 0.0112 40404.91054799189
96.86118416151068 0.011 40210.4233830344
97.31664792887472 0.0108 40270.20444972202
98.13950942064538 0.0098 40430.477742969735
98.11972952718195 0.0102 40407.80028553713
98.31853529723134 0.0099 40475.83379538378
98.34044944770395 0.0077 40370.821005939775
98.10381214064006 0.0092 40509.68479319122
96.63833391416766 0.0093 40025.975607989065
98.07721603687565 0.0094 40588.549841685
96.9800379338205 0.0102 40323.01916533955
96.79191407164357 0.0091 40361.2320921554
97.98023019247796 0.0085 40344.59995051011
98.25882125417343 0.0096 40288.96927652802
97.409439303328 0.0085 40163.1032320957
97.96192230705672 0.0097 40297.72471528994
97.91502574644399 0.0118 40215.20735486213
97.5117591236438 0.0085 40171.3186199901
97.98329666094817 0.0091 40388.07408232384
96.978858557807 0.0092 40079.20890776094
97.34818898913632 0.0092 40481.93663639969
97.82436057537335 0.0093 40343.59518535989
98.1211077871213 0.0084 40284.958164248565
97.64441084653048 0.0095 40112.59044503963
98.03254999687715 0.0096 40190.30145746327
97.3919603084944 0.0091 40187.55505083405
97.20647799137805 0.0077 40344.4667263586
98.16157840581151 0.0081 40267.84527116087
98.17611011150416 0.0092 40285.66374902217
98.11458441508378 0.0079 40336.561709819696
98.15119945365068 0.0071 40392.06512968655
98.28427111170453 0.0081 40273.19675103305
96.2857284300559 0.0082 40150.81431054885
98.11062972954221 0.0079 40230.138203824325
98.38904425961661 0.0082 40257.48169330039
97.03700067239221 0.0085 40174.90683945251
98.08052978362996 0.0067 40327.407663554746
98.35382112233627 0.0086 40208.860774649576
98.10598859159433 0.0068 40406.312129553124
97.77281716012727 0.0074 40207.42011988432
98.1396545502065 0.0087 39941.48600973884
97.9712283611824 0.0096 40512.97708191389
98.02442885607603 0.0077 40069.76916501888
98.36318781831785 0.0064 40284.488084788376
98.3449731494266 0.0072 40201.64121302552
97.22465377019115 0.0062 40251.67805784897
97.9148966249082 0.0071 40140.38242161657
98.34294333230886 0.0065 40217.214241435926
97.98219779999536 0.0065 40160.175681574336
98.11334510158302 0.0066 40403.62185244456
