4.485917039190462 0.0528 30985.68178794526
4.017537335534873 0.0472 30925.070933315852
4.301069491053479 0.0478 31072.15602851039
5.276833215247054 0.0458 31089.625638526988
4.49587621301058 0.0473 31011.99848819429
4.243045745018085 0.0507 30862.42208440371
4.9278629248700945 0.0461 31057.002554624618
5.0038909371461555 0.0483 31040.928057353798
5.396406720196428 0.0439 31276.928414722333
4.3573911553145654 0.0472 30844.271161755594
5.5445283281168685 0.0457 31172.839169365878
5.9469371532990225 0.0459 31173.337578055613
5.661378917099427 0.0421 31023.6638057236
6.116468694868022 0.0457 31127.058441377994
5.242520601648659 0.0418 31140.292160056193
4.9422974733765495 0.0427 30812.281224442195
5.023832671211677 0.0438 31047.516888045415
5.587032437660506 0.0414 31029.508078591884
4.633852528930759 0.0412 30727.708564000033
5.5547626054460695 0.0408 30863.04113190642
6.054012374077015 0.0404 30942.134571342445
6.911629851363564 0.0381 31208.06325590034
6.498833316697148 0.0405 31094.67876575981
7.703175970788303 0.041 31363.727810953016
5.6048952015827815 0.041 30924.066151957664
5.2030445193645365 0.0388 30876.497855664456
5.263984408182278 0.0425 30669.950663656422
7.722976683671295 0.0398 31205.90944806756
6.164865392866744 0.0377 30988.7992043694
6.18266420942485 0.037 30856.389325525175
7.701574026571885 0.0387 31106.141285514695
8.171450156523507 0.0364 31001.576552349186
6.305621299933739 0.0349 30912.957626859155
6.300187242564876 0.037 30872.60795373812
5.570584388599968 0.0379 30856.0505180214
8.564751592659102 0.0357 31158.0147795421
7.34246212296932 0.0353 31088.860821636823
6.523307748066655 0.0347 30871.836075979823
8.284477121445363 0.0349 31292.45098365082
8.384550008880392 0.0348 31043.79324527694
7.875381793438929 0.0328 31010.06630778908
7.260426114569367 0.0337 30925.845156262563
8.325762718714358 0.034 31119.835453122818
10.272380028906278 0.0312 31262.199833825005
8.419987262915855 0.0295 30989.833504593713
9.755958670218554 0.0321 31290.900938862
8.33882690198551 0.0324 31084.86593546413
12.474261430938423 0.0282 31762.870461900307
13.20659441964619 0.0301 31790.055267172123
17.44570652070536 0.0294 32472.580365650894
9.495443151440833 0.0311 31269.838757409416
8.319169971213407 0.0313 30941.69284931183
9.867881841073375 0.0305 31387.190340353274
11.225869967780072 0.0277 31293.332052373935
12.911537133919133 0.0283 31677.843541819908
11.249166791282859 0.0302 31368.893992268884
15.786022242110588 0.0274 32080.576214602428
15.413858652606319 0.0257 32007.00533969137
13.33138694100565 0.0292 31644.192446145997
15.10751359708205 0.0287 31771.08944817145
16.26162435347138 0.0252 32204.183108723126
15.820287672062344 0.0259 32088.939751689843
12.2198760545285 0.0276 31487.358667367673
22.718686516172042 0.0258 32779.07824627345
13.653656817477795 0.027 31683.351459587248
93.60806821344413 0.0224 40795.030955897375
21.4458786031408 0.0265 32766.565056481024
23.760996139028105 0.0248 33146.47119400993
13.08271596758191 0.0273 31627.799534465834
21.942802836419617 0.024 32862.88857088959
18.26125538105989 0.0253 32381.94370124092
48.78516401516581 0.0238 36266.756820614304
14.066849071829571 0.0261 31807.99166527029
17.373552101450215 0.0259 32145.790829638667
15.811846231915013 0.0247 32043.51587476093
32.12238217968226 0.0235 34197.257470120756
44.60478857347253 0.0215 36103.20519918909
21.943168866517574 0.0253 32834.776557366386
26.007867743169072 0.022 33354.6226918377
31.785565077639056 0.0221 33900.49261282971
27.138646524868726 0.0223 33291.18189958406
91.94468336221257 0.0215 40400.34320623287
27.42095253467375 0.0221 33486.15031717031
20.631471270139055 0.0232 32710.278476330444
50.84344620028612 0.0221 36440.43012009869
19.309754665092473 0.023 32384.427375906787
19.7494453507501 0.0235 32479.32613094586
59.35939273142433 0.0202 37430.13294799024
73.3320337408048 0.0216 38581.864747540894
95.92605253323921 0.0203 40533.33500164509
77.2088233335136 0.0198 39007.0023459607
39.87745722412289 0.0201 34937.87389226884
88.26937980284832 0.0178 39706.96781299738
44.17787309218656 0.0204 35662.54987455854
82.63594646871132 0.0173 39334.705423903404
84.16536804780927 0.0187 39352.05307685751
92.33884247788173 0.0172 40272.232715218975
89.52197586073392 0.0196 40158.67147880217
95.97531047256219 0.0179 40442.46919130612
89.65657260415473 0.0166 40103.295538992934
73.24586545226762 0.017 38334.86804508459
93.97368235598826 0.0167 40638.91621704998
97.56680540339718 0.0169 40624.69891968145
98.35868733319593 0.0169 40843.8496119752
98.21846345430846 0.0163 40486.66871656464
38.86236870997785 0.0196 34437.16573272796
78.68404964502712 0.0193 39165.3078411312
96.50193181967437 0.018 40510.40732673946
91.8660365779151 0.0162 40271.91587243016
95.94837155161585 0.0157 40468.96674738984
92.92494273018467 0.0141 40310.76922212636
92.42271057764788 0.0161 40176.547405447134
97.31443073224706 0.0144 40482.21578100708
97.00976408798114 0.015 40588.24786583262
93.52770602368217 0.0168 40154.64746019137
92.35632117111659 0.0156 40209.52243239523
95.00048194335137 0.0151 40410.12836370261
98.28814110911772 0.0137 40855.8389024381
97.46184465345628 0.0141 40654.03717551579
97.75412148834833 0.0158 40723.52017937299
97.73822989763067 0.0144 40761.66265802289
83.23111528208807 0.0155 39445.20755546096
95.58683675947299 0.0155 40524.80969043964
97.37473043532725 0.0153 40415.50173411474
94.98798751590006 0.0142 40380.85864371675
97.15706825905818 0.012 40560.01704606346
95.37245412371675 0.0139 40195.60919471548
93.96462785161842 0.0141 40298.90938309717
97.95671153947603 0.0136 40479.61464866381
97.10450346543787 0.0148 40318.22233845835
93.07093030807305 0.0147 40000.58187828205
97.4175726186707 0.0128 40441.14261956485
97.66103253509489 0.0134 40452.83853618897
96.90946608048104 0.0136 40408.36579497409
96.41508268249318 0.0128 40437.3685373465
96.29822163618763 0.012 40283.73507141372
97.33767672178064 0.0145 40554.19809540044
98.14322246224404 0.0134 40520.62258148943
98.21601899090751 0.0116 40469.01635435497
97.18026520255953 0.0129 40493.65920379549
98.01733702925719 0.0115 40557.88257529491
97.99604845223068 0.0138 40635.000697103926
98.06930492867944 0.0112 40546.65139984253
96.73854486782596 0.0128 40034.64398664321
98.25517432763712 0.0133 40574.211666696225
96.19465458669774 0.0102 40390.82914703367
97.6137303956196 0.0111 40355.556892936904
97.82858662610352 0.0128 40326.39651163822
97.76825294153426 0.0124 40520.688995027274
97.51622832994143 0.0112 40549.20294003987
97.95980229134047 0.011 40529.27740606716
98.1758284934912 0.0095 40434.111964338284
97.90666160731007 0.012 40612.73813253054
98.16813958457313 0.0141 40344.86733300565
98.12618893780626 0.0103 40406.81926420851
97.54530920882948 0.0115 40337.72935701881
97.67361459733903 0.0085 40406.847812596745
98.26671798371926 0.0089 40337.63078007848
98.14051500058638 0.0082 40336.21867637725
98.1153314336335 0.0096 40419.86716330775
98.12046360566599 0.009 40356.20629969403
97.0152823384007 0.0093 40448.7454169521
97.5822986840465 0.009 40219.58220772587
97.97095084773316 0.0099 40036.72197099774
97.78367774542214 0.0098 40254.68648096072
97.92302101212168 0.009 40508.12958928745
97.7311618418676 0.0091 40246.31082127433
97.17411270524312 0.0096 40344.571276765324
97.65270694120734 0.0071 39990.45395002032
98.17645547298498 0.0066 40236.878481771804
96.7753279034055 0.0085 40116.51932397969
98.02450448541775 0.0077 40493.41872170042
98.14955823078452 0.0102 40290.041932314605
98.30298280246518 0.0098 40466.89827794611
98.24853949394955 0.0069 40164.217197556216
98.03953988050321 0.0095 40414.865308709115
97.89978058123837 0.0077 40257.92865930096
97.58812645080168 0.0097 40011.96547853599
97.52384126833954 0.0091 40414.48081020645
97.6943227028317 0.0084 40296.87293608739
98.10054650766425 0.0095 40184.219440084926
98.01924562642932 0.0076 40370.801554624624
97.60932532935014 0.0088 40102.984827643275
97.81089126486137 0.0071 40226.365232408534
98.10823404547408 0.0081 40348.65315324741
98.08824857349047 0.0063 40326.61640483931
98.23985164008371 0.0082 40190.23320857566
98.0236185588147 0.0078 40064.1646105375
97.64940186054497 0.0068 40200.365241772226
98.21463928884485 0.0067 40334.97113626742
97.42336350458358 0.009 39987.97851814675
97.80645615095756 0.0065 40285.62385497611
98.18260284530307 0.0072 39983.39997379402
97.63634178100172 0.0072 40237.594673095875
98.30534742679502 0.0071 40185.018934557775
98.13584764923242 0.0083 40055.663270260804
97.92901889396047 0.0081 40069.42586872681
98.35315530048355 0.0081 40242.745788253604
98.1166765135077 0.008 40398.93000556873
98.35594686654585 0.0071 40128.893477356
