3.399764787071206 0.0481 30928.01980969256
4.5649253077745 0.0485 30995.225771941365
4.567451398297705 0.0459 31114.223206343922
4.750231727732656 0.0478 31040.24867422074
3.8499787950308755 0.0489 30874.781104591253
4.44639547225378 0.0506 30963.93062213044
5.400071272796709 0.046 30989.63829043918
4.318189416141544 0.045 30951.303306527265
4.815377572601944 0.046 30978.227262417913
4.0927482996327225 0.0458 30790.878907732993
5.575063307015241 0.0431 31077.655192751776
5.794678927834709 0.0451 31059.316257421353
4.1393271477668705 0.0493 30761.67124509051
4.319980182019147 0.0469 30861.407708499974
5.246544792805944 0.0419 30872.25887546146
6.33891553065496 0.0458 31183.239709836766
4.718016818920734 0.0461 30883.323959031848
5.63136305825992 0.0413 30858.508856352102
6.022483987215177 0.0373 31050.84700941026
6.106454795643415 0.0402 31038.950676164255
5.825478200293173 0.0402 30991.214035787143
5.2602836272567925 0.0421 30838.431765361598
5.611610186047925 0.0401 30881.132403719188
5.667014718153642 0.0432 30895.09363667699
5.113333643327457 0.0405 30732.43861896988
4.5800622147605665 0.0436 30794.705115191467
4.786725571697732 0.0406 30854.285080839472
9.779467164845421 0.0379 31507.954757654126
8.458460315892038 0.0363 31281.508392523065
6.7168391811161055 0.0357 30907.999088965797
7.939600884061833 0.0384 30961.346701163868
11.37756207684947 0.0334 31723.598335040668
7.9984805590473425 0.0376 31176.943198736935
6.828406511707502 0.0377 30999.83619679358
6.469545258850847 0.0357 30826.257044969236
10.800506003410362 0.0337 31366.068732895365
8.255784178229009 0.0362 31258.161903639517
7.666091532305336 0.0343 31113.381922252458
5.838333963083763 0.0387 30790.494068395597
8.54603812811233 0.032 31121.714054398908
11.592371206020292 0.0329 31687.630597804527
8.600225145547713 0.0331 30994.38001669129
9.08203445941294 0.0305 31244.351372352987
9.503364180833685 0.0307 31383.4107124915
7.446098712679792 0.0348 30868.976481557278
23.830161930770583 0.0311 33193.85460533488
7.792922854999739 0.0305 31083.823933311436
14.904848501522086 0.0289 32052.507997013323
21.110279084147088 0.0284 32906.042414017575
9.17083673118148 0.0324 31244.17855557079
7.752060186241394 0.0347 30962.880370359282
11.085309913866055 0.0307 31303.171057152016
8.549924422129811 0.0306 30982.204640238077
24.905709794858364 0.0262 33273.99014552511
20.156637610150877 0.0282 32620.77186977354
17.31601379302564 0.0295 32296.518819192348
12.655983194859447 0.0281 31369.477894829102
11.66689510013414 0.0272 31351.42962675163
14.795831121303415 0.0275 31869.476810630487
12.750303032286206 0.0309 31481.289556722022
14.06817127162201 0.0254 31792.001401948397
17.509663588086298 0.0258 32253.199252095077
14.175591628308364 0.0259 31785.389878398542
25.04667757600167 0.0266 33342.50232464667
18.433006569619977 0.0263 32215.661650338447
15.462386917564512 0.0257 32085.850867375757
96.41890064989747 0.024 40885.40232719744
12.316799558243531 0.0265 31385.30792747048
20.73445371346049 0.0242 32747.20611182342
14.422449309997601 0.0265 31706.210465446635
32.89609851357999 0.0236 34353.488090140876
95.73066994612333 0.0224 40725.882820294464
18.91629461753796 0.0225 32394.886570018105
19.763876476183718 0.0235 32596.278585264554
97.45980977262731 0.0237 40752.08818788177
96.07111538070835 0.0226 40800.607025994264
95.24008540332338 0.0246 40670.0685928654
91.11557183050681 0.0222 40355.58264880969
56.379429505628465 0.0221 36469.65346120764
28.72746690979041 0.0211 33656.544797641676
72.52876601257535 0.0212 38648.677028530474
16.451770496813403 0.0234 32060.80782489662
28.452464079669916 0.0239 33716.11631466989
97.10760661007623 0.019 40818.16056801461
22.512166946907215 0.0244 32731.168560658705
14.57794992209576 0.0248 31595.89578397022
29.350759886811893 0.0209 33807.22196519276
49.193265640150905 0.0208 36432.13945514232
84.17515324623817 0.0221 39717.70648848455
30.02770138603159 0.0229 34044.95948560788
96.00275106229705 0.0186 40577.70492861262
96.43152875069939 0.0182 40618.83284868762
75.50726642721311 0.0215 38853.784717462375
92.99111202332952 0.0198 40644.6269326415
97.80804373418647 0.0188 40621.605329534024
47.5753939662617 0.0207 36255.211473039206
69.76506450467008 0.0195 38066.44098091055
94.29207973704793 0.0187 40365.28644466867
96.68180642648485 0.0194 40830.651448448254
97.26150501926035 0.0181 40794.99249972998
97.90012764719205 0.0198 40909.33538757279
96.82953029156482 0.0171 40730.00739575978
94.67505539378918 0.0185 40453.37567776358
92.89539505895719 0.0158 40127.688412857584
91.01400998007043 0.0197 40312.413127224674
96.26238503883586 0.0172 40564.72810791954
92.53122682088603 0.0174 40422.80521756216
96.98678926230359 0.0154 40659.205907645584
97.2874996885232 0.017 40531.42123326821
98.0793002904774 0.0165 40764.690626801006
84.83441504902402 0.0174 39736.379166699895
97.14375195475947 0.018 40515.07928488716
98.03933456561565 0.0148 40600.21738590881
92.55203963314754 0.0181 40127.40821043134
96.19364773185161 0.015 40324.1471324653
98.30548900266777 0.0149 40702.88652961884
83.48983460986466 0.0184 39374.58465191369
97.33260646045416 0.0145 40550.67082714318
98.19362670433686 0.0167 40741.568966595674
98.10299523340227 0.0155 40818.817235889655
98.30380056623135 0.0142 40679.108742515404
97.94354218325624 0.0139 40537.20528235911
85.18053702224505 0.0151 39694.81060183105
97.21560839450675 0.0131 40261.282743135176
97.46805431746775 0.0142 40660.9680936362
97.82668752462118 0.0149 40310.07412192446
94.67790023520807 0.0147 40126.881329914686
96.04528673804025 0.0147 40375.692997367034
90.87173225664527 0.0152 39926.0085040583
93.71470695142415 0.0137 40052.345779198
97.95265181625734 0.0139 40646.578155556424
91.51834970069233 0.0145 39895.594711226375
97.14230456754218 0.0113 40535.806109111516
97.82648556293049 0.0126 40524.59805463982
97.30373143895423 0.0137 40481.3505617668
97.90594831538537 0.0115 40467.289472057346
97.29318019725319 0.0133 40468.49643029179
97.74100092522916 0.0102 40299.690134771874
96.68622958148593 0.0128 40678.90625714352
90.24892654804437 0.012 39743.22532816852
97.05118036911776 0.0124 40233.20445121574
97.63572873133366 0.0116 40415.207786118626
97.8547443704246 0.0127 40319.17214143396
98.3176709519813 0.0112 40542.6641383672
98.21651386921343 0.0105 40729.02709807097
97.10902775794808 0.0128 40717.05634574493
95.06133187335773 0.0119 40477.636200610985
98.21205012012882 0.0128 40463.63863945828
96.57235664471914 0.0116 40016.907451585066
95.5603635194522 0.0116 40394.16971909688
97.09890652921545 0.0109 40297.077823425054
98.3714087089798 0.0109 40426.24657525842
97.53110789373666 0.0109 40220.63404717949
98.01347127249944 0.0116 40364.36622767257
97.59628999067647 0.0108 40429.2282875947
97.94542442981876 0.0102 40312.129329623014
96.20191556728236 0.0104 40430.553503132855
98.13879140086063 0.0107 40297.07343177171
97.12309824643984 0.0116 40499.194844501566
97.30813356605678 0.01 40241.4783816428
98.2401321828172 0.0092 40404.4386282664
97.01012072199954 0.0101 40373.92217299148
97.37636287700067 0.0093 40014.255301507466
98.11478512957027 0.0101 40371.648372462776
97.66020006498887 0.0096 40381.04625437003
98.37672547645082 0.009 40497.7116944025
97.97448492865696 0.01 40485.234054458466
97.97578610866107 0.01 40420.66653172759
98.36601143788963 0.0094 40546.660549980195
97.27669077748101 0.0102 40097.50071484527
97.83373601834838 0.0087 40404.09149245796
97.96400930561524 0.0095 40263.94331190834
97.33924870782555 0.0108 40257.441066137064
96.98781547863281 0.0084 40329.91050610027
98.30578702238596 0.0094 40354.867619140234
98.02184243240005 0.0087 40447.47376532013
98.05839904631101 0.0065 40365.02214891608
97.80029334263212 0.0089 40251.95617508131
98.3580524148969 0.0085 40382.24734990467
98.24179795633876 0.0071 40436.28508004123
97.53733913135717 0.0077 40387.08295231524
97.12127407692913 0.0073 40213.7615722301
96.91988662692104 0.0101 40136.051911699295
98.2991373293587 0.0088 40168.509322871985
98.22414657257231 0.008 40397.53501481892
98.174532403956 0.0067 40373.93029470141
98.1366177577579 0.0083 40108.97232790369
98.35314753137128 0.0093 40159.176952752176
98.01719721884005 0.0064 40219.76076407723
98.20878539967192 0.0082 40533.803102368496
97.64425928052664 0.0075 40140.977146529316
98.30584886222651 0.0063 40226.679215556775
97.00940836559384 0.0061 40133.89493663853
98.24904943673323 0.0085 40111.592836219446
97.7003054562311 0.0067 40105.40626868168
98.14293403839832 0.0064 40501.16273974706
97.68911333343858 0.0072 40024.98122242428
97.48153589308518 0.0086 40140.502134443144
98.2016361391293 0.0068 40343.22366128435
97.73918311018313 0.0067 40201.76988251772
