6.166589578075265 0.0484 31326.998766022025
4.066569365268332 0.0453 31077.678196712663
5.960392869303343 0.0467 31322.70210083854
4.670649298635732 0.0483 31117.193835934126
5.731062662214587 0.0488 31184.809707061337
4.129126958396636 0.044 30888.353817904503
4.737951449284827 0.0496 31011.362079186034
3.9588315818118733 0.0464 30880.121854647987
4.641767108639907 0.0478 30872.788170492797
4.003856639733589 0.0481 30700.912027889655
4.297262515790777 0.0454 30821.04943262009
5.427762175921635 0.0436 31056.644559263277
4.775876545787008 0.0454 30990.51120475907
4.799218331140893 0.0431 30997.056588334184
5.904554672002551 0.0439 31068.12421461856
6.3881124746017575 0.0426 31127.151689465678
4.618070232947951 0.0416 30620.715932050698
6.769679582093945 0.0409 31219.19860386657
5.109106845014364 0.0411 30946.418558499365
6.55737663931088 0.0395 31046.61815003482
6.287898020272148 0.0411 31032.037351414117
5.836475221443789 0.0396 30842.552548907308
6.34075409651989 0.0384 30884.764572118536
6.233670928206979 0.0421 30931.951195955655
5.819924122882448 0.042 30966.419333458172
4.88750743716265 0.0403 30825.914326934653
7.361115033435759 0.0388 31229.565380187796
7.987852155472811 0.0357 31285.71639691854
7.554638745309056 0.0358 31168.36568488484
7.280843340490885 0.0366 31037.359404842875
6.001656867105678 0.0352 30858.935572913888
6.028779612282071 0.0402 30897.340226161225
6.710038041614312 0.0354 31062.214538286185
9.264839347681452 0.0356 31296.583683444795
8.769705915948473 0.0314 31212.808397141693
8.363039867451484 0.0359 31191.657036963978
8.519554853845088 0.0356 31227.299368349137
9.169244314014907 0.0355 31243.749149506773
7.324307376212259 0.0365 30782.440401841617
8.11628857416496 0.0332 31131.33527408279
7.8100831470386485 0.0332 30973.94957709793
7.012022641778615 0.0333 30963.89698807888
13.079698681970509 0.0325 31699.388527450465
11.725582267909498 0.0307 31390.85292754398
8.987146740804738 0.0325 31183.7246112203
9.942934863677023 0.031 31358.65161720534
8.338278195799983 0.0329 31031.305087347828
10.323688032096396 0.0318 31249.377861457382
8.494904301249992 0.034 31128.61141246766
12.138955791719429 0.029 31622.228972479254
22.456056997658347 0.031 33093.33248840014
7.885041185352258 0.0319 31058.45055755656
7.884086236932615 0.0317 30942.945859899923
10.19892046879198 0.0272 31126.336320033024
12.545638300472458 0.0288 31600.918658061004
13.403801458575664 0.0303 31727.141331848357
16.918127892086485 0.0263 32278.450021123244
10.299167799367407 0.0284 31250.820753500942
13.022934047774745 0.031 31616.88914937315
14.27624723697706 0.0279 31746.331276996105
8.949670887429958 0.0272 31152.71558363897
12.54341370207523 0.0282 31388.876801081988
16.784450182072206 0.0255 32173.637786358868
11.436423176765198 0.0295 31213.709616266
16.91788530543713 0.0263 32078.035127989355
17.250038552992365 0.0237 32206.133733639934
15.892833552758411 0.0271 32007.035574215774
18.68812171925617 0.0253 32447.061575172585
20.37149272349293 0.0247 32477.079463524176
33.09548564110882 0.0243 34253.0785364695
17.146760954136482 0.0261 32140.88552231178
14.900770882123737 0.025 31790.07133530299
16.650119188259946 0.025 32219.622163986038
17.70914258488299 0.0241 32367.16315547404
31.46698741746373 0.0257 34009.964966193365
48.376006687742276 0.0208 35696.5850797985
28.337763012577227 0.0251 33571.07646474414
89.04534432990104 0.0233 40158.94784408632
27.343126547579764 0.023 33647.39914377777
26.90311144507273 0.023 33722.42334905641
31.776471479495022 0.0221 34230.05445131011
77.44193236317918 0.0214 39088.521968842426
37.82378325006938 0.023 35102.12562339813
32.20453536224389 0.024 34359.290509567596
50.9714061516405 0.0193 36676.31915239664
39.57115783161692 0.0224 34906.689978549584
24.010806643951742 0.0221 33272.11935972209
24.686725719740235 0.0239 33036.47080003413
67.29052271499181 0.021 38290.074610547534
56.4568190276996 0.0196 36535.3428685799
97.73257886407195 0.0205 40985.462273571706
97.79276796438911 0.0205 40836.88773888879
93.80750421655983 0.0185 40496.6544706845
82.67700479887124 0.0177 39654.631592580794
43.11487083463087 0.0217 35326.22881850779
64.2046085652028 0.0196 37572.42101606771
78.30046324925945 0.0185 39186.17429514827
95.41187423119787 0.0186 40829.372944063594
80.09622294220242 0.019 39108.28072763695
97.25519553087825 0.0185 40716.96233146446
68.8681065766602 0.0178 38189.329299618825
98.14299065017136 0.0166 40764.92772417762
97.14597579622087 0.0173 40736.29828468117
98.29191236590603 0.0158 40805.71286847199
92.8982613076883 0.0147 40165.76525993562
97.36674620148796 0.0169 40594.53181026229
97.36016139595685 0.0174 40536.39521634671
92.88256423225239 0.0165 40615.76519373911
97.52815648191513 0.0166 40652.89558765562
95.87422891251317 0.017 40512.29092308285
95.39055530147836 0.0167 40647.972573584724
96.57179978945912 0.0179 40693.224375718004
96.72915449122618 0.0162 40350.45801465381
96.96548587472395 0.015 40646.73167353702
95.64121741162363 0.0153 40415.46325293348
97.70653356707041 0.0137 40684.13298875201
93.01926421881248 0.0147 40315.999687430216
98.33704345120127 0.0161 40571.63837030289
94.64687295700396 0.0163 40433.80616179914
97.54432642087637 0.0156 40506.447942905266
96.2445070135696 0.0164 40620.00632336011
98.03363226798159 0.0147 40351.461054475374
96.83443065791327 0.0144 40500.56632430221
97.34943611491832 0.0157 40459.83915032886
97.99154111632598 0.0142 40330.294063272035
97.39760990214587 0.0162 40360.5740477634
98.12601981974983 0.0155 40658.46474471908
98.07770209675358 0.0124 40329.35825801525
98.24677063765716 0.015 40816.23933508823
94.33021884403232 0.0143 40341.10001762437
95.86823978962772 0.0134 40280.70545941907
97.96585072281252 0.0156 40626.12713622228
98.36947506463616 0.0132 40639.95220699511
94.80806156721361 0.0146 40277.598522118686
96.76003865705847 0.0132 40580.853290964886
97.21737234818853 0.0132 40506.56645163605
94.51440308383819 0.0124 40329.627658245336
94.08218756035022 0.0123 40208.99870306365
96.30014270983182 0.0147 40407.47213017017
96.33315350408485 0.0135 40413.85061779699
96.82484577215632 0.0122 40355.65080620395
95.96198764798682 0.0127 40269.147736835504
98.04182803722458 0.0121 40593.14332159765
97.99263566949057 0.0128 40514.84448269489
97.7397182812821 0.0107 40471.83199230861
97.32513860614581 0.0131 40605.464697752184
98.04393590689814 0.0109 40473.60229604635
98.23199534427714 0.0132 40425.58317341109
98.26780977298081 0.011 40254.583567370806
98.295143501219 0.0128 40444.94179708605
97.45846788408933 0.0109 40489.73857904127
96.26874920694529 0.0117 40323.0418262338
97.90422761482277 0.0101 40149.184191979344
98.20275414955803 0.0094 40353.26833480937
96.8022024922914 0.0118 40242.78917670752
98.30781028298539 0.0106 40274.830931460536
98.33738795890335 0.0103 40385.34472947819
97.76575473302402 0.011 40318.25086352825
98.1727134937871 0.0092 40339.110392525174
95.01887947770066 0.0097 39953.40623941116
96.52831029372835 0.0102 40254.43046359208
98.08911230423962 0.0085 40291.12169371004
98.27892806850126 0.01 40682.3616912022
97.95187626484784 0.0116 40143.255852176684
98.1902280284859 0.0098 40320.296912834856
98.11130377505485 0.0104 40429.75457043152
98.1075090194869 0.0094 40482.692990997835
97.86211457045063 0.0103 40394.95761916158
97.49133959198633 0.0089 40457.36874951486
98.26191126638136 0.0103 40374.497786106316
97.96175215196892 0.0073 40272.095673064956
96.50392533525998 0.0093 40449.17019341161
97.75927703601397 0.0083 40213.43374527921
98.36485534297975 0.0107 40511.1117151623
97.94852121147228 0.0079 40123.80675422064
98.20897168491453 0.0081 40502.40641418625
98.01577124704751 0.01 40458.21290126578
98.03045889834186 0.0091 40113.6995087277
96.6331539661801 0.009 40225.871199892004
97.98508715483543 0.0075 40475.624197059544
98.09971239471824 0.0075 40354.82486597048
98.05285318203022 0.0075 40503.32494306326
98.04384004686227 0.007 40359.86255210295
97.68487736810825 0.0071 40252.66246723878
98.04321079041304 0.0081 40020.4586238363
98.19412329721284 0.0073 40261.93486600047
98.2029243897259 0.0062 40219.74156235455
96.89396306603089 0.0072 40329.241439823374
97.4471123220107 0.0057 40279.31145677567
97.90536659932923 0.0076 40331.535202038096
97.29654641233195 0.0069 40100.41840634721
97.49923562477086 0.0071 40352.23666877538
97.95886182246738 0.0083 40172.602416498295
98.26843686197917 0.0064 40251.0352509525
98.09547272629881 0.0053 40478.60525560637
98.217435213943 0.0062 40263.397666215715
97.93847318616493 0.0068 40171.84792586601
97.5080162735648 0.0089 40263.6410320175
97.78868792690761 0.0067 39960.763532531055
97.92442900905108 0.0078 40143.4847580461
