4.66705585453284 0.0487 31102.302375818916
4.320564066761553 0.0492 30988.561374155302
4.893429050668937 0.0475 30993.36749989796
3.9638459030333237 0.0479 30930.99982304528
4.823425920256723 0.0479 31014.913661619205
4.307715397103669 0.0511 30921.57899187435
4.667494938009296 0.0491 31139.256236285077
4.4241785546420065 0.0443 30856.556417570737
4.9619568967481715 0.0458 30962.393420834676
5.157929078130734 0.0426 31223.330151588438
5.13444772002692 0.0478 31086.16391696912
5.532934552507963 0.0419 31009.346078118775
5.212875548685385 0.0439 31012.261228363295
4.881951940256422 0.0455 30769.30370759864
4.763758444576628 0.0428 30795.396189938507
6.270424538828788 0.0406 31171.782311706957
5.722063395059613 0.0404 31019.53498685064
4.953351122073961 0.045 30995.581579541733
4.983555251084396 0.0417 30876.678914010678
6.798167829890659 0.0403 31163.82589813117
5.6611774540717175 0.0394 30730.270605604175
5.367339281154114 0.0399 31020.97520424605
6.420414618400397 0.0387 30881.21538223293
5.937384189116085 0.0405 30881.457337197087
5.345220813061195 0.0404 30859.264665449475
5.6363793784084155 0.0387 30898.56038338291
6.007140759021144 0.0373 30899.934793077802
7.172042119561807 0.0377 31107.62305500874
6.498547599692995 0.0364 31005.053280111577
7.378761970009866 0.0363 30936.27100651631
5.823032737123096 0.0396 30814.125256644515
7.295841860767041 0.0343 30965.76244820498
6.378346917996967 0.0355 31009.021180708893
7.774535496813368 0.0352 31298.59195718244
9.236735131919177 0.0345 31304.92783341549
7.730890178464781 0.0354 31096.029887169676
10.214007453507932 0.034 31389.60703989472
8.870423018980373 0.0356 31289.115547173347
9.023194903555325 0.0343 31184.05100052188
7.450389560090838 0.0357 30930.12292838507
7.504060446622608 0.0335 30863.400348562012
6.59530443137986 0.0329 30800.283748057263
9.559448054541475 0.0343 31270.581288451973
8.574716033567377 0.0333 31202.121163301235
9.018826095113354 0.0336 31057.44561628243
11.862231645495909 0.0326 31548.527340528577
14.031334416851692 0.028 31898.720979044276
9.756970112474631 0.0302 31151.743232226007
7.914169433730745 0.031 30997.036727089384
8.640678684775647 0.0318 30961.71475775075
21.524489211419642 0.0272 32993.00285931852
8.901164804732485 0.0311 30954.157070630506
10.488203946600635 0.0307 31400.092373242398
9.318318559117195 0.0295 31192.54458394932
12.85993381673606 0.0301 31727.29764087078
8.501769861061902 0.0302 30893.81417265695
14.524365343369713 0.0273 31774.151005478503
11.932381096322073 0.0305 31454.05556381155
12.303926429090842 0.0281 31507.56092066441
22.912086089864754 0.027 32944.13522139486
9.3551189775899 0.0293 31115.42875492822
33.974169046537995 0.0246 34479.028296106866
13.983312174851674 0.0275 31758.88542287914
28.68790781677645 0.0246 33808.27386649689
14.090711485906986 0.0279 31675.392857330506
15.003980779349678 0.0252 31744.574454061883
15.585082960984055 0.0271 31857.705663616645
12.961309619540614 0.0271 31531.89476713027
95.94823012504034 0.0228 40847.609636044544
27.372809213408264 0.0251 33662.06731694309
23.350893806233476 0.0255 33214.33381713808
37.682752410271696 0.0242 34665.56433444611
43.25730509591447 0.0215 35966.347526455196
35.05765096970754 0.0225 34651.10374454612
38.631291453680085 0.0235 35052.48830522151
59.91739534828418 0.0221 38099.214449066305
59.49121469322711 0.0222 37385.07702420279
49.58008868000553 0.0213 36290.781137203005
24.23399497391809 0.0232 33256.571284065125
18.34238044489935 0.0234 32294.13099868892
32.73339750883787 0.0242 34225.492051371104
45.4614085368554 0.0248 36122.274656235946
18.939799113027746 0.0228 32317.796348536525
19.541826809144368 0.0226 32460.478645202886
33.683976236094544 0.0244 34169.31003076789
26.617812321707728 0.0224 33625.38728125321
92.05947875223492 0.0213 40557.248732328604
97.84845771793977 0.0229 40732.06377006294
36.400606864432405 0.0211 34524.264827140556
61.727267674986855 0.0212 37152.09777258827
95.69912708430611 0.0196 40830.27745996208
91.50831053395527 0.0212 40179.860477801754
93.30882789022404 0.0219 40306.730668551616
89.18904454337007 0.0202 40145.43278026593
97.67381597301392 0.0191 40816.90354420941
84.69398237574455 0.02 39645.100683026605
88.79716286714566 0.0157 39697.03041014235
64.99839507989526 0.0183 37626.593651428215
95.64030642588527 0.0194 40645.638816972685
98.33629824868183 0.0173 40654.46650231118
93.0045972878194 0.0179 40167.47661964861
97.88021394880933 0.0168 40835.05599653805
96.5235649208751 0.0153 40673.322947736255
95.57052491225389 0.0162 40600.49866800503
93.91501514249059 0.019 40459.473513470475
96.08320294864232 0.0168 40463.71251807385
66.79652025536323 0.0169 37582.81387785303
97.23079370067545 0.0164 40641.33261710648
97.564922674655 0.0163 40884.75597701541
96.62345291399504 0.0155 40708.89728439613
91.87275687887873 0.0182 40132.15230555522
86.73708424306383 0.0177 39489.1094257639
96.5602725936388 0.0178 40408.2049131511
86.64945502305589 0.0158 39598.91650605434
97.39398970724419 0.016 40594.887855623274
97.51788051765732 0.0152 40840.78241172016
97.718716589096 0.0139 40618.85297542772
97.83315212187719 0.0153 40699.443150383704
96.40357561763577 0.0139 40563.6795758753
92.36165836573821 0.0181 40155.45855820509
93.96334623593853 0.0172 40309.51064687751
96.75949683329792 0.0144 40452.10982815338
97.45220847818592 0.0156 40429.55917623544
92.95204032941126 0.0132 40217.766050394835
97.31108589885822 0.0155 40553.34114862933
96.95113421630373 0.0138 40405.02693735785
92.34423280622035 0.0135 40028.851158728285
97.04633618404878 0.013 40363.48139426869
96.95091221593601 0.0139 40509.523888651674
96.7289210949329 0.0146 40648.38389422903
95.13944044012268 0.0128 40358.42348045492
85.29661036800057 0.0147 39261.670261695595
96.02026275943936 0.0157 40454.581636944036
98.09009199266305 0.013 40560.55995086295
98.39060360853978 0.0115 40591.068423391254
95.79694832212132 0.0143 40282.63045214829
97.46722523767775 0.0132 40454.944765707514
96.72102674006398 0.0139 40282.02417331671
97.55682606701735 0.0111 40488.86875561531
98.06979602995784 0.0122 40438.48364890173
95.38725749662711 0.0138 40232.342997014784
96.49831994517393 0.0124 40337.42238293429
98.15095312244699 0.0112 40405.71697245274
98.02341433251426 0.011 40602.19391783051
97.91920441830425 0.0111 40287.62801250658
97.41865602811883 0.0132 40386.041149329474
98.36631962934771 0.0125 40564.432667627305
96.73285179824417 0.0108 40516.99660031919
97.98696170219903 0.0132 40587.22047621388
95.41635385689071 0.0125 40297.14851817089
97.84165695622794 0.0123 40668.350634974275
98.03574411264441 0.0128 40395.682174034846
97.43377821851941 0.0125 40369.39834068276
97.91812360437933 0.0116 40571.93877373133
98.13811786856733 0.0113 40156.0420939116
97.81287224995431 0.0129 40365.782365922794
98.00896241553654 0.011 40241.15674065807
97.88673363085465 0.0092 40354.66126654471
98.21204264388987 0.0099 40467.79839350702
97.73919874445902 0.0095 40038.65561234332
98.12466668448863 0.0099 40217.09055360293
96.60602275034108 0.0094 40223.68392363432
98.24830864918461 0.0097 40395.980835444985
98.35513938967881 0.0088 40364.46815849925
96.17042242133066 0.0103 40186.732382837414
95.30408033547025 0.0093 40165.374108059084
97.59704948445597 0.0096 40137.432715568226
97.30288978246739 0.0093 40323.13325864051
96.80944809887336 0.0101 40093.4893111302
96.40546577408514 0.0094 40057.737521388946
97.06909101930654 0.0085 40459.67743207444
98.10421184865282 0.0081 40268.26712364388
98.24198338321834 0.0088 40225.935589211134
97.88709753400578 0.0088 40452.64923418944
98.17341517343418 0.0081 40535.06710440114
97.68329881665282 0.0102 40241.37267376584
98.19511769099498 0.0072 40340.644740781245
98.26471872642348 0.0082 40357.01255840951
97.6350770026646 0.0075 40249.92667694363
97.09868652061628 0.0082 40190.22978005549
98.15844462189946 0.0083 40202.38072210424
98.15747282355665 0.0081 40215.91998615851
97.92458535789956 0.0078 40271.6906646595
98.37613860281164 0.0083 40204.04442038102
98.35203039897938 0.0069 40226.719343465586
98.11391764721778 0.0082 40307.6963127552
98.06814093925806 0.0069 40276.52905003493
97.60819317461797 0.0072 40185.0120360867
97.62950517593357 0.0086 40160.032247070485
98.35093125103508 0.0078 40097.29854608612
98.15590544614734 0.0058 40213.35672063703
97.2737823960346 0.009 40527.74714637166
98.32970984373054 0.0072 40402.66013155239
98.1184978867518 0.0087 40297.66777548145
98.24512742635842 0.0081 40021.94121020051
98.20017469266368 0.0084 40303.19639220966
97.90403766639326 0.0055 40197.302533364855
97.73166522617689 0.0083 40202.22251708996
98.06638563640584 0.0065 40415.543382274576
97.4932623430198 0.0067 40313.10443316919
