5.209855123481159 0.0457 31102.19647244208
4.8151505992291055 0.05 31124.893111583817
4.17210259873125 0.0498 31018.898955477962
5.179366080863001 0.0468 31166.174408957206
4.401588099968473 0.0502 31035.77924082674
4.940414101631368 0.0452 31086.99516872937
4.683890436358059 0.0483 30901.742120248757
5.855242893265331 0.0469 31125.15449547463
4.379704187338511 0.044 31003.637397569895
4.5108108513746386 0.0464 30899.718771900014
5.348635198143024 0.0417 31064.663006365852
4.797215876684625 0.0477 30986.195802524788
6.512994459921309 0.0426 31156.347564772597
5.726118461879106 0.0416 31148.954494578473
5.0973733221501565 0.0429 30833.211398851352
4.54574084822675 0.0438 30928.265409677388
4.850806982077505 0.0421 30827.003597431518
5.704158060492451 0.0422 31023.49110801948
6.35532095322818 0.0397 31033.143198779144
5.127280069979895 0.0413 30778.918686701352
5.327279683453012 0.0418 30875.208804023026
11.123501565305443 0.0367 31694.365464637798
5.59773385222713 0.0367 30882.308664515258
6.35337658910484 0.0402 30982.99840071394
13.164466435861183 0.0364 31895.32921852601
5.8851717093017974 0.0364 30932.35240125706
7.8740699833078445 0.038 31266.37214046834
5.961198021972087 0.0397 30849.9774414567
6.020920967675403 0.0382 30818.505073258697
6.8524468833411225 0.036 31040.141639895817
6.02757358691296 0.037 30780.156855639645
7.744418092557687 0.034 31156.265374102317
6.395067768557848 0.0378 30692.71726481902
8.177441622856064 0.034 31165.436879901947
7.218408199477699 0.0338 31007.90788543135
9.191923555945893 0.0351 31312.995352721915
7.987129255383876 0.0326 31070.046115594472
8.717878661657974 0.0355 31267.169958092047
7.465308563959042 0.0345 31014.34532158714
11.055612310879187 0.0319 31645.01842842835
12.803077435776766 0.032 31712.913704929913
8.48006193087751 0.0326 31153.795509345815
9.560976849375677 0.0312 31382.114384975026
10.326575145364808 0.0302 31382.958814030422
8.524308745070607 0.0339 31030.086202191364
10.508660076513772 0.0321 31471.03966101203
12.569721504482015 0.0302 31765.682843377406
9.326728605757538 0.0304 31113.99084889916
12.939839758684231 0.0312 31679.747711474094
11.355188263331826 0.0305 31369.433810368155
7.7587270651003735 0.0321 30944.011749318324
10.179681295396051 0.0289 31334.485175338836
10.887353243280849 0.0297 31401.251330301035
8.581818674031444 0.032 30906.575903776997
9.080180932902097 0.03 31040.669898333254
12.066713356627552 0.0289 31585.012964616348
11.044537170328182 0.029 31329.204791912587
16.524018302780295 0.0254 32206.295275940414
16.55136684125419 0.0271 32339.402343904134
8.230304540489815 0.0325 30960.40217450263
14.527650437093316 0.0293 31733.19939981567
23.20295026225637 0.0278 32972.78187476107
11.36604789447787 0.0296 31349.67120935535
12.3022645832748 0.0284 31510.549588286827
11.525710110733568 0.0285 31248.94091711861
15.919652963826678 0.0305 31902.15575630188
15.29488403848825 0.0249 31883.957594446234
33.61461002403102 0.0248 34444.52791701645
12.834813636782167 0.0284 31556.878242820614
20.27557798540141 0.0245 32702.862884676993
19.87189576138301 0.0253 32711.029818207997
23.861805261030735 0.0238 33340.886924801016
95.23211557641925 0.0235 40763.55207742834
18.3282137883666 0.0247 32253.48154570818
97.84236158619062 0.023 41124.16488143835
95.60283833382567 0.0233 40597.325917354545
12.40607075536935 0.0256 31388.606695524315
60.26165825239267 0.022 37635.8281287591
34.408432938113336 0.0222 34341.924011464616
20.291245629984704 0.0248 32243.495841676293
14.9107001606184 0.0243 31701.306085690667
51.26349376827773 0.0228 36679.135402928674
96.30067491175049 0.0194 40872.25156806365
95.12493781490285 0.0204 40590.86925042427
79.21738300655849 0.019 38925.037393830025
20.537280544164844 0.0239 32563.11824205819
54.26495142434511 0.0213 36149.02694472879
68.81095035057395 0.0216 37663.30007284762
94.98284801400199 0.0221 40747.82298949396
51.68718582916778 0.0205 36367.39382634918
90.57659220983628 0.0223 40299.26913623966
52.02051263271769 0.0182 36020.59433495254
28.011455499315268 0.0257 33559.55047171701
95.06575640725852 0.017 40630.22765314432
96.82264057891027 0.0206 40553.0255511573
97.64251417421183 0.0178 40986.013075175724
39.436638107578894 0.0221 35142.346794418445
96.4753380401845 0.0184 40610.42935633398
68.18430155604896 0.0207 37892.00026094538
37.48825220294399 0.0201 34917.42923885653
94.45533625916637 0.0171 40527.44812563944
94.89352275337876 0.0164 40602.775924623165
96.80035865201785 0.0177 40694.402388359325
97.36175389948741 0.0183 40550.32310945101
95.36331736105794 0.0158 40495.12862860541
94.96189471957385 0.0181 40249.85156393511
97.27849154199139 0.0184 40473.56615359907
68.51213746550164 0.0183 37883.10841641796
93.51103196542375 0.0176 40444.18631472177
94.49229036495468 0.0156 40359.17330943786
94.71232496312271 0.0179 40506.4011868967
97.53739114796656 0.0189 40391.73589953001
96.1610255873995 0.0166 40470.84482565482
97.74628646000323 0.0167 40635.96304284377
97.87734251777046 0.0162 40494.56079110735
96.61258384321779 0.0149 40536.59502966915
96.76896695042821 0.0163 40493.71325378488
96.97432136715884 0.0151 40388.88603264443
97.19629012631465 0.0158 40619.34978722634
98.23922270183108 0.0149 40470.29489119008
98.0681126195159 0.0156 40784.662870171924
97.75990090457499 0.0144 40561.48511653828
97.49310606903751 0.0134 40474.12324976472
96.28239369697849 0.0126 40519.839594385165
94.32924989971505 0.0153 40384.103311480016
94.98498337012913 0.0142 40226.88009411198
96.55287199040053 0.0129 40278.22167990569
95.98280148030875 0.0129 40333.36313757123
98.35549166132857 0.0145 40435.12126714975
97.74213998353498 0.0125 40530.83694157972
96.59344615179475 0.0141 40463.40539810938
98.02588712659765 0.013 40513.995206441075
98.03012712470652 0.0138 40498.890649232984
96.81608092757284 0.0126 40255.64890523156
97.85709779789475 0.0139 40312.09242349397
96.72382748574191 0.0143 40335.91989726693
95.88263051248056 0.0121 40275.72372754514
90.62101356970726 0.0133 39939.38002769411
97.90326408599519 0.0119 40526.08341708921
94.4321703726244 0.0148 40391.09609820597
96.3282838049187 0.0128 40429.83425507374
95.68185997926619 0.0124 40282.761589191694
97.68711915684007 0.0108 40353.404434649456
96.08200065876753 0.0128 40144.22674818618
97.48030922828424 0.0123 40513.25556538908
96.91324027748442 0.0111 40317.228162277795
96.99491950593506 0.0117 40398.448006561324
97.54030078182176 0.0115 40424.84694125479
97.133293170661 0.0102 40431.88812780057
97.71399972352675 0.0084 40520.47042424282
94.3352188998926 0.0101 40217.295953506735
98.06544926931204 0.0122 40625.62171220302
96.18676642046245 0.0082 39950.09119096508
98.09818023068995 0.0095 40548.09591522355
97.63289987895949 0.0096 40362.868093274185
98.07409330147644 0.0118 40290.299410743
97.75448755995446 0.0109 40413.855487597146
97.89057960061857 0.01 40337.48256330554
98.31491688395602 0.0098 40373.60480380243
97.8736025110264 0.0099 40348.10447480365
97.97681140292823 0.0104 40171.31373039057
98.26643722974958 0.01 40320.63455317882
98.02986293936216 0.0098 40413.446365751464
97.55457640710938 0.0112 40214.62013155877
98.33268572972726 0.0094 40556.85093576843
97.64215479319469 0.0082 40064.14129897454
97.56508437439103 0.0093 40648.04376563276
97.26869164965375 0.0084 40117.47881831166
96.9916116770494 0.0111 40055.98535547884
98.23974018077958 0.0094 40459.90059780012
97.68098983744233 0.0084 40445.527939096755
97.58195612536801 0.0093 40266.90789296271
97.33596362240074 0.0083 40073.748582960085
97.35588374638718 0.0074 40345.663014731035
98.27621668606655 0.0095 40245.78525687128
97.83821976136473 0.0083 40131.82061764736
97.96918818488716 0.0085 40218.02204260997
98.08536169110063 0.0089 40116.85567123472
98.13051777507863 0.0093 40563.18568144033
98.2818944681166 0.0088 40152.66778054751
98.04896566933434 0.0078 40408.8072230886
98.14520377150744 0.0078 40262.19835970456
98.02642586528555 0.0079 40170.03302577649
98.07327699245977 0.0089 40237.75886306965
98.33674176986088 0.0087 40398.06983357324
98.27970524316427 0.0073 40135.63240311953
98.31595775550534 0.0086 40232.53112381383
98.14671779174496 0.0068 40172.9447573203
98.13299967064162 0.0055 40302.312146577104
98.20649078476062 0.008 40182.84270261011
98.1153340191629 0.0066 40288.152599589564
97.93436360125332 0.0087 40178.995057993496
97.85075699016416 0.0066 40401.68103127918
98.03834400568574 0.0059 40240.30704253104
98.21579496278821 0.0065 40339.51499294448
96.94111796785717 0.0066 40027.64616431711
98.36189852872961 0.0078 40351.11436372457
97.83997827732628 0.0069 40294.47349679273
97.24353495915166 0.0055 40060.00435725721
98.3652173874812 0.0053 39991.18239069807
