6.16649908106783 0.0454 31346.87727159497
3.9294779133241673 0.0519 30951.46708315259
3.975923606529992 0.0504 31004.171932290203
4.233032542790473 0.0486 30922.417252126343
4.620346815244706 0.0472 30999.651866308483
4.621558423199316 0.0493 30947.325223551252
5.039364693314019 0.0457 30987.843102777682
3.7594894384169355 0.0506 30679.634208373867
5.365779362213884 0.0425 31000.991574376512
5.518776869852906 0.0432 31040.68788625298
4.703051167385068 0.0432 30838.29034611185
6.41753030564512 0.0455 31147.095489308747
4.89097156459552 0.0442 30937.55182525462
4.574348014584599 0.0468 30810.002616991478
5.155174705494865 0.0429 30974.844647342747
7.66909508130569 0.0446 31342.136255366044
5.894119335420197 0.0402 30949.251252831407
5.7598241299023645 0.0457 30867.351654557486
7.2755714859706275 0.0373 31094.11490298948
4.608453131284145 0.0429 30774.02442398607
7.029841309219336 0.0396 31097.000716500635
5.705301712134095 0.041 30999.73207092984
5.3934160377758396 0.0414 30655.05966991734
8.534942174060975 0.037 31306.10572985136
5.445951352537797 0.0404 30981.668320335113
6.797965377960428 0.038 31028.322558470718
7.831346731839725 0.0376 31150.238820521707
6.815018135168827 0.0355 30887.325284176208
7.976035669589746 0.0391 31123.539257427114
8.332464792519831 0.0356 31073.89783077022
8.560836376439246 0.0383 31503.91734427342
6.700125796817447 0.0406 30934.134316478106
8.956571693627609 0.0339 31343.45622461706
7.973279715958451 0.0331 31114.7513840633
8.133287531908547 0.0346 31028.702523886466
7.511447223025595 0.0339 31093.038905813235
7.963402868988466 0.0335 30945.721673225857
10.186867800685075 0.0303 31443.501472918146
7.863307217903739 0.033 31091.88917683224
7.601048138456773 0.035 30920.864638424493
8.114495757106868 0.0359 31071.479970083314
13.621917907569397 0.0291 32107.777774819755
6.770229543851055 0.0348 30817.504223197102
9.74977075185778 0.0309 31289.727876465393
8.182922191411363 0.0332 30793.51260629548
9.024130773012269 0.0315 31165.930405044408
8.657274760778648 0.0315 31123.707604990268
8.87426129644866 0.0313 31106.67222571041
11.97410887374399 0.03 31667.85779401208
11.67145568456561 0.0295 31384.04168228916
7.619242617731122 0.0313 30893.841649469075
11.27505850635792 0.0312 31451.080245863046
11.104217392786602 0.0303 31397.100305124688
9.122226822551195 0.0311 31120.632782767017
12.770169834083942 0.0268 31672.366402876465
14.226372499124135 0.0273 31947.512842083772
9.732059802824466 0.03 31194.326144156203
13.278710428808443 0.0279 31585.329753026326
16.53122963607537 0.0266 32042.99579689887
14.039291500302463 0.0263 31962.48784648981
9.264081509575583 0.0318 30923.32825052208
10.27846543179131 0.0307 31206.498252949008
13.218153716411148 0.0283 31580.29922364385
11.801422840563719 0.0265 31405.163803929554
26.74413965356216 0.0253 33620.11562490826
18.300592612852306 0.0286 32295.957329146426
16.421740732140965 0.027 32054.148412025625
26.847516452223992 0.0256 33435.503477995044
23.579509931433073 0.0244 33114.22964926559
13.83776444333799 0.0249 31674.959089569507
17.96963934140415 0.0238 32147.808466733964
33.49572571805262 0.0219 34309.58531750583
13.474163340252431 0.0256 31679.608096442327
19.554806937827472 0.0237 32498.715096207703
26.941404136884312 0.0234 33437.68523240158
63.960003580351604 0.0226 37383.25836414217
23.762564293632174 0.0237 33078.47406832663
74.41864471791375 0.0235 38405.5543041833
21.433531977459534 0.0245 32723.314606894015
80.77065163897664 0.0223 39525.88957684072
96.83532177034932 0.0236 40790.9536893866
54.610506681333284 0.0218 36849.51311187376
18.25874335786801 0.0233 32301.575386776116
82.99656569974711 0.0182 39538.148365204506
75.96266473403486 0.0221 38645.00244328579
56.985083357501765 0.0204 37392.2877440551
22.719410958377757 0.0221 32848.35033159493
33.88250620361488 0.0216 34341.54095094756
81.05207507117682 0.02 39556.18959744677
36.878556319154654 0.0209 34899.25320704563
97.55373043613147 0.0189 40922.7666167012
64.49934916759834 0.0217 37548.71606400287
88.4143478033622 0.0187 39914.34643132037
50.90447198625709 0.0209 36330.456520611864
94.89178125467642 0.021 40746.58657264807
95.51733422843832 0.0174 40757.70298036346
68.76658755734084 0.0197 38207.309561029986
72.99777778889337 0.0191 38448.79508631168
89.0332971713714 0.0179 40071.35404473306
96.69636562678417 0.017 40481.85511013902
96.26605855048064 0.017 40678.66455541992
95.20863143077699 0.0189 40681.16056270568
96.75068003414201 0.0171 40527.58479389783
95.97142673356103 0.0154 40593.16313420615
97.75177070663888 0.0182 40855.943724657685
95.94245018750024 0.0189 40451.30175917141
84.00936871220216 0.0171 39563.376360739974
97.64964420253331 0.0179 40670.402455140276
97.86966759446025 0.0166 40413.50156390179
91.74887796668402 0.018 40111.098443853494
93.06889904589757 0.0165 40355.89636731613
97.02808511395416 0.0151 40527.258600240006
97.0110487555479 0.0151 40526.10222220884
95.44723978913967 0.0142 40202.63462049225
98.00582334760743 0.0139 40518.565093526784
91.6509041660512 0.0152 40130.69490188204
98.06443063220138 0.0149 40569.4110826813
96.24456030227235 0.0142 40512.37122289171
96.98293736740166 0.014 40561.29570123376
94.88647402009519 0.0164 40464.58996463548
96.09038934973631 0.0165 40490.153529928306
95.11845027549646 0.0145 40172.47162184211
96.83559955737648 0.0155 40489.51945878946
96.84673765439867 0.0154 40482.571142332396
97.89883831817086 0.0148 40387.65795914111
97.31357288454933 0.0135 40560.519792192164
97.83304053992224 0.0126 40595.33658795671
96.54081281150894 0.0156 40451.026330531546
98.08414266592006 0.0129 40563.79289292614
97.68634332098317 0.0133 40348.51996589817
96.35527061803373 0.0135 40391.06388492102
86.83489288973102 0.0142 39619.28463564685
97.65912471578218 0.0134 40582.33599524326
97.18000610179602 0.0127 40434.68324137705
96.41224730033706 0.0128 40522.82602462366
97.90845810787918 0.0136 40238.89865925764
97.35716202898662 0.0113 40333.073913034714
98.3320692718703 0.0134 40366.339187122634
97.63649928098137 0.0127 40308.344989356716
97.01214607532044 0.0121 40362.72587620632
97.47646178646254 0.0119 40088.43936853384
97.61295553131126 0.0127 40556.42814639735
93.51030955573833 0.0124 40316.774983546195
97.6094583201096 0.0123 40216.31848303314
98.09739460465148 0.0119 40544.20583531729
97.06380493684628 0.0109 40264.48701217471
96.50348236548285 0.0141 40226.66939831739
97.49676003959307 0.0107 40488.30778918249
97.7258306481193 0.011 40257.09011003287
95.42496606686508 0.0124 40384.89491088712
97.66614640747333 0.0114 40513.17096188003
97.97398509048486 0.0117 40308.361641893884
97.7685154548063 0.0106 40396.30871109169
97.81270224679136 0.0086 40434.31398887407
98.17516859019301 0.0098 40162.5106807518
96.89042053218105 0.0114 40486.101723373635
97.50959513541935 0.0104 40382.59046552965
96.40572327417493 0.0116 40069.62074314234
96.51557782992201 0.0119 40295.470074881705
97.80184794039619 0.0102 40391.91884892048
98.13913527822851 0.0091 40310.60760855238
98.19506544423885 0.0107 40214.69074859484
98.15896552473872 0.0089 40411.213750177645
97.88831287870397 0.0111 40193.16529627429
97.88866867268 0.01 40483.97284413627
98.07132240160016 0.0104 40533.429852077476
98.36199133403655 0.0095 40421.16543383794
98.37958303039294 0.0095 40416.54382422727
97.19189267348223 0.0113 40312.765877116566
98.1769309377344 0.0097 40433.22903338633
97.79838244222714 0.0098 40148.72034408538
97.99351754620768 0.0096 40314.92834887065
96.53475395875265 0.0081 40254.557283274495
98.31526239090752 0.0084 40409.08448099756
97.99497264553183 0.0082 40189.3731866985
97.8875840086657 0.0091 40227.02984918705
97.72401669725359 0.008 40142.62171255716
97.98999632963877 0.0088 40434.41922745616
97.15304151141166 0.0095 40356.37596138422
98.03038570716531 0.0084 40309.789486234884
98.04035148966997 0.0082 40251.09155616539
98.09885620319145 0.0075 40388.092606646154
98.09458387197317 0.0072 40155.31314040904
98.09927761927837 0.0058 40151.87693627883
98.3699264950078 0.0066 40515.38150274116
98.04935626355979 0.0085 40373.20094765639
97.96022119319392 0.0083 40194.40266605071
98.09219127117485 0.0082 40234.664152790574
98.05915545937397 0.0066 40151.079239097344
98.31493753837418 0.0071 40413.08956395969
97.94935408817315 0.0086 40199.87694398132
98.15652328071957 0.007 40221.85132299963
97.65327883228952 0.0079 40289.008138524885
98.17698138506184 0.0085 40257.487344022775
98.16120751619209 0.0067 40199.39268576222
97.92084275988043 0.0069 40250.85107637507
98.12335325471624 0.0071 40110.56715888184
97.64162790561099 0.0075 40146.61870225106
98.37003863291886 0.007 40155.36751768025
98.16797930361632 0.006 40067.36298895145
