3.874393734032343 0.0495 30842.855853501296
4.049801262704318 0.0463 30923.41438604913
3.8146591763326456 0.0513 30852.362879352713
6.651969908289559 0.0438 31343.09581504972
4.025800112894006 0.0454 30881.244676918694
5.0663071889008 0.0453 30893.83318540266
4.505810575573769 0.049 30930.65217168594
4.560657067623447 0.0451 30871.173996849542
4.26518320688899 0.0462 30791.853543518242
4.330538945731488 0.05 30915.09909301264
4.357340742642908 0.0474 30965.52745745385
4.652526443805602 0.0452 30959.303132832763
5.2137932299347325 0.0434 30888.51563933797
5.707014424492113 0.0436 31052.518464472403
4.8176651289056895 0.0457 30870.548814684345
5.0439364124409 0.0429 30793.465758294657
6.656749323531978 0.0445 31075.18241023071
6.975522161552449 0.0428 31263.34885807085
6.238667944493703 0.0406 30988.415347158312
6.486352072452805 0.0402 31086.374295334193
5.6334062732039305 0.0397 30953.161616976053
5.1824343989166115 0.0381 30862.97518654998
5.485508965131923 0.039 30868.038057042057
6.13054246714749 0.0384 30936.735980293743
6.996552771499498 0.0376 30966.21219163171
8.090751651282808 0.0433 31267.562336605195
6.126252221972589 0.0383 30863.8077123587
5.97384683754426 0.0384 30936.110650983184
5.860040324186215 0.0384 30862.148110656984
6.95687474511481 0.0351 31192.572308354178
4.985968304091203 0.0406 30726.01712291434
10.34651393526737 0.0317 31536.056502156152
11.897867110656051 0.0332 31796.62413933499
7.596595887601684 0.0379 31049.825830573227
6.744531774303486 0.0351 30894.38191418007
8.651090500133376 0.0385 31088.7634333914
7.139367714693029 0.0362 30814.245533055728
8.723920069104096 0.0344 31042.827292050653
8.199903519348887 0.0354 31227.561027230313
11.641911895140904 0.0319 31687.393073568084
6.949392765028944 0.0339 30879.03177692968
6.398670233594788 0.0335 30888.437574478485
10.747542838971274 0.0296 31430.758862881445
7.633029898397419 0.0331 31037.04086823607
10.89818317261708 0.0299 31298.87551852473
6.916434107546082 0.0335 30628.144360773415
17.994616305176233 0.0287 32603.88165363986
19.07637445303008 0.0262 32582.382834793763
9.255837400488508 0.0324 31216.263022313728
12.766776503940356 0.0297 31701.90959121275
10.359629852153677 0.0282 31274.07849607082
12.22171024045768 0.0303 31682.86583665498
12.897836991118172 0.0281 31800.461664960105
13.528938774850078 0.0288 31718.008120125185
15.087772703522473 0.0273 31933.085312338502
13.47054466980918 0.0292 31753.827680426075
9.34900399788938 0.0325 31116.837388830074
18.929383833394375 0.0266 32344.16840014351
18.20911344440059 0.0284 32515.39505450623
10.444343871084575 0.0296 31000.06431926666
19.985107481230614 0.0258 32526.537660208887
14.597934687814954 0.0259 31821.52082710767
23.080187195591197 0.0247 33166.95952234528
19.116596948383375 0.0256 32610.86696036686
14.541621454270857 0.0259 31838.977242181933
19.159339642978292 0.025 32698.129391899252
24.81860810977613 0.0254 33384.52111272443
19.3814108250901 0.024 32577.078707960954
28.64603655548236 0.0251 33697.37022105715
17.93618389192077 0.0249 32413.66985503516
15.87182771962887 0.0248 32049.86013631607
36.10926689903418 0.0239 34823.58377446307
19.817517708013796 0.0239 32705.76896106482
29.09583820856532 0.0232 33866.16623248711
33.0976450860201 0.0245 34418.2124464329
96.97774776115662 0.0233 40971.55923637057
13.9352896660502 0.0263 31468.551240167984
47.30083305658449 0.0233 36090.19563110666
93.43748513728066 0.022 40647.94730320954
98.07877811371506 0.0249 40814.81114001454
65.09901643076336 0.0239 37505.69795152858
38.210876518564696 0.0217 35056.35216775725
20.911309707539363 0.0211 32639.8652737631
31.92712609407178 0.0221 34327.34148007106
94.43852765892245 0.0203 40637.87738785802
59.1548427953925 0.0196 36707.949882256115
94.80119070491226 0.0178 40578.09149316204
96.4901713737976 0.0194 40688.34627212094
37.16993568248978 0.022 34850.5686683839
89.53692742191751 0.0185 40020.23796809664
89.55498801458081 0.0203 40172.629379125705
95.58947277086047 0.0196 40700.25377413692
85.00581766621609 0.0194 39561.130286858024
13.094844473129161 0.0253 31422.482747989074
45.314039510937356 0.0198 35622.60045105924
91.86743022246945 0.0205 40410.037195448225
86.81666480502687 0.018 39996.4324440058
94.33145280918737 0.0181 40528.59919888257
95.5161108196552 0.0182 40687.80391408149
97.15526231379447 0.0169 40814.64534329595
90.84337957378061 0.0183 40045.53394538417
71.40331149800753 0.0193 38007.6551508523
94.22849947603358 0.0153 40351.78564533154
96.16441084890121 0.0184 40447.553823802366
90.30767317126029 0.0184 40073.28418417535
92.57296103982452 0.0174 40279.09928911588
98.23344706224371 0.0168 40536.37160809462
88.35800621092933 0.0196 39888.95246533223
95.51078219398751 0.0172 40338.09831931374
97.94545498444737 0.016 40732.82391062842
97.75709364525595 0.0174 40446.78706791556
77.26327389772442 0.0195 39101.527914898164
96.75112208730832 0.0164 40710.99589601273
92.21039383128364 0.0182 40281.475789988064
94.14947990423181 0.0182 40288.115255146055
97.49748924125929 0.0159 40735.76234909231
97.47531873918776 0.0142 40615.76883723284
97.91203407608025 0.0141 40698.81697828343
97.34394043348917 0.0171 40469.64199681292
98.09825107543134 0.015 40653.594691744554
97.39725358394853 0.0145 40572.34611169063
73.9476902839824 0.0149 38486.19874442989
97.13179173531947 0.0126 40225.302445836765
96.35770092416638 0.0158 40533.93686574373
95.02563349623148 0.0138 40472.00429013109
97.61787065899213 0.0143 40398.509772065314
97.62837362857493 0.0149 40536.51352440928
92.60560791156858 0.0136 40178.29664423748
97.88444254817048 0.0127 40759.7222363957
98.1204692632616 0.0123 40372.575001329744
97.66404220421492 0.0153 40638.84569116918
97.6393070665233 0.0155 40458.52917983105
98.03499003885189 0.0133 40566.916475419006
97.46232879607363 0.0128 40346.95482657162
91.17301231218886 0.0124 39680.30373706195
90.17530967514598 0.0144 39776.73215538835
97.43202632201333 0.0123 40484.24827269461
98.21042887930457 0.012 40322.19990439486
97.5749825302755 0.0115 40346.60210683472
98.14244221145158 0.0124 40168.91636158324
98.12583289783302 0.0109 40467.63003980756
96.30990754423362 0.0134 40533.528825277026
98.08961299407363 0.0117 40494.63157217058
97.3821876882059 0.012 40123.0756263732
97.49128677559237 0.0117 40409.840868174986
98.02911833011231 0.0122 40598.21718367052
97.86235524063056 0.0097 40431.26316195523
95.9338238856993 0.0129 40359.288884681715
97.79415124173711 0.0107 40421.74806200262
97.68494835589786 0.0101 40047.476496996984
98.11793803499663 0.009 40381.917926895156
97.77539190609473 0.0116 40394.97410293388
96.44238961987625 0.012 40332.69615822058
97.35329496093847 0.0091 40411.56143042599
96.5711445775777 0.0092 40347.36250646308
98.2499031773714 0.0094 40443.850793571095
97.64989453816005 0.0104 40432.771857756015
97.86894720274664 0.0103 40568.29390773372
97.24431364421196 0.0094 40153.43526432228
97.79012320932448 0.0095 40334.07017780542
96.78121157423334 0.0098 40302.23218495979
97.79851845650157 0.0087 40111.4941025155
98.01976616914818 0.0084 40348.170723405645
97.48136757548046 0.0109 40281.251400111956
97.2173409328443 0.0073 40282.5506702852
96.7543007541726 0.0108 40243.771047955735
98.32503837819881 0.0094 40374.47924920673
93.06163112889739 0.01 39972.92020655806
98.18460294903801 0.0082 40483.333708068356
96.15134177709331 0.0091 40105.074743382705
97.48203522763359 0.0112 40212.04593532526
98.15372575812528 0.0082 40067.95545180705
97.82414161742585 0.0095 40448.85514943613
98.22298955032883 0.0087 40499.97616799393
97.56793589242253 0.0086 40260.17914782726
97.931887966812 0.0078 40462.523650429175
98.08002081571829 0.0075 40611.30474004721
95.56858051035475 0.0082 39997.827379836715
98.00904315818929 0.0085 40295.65329515894
98.19851596186383 0.007 40502.76150635887
97.57387074151065 0.0074 40328.644793223844
98.03256753836258 0.008 40151.78389175926
97.72099904607903 0.0077 40254.958909901085
98.14757070422603 0.0079 40276.42695984078
98.08674090895597 0.0072 40324.2939822823
98.28808848518355 0.0086 40264.56825182137
97.25179523523052 0.0068 40495.41532009659
98.36806740227281 0.0064 40293.37534472462
98.14425501800962 0.0077 40309.018319872426
98.09787647822212 0.0077 40027.97066898016
97.647526418479 0.0074 40154.88454990674
97.54652497727392 0.0069 40352.33548028595
97.4659681719966 0.0084 40004.760594057
97.72209862313942 0.0066 40181.254097074845
98.36657655296331 0.0055 40484.45015042728
98.28049026977916 0.0086 40558.54136875476
98.17633019356322 0.0076 40247.264050535785
98.22763590782715 0.0075 40295.50059600934
97.40895109604942 0.0065 40211.569765977896
97.62507847213519 0.0062 40331.11196357608
