4.058815110209123 0.0473 30989.621801203302
3.9811010669612763 0.0505 30970.34771274092
3.716046134008087 0.0514 30916.319386787567
4.438765247590526 0.0483 30883.71425843191
3.9194507330464825 0.0499 30723.16828213333
5.784867611742822 0.0419 31083.362268328587
4.6866805658229636 0.0497 31037.540439708588
5.576087221744887 0.0458 31146.210088686636
4.568180074839401 0.0446 30990.225496168565
4.517453308355431 0.0455 30834.33310423173
6.369570566048861 0.042 31283.55184908584
5.625826486175696 0.0493 31072.33244549512
5.245104812484842 0.0444 30936.403074422426
5.429543571863468 0.0444 30916.773057638646
5.6307701796452125 0.0452 30995.165353910663
4.8139449496330275 0.0412 30825.89152967506
7.326702495696941 0.038 31212.788066941026
6.99136656977111 0.0436 31193.289061415235
5.21420538165927 0.042 30931.748484014955
6.069372257407835 0.0428 31010.93337531956
5.643063389113262 0.0386 30999.83416673065
7.015427227968894 0.0385 31317.14083145199
7.197136455020857 0.0382 31189.737907906776
6.218812138384767 0.0401 30909.671142817937
7.1197014488427 0.038 31095.894410460896
6.142930780983008 0.039 30817.73606362756
6.187414712500815 0.0386 30976.121527001877
7.9783378121483794 0.0386 31055.580361219705
6.830699624269578 0.0364 31169.44903888997
6.077101680221837 0.0394 31010.588915200304
6.570652888063771 0.0347 30930.129739337273
7.597309049978167 0.0364 31083.282602526553
6.853268830262814 0.035 30875.681806461205
7.2167906343942 0.0364 30874.43619776042
7.306849938971146 0.0363 30920.26500969415
10.780236471523958 0.0317 31511.369574337612
8.558880078769635 0.0343 31186.17589362046
9.913672285635775 0.0355 31321.808337920025
10.377389365852325 0.0355 31273.062603128335
9.671147880296667 0.0314 31285.60117745119
8.54715912601819 0.0344 31235.366692988297
9.256052347894686 0.0296 31263.87347469941
9.755992463806388 0.033 31284.480046651915
7.631950064238921 0.0331 30860.297087211442
5.953209575273111 0.0368 30797.169168464174
15.463790902438157 0.0322 32111.924567376016
9.715140130190239 0.032 31327.550450060862
11.021559444929395 0.0321 31266.326790022198
7.839897756175095 0.0365 31087.59943122293
10.947767197533283 0.0297 31392.057115924254
15.366423745054323 0.0297 32039.197178441314
13.435236725323817 0.0295 31715.27878528042
11.431892759628298 0.0274 31340.611745571827
7.842107684531962 0.0335 30922.450798362785
11.804037232271154 0.0284 31522.841486895933
8.094831333748306 0.0332 30871.492244824738
14.336418622354726 0.026 31923.38919399036
17.42199971652988 0.0261 32329.747709235737
11.816464509393558 0.0288 31535.020815110372
10.404603182541587 0.0274 31199.645684122206
8.523348795370845 0.0313 30935.943432478503
17.24189531401531 0.0254 32190.04696386692
13.831089631534708 0.0284 31650.334382519635
22.276319235271217 0.027 32833.98965381337
19.11114525768007 0.0269 32386.993530334
29.263113180807377 0.0267 33816.36240492445
14.356654320964077 0.0265 32018.22887331127
27.498207941186195 0.0232 33617.16934770053
14.02412017858706 0.0256 31779.43289493909
19.18702076828528 0.0235 32575.88714010965
21.08201087196694 0.0253 32714.992189094013
38.3584127129126 0.0248 34921.32854137788
26.026210097307498 0.023 33468.79263697352
28.884559706396725 0.0249 33657.73369149591
35.43251214752625 0.0226 34828.55385671124
25.819143003935455 0.0228 33525.237513422115
12.414395036950195 0.0262 31492.406889728558
19.76529725332294 0.0249 32514.01980474585
21.93263332724442 0.0218 32615.00416584988
31.854762206824024 0.0219 33994.840303851604
15.615784911133023 0.0254 32080.564598242327
20.563406208195286 0.0248 32596.892596905644
96.34376435531318 0.0203 40784.49885393291
29.340831540818407 0.0228 33920.35116567215
84.09877858513967 0.022 39941.62048409301
94.38303901205178 0.0207 40678.5849677282
22.52250596274234 0.0224 32889.65662929757
96.2931187111289 0.0195 40732.0946691773
91.73302415284604 0.0231 40205.04387628325
94.30767941410153 0.0204 40454.16562155836
91.05682630051943 0.0198 40218.86079893678
91.09883620372416 0.0198 40288.00272483527
97.84284886370048 0.0196 40816.8553647537
97.70001444281102 0.0188 40845.04688262733
97.57911207717129 0.0201 40726.04188033089
97.21899073752968 0.0184 40839.4742077294
91.84247156967747 0.0197 40518.110930311275
37.97060849652855 0.0209 34847.28912495522
86.11013470114557 0.017 39789.160411591205
75.22214857285309 0.018 38656.544004889125
97.48840120074122 0.0182 40567.06744733101
94.06887118313117 0.0188 40446.33897961997
54.38376461749382 0.0213 35917.747849432715
97.58076665833393 0.0164 40708.129500765775
71.45820825001827 0.0186 38020.97435187814
94.90206779428657 0.0169 40297.060295161245
96.16912012294526 0.0191 40674.86147264914
96.90670300435458 0.0176 40392.07696447827
77.72800751204014 0.017 38974.02410990325
97.25550243051535 0.0145 40586.247981457935
97.68477005026831 0.017 40644.29354504439
93.96672536795894 0.0167 40549.31932702062
86.89087956579829 0.0186 39526.086235113966
94.74220304538576 0.0177 40525.25778445286
96.75458537401727 0.0147 40691.65055505467
95.2454492979575 0.0146 40332.010718031575
95.36824935487 0.0145 40349.9027918996
95.99155350082296 0.0167 40571.65317489332
91.14993612404403 0.016 39828.39334314469
97.23684290694034 0.0145 40577.480636326756
97.88373752684421 0.0139 40408.86583048455
96.54457417358346 0.0139 40470.499701395966
98.10578266729242 0.0136 40647.77070913367
97.37211672210793 0.0148 40642.518619118324
98.25237181761608 0.0158 40614.31843801588
95.95837949865029 0.0125 40429.030762196686
95.86645833497725 0.0154 40350.77062191924
98.11301051467997 0.0141 40571.850480919595
97.13348360360801 0.014 40332.81814761902
97.41741234047049 0.0125 40459.55813567427
95.83603194242785 0.0148 40181.8866161822
95.93211730222889 0.0112 40353.40654876844
91.12089447500674 0.0143 40002.12207515333
96.09338211113358 0.0149 40147.280356444615
95.523041822812 0.015 40267.66547026582
96.68425081624919 0.0132 40349.20148323951
98.22365722322927 0.0123 40729.76252688424
97.39279857855377 0.0133 40464.86658151494
97.49060162182612 0.0131 40408.18867081219
96.48186593785076 0.0139 40307.6941825026
94.99353624660846 0.0146 40264.11308244781
96.5211164321599 0.0127 40420.20451432524
97.43400034827476 0.0131 40308.70397871076
97.66802442690197 0.0116 40587.60740196907
95.51321616526576 0.0121 40333.20175641411
97.09243197850421 0.0123 40172.61697813694
98.34966406915058 0.0121 40681.87004110269
98.08818720371201 0.0117 40547.980721928194
97.59219688253637 0.0142 40511.552087253294
97.16440526741226 0.013 40356.06332988037
97.9833895453516 0.0078 40370.38295463289
98.17335646992527 0.0104 40500.606997840616
95.55789191896184 0.0104 40424.81250871024
96.77333798532426 0.0103 40367.405494004684
97.49031549854713 0.0102 40657.781000178795
97.63531580945603 0.0122 40179.526349958505
98.02056538732114 0.011 40566.889400421
98.22120546372697 0.0103 40424.567777972
97.37477176896604 0.0091 40411.76658480892
97.45365745200486 0.0096 40324.64998204099
98.36118328051077 0.0107 40305.88412765297
98.34443904202773 0.0122 40368.64088035049
97.75820095815973 0.0102 40284.46780591833
98.0183826631724 0.0109 40253.005028669555
98.15331902140393 0.0098 40102.20529838493
98.29346636766341 0.0099 40399.40838998146
96.89851983386461 0.0102 40288.767290328746
98.14912955018498 0.0106 40410.76917697154
98.1010724544424 0.0086 40482.62524916583
97.46768143065512 0.0109 40380.894083621395
98.11960337200203 0.0092 40457.02212523341
97.1658070851973 0.0079 40074.26224115225
98.36056674056216 0.0092 40204.50210018859
96.6304573199933 0.0084 40304.7239572756
97.95192993995228 0.0075 40399.854877350896
97.31578509731976 0.008 40292.14758986324
97.89106931271499 0.009 40210.76075762523
97.70388250048651 0.0106 40391.24352065963
98.36678981684092 0.0082 40111.186348328025
97.83195776610856 0.0073 40491.246567209004
98.19435480022786 0.0073 40394.730940796646
98.07575004617442 0.0076 40085.508686376495
97.56269611180942 0.0081 40348.28765811592
96.88553656344091 0.0089 40174.731514265935
97.47887543553298 0.0086 40351.426326947025
97.56318067973027 0.0071 40239.071205995184
97.8448625127952 0.0081 40086.161331490635
98.13530517239776 0.0069 40282.58795057068
98.07339893080419 0.0079 40352.19653956163
98.04540759289844 0.0076 40332.89517348749
97.99982791485017 0.0089 40216.83270390797
98.36082818811389 0.0065 40480.006107445006
97.8423633148828 0.0069 40343.46565885393
97.81434587005909 0.0068 40373.36501750254
97.23809573919634 0.0077 40231.35596104563
98.35485748516493 0.0063 40346.12820699079
97.83535928449194 0.0076 40258.65236391883
97.47660210790866 0.0075 40128.02172825982
97.29475528845128 0.007 40139.95242221041
98.20548368457877 0.0078 40210.23655133723
