4.5960396409064295 0.0492 30995.285970153862
4.561658344131194 0.0476 31057.365235486355
4.330046812943225 0.0469 30945.99305588015
4.13301351406926 0.051 30883.459756511278
4.2938798462397 0.0493 30918.009452907478
4.304435666579494 0.0482 30957.11626515351
5.032964634724839 0.0453 31092.142917239053
4.168247579260809 0.0482 30821.492161872717
5.078444165590748 0.0473 31112.76916546718
6.656390248676026 0.0456 31249.107072351326
5.361464835832335 0.045 31171.00092824409
4.405027747469619 0.0449 30854.523766771927
4.832320601742374 0.0426 30928.255234310636
4.2023904162196555 0.0441 30855.536578980915
6.00850532371037 0.0392 31136.190438566766
5.184134448100772 0.0442 30835.76307053284
5.780881622353375 0.041 30958.510952730838
4.587743849784417 0.041 30734.848009390298
5.032391137013254 0.0447 30907.471583409853
5.869871659990132 0.0419 30885.546524532005
4.840922378679271 0.0434 30731.403434472282
4.926505803396793 0.0409 30852.79829630705
5.675230274843897 0.0428 30922.700561464197
7.224046471151062 0.0365 31066.970720047706
4.836712715365131 0.0394 30699.960001574713
7.540390062983219 0.0389 31192.16409072312
6.588679157068045 0.037 31034.91123247255
5.941139830400252 0.0386 30974.728745240915
5.9018850213268745 0.0388 30947.05659567049
6.261961858659131 0.0386 30842.336456039036
5.799191048101056 0.0389 30976.476647805564
6.409346693406853 0.0365 30862.801098934196
8.834033352006065 0.0341 31228.068462519925
8.712765900669403 0.0351 31159.280781087924
7.5092166011186245 0.0341 31002.792913812747
9.56473046853332 0.0322 31409.314388458868
7.18945336168118 0.0351 31037.17168298833
8.382926425291581 0.0326 31095.201705073214
10.655828952379741 0.0322 31679.599827601684
10.417207733594985 0.0306 31376.567023757936
6.593862540177184 0.0335 30895.856016516733
9.173277709682058 0.0302 31266.69066258575
6.61947313791847 0.0331 30846.865665997448
8.35413078216421 0.0311 30958.428991738798
10.649180414156465 0.0325 31345.146171882625
14.20304604875433 0.0305 31888.69547210881
8.782348275927898 0.0333 31110.043611882596
11.304699311210959 0.0315 31468.98226913629
10.037603839379782 0.0337 31252.19626727237
14.039226733727247 0.0297 31747.356704458118
10.042566346759761 0.0287 31269.438248132297
8.93015802718775 0.0299 31197.02662052592
17.083934108022596 0.0292 32255.47004897937
13.445457607254927 0.0282 31783.40272901372
11.780935336463997 0.0301 31467.86486448946
9.6943826050872 0.0296 31185.426350814072
28.539641140745363 0.0254 33975.3195931272
17.286398202720854 0.0279 32264.234605801703
11.586943370148422 0.028 31392.215955803054
21.977050031316207 0.0259 32829.088966583644
52.44526405574485 0.0244 36536.687091358166
17.662162364546404 0.0279 32258.834551420427
17.16808121164719 0.0281 32041.49749048062
9.801711241279357 0.0286 31150.714748838902
34.2826992635489 0.0252 34497.028275782446
97.35230485335926 0.0267 41037.91727231604
14.487558020454095 0.0265 31804.635630220255
25.759426567036087 0.0243 32910.346837436446
20.096545850614405 0.0242 32639.025044794114
13.029637864387555 0.026 31440.71157908382
25.20144584342222 0.0239 33463.39050796109
26.69721643348874 0.0237 33543.08778596286
16.514275085248187 0.027 31893.23641405269
29.90571788466744 0.0247 34021.9784281689
23.01284164901069 0.0233 32945.3033762808
20.90502009658768 0.0237 32632.768474029373
18.60664336199433 0.0281 32274.759676550715
21.997854654363085 0.0248 32805.02160175252
20.184806060360593 0.0234 32437.650167287793
96.1351909771164 0.0246 40742.33937420882
27.369818261282024 0.0213 33586.27551379875
98.14731661380412 0.0195 40925.26011604467
19.36896022930138 0.0248 32381.30903643145
97.078062648036 0.0211 40573.04569787601
26.320751096457546 0.0224 33469.39873991841
21.647801317526245 0.0235 32760.28517580051
44.30219254922702 0.0206 35564.334619614754
96.66340596342286 0.0176 40635.286724290665
85.90237214776079 0.0205 40195.96261786419
96.21153527695353 0.0188 40594.99038382698
90.3620643308547 0.0195 40317.829281146995
71.86280151114187 0.0195 38309.42587853319
88.74920776329684 0.0174 39990.361098012
97.70453974081855 0.0183 40499.02578423874
32.61908938265168 0.0228 33928.15380389706
98.14237423905021 0.0157 40790.5474788608
97.11214222571131 0.0205 40666.610684998384
91.12479214150042 0.0177 39991.43855684317
97.08636875530776 0.0182 40496.57442748966
47.54822800031632 0.0205 35854.39170286952
40.972841368713986 0.0201 34806.51043676855
69.9577506305569 0.0198 38021.77329573469
95.80214332825327 0.017 40689.98532173363
97.86200878827108 0.0156 40751.00146863043
97.8086398300234 0.0183 40799.79683173417
95.12730843602482 0.0164 40575.49001324375
96.5131292765795 0.0181 40573.79213882352
83.00615187393961 0.0179 39332.464849223135
96.84860732933666 0.0165 40537.88847813121
83.8474016828949 0.0173 39502.34134351711
92.77845460552557 0.0163 40396.061051262
96.81281038680811 0.0158 40355.84217020405
73.08063819135818 0.0164 38482.589349549824
82.29678224274997 0.0188 39436.0359324912
94.89337211277301 0.0151 40272.80914075724
95.82917417037686 0.0173 40471.56401791155
97.55592267316858 0.0156 40519.98859670611
96.73026686365552 0.0145 40484.848607651744
96.8119723250155 0.0124 40474.21373334853
97.83202726674712 0.0154 40788.00956677843
97.40480799150308 0.0146 40569.155327926266
94.23010797329003 0.0162 40384.111494852885
92.15304350278657 0.0162 40240.33408738148
94.38473270735108 0.0144 40344.99346864722
98.28495460533468 0.0139 40763.578134895986
98.0763080268986 0.0136 40272.0128285515
95.08656638938952 0.0132 40254.01053194873
97.45542713904223 0.0137 40596.35981962525
98.02655696046526 0.0149 40508.233758422655
97.3706408209518 0.0138 40606.257058167
97.27413236319163 0.0145 40516.64750332023
94.63505742555616 0.0127 40154.434267855184
98.11357138040162 0.0154 40612.72986734585
97.88027786148626 0.0122 40717.69440970003
97.2789018612017 0.0126 40364.80047339615
97.27662672128882 0.0137 40652.65956187625
98.157262291487 0.0138 40449.924645399085
97.35194663638708 0.0131 40262.609299272815
96.7217635039308 0.0138 40323.88480178552
94.28503032653457 0.0121 40063.04970401647
93.92494370251036 0.0135 40310.51136252558
96.93690933171706 0.0125 40437.36721720373
97.66913147979413 0.0115 40318.70786903907
96.70063749790621 0.0127 40306.75100024545
97.61894327504008 0.0119 40545.72902591019
97.27902694080531 0.0104 40286.083114543995
93.26020860235599 0.0105 40056.07530577886
98.08382416443986 0.0128 40396.70796614339
97.0212225874955 0.0103 40273.11501187583
96.34764610628521 0.0127 40318.013624583065
97.21358702019731 0.0102 40344.02140791737
97.05211476684843 0.0083 40303.42683802302
97.76050922771012 0.0116 40386.498097262345
95.47266732266982 0.0124 40303.739273542364
98.07506401601032 0.01 40153.92200919849
97.70357960235405 0.0097 40373.38074440225
97.22014505923305 0.0108 40532.22293818722
96.93741692818064 0.0128 40324.47540036409
98.35926482562107 0.011 40242.24112189511
97.1025896550145 0.01 40329.43329479927
97.79193723888785 0.0083 40306.24664905883
97.84001459120967 0.0092 40470.258925213995
98.19292085170082 0.0104 40403.0731913716
97.19786060455351 0.0102 40253.132851815746
98.02321461000308 0.0091 40545.71451953342
97.89763289652517 0.011 40413.318601089086
97.99241973678666 0.009 40303.22825369952
97.95474702401397 0.0085 40340.30453589411
97.27446162864555 0.0091 40246.35153816991
97.81481803379445 0.0095 40313.43845581796
97.84562947676712 0.0079 40258.77646498387
97.73129392696727 0.0097 40198.301098534605
98.17218643729373 0.0083 40280.01727030518
97.61280577032667 0.0086 40260.83632969279
98.26997125023932 0.0088 40305.02960775315
97.6230828117723 0.008 40478.42932007715
98.35217589081286 0.0084 40391.124765366665
97.8757366038043 0.0096 40021.71482795856
97.6586951531014 0.0089 40412.824344978915
97.27723292561927 0.0089 40132.38713690708
97.75061836156891 0.0078 40238.8668070564
97.99814014869827 0.0077 40521.48196481845
98.1846576629139 0.0083 40368.75555525576
98.06405898703704 0.0087 40175.63363946829
98.1510793460874 0.0077 40240.16322362846
98.04608070363298 0.0077 40462.83132896835
98.0836457864205 0.0071 40296.70760182625
98.208836996263 0.0061 40521.71571031665
97.09713767081838 0.0078 40144.174261506516
98.32317900465706 0.0064 40332.9361909539
98.33137315114581 0.0077 40427.913543748626
97.84813864727222 0.0069 40246.19325804068
98.31301303680107 0.0083 40350.93710019793
97.67139780708496 0.0067 40308.53094610709
97.69048214931436 0.0074 40019.230829471286
98.31310437937842 0.0081 40373.56999186787
98.14348732601098 0.0082 40335.062417647096
98.35265949683583 0.0067 40421.973395678084
97.88563606612479 0.0069 40216.53569329818
98.17967997946013 0.007 40251.36678879164
