4.707709929117664 0.0494 31080.14887096187
5.388504563065373 0.0496 31350.439445124466
4.679477447479545 0.0484 31044.03734549819
4.721810691206592 0.0501 31021.943506119664
3.754182029591076 0.0479 30903.51030846742
4.601854845672489 0.0484 30946.551564265115
6.147178031444864 0.0456 31128.787733293677
4.121777755894198 0.0485 30884.8503955564
4.937234971437669 0.0457 30899.87730182866
4.420072433907453 0.0453 30760.653557864243
5.391097854454087 0.0414 30883.960250809054
4.732514103622436 0.0446 30846.941182574352
5.204285725198602 0.0404 30990.301818077696
6.7236612822402355 0.0409 31145.778587180048
4.404764946936497 0.0439 30758.573666802204
4.935909119253188 0.0406 30902.115083404326
6.793687856920337 0.0418 31162.679780397164
5.63398767035208 0.0419 30879.67834521933
7.388891773737996 0.0402 31274.377166676728
6.729233818748246 0.0376 31200.427866546746
5.716740182529075 0.0391 30940.86122576316
7.325719550619495 0.0424 31149.57412288344
6.544377145899634 0.0415 30936.2037505507
5.659992571577454 0.0409 30705.158185510176
5.369789921826205 0.0384 30614.810762208155
6.543711841048416 0.0409 30903.004890201584
8.478517338067066 0.0362 31436.493150465027
7.592509208406097 0.0384 31144.510257146845
6.689996457804316 0.0397 30891.813661952572
8.411289456116867 0.0387 31340.882087299648
5.058603362924575 0.037 30652.541327521456
8.157876839190575 0.0386 31161.856789799614
7.180411558312008 0.0375 31004.883517794955
10.704953006499029 0.0331 31490.65631477279
8.150457211730412 0.0327 31045.71402280828
5.74919699161691 0.0357 30639.256473263915
6.762831699152574 0.0353 30837.18655556574
7.975232093008654 0.0331 31150.52588297705
11.848237764138307 0.0351 31642.569951929254
11.40007203267681 0.0339 31525.592723443067
7.471286521122538 0.0331 30905.29147735216
9.410785441454117 0.0314 31232.432178968247
8.227017379417001 0.0325 31195.48750616654
6.979452078554035 0.035 30827.926066537744
9.887998237360446 0.0329 31206.913415213694
10.252872400666792 0.0343 31243.68429264275
13.446001886801104 0.0309 31835.426732665266
9.476708141971844 0.0337 31069.07054674442
14.666218963796128 0.0283 32154.412893347133
12.747396254309104 0.0282 31567.47767240519
10.166602079667989 0.0299 31245.302937603356
12.00099777457029 0.03 31536.81029334329
8.96759643457592 0.0289 31078.25396677766
8.456306095279443 0.0293 30919.22254885902
14.663749243190576 0.03 32047.849996765275
12.773520610927719 0.0295 31662.167927217222
13.667872883644202 0.0296 31657.682025716564
15.58118747431922 0.0273 32215.027547929294
14.213929836241036 0.0284 31586.100636682655
14.598590193502009 0.0287 31823.267387365897
13.544346974464334 0.0271 31692.23546575286
50.326826531132234 0.0247 35917.50189796921
67.4747378461871 0.0213 37894.622804758445
16.907003510065397 0.0266 32177.670653397825
17.930653658498272 0.026 32318.06368788493
94.2842660581452 0.0246 40766.91544046083
11.97792375545882 0.027 31449.4270638424
20.19748198385415 0.0246 32817.58070103344
64.66313122651312 0.0222 37817.022728658296
19.21445648613715 0.0264 32582.225393819244
23.52470250139541 0.0254 33230.57862320832
16.05091745499792 0.0255 32222.738745865387
24.14108982442647 0.0238 33088.709623539085
73.55892420049429 0.0213 38778.05550805755
27.261454998532304 0.0245 33654.02776366699
51.47512323218613 0.0223 36090.17604317943
24.142288035885063 0.0246 33153.113582194
78.91914454054086 0.0212 39036.4197603701
24.941287344476773 0.023 33355.06239697227
27.00371811827579 0.0226 33380.18142290393
35.68147177147262 0.022 34711.72184772629
38.1853326854908 0.0204 34761.73442621189
17.046991764253594 0.0242 31969.265809634486
97.16060594893167 0.0208 40741.833714241264
84.75442431224671 0.0218 39982.31489996258
94.31884182517352 0.0233 40727.86402077922
94.89042036975357 0.0188 40836.754489063635
24.318996300746473 0.0223 33147.85562515704
37.46878438881341 0.0213 34768.31756863745
96.16789475768485 0.0202 40522.78703445935
77.87622870189324 0.0205 39188.19854084728
96.83452430657879 0.0186 40925.3118255943
85.3055338352618 0.0184 40008.26712707085
83.43316371926349 0.0208 39666.07699298007
86.45097956697356 0.0194 39922.40101603843
98.0954966809447 0.019 40778.7045955902
69.87610928464191 0.0187 38188.30022995028
85.2060104680882 0.0171 39816.255275672345
82.34507188708872 0.0179 39609.72387299271
74.80558600769692 0.0171 38806.91060913325
96.72119462540051 0.0175 40677.33207024268
96.85262497432994 0.0197 40716.917679107995
90.94011408520024 0.0155 40316.887335290325
89.36886921985644 0.0193 40227.49002260748
93.8493695367476 0.0176 40358.088722773326
92.06997939136645 0.0179 40341.06838261188
97.77509195075089 0.0191 40797.53869749176
96.44819440402169 0.0153 40444.837088155706
98.21404555702048 0.0169 40841.06679751777
86.81898387350189 0.016 39749.88672343356
97.11261361626829 0.0163 40594.590005827085
97.13532369407454 0.0171 40551.16656195385
97.9006468302618 0.0149 40498.68588543418
97.39207699022643 0.0169 40656.692238156684
92.11009108031175 0.016 40013.134003206054
98.00411999476172 0.0147 40474.13491002939
94.41128001808539 0.0153 40402.77992699478
97.87714697565069 0.015 40649.30068395136
96.36804486949445 0.0157 40548.779557575355
97.38102279078653 0.0142 40625.27974134787
96.23040915411286 0.016 40481.848147886
96.2272495152212 0.0161 40531.44517990179
97.53796236892167 0.0153 40517.099789585955
91.9561584504556 0.0145 40153.071651346276
96.23594099836238 0.0138 40569.57039806278
97.2794877030582 0.0146 40390.616343573965
96.51900559683118 0.015 40223.91776595132
97.26343855978024 0.0139 40558.91506301413
98.21979451483729 0.012 40562.30425040958
97.66667466284548 0.0129 40376.88742721131
98.32575839475562 0.0122 40505.225099189556
97.86824460790888 0.0147 40465.4432293203
96.23111073175936 0.0114 40355.3325691018
98.24152975787447 0.0122 40762.59500408037
96.31750155900886 0.0137 40412.68519188572
97.87108349865306 0.0126 40310.61862696193
98.01007490470545 0.0134 40369.28458970149
97.87193598443582 0.0117 40467.78856051588
97.90220215903598 0.0106 40413.36756951277
97.88938030911646 0.0116 40564.5248273753
93.5906768466534 0.0145 40284.032437192924
98.01763445173084 0.0118 40463.52879968802
98.38403196067858 0.0103 40462.225984301236
98.07975050235468 0.0111 40372.637774687064
97.94228930262466 0.0108 40536.113548840236
97.63559301604424 0.0124 40518.521760361014
97.62115972768797 0.0104 40339.46231195684
98.11764507320254 0.0092 40186.89374531872
98.19151221252592 0.01 40301.21957431164
98.15802390663528 0.0126 40432.63428399944
97.12677038141865 0.0096 40340.349108745024
95.90764273999253 0.0102 40284.7401313624
97.93987920914492 0.0103 40563.789393041174
98.2886015055442 0.0099 40388.32461293914
97.34904815879025 0.0104 40269.55024196946
97.40075680812276 0.0105 40344.81776877756
96.21607663643016 0.0102 40041.81047195308
98.31287423678909 0.0106 40422.373739725175
98.11635552194907 0.0121 40400.86238320688
97.78508159398423 0.0089 40526.10973050073
98.28574508973377 0.0088 40460.201402812745
97.94607683470227 0.012 40327.7035606008
97.12033004279785 0.0104 40368.36140244381
98.05209776077103 0.0097 40305.16708783908
98.00056041191333 0.0098 40266.48773087671
97.58111911965159 0.0094 40101.0719830913
98.34378097108385 0.0103 40352.27932926344
95.79153550667579 0.0098 40173.2773119103
97.52894535026073 0.0091 40383.01984216439
97.09279035612961 0.0098 40162.76543418624
97.44091987509918 0.0104 40066.88339422177
98.18214569363683 0.0092 40488.26434435479
97.6445963781242 0.0107 40191.79238911265
98.05323909910268 0.0106 40513.23959172614
98.0255342657744 0.0091 39942.290164961065
97.7957237543356 0.0085 40334.19168103941
98.21709916534027 0.0087 40535.45907411104
97.92600121679375 0.0085 40454.31959446014
97.97411342022544 0.0076 40131.3350623378
98.00424571802712 0.0087 40492.403182661794
98.33563595340551 0.0079 40335.38638605662
97.87028043009825 0.0089 40404.58782504245
98.04202736588996 0.0087 40417.47995967469
97.3482591127416 0.0074 40055.07114039329
97.69379143700519 0.0078 40287.215757597434
98.3656358312673 0.0061 39973.03725318373
98.15264707380574 0.0071 40284.34302194734
98.21765677783479 0.007 40059.43214528509
98.07592942845322 0.0082 40198.53340444627
98.35728982084048 0.007 40355.585748773876
97.96021582423609 0.0052 40233.64804826584
97.7643812223376 0.0086 40357.10473741552
97.96392895873257 0.0067 40307.20409614417
98.26611452626909 0.0075 40330.004264738294
98.11305733654191 0.0063 40086.74597370009
97.52523512936243 0.0066 40120.71830177902
98.34808157322242 0.0072 40351.11095713334
98.26500116889675 0.0069 40485.327678246
97.73775770393925 0.0074 40172.85224515181
98.16715666503165 0.0067 40176.06396230931
