3.987957981519525 0.0495 31061.456460375233
5.593962116157665 0.0446 31191.528122273987
4.781328122065138 0.046 31059.133491577715
4.960740229717364 0.0498 31002.53352894755
5.133764324464973 0.0477 31153.791912965906
3.8747082224067673 0.0498 31062.171799558444
3.5466294835621635 0.0503 30724.747085476574
4.376230299107549 0.0503 30862.701677318895
4.120262181130981 0.0491 30791.869589738828
4.558350924903401 0.0488 30919.59748351886
4.994840236550948 0.0444 30928.527430921247
4.5104517178943135 0.0469 30953.090688966724
4.584263685173778 0.0443 30947.423117887538
4.814335084721807 0.0453 30899.772440005243
5.578408402122118 0.0429 30906.461134902747
6.360642912488956 0.0402 31058.532743461434
5.108827151499455 0.0432 30995.180657988618
6.78598006308144 0.0448 31136.74812651961
5.217868843318121 0.0405 30843.607344507105
5.656769896808897 0.0382 30989.07666694427
4.554432395647869 0.0428 30790.985335989157
5.586907473408373 0.0385 31002.749844142916
4.669079636871384 0.04 30705.459859387465
7.2928609550021575 0.0413 31168.981294293917
10.602171709539748 0.037 31566.481583251683
6.771723356228169 0.0385 31134.739713331503
4.842495533531828 0.0423 30761.860250886133
7.654299380978312 0.0349 31247.594314186546
6.111430168612646 0.0381 30844.929905982226
6.836090620585228 0.0356 31049.828368759063
8.9988320699941 0.0375 31262.84970481066
5.941338545172748 0.0388 30815.490697844518
6.268204989191468 0.0376 30804.119047184515
9.428519024433243 0.0339 31245.559542685354
6.249372019905931 0.0344 30739.718664107248
10.292353311582126 0.0342 31473.676815511706
8.321540840509206 0.037 31133.299089005264
6.404617508575021 0.0339 30978.333078236305
6.565310026045596 0.0345 30834.12474904781
9.57012120344314 0.0319 31368.607952206832
8.641236610630356 0.0341 30994.197490927894
14.662633283961476 0.0294 32056.546145344935
8.054429363024392 0.0327 31102.840482965454
8.022291423037538 0.0334 31173.737348264498
9.93896895314776 0.0326 31438.8453269538
9.363970212574994 0.0308 31260.29856195089
14.27762870536852 0.0297 31819.552881788957
8.800202979386137 0.0314 31132.098019211822
10.65860643410964 0.0308 31437.69439317066
10.096476231215236 0.032 31301.67068735115
11.00367369821306 0.0299 31449.29038731027
12.29854746697668 0.0324 31678.29521852244
14.435163707365058 0.0307 31796.150184576734
12.683691702899052 0.0291 31558.04021666901
13.767277494310605 0.0282 31775.31171844211
9.116383454512533 0.0302 30913.6052872862
9.495214217165607 0.0321 31072.773799850664
10.403035439705697 0.0315 31325.50194902892
8.467587873330094 0.0302 30858.886811315
18.000107907259835 0.026 32361.531809801047
15.917425129451216 0.0269 31941.646209375504
10.643894590899608 0.0283 31173.866565584347
14.038501630170888 0.0286 31702.786282420657
18.062247611822798 0.028 32066.140634591564
17.78661755434097 0.0272 32161.80740553227
15.715115522832726 0.0279 31904.59880256512
25.248102481785164 0.0245 33287.60629619621
20.65868346689469 0.0257 32605.375189239217
22.4287686170567 0.0239 33079.06655469355
21.50612717017587 0.0249 32923.17086230394
29.822283971126204 0.0223 33984.26408526421
25.05003979293883 0.0253 33179.94289858839
36.30768057729092 0.0235 34712.34003470184
16.796086129834787 0.0262 31995.708672364824
27.162372556174333 0.0236 33600.70553689261
41.13975767390082 0.023 35216.15971572698
18.470139771977 0.0243 32302.239333810365
33.40860071893714 0.0227 34175.69601626692
60.07301428861454 0.0204 37364.078790707885
19.285753240428654 0.0239 32253.161446295853
31.385933624319925 0.0235 34179.33706550156
39.11726746584101 0.0199 35269.076614187674
26.931428774377128 0.0251 33205.64724118934
75.16968315372313 0.0206 38589.77683188258
97.54400640655356 0.0231 40748.13496006797
21.415142764720656 0.0222 32598.419933200068
96.38955076849186 0.0219 40746.989444738014
36.1043389618959 0.0208 34801.353311732106
72.19370859381274 0.0196 38190.714272666926
98.1727749056403 0.0193 40773.877870339755
85.31371022924259 0.0201 39782.76371895704
96.9568181319549 0.0189 40744.42088005351
90.41657677566529 0.0198 40227.539273335955
96.11487164177241 0.0214 40690.45401530995
92.67277164072671 0.0207 40168.37457636591
96.44147264042506 0.0187 40611.83343190622
97.27971837535648 0.0185 40556.76169250948
52.02176785422771 0.0197 36928.18842950706
96.11285021012623 0.0208 40608.17143419436
97.00573573483527 0.0184 40626.47824606861
95.41659520848879 0.0191 40584.26937630655
89.00941968844106 0.0181 39858.077193503435
95.04788625221889 0.0201 40574.841903280205
95.76687646689915 0.0172 40718.55678983009
70.5267133651423 0.0159 38141.90541205169
83.04209521590803 0.0188 39557.445900098384
89.6228286149466 0.0194 40171.5922099356
91.23772299540117 0.0183 40277.1989627093
97.17944788843474 0.0164 40689.682481008706
98.02105045900304 0.016 40631.70050062273
97.25471714583034 0.017 40887.87818303657
97.719988327453 0.0173 40701.345346281836
95.10021125672816 0.0158 40525.30146211442
96.95909444403013 0.016 40631.221169960365
96.44738634662737 0.017 40696.634330729205
97.14437007915684 0.0155 40652.16535064731
97.5319008532509 0.0144 40689.67245658621
97.91278823482457 0.0139 40559.8146970117
94.91305483308541 0.0146 40367.69929664328
98.05386415967372 0.0154 40471.70070304144
98.15530167733304 0.0151 40555.23446025371
95.73584391886799 0.0126 40404.74217269413
97.84325974260574 0.0136 40686.49607612205
97.69844586276332 0.0144 40575.512382641275
88.01918745172529 0.0149 39588.040933571465
96.43780337340887 0.0136 40376.36892296559
96.66926807712727 0.0139 40304.4146285361
97.62033660504352 0.0127 40345.91154870812
97.64186889256383 0.0148 40622.23902473093
92.89650778736652 0.0167 40219.81680593462
98.05241294641408 0.0152 40616.60084182605
97.91031960708591 0.0151 40274.23607991872
97.89274244426417 0.0146 40507.07618476753
97.99927917197141 0.0137 40491.53943129612
96.82004163213267 0.0142 40293.911369057074
93.5466000366763 0.0159 40390.28486672026
97.24731976780407 0.0129 40528.48517242661
97.54193087812801 0.0125 40492.287056563946
97.95757959101016 0.013 40679.98373244369
97.56891956959865 0.0131 40481.48989078993
97.7762188817151 0.0147 40625.22536468484
98.01600379961812 0.0135 40274.63521327116
96.15840530323764 0.0119 40515.48886378938
96.52519365559195 0.0121 40390.822022607244
98.00994099360592 0.0109 40348.93379973796
97.91346909570395 0.0117 40431.63501516672
97.47310752395083 0.0113 40248.00174552202
96.80482437912825 0.0114 40399.61785531832
94.70137945210847 0.0137 40141.02857772587
97.71895579812768 0.0102 40431.06476572908
97.36748021610477 0.0099 40431.57680272441
97.93339203662944 0.0123 40472.46883785406
98.2000576346832 0.0099 40280.34643594749
96.77188477072946 0.0106 40193.65249779642
97.97650037121625 0.0106 40409.11645087534
97.88065732738146 0.0105 40525.04077271458
97.60074698872387 0.0098 40556.77365189637
97.38264492267459 0.0105 40563.82398510284
97.9055378163068 0.0093 40221.48080880365
98.18200144239056 0.0108 40355.92263021091
98.35368884098655 0.009 40501.38680758643
97.87462282848914 0.0084 40380.60936182623
97.87719747331286 0.0095 40421.01722467954
98.20413779283909 0.0103 40530.32948444079
97.13495576961218 0.0087 40271.58091581853
97.08726082413476 0.0099 40396.3411818767
97.93515700890222 0.008 40198.58462086958
97.23770307532375 0.0077 40057.48740658876
97.66260228387844 0.0096 40497.364993577
97.25901758472676 0.008 40485.93835490527
98.00508055687844 0.0084 40342.51061827429
97.34564508463347 0.0091 40314.50266546623
97.98879520521614 0.0087 40330.361956935594
98.10824633300705 0.0086 40247.994829240895
97.451261695959 0.0089 40333.08612737969
97.9962125510384 0.0092 40269.662395105275
98.3030881746676 0.009 40223.44722903963
97.60572862827307 0.009 40415.81037099003
98.15996643266263 0.0079 40366.61142437998
97.98888823499497 0.0093 40318.44066896351
98.00308804556451 0.0087 40397.53061371664
98.06520887809874 0.0076 40243.17945033365
98.0759115716119 0.0076 40181.34243337457
97.85991596651178 0.0077 40258.45229384273
98.35204587047825 0.0065 40506.66815028152
98.36254432909583 0.0073 40400.021717842195
98.01017662115432 0.007 40200.33973182085
98.28365916446758 0.0064 40436.140442052856
98.37209914144243 0.0067 40328.92414950628
97.86709757843225 0.0077 40260.405176140084
97.92515545030024 0.0086 40185.802387063304
97.73681950312007 0.0073 40326.84911173007
98.15750663826444 0.0066 40186.73975512732
97.94128323748966 0.0056 40152.65716520794
98.00741263314144 0.0087 40210.80520420174
98.15392918757973 0.0067 40166.097627417825
98.37900991878662 0.0069 40212.91795493558
98.10788037246515 0.0071 40311.86784997662
97.85154550115922 0.0053 40093.98908032121
97.63330372239969 0.0058 39996.12274210923
