4.404873457815375 0.0516 31034.09222647631
4.439346859320929 0.0482 30972.790486621572
3.525105731013643 0.0497 30944.063374657842
5.382856030480051 0.0457 31256.827155493425
4.50571575915292 0.047 30949.39776485331
3.6475727188940494 0.0543 30866.068000358515
4.658239693436736 0.045 30910.552016696605
5.1300332910197834 0.0494 30991.930054549695
4.332161877002601 0.0468 30926.068593755517
5.324477795604629 0.0433 31055.653908730226
5.492970911690083 0.0424 30994.68006978096
4.515390140935653 0.0447 30774.74539101127
4.048046961677599 0.0458 30707.096384622117
3.966214062568967 0.0449 30844.628409860397
4.386519188812114 0.0477 30827.590267905758
4.838305807717431 0.0409 30798.8269026314
6.705067037018844 0.0407 31285.64152019141
4.582288829064463 0.0444 30771.63009828826
5.14578431539582 0.0399 30899.042854465595
8.900293417974666 0.0409 31415.71528634586
4.906882784807892 0.0435 30787.537917388006
6.726038310674203 0.0407 31056.983857998133
9.774002554559848 0.0372 31738.745746854096
6.898901745915772 0.0386 30988.360047145172
8.339247684467427 0.0388 31201.219744175192
8.787375629814381 0.0329 31243.984277106163
10.815089576681022 0.0375 31667.9730897344
6.671962410392919 0.038 30937.79508569473
6.30430364105911 0.037 31091.969519461778
6.4666648167533225 0.0389 30882.50527826355
6.595175057739358 0.0363 30950.19861449014
7.787831226469403 0.0376 31113.937471513982
7.67640758748435 0.0359 31164.821618487083
6.475757349879596 0.0355 30873.545554811513
5.6906464074405445 0.0351 30739.31919822157
6.55406995540656 0.0347 30983.392487885692
8.806727666275371 0.032 31227.817449821865
7.362549418923601 0.0363 30844.50382480025
9.599917189405373 0.0313 31443.03282263768
7.46586302231389 0.0334 30860.663759722775
9.121434819840102 0.0346 31092.13478133465
12.834552118979628 0.0316 31560.642387737833
6.827812255199636 0.0353 30817.54138069457
9.46155154439733 0.0318 31254.6267645509
18.44876060708925 0.0317 32628.335949477576
7.005349459597548 0.0317 31015.825352017484
8.681876846594847 0.0318 31100.330880814403
12.366973829725103 0.0311 31622.10922593558
10.6192734724263 0.0314 31244.423784144725
9.648300812221382 0.0301 31104.824639221806
11.588614825257178 0.0289 31387.701852896324
10.417967514024422 0.0321 31192.064735718996
10.218794107304532 0.0321 31289.883165746567
9.239033971100044 0.0311 31047.057434292
7.861474074083158 0.0322 30769.37506320769
10.09471716817925 0.0295 31265.622330082522
10.067755727799163 0.0285 31072.020652227402
13.471536395677331 0.0254 31766.477345937696
14.757167795358296 0.0273 31874.949236448545
19.99963029833805 0.0269 32832.365990786995
9.189300411925162 0.0301 30939.240251333846
18.355423074475173 0.0252 32487.872145598496
15.077578470247813 0.0287 31973.239430659694
17.08601758906142 0.0271 32070.76181123488
10.505145583352972 0.029 31234.81044681833
15.707323694049354 0.0267 31967.525379738494
11.441741712057205 0.0255 31264.504364197583
13.333188561284638 0.0255 31515.246111662513
8.02385306658325 0.027 30773.353551170687
15.728819412430065 0.0252 31938.289016249142
16.27119162156851 0.0246 32147.940864110227
13.735503338893617 0.0243 31669.800072460137
27.613566245959007 0.0219 33694.87266543682
18.254748130325165 0.0236 32374.981223797156
36.2084873650268 0.0233 34696.84672591712
18.873799544640057 0.0238 32261.352897763103
39.13057219055871 0.0235 35229.968240513634
77.40255509730451 0.0212 39186.16472576189
23.754791506015366 0.0242 32960.68327840896
34.86948438663514 0.0213 34795.158036482106
80.36074784626666 0.0206 39400.12598903274
92.70448369073647 0.021 40280.8859165141
50.68830629835359 0.0214 35829.72572542769
97.43819003521953 0.0207 41051.888654139795
80.7873999317089 0.0195 39266.94526588662
23.590250779076953 0.0231 32950.64580878142
30.259564941059956 0.0217 33983.27906040872
98.05731061433788 0.0189 40894.33586503509
87.85122102504567 0.0201 39892.52929484329
93.77805914016189 0.0195 40536.97796797237
32.316977688860916 0.0208 34037.45433060594
92.95081710373341 0.021 40431.92247740563
97.34123180389761 0.0189 40720.511249264724
91.71718415108329 0.0185 40234.03291224253
97.93393802585535 0.0221 40890.600173864266
93.02836958525906 0.0169 40240.1123484453
80.87273455440354 0.0177 39431.727897171535
97.27245955403303 0.0162 40720.95319800904
96.15791619413591 0.0172 40635.306471310585
97.32712960053094 0.0165 40686.324240701426
97.48451127119783 0.0185 40995.19034389468
95.24182697542614 0.0169 40581.780609673384
91.76701041300922 0.0163 40087.55444334419
96.36928614812433 0.0178 40608.90775852721
96.9291771056134 0.0154 40754.997428796094
98.3086675260399 0.0177 40728.57069402496
95.42676359336902 0.0166 40626.24239560725
94.84662840229633 0.0169 40538.71271301444
95.13525890699508 0.0178 40368.84525643701
93.04703082751327 0.0176 40248.50250343457
97.93121082107172 0.016 40628.97972600338
96.55933639483955 0.0144 40448.77070387505
91.97297435829724 0.0147 40061.23270696964
97.40797031022788 0.0147 40433.185295864736
94.15880717094402 0.0175 40141.33672741103
77.15074768864656 0.0178 38787.55683161251
95.77837834109498 0.018 40540.321393841536
96.68198281851883 0.0159 40774.8391346422
97.78119685163864 0.0149 40583.34867700438
96.99032596121219 0.0159 40448.094933628105
97.45178239706306 0.0152 40386.43050823364
96.28662872127458 0.0156 40448.067570567124
94.18540035628882 0.0166 40468.039465413916
93.78828145803035 0.0144 40292.5381372253
97.60240817721281 0.0131 40305.30555704836
97.62369545774337 0.0144 40539.23458430851
95.57772453785724 0.0147 40435.81703381052
97.1559228265126 0.0111 40539.89697831589
97.62483028091067 0.0154 40488.51519285131
96.3452311998598 0.0169 40354.27755986294
98.34518490879972 0.0133 40479.414100439055
96.94243825347749 0.0119 40386.44697639121
97.41212606404564 0.0135 40534.11400053207
95.61972778788679 0.0154 40375.278316785094
96.99009717211092 0.0119 40553.533718944156
97.85085197918428 0.0127 40562.11927375298
97.63951432910899 0.0131 40542.34844569922
95.76281596534974 0.0115 40262.87446134861
97.93226622153152 0.0111 40464.2993511069
97.95338703775441 0.0108 40318.114978591555
97.93576533099014 0.0105 40259.03174449639
97.76954985499812 0.011 40359.285535023155
97.15784676083182 0.0129 40490.85961704125
97.98939873377621 0.0104 40584.655130176354
97.4021793873678 0.0119 40465.53263463045
97.46702583827386 0.0109 40344.7893448879
92.925685046769 0.0124 40012.906290490784
90.63996552507447 0.0119 39957.95389281856
97.98417210588602 0.0102 40419.35282928238
94.16576361512553 0.0131 40402.683747580864
97.05524217713581 0.0122 40407.45590316363
97.80216485828862 0.0131 40258.668352850786
96.89073772916693 0.0108 40266.54253074838
97.44738503682231 0.0103 40452.60770505749
98.3491392020901 0.0097 40569.38845252612
98.07619264726486 0.0105 40542.39249470209
97.77512356663078 0.0088 40390.770774915116
96.67416335081855 0.0114 40256.97494396457
98.0197728369271 0.0091 40263.98017154313
98.26958036012641 0.0097 40320.75313366639
98.09630177007584 0.0086 40491.0890182069
97.71633321793202 0.0103 40241.12357832891
98.33452609524807 0.0098 40239.355535184855
98.02214633823365 0.0093 40454.208910262365
97.18143841384209 0.0074 40404.640181968585
97.92016038730179 0.0109 40239.88540636765
98.24065757348626 0.0073 40434.897360095805
98.26209340984464 0.0095 40432.84812599266
97.61180941955905 0.0096 40374.05488162511
98.09864846792595 0.0092 40432.38413616369
98.01499358064454 0.0103 40127.87194795302
98.27160042888474 0.0085 40569.59587108494
98.0884552830506 0.0075 40500.27677351031
97.21223554327688 0.0096 40212.48301091932
97.82977701022315 0.0079 40426.975803529625
97.84935222113805 0.0097 40194.69090031251
98.30615868547063 0.0084 40205.60946817605
97.68592124540409 0.0085 40342.17257547194
98.14857476504746 0.0067 40328.2568911231
98.10087037895583 0.008 40174.63141801181
97.65347677988942 0.0079 40068.35327008476
97.43106617247078 0.0079 40096.143583412275
97.9959904526075 0.0087 40100.77099550679
97.47275185424104 0.0082 40342.29006828998
97.84159023020379 0.0078 40435.904185268446
97.62838174898616 0.0083 40329.658200160855
98.03859443664186 0.0062 40260.44544115527
97.99523556555033 0.008 40140.59561431312
98.06203924099111 0.0083 40304.15590156059
97.60215907212002 0.0078 40352.43992199597
97.82827638704373 0.0066 40171.68179945292
97.85687057131663 0.0075 40138.81368671893
98.2746142969061 0.0064 40096.9610774598
98.18787397192581 0.0068 40167.92471187847
98.3726164518958 0.0074 40280.03345830892
97.89525219769097 0.0073 40077.106934804906
97.91406607073817 0.0089 40201.39270768764
97.8322127912729 0.0087 40412.18050762029
98.32680644950639 0.0063 40134.32047033384
98.07586143556787 0.0086 40159.55691465451
