3.9345912786597204 0.0483 30962.5055001121
4.996065780740926 0.0474 31071.041355421545
4.390376165085506 0.0487 30948.206423777316
3.73774369526428 0.052 30922.2354769629
4.491955728405888 0.0461 30936.236038730196
6.6083914212553205 0.0442 31366.094311373137
4.7666159902798935 0.0485 31047.595802805427
4.584753001653051 0.0484 30941.60909897943
4.466804189867509 0.0444 30898.185190618296
5.320658203172428 0.0473 30990.868023156232
5.300818300566433 0.0437 30991.53537617312
5.930874569500483 0.0456 31052.456805541333
3.588453403307381 0.0451 30797.13197753319
3.9320825309224574 0.0445 30667.605582277105
4.963370332455676 0.0462 30944.48414364271
6.340144538485136 0.0416 30985.298268736908
4.196880670351109 0.0431 30702.34010290148
5.640566077584141 0.0429 31057.257957518657
5.360656655475677 0.0432 30914.678497969424
6.727643398708463 0.045 31034.002277113217
4.920636058743392 0.042 30805.83488841919
6.800645577576109 0.0438 31020.858391925867
6.950933369518908 0.0403 31163.739723742932
7.647621854348076 0.0403 31116.639934374765
6.778500866169912 0.0382 30972.580519572897
5.207331611393213 0.0412 30983.339479523045
6.463234299623183 0.0396 31013.764225751045
6.289810708162068 0.038 31024.32038793431
5.900087015714184 0.0362 30803.88006188649
7.808877174743735 0.0347 31104.352984134675
6.663263242522409 0.0358 30897.259976227022
6.885086167633263 0.0358 31037.57571869797
7.799285199382959 0.0333 31007.626579809963
6.662296602943426 0.0382 30868.367615696894
7.419790402118016 0.0345 31007.883552851126
8.000110490526449 0.0337 31026.66125278539
8.111766051247878 0.0357 31151.30232579331
6.913406073245095 0.0341 30831.671372350047
6.92731178411957 0.0352 31038.125139482112
7.779175886405395 0.0311 30939.842809826416
8.523527527022424 0.0321 31198.47098704432
9.077115704080086 0.0337 31114.759581135724
16.660841310272783 0.0303 32197.4963771562
8.507196232188152 0.0343 31088.06810130405
10.141943423967373 0.0329 31307.84348548501
11.23802352105812 0.0288 31373.263577397804
7.51871443898538 0.0313 30883.48614897505
7.683139320705146 0.0317 31057.546848743863
9.648316986902573 0.0319 31172.982743770506
21.052343521881546 0.0301 32620.12808972277
9.174472739480223 0.0304 30980.141375288786
9.110902895594071 0.0309 31147.74824403326
19.096129916770956 0.0284 32668.091283074365
8.979182643451356 0.0317 31057.57023729939
12.956744459058864 0.0297 31901.812659720927
15.995751367434021 0.0295 32165.062386999423
19.90974943618328 0.0269 32721.4474735077
13.660760914295256 0.028 31759.620657109714
13.951630396655155 0.028 31737.654481055462
10.746955291076008 0.029 31161.25364217081
11.688562050953774 0.029 31388.142833439506
15.490615755793234 0.0263 32084.20074345314
14.581217349332487 0.0283 31992.725987162823
13.975783737420002 0.0255 31776.023874661223
17.401589599964158 0.0267 32350.11531416202
95.67724778522056 0.0238 40886.6380446768
26.206233234637235 0.0271 33574.85784347322
12.718420337297577 0.0258 31471.779038726127
22.34741299954425 0.0261 32909.85746931376
10.93679095000911 0.0285 31137.065670121865
13.332264389256236 0.0263 31620.946170251656
60.20072199138445 0.0217 37283.79450070209
18.36237653817206 0.025 32221.83158699424
26.499729226930153 0.0235 33374.539394840125
97.37476355562262 0.0238 40990.837722496864
17.59134186396026 0.0251 32231.199168569623
25.493114562338885 0.0221 33383.45824841004
25.41681329124664 0.025 33352.97009079871
26.283159645225354 0.0231 33207.20470402682
20.259263294090335 0.0244 32534.34018366473
95.08653289763888 0.0225 40596.00272935191
33.01301234424796 0.0216 34330.54080646742
36.189331926419975 0.0216 34434.74351236914
27.69023330563244 0.0233 33891.90138199544
86.24349409478826 0.0221 39881.38182434884
83.43978940927538 0.0204 39562.696474101394
94.35780005127613 0.0191 40526.227099516465
60.95307357870999 0.0217 37452.44919924
97.77248462985146 0.0185 40914.089878920124
96.46401913691558 0.0235 40956.05206962696
62.28094905168651 0.0229 37331.95117399025
93.3453758999057 0.0193 40448.4803882131
97.95266569309416 0.0171 40736.19116652839
98.02854191167403 0.0182 40771.28692035544
58.075604465929416 0.021 37080.69929027067
96.91105604437182 0.0194 40680.33416409425
96.3278535747374 0.0199 40477.08169489721
61.13073778349839 0.0194 37409.79660646046
96.26211722828715 0.0182 40687.34073219355
95.82119160934525 0.0195 40696.41515681087
96.9736115136058 0.0182 40653.96592184099
77.75621508600484 0.0192 39025.41908438469
95.51456754511146 0.0185 40501.98529505128
93.22372533293625 0.0188 40342.175611132734
95.87647874237109 0.0158 40635.87188995977
96.10027406155398 0.0182 40541.246641036494
96.76415465510433 0.0169 40729.43320118435
97.83873633086449 0.0176 40581.80278071507
96.19123446998519 0.0173 40327.77585860869
97.13555403176102 0.0157 40672.613531584895
97.25491407588952 0.0163 40842.36595835264
98.21966052330025 0.0151 40645.66825404902
95.03376147238497 0.0178 40425.090558832526
96.85793789974234 0.0148 40484.01019548782
97.51768461690095 0.0146 40676.89261219837
96.41307729325031 0.0167 40521.753397096196
91.65565757618583 0.0154 39858.12594984955
93.13371080243131 0.0167 40233.34282774556
93.88017577017625 0.0168 40232.6812095257
97.66153326389446 0.0153 40534.691668643376
94.39002554452696 0.0148 40171.79107060101
98.02026632603815 0.0124 40659.21428619761
96.70615366137578 0.0147 40643.46237478276
94.34825812471418 0.0165 40557.33585378299
98.09497494219688 0.0134 40482.32275399445
97.27965118163074 0.0145 40382.35311354301
95.2513875744325 0.0145 40233.58690953047
97.6825725146624 0.0153 40372.74238891845
89.77929622073428 0.0166 39928.920102043
96.8156268486835 0.0142 40466.516819463766
97.881573318625 0.0121 40606.4175351887
97.03805917122799 0.0143 40357.87991759408
97.58750141633776 0.0146 40501.78201184007
96.5963276434881 0.013 40258.41654697751
97.65994796949876 0.0127 40464.57860511366
98.00477747530145 0.0137 40279.94603543659
95.8436922083983 0.0134 40569.20059773171
97.38924469275426 0.0122 40568.72026680388
97.53569492801938 0.0115 40437.61820250102
97.97032700240054 0.0137 40481.12529329369
97.60161010535967 0.0113 40351.90493789527
92.33747966443624 0.0109 40200.93757726547
97.90384310203608 0.0095 40319.78272200795
98.20958846116612 0.0117 40334.81988950429
97.89436606478164 0.0121 40163.79886504271
97.04218036072528 0.0115 40349.06715482995
96.16296418029464 0.0132 39975.1775089947
97.7603477891207 0.0104 40417.27689350105
97.9260171903317 0.0101 40275.652315599364
96.28305257997232 0.01 40206.01672161737
97.94593067871585 0.0106 40341.472532594824
94.87248794652771 0.0109 40390.02448363219
98.27148664051326 0.0101 40521.03784854792
97.50483367008356 0.0119 40356.780817850704
97.88600206508265 0.0103 40337.25220477436
98.03758681998373 0.009 40490.20695277284
97.91938197884276 0.01 40299.37304770615
97.9972388663719 0.0102 40404.49385119717
98.10116851499053 0.0084 40255.13489395418
96.81789208505913 0.0124 40394.495861610936
97.8048191908247 0.0108 40434.254966697175
97.91391877396927 0.009 40643.826655576544
97.46910327036127 0.0114 40377.56438648921
97.66409305626964 0.0097 40366.319517684526
97.69859670984856 0.0093 40266.64150704781
97.97302424669603 0.0089 40365.999628168036
98.03049269619349 0.0096 40253.29952471262
98.25600970464457 0.0092 40600.37167197094
97.92124213414058 0.0091 40424.56072478277
98.37040184012793 0.0098 40053.42083274709
97.57730826976804 0.0086 40216.785296635775
98.37795175526439 0.0092 40484.23066563852
98.08949921791114 0.0083 40425.911826998796
98.31254722531837 0.0094 40235.355672625905
97.61374694956997 0.0074 40453.72030882677
98.31479122344246 0.0091 40324.66624751138
98.13909077743457 0.008 40328.64007769751
97.53671188982139 0.0087 40178.43770268967
97.17254562161295 0.008 40163.645203913475
97.61928870503266 0.0083 40219.2109297933
97.41375672792857 0.0076 40192.71708587931
98.27836797472574 0.0088 40175.65571329437
98.23473531417959 0.0064 40239.73397655615
98.34802188515455 0.009 40199.969004851555
98.20394310796641 0.0076 40192.89466256483
97.90469986808559 0.0082 40187.22122220627
98.2082957687916 0.008 40192.97386457683
97.45413265757954 0.0071 40116.38915065575
97.82673015121274 0.0079 40457.05398447664
97.5685426166413 0.0072 40065.678978149735
97.82343901836599 0.0058 40028.356947635264
98.09351052940389 0.0055 40007.45067622525
97.1040060778525 0.0074 40397.95477314482
97.9347187590687 0.0073 40255.369081807214
98.29134035669408 0.0081 40322.838600893156
98.2260590254801 0.0072 40073.75933877903
98.08771303494349 0.0078 40281.91768038074
98.23737783546942 0.0063 40228.74236396811
98.21326222926689 0.0059 40352.53081027254
97.62925659794504 0.0082 39846.90975690667
