3.984015052544436 0.0509 31065.07960875973
4.433815819612449 0.0506 31063.764767139277
4.091240081406518 0.0474 30887.80229434458
4.732014928693676 0.0505 31004.71013403007
3.9510904937856695 0.0464 30769.41181712456
5.115040071014885 0.0465 31041.208682596392
3.7741907428724684 0.0495 30816.954576369397
4.612725326794735 0.0462 30921.48442371455
4.015752411765781 0.0476 30835.55121358337
6.012686059679943 0.0457 31079.706888733603
5.830293376845359 0.0428 31049.17871492488
4.295711025533369 0.0433 30884.132767662555
5.23726432101477 0.0432 30962.560476961105
5.15029239664276 0.0481 31068.019645747605
6.283767550495542 0.0436 31131.94680197202
7.445018661386949 0.0418 31267.90202919081
5.527542303639715 0.0388 30990.643092530838
6.552998787759131 0.0416 30923.344291248213
5.394202030933348 0.0433 30958.319947488082
5.635104941043397 0.0401 30948.9380103813
6.660289627077807 0.0405 31104.58369222197
5.518649362964934 0.0415 30912.128362377407
6.421740808620431 0.0434 31148.25477919678
7.506954171216434 0.0368 31204.03556038326
6.851256765963995 0.0392 31001.08237220518
4.384352233457232 0.0414 30636.301880010866
5.043108494332333 0.0404 30673.66109770397
6.187212116464745 0.0396 30835.775196746687
6.7250111347743164 0.0395 31011.180489041966
8.120886376821057 0.0357 31226.97224345004
5.9579278366048545 0.04 30872.453684476433
11.000641086345281 0.036 31828.416163588914
7.392033628822914 0.0357 31048.164285367613
7.718532127523644 0.0349 31249.22862758284
7.2416840547621675 0.0336 30847.866360620512
8.39138577758237 0.0343 31193.981693023357
7.638893318567946 0.0358 31167.227148469585
7.613427621018256 0.0378 31195.701352069827
6.67599358361208 0.0358 30940.26059032412
7.060980227552177 0.0361 30900.378494383305
6.500991826891814 0.034 30829.36933884063
7.998206748228731 0.0321 31108.414296029492
8.95638668643102 0.0302 31107.03101597796
8.974536970121274 0.0351 31207.65304939129
9.50549630299406 0.0316 31229.511248560328
6.499164086024017 0.0354 30775.69765392879
9.38964960497777 0.0306 31218.732729294923
17.647301915042743 0.0312 32420.484448730735
10.791016813509591 0.0285 31446.975286488345
11.676176232610233 0.0303 31470.252056676025
13.598320056774968 0.0296 31626.374006548303
12.097542457368395 0.0281 31590.620980650445
9.509535221290028 0.0331 31296.486588142376
10.097816738104303 0.0298 31225.612318377167
12.958309218225658 0.031 31775.910597556427
15.055975783043204 0.0281 31932.88943813478
13.192654193848707 0.0287 31628.86415832292
13.24691450934103 0.0283 31698.090388689834
20.236833266138333 0.0238 32936.58683782545
16.365082083377086 0.026 31994.58071415081
10.317414207831934 0.0284 31063.74704149642
9.995238508406462 0.0283 31157.10478152324
24.24079720619527 0.0274 33350.63416893568
10.170146273070978 0.0296 31212.54093664712
20.67756542174929 0.0274 32528.081358924275
20.860938348279603 0.0267 32612.859779736245
23.75596388186415 0.0234 33173.02304200309
32.71974807120253 0.0246 34423.05045828231
88.0037164472459 0.022 40275.81302331358
21.59401085687979 0.0262 32657.827033860038
14.728095769738324 0.0263 31637.02268370876
31.47856683757198 0.0247 34278.565364291346
31.856149124586164 0.0228 34473.01137512694
37.17520162993559 0.021 34710.241173785085
20.090767875070764 0.0233 32615.561988067177
92.53800240176662 0.0225 40560.74243908008
27.161769681464083 0.0253 33526.1235067468
97.54307002869419 0.0211 41034.77184620469
38.386632016597765 0.0231 35229.68330203492
83.0523592154544 0.0226 39506.70554097692
89.87997019590648 0.0231 40437.57979990521
15.571442156916044 0.0242 31976.920011540817
93.1329066074085 0.0213 40416.88105832886
96.98884218548592 0.0218 40820.75458502807
95.5393118583791 0.0191 40791.1479750077
72.7615240704383 0.021 38919.67015005986
56.50287439489304 0.0203 37252.25933744604
47.22264344336122 0.0209 36024.86244152185
26.5603324688236 0.0223 33503.06875259863
78.01494039461484 0.0204 39217.14349383751
97.43452070002094 0.0184 40776.550084335555
46.068760955912566 0.0213 35575.05093291086
73.25344857341628 0.019 38421.680593960686
95.20342544542493 0.0191 40577.8803626286
98.32683067621441 0.0184 40643.00582393335
33.75411251953948 0.0209 34399.70749111171
81.57627123684702 0.0215 39171.08905285223
95.93627659066021 0.019 40590.62555673028
97.77075015499676 0.0173 40812.595562917086
97.02544467208585 0.0205 40789.3489181368
95.80810075164145 0.0197 40521.98685250526
45.18878373556824 0.0214 36085.54510330333
89.94695498813982 0.0173 40345.73736323253
98.20098288411265 0.0153 40693.74530381177
95.14377032334984 0.0193 40466.65052396783
96.81438279576756 0.018 40650.48932075175
87.15365650860404 0.0189 39729.33620033668
95.9999538076177 0.0193 40557.273787929524
98.14716388978921 0.0184 40807.16842079543
91.33103356832741 0.0176 40267.303712629415
92.42124428107475 0.0152 40229.17673734787
98.33490504527965 0.0161 40480.95415838225
97.34835642374165 0.0152 40601.198475784986
94.95832061665052 0.014 40568.72621503698
94.2745798053664 0.0158 40289.10264631011
94.8912869914722 0.0163 40426.54667411307
97.64262683133002 0.0158 40605.1793851732
97.20092555986096 0.0157 40606.8212588601
97.93871694292861 0.0134 40229.60054655769
95.54165447601441 0.014 40329.41347450055
97.08390961713584 0.0133 40642.237433592854
97.54875978979398 0.0158 40576.2830331038
94.50071224282834 0.0144 40328.8695521569
97.70912035783367 0.0141 40570.09173426897
93.91862348708585 0.0142 40414.33084086142
98.25074309134757 0.0146 40621.3169091249
96.16490623193033 0.0138 40514.135458349534
98.23932228557614 0.0121 40606.8974222981
97.99532372936592 0.0123 40610.08873346095
94.35130334114889 0.0144 40357.103297176254
96.53624024841285 0.015 40328.06102889187
98.03800722235394 0.0137 40723.2369179165
98.13544891379033 0.0129 40590.37721622443
96.82000789639739 0.0136 40557.48383215694
98.35609394461801 0.0118 40524.4340288164
97.14127864115099 0.0154 40305.702460639375
98.33506378480482 0.0112 40433.418670179635
87.899998488593 0.0151 39831.3449495625
89.93745830293814 0.0128 39998.027891609774
98.00342245985141 0.0119 40447.04087577052
97.2517936364381 0.0115 40387.87091242065
97.83908167190503 0.0139 40419.499671246274
96.95967690951038 0.0122 40348.47427305196
98.22494027956085 0.0107 40305.47180520269
94.63037799663215 0.0141 40215.06370843056
97.94240728973816 0.0121 40404.540742537436
97.33793410678638 0.0104 40371.98789041039
97.56989563800674 0.011 40325.08627310532
98.12070725642045 0.0094 40397.146616801605
97.53125899369135 0.0125 40619.36021151915
97.82384816246798 0.0104 40302.591512776344
97.7225494652982 0.01 40350.304215759665
96.92253082440016 0.0102 40307.34161504442
98.33259720002735 0.0098 40375.95141649201
96.63519381046885 0.0104 40332.57257329464
98.17796105488594 0.0106 40499.64709427121
96.89518315762241 0.0101 40273.82319562515
97.47664509494484 0.0106 40544.62351823053
97.68694936452923 0.0102 40296.29597293999
98.219521297182 0.0087 40501.43164142613
97.55840577275448 0.0105 40247.34755541657
97.46943418587625 0.0109 40514.834519151234
97.55565769145956 0.0102 40449.83883715179
97.56650125958065 0.0114 40269.70121160544
97.06986790353321 0.0097 40298.3455415202
98.35205683466764 0.0098 40488.64561883459
98.29169844918663 0.0089 40269.86553523815
98.16371356039849 0.0087 40286.71147470945
98.11311941741985 0.0093 40328.66625292898
97.623277405963 0.0097 40405.7606298613
97.97885466839082 0.009 40335.69897718781
97.96743463100782 0.0088 40298.6763826645
97.95672680652228 0.009 40380.87348271331
95.91789004268333 0.0098 40216.56142113636
97.57721038275521 0.0089 40120.234718173764
97.516070113788 0.0082 40376.198317473085
97.96712334897627 0.0091 40051.60719449721
97.7241060759406 0.0091 40326.7457967976
98.14733425691064 0.0082 40241.28470576122
97.53761089959156 0.0091 40234.50067197151
97.8775388575233 0.0081 40408.08308292786
97.90503233581035 0.008 40533.70067507397
95.88540667457379 0.0079 40343.68210261071
97.88463458865657 0.0068 40201.91158683803
97.97713395464385 0.0068 40175.436622112655
98.35984881319101 0.0084 40082.807132933776
97.5995502877386 0.009 40074.93632024444
98.136086781037 0.0057 40229.960575104706
97.61634263721085 0.0069 40105.900763419195
95.13689736008675 0.0083 39892.71522403494
98.38357710110087 0.0074 40511.10022754833
98.13702584058194 0.0076 40365.13166773654
98.01519086731021 0.0078 40163.94739097686
98.14917442983898 0.0079 40388.928250032935
98.19359303843994 0.0057 40307.62294207588
98.1056692672103 0.0076 40225.81385928083
98.34630951282871 0.0073 40248.22940409485
97.46250975872805 0.0063 40295.5697895604
97.03007357178923 0.0077 40016.698891685635
97.90136816812705 0.0064 39954.082985622
