4.517085641173452 0.0475 31072.588344256154
3.824092110353517 0.0543 30943.47863426963
4.045780104407035 0.0492 30935.12095760271
4.972329501797583 0.0456 31066.7055486685
4.681206304967464 0.0496 31055.460153185886
6.277394986613319 0.0453 31219.23061157534
5.061290489001178 0.0454 30929.793269269812
3.755607285994151 0.0491 30791.037318284423
3.570801324038207 0.0529 30833.28033898943
5.158810199247562 0.0445 30918.357540041983
5.060016917057259 0.0414 31073.708152018135
6.287692376141874 0.0427 31232.413602549743
5.333450753535052 0.046 30959.208362543497
7.118440610449814 0.0391 31209.912505505086
5.087203663202896 0.0445 31010.067507342657
6.396482577119968 0.0401 31185.408277516013
5.635787199618001 0.0442 31031.899031826528
5.914843356488844 0.0411 31013.100232263896
5.481464849802802 0.0424 30791.38112901491
4.8736398959079255 0.0435 30775.175350308447
5.444685190231215 0.0395 30829.682598188916
4.864487485323745 0.0402 30755.630170790017
7.081499504591155 0.0385 31116.017655159187
6.079328899956027 0.0384 30946.55074351262
6.476133788898244 0.0391 30997.133836886358
8.151822570448514 0.0378 31270.72129650356
6.225970400626411 0.0383 30952.78344814063
6.085800776597089 0.0406 30843.624566559192
7.752584071332912 0.0359 31135.84669753457
6.612096270611637 0.0376 30907.27489149284
6.014106491173597 0.0377 30797.571212215116
5.951035153608159 0.0381 30741.451006002473
5.14862195160536 0.0372 30724.26674748742
6.250678605541338 0.0377 30932.885574603864
5.971672742734331 0.0359 30772.479781259164
6.252900009274586 0.0379 30786.29829219562
9.45542523279894 0.0338 31226.183889612836
9.581451246269138 0.0334 31247.20350196142
7.526265871617242 0.0342 31187.355697193543
9.249008034573658 0.0344 31279.97942914634
7.246413162513622 0.0355 30944.184122045237
9.915454605348726 0.0305 31278.617680166797
8.003566209250021 0.0323 31193.62234449228
14.167963050844701 0.0303 31925.79411440434
7.997313500335645 0.0321 31021.164429279546
20.01156985089535 0.0309 32629.930605661757
10.541733703171479 0.0327 31294.589550989993
8.042350825905288 0.0322 30906.523683071777
9.915307972808364 0.032 31124.684164411705
12.196211585841322 0.0261 31684.458167393877
11.092477260008447 0.0287 31485.34037855002
8.585136491000378 0.03 31073.24465985236
8.43302039679706 0.0318 30990.80345486978
18.318055359414597 0.028 32504.772771458996
11.207268099140627 0.0288 31437.060894219725
9.562114711748345 0.0294 31159.177033232372
9.769538074344347 0.0304 31063.177093936196
19.28948325234802 0.0289 32580.144277416894
11.615161826307924 0.0296 31325.98406574114
12.602324614373085 0.0272 31464.79941496648
19.475165990346547 0.0262 32504.101349737575
9.884202479963662 0.0293 31051.846878299537
15.604783815428775 0.0268 32149.455120969065
12.374879297615138 0.0284 31427.620785286228
21.56734054216629 0.0264 32884.61524257038
10.130781714009146 0.0292 31096.84823032887
15.172224787063547 0.0253 31869.976304693675
16.77279511860551 0.0276 32120.572194350774
22.134658045122897 0.0242 32943.0048966296
36.31880926213804 0.0236 34679.34081884536
28.645033663072 0.025 33565.56906434726
17.483593948442966 0.0252 32224.288879776144
11.563438419709703 0.0276 31274.11903058032
19.732242813803317 0.0235 32494.397843533767
98.20363367474285 0.0234 41200.54998401051
49.1152766564893 0.0213 36331.52293638489
19.12874665642512 0.0234 32390.429744670233
71.10392713474896 0.0219 38399.10451874246
75.89860687094409 0.0205 38751.77647811697
54.85705876488922 0.0216 37127.60610837919
23.458227461309487 0.0231 33069.195308550865
81.64512969935204 0.0216 39757.85900830954
47.763285793350256 0.0208 36375.092588049
19.895022409792332 0.0243 32512.584284791945
29.372110409623037 0.0246 33297.46454575009
69.31242598655894 0.0207 38100.89468561673
57.187130278151585 0.021 37534.469279665514
93.59195072262648 0.0216 40624.81449887122
92.49779410012053 0.0192 40552.11837718684
30.97878981674902 0.021 34255.914991338985
94.03603539912194 0.0181 40733.15930783117
96.85581497691182 0.0185 40744.96195376212
56.86596453451095 0.0204 36967.0772604299
97.51005509576399 0.0177 40809.11483554151
94.87025574790512 0.0197 40477.69802776675
92.78903463089173 0.0176 40365.253827627246
96.66775066924237 0.0181 40425.45979907977
76.77733782666135 0.0189 38693.58251725319
96.21703723146986 0.0169 40698.95958981338
96.94879461568033 0.0183 40627.35865978009
42.23949678264776 0.019 34714.979477114175
93.04894560722994 0.0198 40466.77274935841
54.94428911511228 0.0189 36566.8253597512
84.85053452512952 0.0178 39792.60173973846
96.39769343259977 0.0172 40544.04892675161
98.13516875689889 0.0161 40901.45157819186
74.83108435238834 0.0178 38716.95645097924
97.18602226924699 0.0168 40849.181212404765
94.95465215813152 0.0165 40390.83900746703
94.8961637835705 0.0164 40156.37315966109
95.46012457495549 0.0153 40613.861758222774
92.67402310813104 0.0167 39975.622406703274
97.23974371417016 0.015 40837.2357315885
92.04113897433704 0.0187 40056.37130755352
97.83502523697365 0.0157 40710.29417992145
97.31630567768607 0.0163 40718.959039694026
96.93379738260607 0.0145 40460.24801756153
90.74389011523047 0.0143 39884.3577333114
97.31837870246163 0.014 40515.49964261349
96.68670865698076 0.0143 40438.995437143574
96.46017709184578 0.0131 40279.57282076433
96.02111775459228 0.017 40435.196560637414
95.40744135514261 0.0167 40348.82808187617
97.52775680982833 0.0132 40651.439830277326
84.61318705764218 0.0166 39420.23289332455
96.8506942751908 0.0149 40506.9954082837
97.71458089629681 0.0131 40573.092427239775
97.62515005438844 0.0136 40539.22226514097
98.21095972045657 0.0134 40610.03163174046
97.15611247338157 0.013 40273.507290013724
97.45860778560488 0.0127 40502.433057802424
98.35966915778533 0.0115 40638.19963026879
97.9424218342644 0.0137 40586.76405142
96.1889346068405 0.0149 40336.065301036506
97.20686080029526 0.0128 40462.810700194954
91.34698195188832 0.0122 39805.64360710776
93.96165862759148 0.0148 40159.59561309009
97.37900009700152 0.0124 40587.55707634338
97.66528671169341 0.0128 40446.46855497045
97.84555603353249 0.0114 40444.254423725484
96.42315603029475 0.013 40498.92401837409
98.34090305372207 0.013 40597.889952878584
97.89860135632259 0.0112 40590.9088132553
97.23349716853748 0.0124 40438.78092632481
97.56563748762267 0.0096 40425.04096617563
97.98084503418954 0.0121 40446.957709468625
98.14194353069608 0.0146 40627.161907733775
98.01933936847166 0.0111 40484.14946063355
96.92661962864865 0.011 40530.196190784656
96.15899771575283 0.0112 40295.03304223116
96.03433069753717 0.0113 40278.26145121583
97.81035071799414 0.0106 40388.919139323654
98.07853722602088 0.0105 40430.881191969
97.61238634484477 0.0092 40227.656606839286
98.16521445775628 0.0109 40505.70188022829
95.06707825398469 0.011 40128.718797003705
97.46426861461445 0.0101 40080.326847141994
95.8057369463919 0.01 40075.85699637252
97.55822672892072 0.0096 40361.17542727391
98.22437945101431 0.0114 40401.77470687317
97.40038968833105 0.0104 40441.13797251382
96.49213864501492 0.0098 40250.31270396248
97.85865226875701 0.0098 40447.45805177516
97.86401641621141 0.0097 40434.19016569251
95.99478447380696 0.0107 40038.27299986606
97.64745676290735 0.0083 40380.75031306035
97.69586570974215 0.0088 40215.950497333506
97.79962968944044 0.0089 40211.3506959468
97.84300918359348 0.0106 40495.81525879488
97.08283808023435 0.0082 40265.14672339829
97.67037847070314 0.0101 40191.44678561771
97.85144162204324 0.0083 40355.9227585328
97.34035561819613 0.0101 40286.09571744761
98.32804613500046 0.0086 40280.81566890293
98.27491756963533 0.0087 40225.78138814566
97.9242478817981 0.0078 40557.127525972064
97.96846666814582 0.0081 40309.13580489806
94.96669223807977 0.0099 40016.67016784536
97.46776715230652 0.0082 40294.74252853083
96.89425028879856 0.0101 40185.46239337167
98.32396193675953 0.01 40413.48325427369
97.24059904659096 0.0094 40085.7851767884
97.74244992590775 0.008 40344.39193026163
98.23475046452819 0.0077 40234.70156761707
97.8447738749194 0.008 40338.232947269935
97.60017031662673 0.0087 40318.4735260815
97.09812681472607 0.0084 40231.389202010934
97.83567041014604 0.0076 40300.06528839532
97.62421547861395 0.0073 40183.89316356267
97.28296065789635 0.0078 40422.92054352869
98.33284342314003 0.0083 40361.56637816534
97.82905203836809 0.0084 40181.336005322206
98.21231710541414 0.0076 40402.785123726244
97.35932389127863 0.0085 40237.00761471931
98.09838454062006 0.0067 40321.725919106444
98.04653575628812 0.008 40425.56154151639
98.36308842828689 0.0065 40222.271626328176
97.8849232724091 0.0067 40180.24223861155
98.11367166742664 0.0067 40226.52746914885
98.31852396833983 0.0085 40147.28868961768
