4.320843038179114 0.0504 31140.918461563404
4.490058889499171 0.0498 30963.794006390395
3.9754250549956165 0.0496 30963.715477982965
4.244024407474486 0.0484 31006.25084793738
4.13944221407984 0.0508 30921.26794212798
4.133017055100587 0.0445 30793.835289719515
5.01178035355447 0.0468 30929.734893365738
5.34581601576739 0.0463 30994.98916358339
5.2156624366305655 0.0486 31069.633965716424
5.169960789084199 0.045 31057.30101595324
4.510336442971168 0.0471 30819.376107745065
4.586245513607 0.0469 30944.533661005444
6.314627945333607 0.0449 31167.95580592807
6.083851171887432 0.0413 31112.8428307751
5.413266350641632 0.0448 31002.9034174337
4.5474376969485295 0.0431 30869.674653138707
5.849529284438825 0.0447 30926.03494904437
5.305460492144764 0.0414 30766.346152138372
4.944127088477259 0.0401 30705.34341454725
5.292746896699272 0.0406 30888.12230124989
4.153846638617954 0.046 30775.058527741843
5.733781740490677 0.039 30927.184442639456
4.718921231019304 0.0436 30783.87263880204
6.184976917427411 0.0367 31195.741611262554
5.680225177066752 0.0393 30773.45143918092
6.182802057224989 0.0364 30908.347734304796
7.3035271397125605 0.0389 31149.745623346433
7.3380863926372815 0.037 31198.622218591012
6.29440770244555 0.0364 30874.836959901233
8.522990238152993 0.0346 31146.503671884817
5.789390234950449 0.04 30735.465644142925
11.119705108708063 0.0371 31351.55524817917
6.815405539307947 0.0374 30942.491774799106
9.052288428935038 0.0333 31260.521858143813
4.527735105798159 0.0383 30501.714059471622
8.925940926614524 0.0328 31367.914645625486
6.544967942681237 0.0366 30936.8193630891
10.170274265745697 0.036 31130.767180351984
13.888448425276307 0.0334 31888.2525824648
5.873814631281931 0.0362 30689.163365128035
13.226945466248598 0.0317 31871.980145737132
9.36067119119875 0.0319 31330.204629777363
7.412512409157023 0.0345 30927.371330596998
9.083105620670258 0.0302 31162.47597368417
8.10126916290699 0.0333 31044.65900829972
9.665509191256746 0.0337 31200.891623198528
9.953522270352964 0.0306 31106.30499771973
12.349897081532928 0.0302 31536.55466787645
9.913638594103103 0.0311 31227.206745261425
11.982590433486061 0.0302 31519.911696879466
8.140299840930282 0.0326 30917.441893803563
11.155944720891386 0.0294 31298.995806022253
9.181849225614863 0.0322 31141.166088671223
11.298783659443101 0.0294 31387.81157306503
14.473677795793748 0.0286 31854.58171283687
11.751030339296147 0.0311 31507.213543145626
9.204495413802048 0.028 30959.364159884288
12.208183337683419 0.0272 31588.696892986434
9.709144923077123 0.0298 31159.764925139512
11.80280628978279 0.0265 31451.229404022637
12.513086702176214 0.0301 31377.88609014872
16.960876498111464 0.0258 32294.071618271075
16.931728813310926 0.0276 32221.455874768453
10.643979321511589 0.0287 31053.662910568928
14.67397262606039 0.0266 31808.021961270704
13.099503314641717 0.0277 31546.716259320227
17.676362092739033 0.0237 32371.548624136707
20.2309167443202 0.0254 32590.369259780276
21.999139300762966 0.0252 32960.06571576827
15.965275584701455 0.0269 31933.12791047571
29.009145925987866 0.024 33916.40442062385
98.0205402726962 0.0216 41117.60692351411
41.0718404058182 0.0243 34999.071201625105
19.161777712578285 0.0222 32523.742062923735
50.44355490679033 0.0222 36362.47027354256
24.13850290994819 0.0236 33087.144469528255
16.841626680184454 0.0253 31895.204539337512
20.552213778394005 0.0256 32539.72082860478
95.75073693475717 0.0212 40702.194932407714
13.116409168911996 0.0237 31284.60418594369
29.541742895617745 0.0225 33746.38568972688
18.2899006234239 0.024 32219.627358777398
24.90199653562429 0.023 33078.51542220166
96.6179815303345 0.0203 40842.33393840351
97.37623191907711 0.0191 40813.1336132731
96.7486784050333 0.0237 40911.29828343897
74.60045155547729 0.0194 38637.35434930436
29.777237172426712 0.0225 33718.15422543799
33.31324399828029 0.021 34506.00072859987
91.25542698589214 0.0224 40610.822621352236
97.45614041040871 0.0217 40682.98894470035
91.63163331637419 0.0167 40417.522340753436
97.3781852919681 0.0176 40620.65607248593
97.0273451430918 0.0174 40608.68252692121
96.45677934451649 0.0195 40648.150276974746
87.77093155071496 0.0198 39836.589682969956
83.8278011937453 0.0204 39702.99611712104
94.6103460026236 0.0172 40576.30840526794
96.02413531952807 0.0172 40382.76255565542
79.24845868083668 0.0189 39187.643871891065
96.53854795163865 0.0164 40613.02606420171
92.04859418063135 0.0168 40003.6040252667
82.71090831424051 0.0188 39623.097336226754
91.03172876414101 0.0166 40121.90004648745
95.83992943788785 0.0167 40525.37803194448
93.9639346886126 0.0182 40342.3233652779
88.97249040289387 0.0167 40000.33282797435
96.44884813798285 0.0172 40758.966548547214
91.11914761105945 0.0161 40277.311749103945
97.08725090287629 0.0181 40470.960830506534
92.05572202833912 0.018 40130.61865260571
93.65327938706936 0.0159 40541.73066088938
95.89626521966346 0.0162 40477.91538895226
89.80457141647129 0.0175 39964.95902539123
98.05549666713992 0.0136 40698.64184321475
97.41333689990934 0.0148 40702.11672924147
88.22589730583967 0.016 39953.47375634479
98.1090712334614 0.0147 40437.46028663698
95.80595901245945 0.0157 40565.81165204553
84.37552551442944 0.0152 39726.3619914863
98.37263495429316 0.0134 40660.3920314376
96.03465783981524 0.0146 40712.530538484614
97.55780620090107 0.0147 40549.41361938701
96.73998283342974 0.0163 40600.34917993891
92.31885188718401 0.0149 40305.2572861689
95.91315184316686 0.0155 40458.356725154525
98.02691566640655 0.0137 40641.17479710472
98.01112100287978 0.0137 40600.7277622014
98.06842986307389 0.0134 40319.18865318788
96.79495373733661 0.0163 40757.63005257099
97.74386505973591 0.0134 40515.43839831011
98.21713937074551 0.0124 40601.217554398594
97.94199161576913 0.0144 40578.48837755494
95.41615340658882 0.0138 40342.95560043995
97.78479529147286 0.0146 40252.08649237061
94.70228232213081 0.0163 40758.96983973987
96.46282767562315 0.0138 40722.91523582601
97.83999366415638 0.0143 40457.73705835811
98.26427906866866 0.0119 40471.80840728835
97.7695341310087 0.0136 40707.54857058484
96.8783877253059 0.0119 40226.39402757992
97.92745515937341 0.011 40235.37580061987
97.14602497308803 0.0099 40259.27215803447
94.38776953905965 0.0128 40256.34466245923
98.1691560199461 0.0134 40566.18676778036
96.73310748917994 0.0114 40374.578094945806
97.67207200506918 0.01 40448.06113521478
96.87917834421097 0.0108 40099.15249280401
98.05936869284085 0.0123 40566.33481271328
98.04541117886949 0.0116 40546.75067503638
95.17865837611726 0.0124 40364.66502787375
97.80513276737639 0.0098 40317.57225919068
96.9477769855197 0.0101 40323.08939515706
97.45195086025744 0.0099 40275.94392183096
97.60157334587618 0.0105 40505.3036841676
98.33669805185417 0.008 40246.48213813952
97.54274138319056 0.0116 40444.22233063707
98.36068629611712 0.0092 40395.5722470083
95.07564405904606 0.011 40254.61156009701
97.65620408236477 0.0109 40320.14203672187
97.97445000834547 0.0093 40340.04610029192
97.38931672383174 0.0086 40408.175250112574
98.05855263396538 0.0105 40338.526661350465
97.57470316630275 0.0107 40595.26481614618
98.11519002427268 0.0102 40228.6792342197
98.1773641083611 0.0099 40470.581807449715
97.71441957478392 0.0097 40357.09856460904
97.50518460427887 0.0096 40111.85479717134
97.68921894301172 0.0098 40455.15257131864
97.95681588897195 0.0089 40139.72005869658
98.28522898127511 0.0098 40375.80965448838
97.83292123653612 0.0106 40284.14488393588
98.1998409768617 0.007 40525.712238532375
97.12267138473445 0.0087 40261.99233744553
97.96044939399377 0.009 40323.110489416635
97.64171134811146 0.0092 40498.16251554072
97.90439670926905 0.0097 40381.3368930008
98.29080929289924 0.0072 40504.084658880696
98.34949120814177 0.0077 40451.518343807424
98.20500227858129 0.0088 40323.54815058345
97.99308352361216 0.0084 40463.807150589084
98.24820707305743 0.0085 40141.328911799166
98.2897699855627 0.0093 40173.80266122273
98.09116966641086 0.0082 40241.27360694756
98.3686295962137 0.0074 40360.01955994321
97.89635674950122 0.0083 40067.17551443371
98.1510189495221 0.0079 40343.265527992895
98.23328236851214 0.008 40338.4902907568
98.15671597129374 0.0062 40202.78703404291
97.35560190685503 0.0091 40366.72857673838
98.12492797248677 0.0069 40373.38788743299
97.9681601436204 0.0074 40371.96453765994
97.5425973397168 0.0066 40223.82181798649
97.9131962752061 0.0064 40213.35975422959
97.83066437780602 0.006 40237.63866031793
97.99904312659426 0.006 40091.59030825735
98.35494572613413 0.007 40243.40344733601
98.23283921249 0.0082 40181.498398244694
97.89873221746333 0.006 40166.62569527927
97.57982088099689 0.0062 40133.69589894139
