3.1095143146036985 0.0485 30794.401364479003
4.17894764885739 0.0483 30997.517024634657
4.639727482762264 0.0477 30967.13346384647
3.709337976098079 0.0544 30795.823183077424
4.757561405290576 0.0477 30947.097627225794
4.603473123360714 0.0441 30944.02646946036
3.6942537579674717 0.0526 30828.656041683873
4.375520109191616 0.048 30877.915620486452
3.5697381105810613 0.0476 30857.59363716216
4.971998829146613 0.0432 30871.806564231847
6.599116043895764 0.044 31190.769312393593
6.218416481116601 0.0441 31163.92583100121
7.081319092243192 0.0427 31285.229708455525
4.85634971411744 0.0452 30904.994444840187
7.073285059996559 0.0429 31278.722278345307
5.233022900254918 0.0438 30871.937532142925
5.462071880116908 0.0411 30888.166027159532
5.5245078141991995 0.0436 30878.4574624784
5.501160779394079 0.0411 31115.806435094895
6.009541766451707 0.0395 31033.28349909585
6.561194225210225 0.0381 31051.10630586834
4.612614228685263 0.0407 30825.534525994546
4.818412625092574 0.0419 30651.675237548894
7.070521226728984 0.0374 31205.9467784703
5.134215230847803 0.0417 30769.822765740715
6.262388504280567 0.0404 31077.538607283557
5.88609549550443 0.0405 30879.216315560156
5.962756385764497 0.0385 30913.339417418047
6.629522597878687 0.0411 30910.55981092142
6.9345089339973525 0.0354 31019.87776325996
10.459671761597196 0.0362 31526.064013857962
8.029935346399874 0.0381 31007.92632145355
7.361677719513474 0.0378 31009.882532954674
6.244778542912212 0.0373 30792.939317165892
7.816941667839672 0.0328 31210.36139277613
7.0720602748913635 0.0337 30884.37883492783
5.954109404490028 0.0402 30708.36789095091
6.458100594681449 0.0342 30786.610592435678
8.002100825132551 0.0368 31131.485182124983
10.156855483447464 0.0304 31395.25549697354
7.966251287436573 0.0324 30978.91818914172
13.752281207329952 0.034 31695.89501495091
8.533568710369718 0.031 31018.0240381867
10.085031335785613 0.0317 31399.394617727663
9.717416012478498 0.034 31274.14716321887
7.630337743775219 0.0319 30836.535624167496
7.765701737886248 0.0326 30881.643164996218
10.862963588012777 0.03 31494.512910013415
10.667899575887175 0.0314 31289.827505175526
11.341548107423298 0.0317 31366.590607594495
10.220827944906446 0.0309 31162.861020253953
9.19003354898844 0.0307 31130.261851339237
7.644737484852951 0.0329 30990.161140088818
8.21055156538366 0.033 30999.151911438224
13.242624187063086 0.0296 31673.204807328973
15.484267261071139 0.0273 32054.30487809903
31.83835353682513 0.0284 33900.8094296629
11.4337794843535 0.0285 31305.817067833086
10.28763961769491 0.0291 31078.56532212257
13.21426599629343 0.027 31643.802792739498
10.06211819185922 0.0288 31192.23359228051
19.352041097298173 0.025 32646.686984830623
22.005336110480815 0.0271 32794.346281473554
20.303542396212446 0.0259 32640.786194719927
14.055449038550107 0.0269 31807.109161299268
18.762205206084115 0.0254 32429.895104392843
25.11018252193034 0.0278 33373.67027820055
20.113768694305975 0.0263 32717.624476970577
19.697123556297804 0.0256 32446.42397962987
15.190519200623577 0.0259 31774.47806400282
19.702429191902414 0.0266 32457.79141082325
25.295553893650194 0.0251 33273.70102910191
26.499146941900744 0.0248 33647.64861570343
89.85353083801206 0.0214 40537.47644947061
25.254616626126133 0.0254 33376.50765579926
38.14828077099566 0.0227 34976.77252124248
29.12054623551939 0.0238 33858.914781679974
23.592492862290754 0.0233 33007.36607814978
31.45183991809042 0.023 34096.06262843011
18.915940691759285 0.0259 32525.620031672745
34.28601822393199 0.0229 34393.66450484964
96.47217045445397 0.0201 40836.93104815037
97.5215375146855 0.0196 40833.022461486515
36.993639293000555 0.0218 34355.04929850682
27.426003323002963 0.0233 33383.65958408457
50.69757467726162 0.0222 36306.764604209086
92.24040024065133 0.0194 40355.05395949971
94.2434786169636 0.0217 40542.27424652393
42.340774749017 0.0219 35551.3939511904
33.72059864233538 0.0213 34368.88707523758
38.144601262989156 0.0215 35029.041329424545
37.6580509799557 0.0213 34703.088116992665
92.95508693036372 0.0173 40420.08986564765
95.61886285582248 0.0184 40583.82982967059
97.64033796279652 0.018 40857.14023378938
89.07671849438431 0.0207 40002.13012942794
74.33895597718352 0.0201 39153.848853021766
97.27431000440554 0.0187 40571.615514954385
66.82774554398343 0.0197 37993.89613436268
97.71575122459821 0.0156 40517.00009687217
85.71355565580205 0.0174 39620.773247309124
97.93201463530248 0.0177 40794.89363511747
93.23959735938676 0.0179 40342.171661369866
94.35014348650486 0.0172 40497.0240775024
93.27552899480625 0.0195 40341.02895179359
96.23290693998564 0.0174 40562.29075337452
95.02057696786275 0.0204 40361.78841154292
34.825591463089324 0.0202 34333.2736472305
97.51275449129734 0.0172 40615.467513109645
95.55610052066721 0.0161 40336.65112366425
97.7961422019861 0.016 40577.356395924675
33.75750492016448 0.0214 34449.067551425615
98.26172638875248 0.0143 40684.796111760574
82.79412400825689 0.0189 39490.58482313336
97.52552746382345 0.0164 40897.38352785338
97.52188812155079 0.0159 40712.64524378458
96.37753102558062 0.0154 40305.90340468685
97.18715805026825 0.0158 40491.48322020855
96.775254786108 0.0149 40498.654323766925
95.20175181111087 0.015 40174.07595058726
95.77791951301603 0.0158 40465.43222851961
97.92496582789784 0.0161 40478.483886662325
97.98197453705856 0.0147 40724.045991613035
97.70626759632283 0.0136 40588.38286646194
96.8993661868764 0.0127 40786.96238051408
94.55390916125783 0.0119 40343.545098188784
95.35111663116281 0.0142 40173.267203821284
97.0728115826918 0.0145 40623.07541035335
98.34680937582385 0.0124 40523.17088494107
96.56893284337902 0.0132 40349.09947470577
97.24733642897476 0.0115 40324.95967882489
97.45541352160875 0.0148 40437.858932838455
97.00648246552133 0.0134 40881.923020101276
97.11613399036897 0.011 40459.03252102534
92.90103233952836 0.0153 40121.64365397607
98.2319005026471 0.0125 40438.635433433185
96.83689077617962 0.012 40384.838975886065
97.20545114032659 0.013 40536.600620560224
96.59882144818748 0.0142 40427.15231093346
97.92981812613208 0.0107 40408.04067259624
97.58093148170218 0.0122 40365.13632970039
96.46648572574179 0.0124 40203.559382802225
97.90495907295718 0.0127 40559.816486399286
97.91465128039358 0.0123 40284.201347245624
97.7940519017914 0.0112 40282.64155736884
96.35920732593912 0.011 40349.77601677158
97.95847599789423 0.0119 40499.68161757061
97.16497863736566 0.0113 40390.09654701204
98.04916926505075 0.0099 40327.333367770705
97.02903427973584 0.0119 40322.85924810541
97.58927000756121 0.0116 40286.86468510957
98.25365447348531 0.0115 40489.056276615906
97.788274644713 0.0111 40333.58462628317
97.7873220375779 0.01 40518.89111987921
93.27829643002045 0.0112 40047.34040897227
97.40478082516026 0.01 40273.534926509696
97.81688376529796 0.0092 40395.38119390206
98.1511713695655 0.0102 40348.01680434088
93.85176004959033 0.0113 39965.66944041479
98.31028961060385 0.0103 40360.49895961717
98.03924510925609 0.009 40157.743284047836
97.57724502627752 0.0092 40158.18629725182
97.17236811417122 0.0095 40241.36860349294
98.335418324193 0.0093 40313.05085114064
97.82959370389891 0.0099 40521.4387087977
97.89464876598474 0.0089 40745.62913488449
97.09811216600487 0.0068 40350.51977880949
98.3276073072722 0.0081 40290.95634325901
98.12245764591007 0.0089 40429.10701751855
98.29392537792134 0.0085 40264.633133215946
98.35264970574197 0.0083 40390.44172025901
97.8755844251684 0.0084 40409.78819166757
98.20511443777563 0.0088 40477.48726125423
97.8129513303251 0.0072 40431.73598385698
98.36944806440229 0.0089 40297.02184882743
97.72089872273334 0.0076 40211.22887733909
98.31867151189117 0.0092 40387.46945098636
97.32894470119754 0.0091 40307.28221647896
97.8908402854938 0.0084 40310.03482569279
98.15882992345539 0.0092 40374.60912406017
98.3718250711426 0.0082 40386.69055791894
98.20759099199124 0.0077 40272.769643698884
97.79149504876867 0.0074 40384.37100627769
97.688637617555 0.008 40454.23650118352
97.50095308866707 0.0073 40541.34796222682
97.86126519198197 0.0067 40176.60568271249
97.60717225205444 0.0089 40454.09769373884
98.30353135665382 0.0075 40150.48607549572
97.75408853364866 0.0069 40227.67723702915
97.97357349783023 0.0082 40191.42339417382
97.42916595654644 0.0065 40325.34601524324
97.89505792572575 0.0072 40316.82323653924
97.60124523308683 0.007 40226.09759893169
97.95101288967761 0.0098 40441.198067178026
97.52327468883796 0.0063 40181.67608486503
97.9976406368156 0.007 40342.48757937178
98.2151951941388 0.0067 40237.18367949955
96.93080280533282 0.0077 40221.06646895523
98.33925981408514 0.0056 40477.497273094916
98.32354486752068 0.0071 40316.36450970248
