4.013091543536759 0.0504 30986.196615198613
4.109356873564036 0.0504 31001.747524840444
6.35164378328731 0.0478 31259.54537636341
4.29510452911662 0.05 30898.169286844244
3.503602566119478 0.0478 30783.49524745111
4.343401551214085 0.0449 31084.461833378562
4.72329259562428 0.0473 31024.644908209117
5.0658140227801205 0.0476 30892.893600042265
5.361910310165451 0.0469 31024.771904723817
4.5433484960247466 0.0455 30919.940730712366
5.39090236994182 0.0463 31052.971490181302
5.896258571561159 0.0439 31124.449147161817
4.334633062821749 0.0454 30793.379449852626
4.704012540542099 0.044 30875.159218566634
4.930661091632012 0.044 30910.039694181258
4.789145538397517 0.0459 30887.02331088751
5.926921495760417 0.0428 31019.70073546287
8.56962265186353 0.038 31337.25126621014
5.525425674755477 0.0421 30826.288804929885
5.5067781272289125 0.0444 31026.711529904947
11.923115383406314 0.0387 31684.54217097377
6.858553237522609 0.0401 31152.268452844506
5.734704171895092 0.0402 30884.177194468888
4.7791127995816725 0.0448 30688.959160416805
6.52204432718715 0.038 30859.8787679004
9.34889933496617 0.0389 31578.735804576754
6.2355561501035055 0.0396 31003.61159826237
5.784750553539232 0.0376 30891.618143099462
7.754110751834999 0.0372 31169.24392821317
7.993264591049169 0.0353 31229.838919973594
7.812770328117568 0.0344 31077.95531674945
8.613798402339109 0.0335 31237.34038869233
9.242049252906387 0.0364 31281.621985883106
5.80409214198153 0.0378 30840.372369661927
6.942114121272386 0.0364 30966.88438441293
6.846119461883464 0.0359 30836.19535376799
6.470327144565864 0.0354 30982.432040901553
10.657389167196806 0.0327 31479.69851879411
8.97286264124467 0.0326 31199.208941969813
15.20307492900104 0.0311 32143.114149170728
6.808169506020042 0.0371 30886.32006931051
11.411944488773475 0.0326 31552.680174879188
8.360839015307247 0.03 30899.816627645112
7.94379306473461 0.0353 31015.14531343377
9.6147071451736 0.0343 31103.623626918867
7.194450067986884 0.0342 30925.678253725502
9.234648488967483 0.0332 31325.102645394207
8.960289148140877 0.0317 31063.800768076126
10.690502765143115 0.0297 31456.169873281346
7.568949540228502 0.0329 31061.18268999152
15.597308549048906 0.0305 32120.86989438424
8.571614166473882 0.0308 31112.85285512082
17.374093624196107 0.0273 32246.504067128837
11.741043244458417 0.0315 31322.396375812063
15.988226284912738 0.0284 32163.473779016236
13.329569998764084 0.0308 31688.515486287026
9.09391419190036 0.0308 31038.94061677592
10.261126117515337 0.0309 31129.67005950836
11.779772254260491 0.0279 31500.56071824585
23.507323029402677 0.0276 33034.38314734291
17.61437551336695 0.0259 32222.63905226138
18.206498616426597 0.0293 32275.777617353866
10.569773911366019 0.0248 31319.507361014756
11.058192379066183 0.0278 31304.18666809363
13.062792133909527 0.0261 31665.7172991546
18.247155812992442 0.0254 32470.27194083943
24.15719835233743 0.0263 32981.15104212334
18.029867857151967 0.0287 32367.772551003134
96.87424843138321 0.0239 40930.865469625154
20.052142630157935 0.0253 32689.659272709763
15.884041879906997 0.0267 31994.000359980935
19.37413664161905 0.0231 32750.93672999069
12.659003450744882 0.0262 31378.637123245444
52.500782158872056 0.0226 36595.97680502313
26.396605755971763 0.0226 33437.34776394007
96.14570916812116 0.0202 40596.18354470571
21.856044081834735 0.0238 33007.09439286999
24.17000999578379 0.0229 33106.75340205603
96.71337186462331 0.02 40881.26783762361
38.60970766864411 0.0223 34924.09854648142
33.09132114295456 0.0226 34040.41299038285
49.62157924331707 0.0202 36193.57264521081
96.88203543944253 0.018 40821.01016608242
14.335946793633656 0.0254 31513.694594049477
88.79097881822045 0.019 40129.458546688016
18.96539254157439 0.025 32193.05677617879
89.3379050556154 0.0205 40174.39819886115
64.19314386739852 0.0224 37303.026150533566
95.30445538911938 0.0207 40660.382786535134
93.09741222351323 0.0179 40619.43954092287
86.80026354273573 0.0188 39804.345530581035
89.76281531413731 0.0199 40317.05474286085
91.17192329273362 0.0199 40173.40243651592
42.90011235962127 0.0218 35480.90503460262
70.92825453562632 0.0184 38150.01342854826
85.86603506295312 0.0178 39870.369074090595
78.19709633414286 0.0192 39401.96841705334
94.56769781967334 0.0175 40527.93946734374
97.03591170548192 0.02 40610.22813255514
93.5126914783066 0.0191 40484.789941552546
97.8331448996239 0.0177 40594.9651782447
85.83998622640918 0.0179 39713.40305966467
95.02868448359642 0.0173 40580.65391015741
96.4642353715276 0.0177 40358.86039224653
91.29753849970805 0.0152 39773.720204800855
94.21636247624973 0.018 40617.921337244494
97.58913871172614 0.0177 40484.277787404186
96.69050054822578 0.0185 40339.9036245171
87.74153073195004 0.0166 39928.18296354376
90.78527219459778 0.0175 40344.95949902005
94.93026331460305 0.0161 40462.77605813645
96.55621151645802 0.0148 40394.45275383519
93.99799360075617 0.0185 40344.14266353136
95.32574783562214 0.0169 40504.12050853451
97.95521231934508 0.0155 40560.19881987208
96.36746361943065 0.0157 40756.25623061895
97.21465666964009 0.0151 40487.20607117376
94.84684622682596 0.0145 40450.11134224861
96.28527003733856 0.0171 40212.248137137656
97.71882660198544 0.0155 40505.27127159109
98.14406000625215 0.0136 40549.13773773588
81.63887098613677 0.0154 39250.202621590826
96.62900450105059 0.0147 40618.09460874331
92.58659210275887 0.0132 40149.47493745864
97.56044724694918 0.0139 40548.135038272114
97.51056156445469 0.0144 40573.73394886219
97.93919798165346 0.0153 40458.589874749145
97.90535479525778 0.0134 40523.61726135584
94.99654613319345 0.015 40365.054196056706
93.58619977173458 0.0155 40146.19693210762
97.1632977807223 0.0128 40521.182886271665
98.18568723637696 0.0122 40368.25768150935
96.49553384738405 0.0124 40450.718962813226
96.93362513511062 0.0122 40397.380917182185
96.13070866210937 0.0129 40270.56904453668
97.2570506843706 0.0125 40492.25205226513
97.0377926196201 0.0125 40214.483768178725
97.77231612501583 0.0116 40474.821185905894
96.34650853185533 0.0132 40292.29069042196
97.99473455246202 0.0101 40390.65120541992
98.0547418560721 0.0132 40428.75525808989
98.20278396060957 0.0105 40550.56495871855
95.67363221152824 0.0119 40156.56630652338
96.22083890041311 0.0131 40197.046489772896
97.90945857839704 0.0116 40493.301746305515
96.9999270861369 0.0114 40397.78639067592
97.12269599349617 0.0131 40354.45190645409
98.22149914165429 0.0117 40420.08979001671
96.93056879918048 0.0102 40465.41265813758
97.65806098902715 0.0116 40407.959316204346
98.23821891415515 0.0114 40723.40873397831
98.20026615724463 0.0106 40457.50430556584
96.20937990677112 0.012 40370.28528965353
97.97651964118846 0.0106 40503.14159518297
98.1015489514635 0.012 40508.93334021867
98.13983079908331 0.0101 40541.99514734293
97.88740064589841 0.0099 40433.93417938229
97.79402750765273 0.0109 40276.406396668914
97.75016131743214 0.0108 40355.829530371055
97.8861152582464 0.01 40490.59935323818
96.98580867035423 0.011 40250.33594440956
96.7011659721075 0.0096 40271.629773506735
97.50428078620529 0.0081 40151.76075006146
98.2024262233162 0.0097 40396.996090466084
98.36763681158273 0.01 40234.83758968424
98.00831609241116 0.0092 40330.67181852365
97.86608235570625 0.0076 40335.05887664759
95.24426243182067 0.01 40029.88015301034
96.76964336123214 0.0089 40097.29043084869
98.34816422378123 0.0095 40336.37934829804
98.03040182135747 0.0081 40423.86020380013
98.08427758640656 0.0084 40362.56420399581
98.16138420227675 0.0084 40071.51520982388
98.35936724575734 0.0067 40186.728355021834
97.66797670826958 0.0079 40349.80597438336
98.37785039711164 0.0099 40413.3516993729
98.24420024161765 0.0096 40302.57490528426
97.64258468786684 0.0084 40078.78749101744
95.68407107399817 0.0091 40246.3324181942
97.05199961531447 0.0087 40029.4993632531
97.74507895536584 0.0088 40091.445553503225
97.07649387673197 0.0068 40101.46680663246
97.89108530376737 0.0094 40235.96837141689
98.17541341520214 0.0085 40347.88260029431
98.19684529999309 0.0071 40369.53875676555
98.11001462458209 0.0083 40407.40061439009
98.13978493811913 0.0066 40368.52550957165
97.31376678823858 0.0077 40219.15398334613
98.09859240356323 0.0073 40284.02572730236
98.11672030343135 0.0065 40236.282511013196
97.98369720674701 0.0099 40260.48513989437
98.1556086378508 0.0079 40223.32651994206
98.13479038437237 0.0077 40224.109243552644
97.95786408623134 0.0084 40328.43509277488
98.36907848334151 0.0073 40186.72894900914
97.92276568221246 0.0053 40092.59205549794
98.26189141690863 0.0061 40029.41541117043
98.32796016402399 0.0075 40368.66659978353
97.78187336352764 0.007 40145.21909221704
98.2621504208909 0.0067 40618.883104117696
