4.194828539751688 0.0531 31124.860626336995
4.663810338949522 0.0508 31279.01274061556
3.93577519824578 0.0503 30817.794485208964
4.9973859971830015 0.0463 31040.630711455793
4.72506416265671 0.0477 30991.482700869263
5.26206859895693 0.0454 30993.461828474858
4.718683432207522 0.0458 30902.271296974577
5.387447815309981 0.0438 31152.106642375922
4.502647431720668 0.0442 30768.48013336466
5.064504053643421 0.0438 30882.900157480075
4.739914423460853 0.0489 30914.752832382885
4.429401425629892 0.0474 30806.76347754491
5.498390629851139 0.045 30985.983834875657
4.218189242821686 0.0466 30716.800918784258
5.600682909863691 0.0438 30747.1842636743
6.140651023670544 0.0451 31021.80561499152
4.223897590150133 0.0469 30676.316252523786
5.799147544746554 0.0438 31049.70846534702
6.704131238255705 0.0393 31057.591335105863
4.9565057277654905 0.0397 30875.06388109438
6.292128914619041 0.0407 31050.734982211397
7.051311031755375 0.0399 31246.997374354378
5.75843981625591 0.0411 30906.20455853714
6.782754463603511 0.0381 31074.352364744977
6.028623916535813 0.0401 31028.428007237937
5.7778981275495465 0.0405 30725.09603808308
5.182001866052633 0.0406 30923.666653089436
6.286467577748438 0.0384 30820.114833037722
7.4949749831752195 0.0345 31220.36169963837
7.087089550636879 0.0366 31043.688393626635
9.196596629288152 0.0384 31379.91965535511
6.41993035050882 0.0354 31069.767316556627
7.513029973170608 0.0349 31107.028803661036
10.124585835369547 0.0352 31375.392002895966
6.171770158920125 0.0365 30780.678490893686
10.791534685751063 0.0363 31639.220768689112
7.629739105697142 0.0364 30965.431486052694
9.574788357063449 0.0323 31383.903357999774
6.848843822342404 0.0354 30922.31742762043
15.097041490562447 0.0302 32078.465380606624
5.6820745512556785 0.0353 30785.784188263748
8.589916607291766 0.0326 31182.653273534364
11.252756053998299 0.0327 31423.54626338682
11.611135394300417 0.032 31593.100675958067
10.783012182663137 0.0322 31329.811475068836
8.70057824486567 0.0345 31176.005287549917
7.810045950877367 0.0312 30900.303236657415
9.901754661959203 0.0314 31235.682930896346
7.997808940061269 0.0324 30987.67200334805
13.78359548708811 0.0295 31751.263875809145
10.193364742807514 0.0302 31241.285128813965
14.017846152784982 0.0302 31836.084560895477
8.948230446626543 0.0291 31027.943109691347
12.501412627962575 0.0292 31546.005082436393
12.507981070497886 0.0295 31701.463860901782
10.4664897670052 0.0288 31367.964783312105
98.1716404272243 0.0284 41130.2146927478
11.342159173248175 0.0309 31316.989143610826
8.175899341992135 0.0306 30938.27504925151
21.84374793079405 0.0254 33077.801396470066
17.836984880645627 0.0274 32222.188012347375
13.312958806686012 0.0289 31635.88953053633
9.325320389366794 0.0295 31066.675904485815
17.11709465060555 0.0252 32188.11885216428
28.63113473542053 0.0217 33833.26282358447
23.68995763610219 0.024 33190.610254280145
11.960376900670584 0.0277 31329.12665152169
34.53969840042315 0.0268 34179.38331375976
30.226310706015646 0.0244 33918.55294289006
14.358634389834481 0.028 31631.470817211528
32.25063672596956 0.024 34312.43617786069
13.853297979310202 0.0268 31715.750374964984
22.547889198605546 0.0243 33131.861597940355
23.55950656416042 0.0244 33110.24994571792
34.51449812334539 0.0235 34619.70352380348
17.893892107988883 0.0248 32306.69737838937
17.478415387312687 0.0255 32051.27888524018
13.821526001529564 0.0261 31545.086573801807
46.675374749888 0.0211 35749.299511028265
89.96276832086083 0.0202 40019.95546570122
37.63309570259857 0.024 34715.04749741697
94.8955979500836 0.0196 40668.51198680752
83.1812488967047 0.0189 39931.39880703196
40.5082794927809 0.0206 34845.15308278208
46.98851829464699 0.0195 36347.990131478284
51.795062755306866 0.0194 36470.55675613165
78.3959137486796 0.0211 38959.01960398062
34.8528771127367 0.0219 34533.028548859016
93.6551456808398 0.0199 40475.7567975097
63.953538181717995 0.019 37294.80516602391
98.01728498551061 0.0213 40909.14014967497
98.03994198788564 0.0182 40332.696629599166
47.77177318756129 0.0208 35910.301879251834
48.52488871751534 0.02 35324.72191329106
85.18962974218108 0.0202 39946.96301794531
96.76135265691626 0.0187 40641.831522708824
83.82116776991435 0.0184 39757.74888055578
95.9489718824823 0.0195 40590.63033708606
95.46456738729418 0.0188 40314.14746513731
94.45739310109036 0.0191 40394.30261284851
95.6549643482711 0.0176 40447.093892551085
95.09880195402995 0.0177 40492.563173403076
91.31304582544546 0.0158 40007.910384987066
92.329865594635 0.0182 40225.182162120145
97.75667311071048 0.0168 40742.02135630905
91.04260512840989 0.0179 40274.92324189878
92.01521023968169 0.0166 40275.63007253825
96.5086203322605 0.0168 40328.57977065476
96.99999801515355 0.0151 40644.484242557715
78.50273879876285 0.0187 38641.34795637031
96.32075028642811 0.0163 40582.37217629823
97.34154146376876 0.0148 40518.835325802436
96.8934381134592 0.0153 40402.79669752793
98.15316708935154 0.0167 40668.82619267826
92.14661210113101 0.016 40196.960086217325
93.9990856998679 0.014 40368.05337366291
95.33046774226882 0.0149 40290.13306448404
95.41447360795438 0.0161 40556.320317796046
98.22846816187545 0.0134 40696.00081374214
95.82917185747657 0.0147 40405.44979644156
90.64088051236935 0.0151 40090.26979389449
96.8357909704866 0.0168 40458.898849954596
96.70641449982793 0.0139 40536.127496801986
93.6342910290575 0.0148 40202.94770434142
97.89038913546975 0.0123 40540.163865697126
97.98739412303436 0.0151 40485.68565239135
98.20957387368202 0.0152 40522.218896257444
97.38750753483998 0.0117 40479.87358340478
97.12348606263461 0.0144 40577.82399954953
94.76393492667773 0.0157 40008.54792860596
97.51085657140607 0.0139 40409.37850010265
98.30705790398143 0.0115 40524.71340243869
97.12612918158436 0.0111 40390.47595755318
97.4078123632964 0.0135 40194.752349938826
98.15141332639303 0.0105 40468.50254140073
97.32486716705951 0.0141 40548.56157523391
98.26227215006448 0.0135 40738.590820023
96.9550709959348 0.0112 40398.020369561826
97.75824579908365 0.0132 40235.49195722662
97.56580408883596 0.0136 40641.04630793854
97.62942990275981 0.013 40470.451613679594
97.92584754256642 0.0103 40458.232282569974
98.15448502461163 0.0125 40578.98905836721
97.68888444827655 0.0147 40539.83005706175
97.53492429655105 0.0106 40209.52238698576
97.31797544405853 0.0104 40367.78504711313
97.52053669702819 0.0121 40590.16066636954
97.89571897915245 0.0106 40562.45578718898
97.10947128153606 0.0103 40365.87903661457
98.21955823143679 0.0132 40450.91267944042
97.35303771682815 0.0122 40216.31597963517
97.17820855852082 0.0094 39996.23450384962
97.5576071398134 0.0109 40501.71395570101
97.94833788812653 0.0116 40530.85058652355
98.20488727527417 0.0113 40397.00093606515
98.1509114062203 0.0106 40458.58142655604
97.4288402763606 0.0098 40201.001692744074
96.83967360381536 0.0096 40420.62902178346
98.05293956035034 0.0086 40329.670948336316
97.64243162791968 0.0113 40479.01308489177
98.16078032673478 0.0114 40416.49528536073
97.87613542530282 0.0085 40484.52927232099
96.52998252541697 0.0096 40214.632771715915
98.07944925282729 0.0118 40478.98768564643
97.54880857694836 0.0104 40089.73046071204
97.76262642878775 0.0108 40377.572470465086
96.60419666461588 0.01 40328.78847271211
98.07425394617125 0.01 40471.82381861343
98.24528987359444 0.0091 40322.49001672069
96.57537990437253 0.0084 40108.192399887725
98.01222178202197 0.0082 40398.33719587147
97.95696066696405 0.0079 40023.77306339691
97.72283634251045 0.0086 40443.95432668274
98.18420686819513 0.01 40294.38004026928
98.0312229826427 0.0072 40353.76985590851
96.91115789975733 0.0105 40438.13982606974
97.8117798741349 0.0087 40322.403485548195
97.53593596002555 0.0083 40235.28051232066
98.33243783655533 0.007 40245.06537548128
97.28615520668113 0.0075 40324.1532430735
97.72049598294058 0.0076 40197.080374342746
98.15738518561785 0.0071 40399.27784409866
97.66804627579864 0.009 40304.45946442992
97.6689075770654 0.0091 40228.76770507744
97.97231178918045 0.009 40333.97627151281
95.65261981701926 0.01 40181.26661689407
98.2100971537613 0.0076 40436.346928302475
97.67350658492059 0.0076 40144.45075366016
97.90049279953217 0.0077 40283.63505563533
97.63911465007077 0.0084 40409.69535163744
98.28520614708462 0.0072 40292.35255411521
98.14559318256406 0.0071 40193.991297977154
98.25181359502508 0.0081 40497.027081397515
98.09718098048961 0.0085 40453.39232460628
98.33337329527444 0.0073 40236.511982298885
97.15757452401722 0.0073 40106.275066915245
97.7096607921551 0.0068 40208.482905852725
98.16202167035003 0.0067 40174.716901371925
98.22636895106518 0.0074 40319.76435915583
97.70016408590901 0.0066 40094.18304178061
