3.9153010848030325 0.0513 30884.015709602325
4.33949096577181 0.0449 31020.08200649329
5.476692127439188 0.047 31142.978378307896
4.655208408419327 0.0497 31045.54037017287
4.655871169147012 0.0501 31159.136316904212
6.166217909127153 0.0477 31236.877374957603
5.058210431109618 0.0453 30976.272411765007
4.336610907649763 0.0462 30990.522462802277
4.930393597167054 0.0448 30892.432721909172
4.488377202888162 0.0452 31066.859721956036
4.654695957114184 0.0418 30858.767206182805
5.641663071156334 0.0484 31157.481893406475
5.87738308752873 0.0405 31284.323034096695
3.9903050151611774 0.0459 30895.07777894072
5.176493465646207 0.0443 31004.809239513554
5.604887407434367 0.0418 31020.757890390378
7.639998218889907 0.041 31245.16771586413
5.2240377060802015 0.0422 30908.402420434948
4.839838996523523 0.0427 30925.975448283127
7.07441557733527 0.0403 31120.928205175067
6.799074358501777 0.0403 30972.532810339282
5.739063799425299 0.0413 30851.16288657449
8.068597289390969 0.0403 31145.08693890941
5.485029790978364 0.0387 30720.849024680032
6.186602237140028 0.0365 30742.09459458028
7.594576843759906 0.0395 31211.429423880265
6.182760714284953 0.0379 30998.68986913482
9.243749543903444 0.0383 31368.060340329033
7.970558313214552 0.0408 31151.215381783175
7.5693118107236685 0.0394 31105.051038076548
7.160862264816009 0.0369 31149.67687718094
6.996058844477839 0.0371 31010.23915652589
7.51771251635495 0.0323 31095.679349708993
8.445893226071846 0.0348 31109.58963006748
5.726023063897858 0.035 30495.399291773585
7.583862639023148 0.0329 31079.319699604264
9.074690990252945 0.0327 31323.83870483199
5.680627496081826 0.0359 30699.39058907664
7.210554040769457 0.0343 31008.1881580226
7.498904640775707 0.0355 30982.44286140172
11.211837618461514 0.0305 31459.34986859224
9.392082958674317 0.0347 31106.475868524813
7.239982333476521 0.0337 30936.917940989264
8.38509359311273 0.0359 30956.78499387889
10.383663049202102 0.032 31475.650986820317
9.251175356924207 0.0314 31077.28685815201
19.477079163319072 0.0292 32606.779601963088
7.754208384961166 0.0338 30870.486417212658
14.532457373553127 0.0307 32124.32263208983
13.646080830839908 0.0309 31715.77973775993
10.45286654178756 0.0319 31531.928300305266
11.128698633232968 0.0291 31365.790525798726
9.567219454024482 0.0316 31056.17325476476
13.093443637962542 0.0279 31701.73980130909
8.370820757270105 0.0315 30848.05698391123
11.106003225857567 0.0308 31224.71039687419
15.707304353042936 0.0277 32031.005237474277
21.811846775616893 0.0283 32613.864648316605
15.309426568147135 0.025 31924.929155378482
19.945002105790586 0.0279 32670.28861957122
13.682313010516763 0.0271 31800.67977343131
14.755993668504473 0.0276 31822.66463343835
11.409634307218502 0.0286 31299.41539012568
13.013888869492712 0.0256 31439.00429283404
15.91464282386599 0.0246 31971.650724013598
20.06171466679138 0.0241 32648.808712725622
16.751422025791577 0.0259 32174.522532612504
18.353180662618772 0.0279 32413.455669216142
11.023356091615245 0.0276 31200.050396537757
14.208117373616773 0.0276 31793.336222323636
16.712954388709047 0.026 32042.787894535137
97.31671237871358 0.026 41145.89985031227
30.591781594847028 0.0242 33993.408181140425
34.82878394247335 0.0218 34656.96059077892
13.465713296789376 0.0268 31498.81945188117
39.08883370271134 0.0255 34800.43044989129
32.492581847110415 0.0233 34489.84545410134
47.738737455765566 0.0228 36155.35565485399
57.40448238202375 0.0203 36778.761599486206
20.660255937181976 0.0236 32626.836314364475
69.2728395810088 0.0206 38205.0002477502
95.7230353980439 0.0198 40750.26956367223
52.604174719526526 0.022 36864.27408451458
74.60450794170521 0.0194 38742.167216922186
63.82284738181063 0.0194 37468.79048426871
90.05293664426904 0.019 40456.65973102369
92.70626749151467 0.0203 40610.33922231069
96.50556380076566 0.0206 40786.92366896263
94.97385561983715 0.0199 40577.56687017641
95.69200318124848 0.0184 40578.439220509754
54.32626441724756 0.0211 36479.040834045634
97.46415852497014 0.0196 40713.504857311484
87.49114241395667 0.0196 39953.230195413176
58.3611265071754 0.0188 36499.33729100485
97.57338966891959 0.0187 40752.009548248614
92.67780863737114 0.0177 40459.35997651445
96.73603727040674 0.0177 40726.81311131426
95.3851664994368 0.0184 40665.343890015465
86.67337476810067 0.0195 39834.51437041637
78.05493078908569 0.0187 38977.23510591643
82.70191317777409 0.019 39385.34962205423
98.14948832206984 0.0189 40597.278843695734
97.89874634656981 0.0173 40764.639415735
89.58199384713491 0.0186 40190.00532348065
84.4861939758281 0.0182 39469.03896705532
91.93302567129729 0.0176 40237.549750801976
67.84924769117339 0.0188 38317.20738268377
95.87800223949532 0.0175 40447.04399191259
94.1075900096393 0.0187 40547.095593532795
95.85486231053179 0.0176 40484.8410944081
96.17028246706283 0.0141 40539.007075145804
95.40413988326429 0.0157 40377.470686130444
92.83700208549695 0.0142 40393.89534589867
94.31017054462419 0.0178 40240.68181605104
97.15755891976349 0.0192 40514.7834101836
96.92901927754052 0.0132 40317.74540483076
98.20345159492337 0.0133 40578.73587383752
98.23274511334915 0.0148 40737.34310163186
94.40958181652015 0.0165 40331.79041023939
96.07029144714139 0.0153 40651.569355450636
97.28252761557715 0.0145 40384.45334690191
97.30955886621543 0.0134 40343.85528577921
98.33224673437522 0.0143 40468.30455823501
96.51290950351512 0.0157 40700.71828162526
96.60780625076605 0.0136 40380.41690035281
90.95087431585237 0.0142 40036.48942239717
97.15563165455384 0.0154 40493.26561095225
97.57642800200975 0.013 40564.91821730945
95.44980249476042 0.0145 40494.933860697165
97.47186164861031 0.0118 40514.77255860436
97.49554675494763 0.0139 40451.40056291928
97.08164197659902 0.0132 40390.512443492444
97.82133474426493 0.0111 40400.96637790711
97.83230141914586 0.0106 40433.011874414544
97.74447542464199 0.0124 40703.72068690194
97.54655785859866 0.012 40244.675151483396
97.14072881823076 0.0121 40546.33243605195
98.11922474046366 0.0116 40325.634030993584
97.28834148203859 0.0135 40600.24266720527
97.48009255818836 0.0125 40652.80914100635
97.09123661151783 0.0107 40710.37003285742
96.54151152112222 0.0131 40490.85919474201
96.64643004014921 0.0113 40145.31255610755
98.05593995371825 0.0119 40454.68489449438
98.09028110369056 0.0099 40489.99937580114
98.33450081504311 0.0123 40485.496263416004
96.80875692294131 0.0121 40215.5926801425
97.0681149817122 0.0121 40183.37794001224
97.51428251299292 0.0106 40129.86031158958
97.78930822625814 0.0097 40458.71897661297
97.21563584425374 0.0112 40153.66996263926
97.5823313543572 0.0114 40446.51876248024
96.10919632303724 0.0103 40301.078379626706
97.75340535845248 0.01 40340.90387891319
97.3416496723011 0.0115 40264.5224829012
98.23036252511999 0.0101 40552.91792073485
98.13274499409077 0.0094 40542.2197585941
97.3781217350971 0.0111 40611.90518933721
97.9526846649992 0.0101 40196.408787050415
97.58301016695684 0.0127 40379.32653167538
98.35647348178816 0.0098 40564.090086708544
98.3247093508348 0.012 40134.83509723989
96.24382199944581 0.0098 40346.993890912105
95.52313983275752 0.0099 40418.94097025549
97.9070366067264 0.0091 40317.19732275878
98.03195534562803 0.0115 40519.228341914626
97.27971807890788 0.0089 40130.118800889766
97.94930240032342 0.009 40300.01937658358
97.8256924520603 0.0102 40392.367746210926
98.18283996330324 0.0113 40425.77184278703
97.4506947855425 0.0099 40169.672597032535
96.87810966382123 0.0099 40220.19755396775
97.95348789811963 0.0085 40265.13973599372
97.92362707995635 0.0084 40280.77162409264
98.02150700359338 0.0106 40441.97317496865
98.04328074083051 0.0097 40480.11534387804
98.2400767020667 0.008 40396.5941705626
98.21312769606783 0.0076 40154.76050417827
97.70473403273363 0.0081 40273.54061344889
97.40125993552212 0.0075 40128.424528636744
98.06158627451025 0.0059 40241.99916919224
97.70802266200175 0.0076 40353.66457256758
98.12219171607644 0.0075 40324.141675354374
98.18490974705003 0.0076 40345.86207714467
98.3702737146654 0.0071 40084.44069265502
98.26837351174801 0.0066 40472.94919067046
97.00151654661505 0.0098 40054.66787125442
97.79796286280522 0.008 40424.84121409722
98.36756174777737 0.0082 40315.44887439756
98.05745890338487 0.006 40366.824700973506
98.25991589009843 0.007 40146.89482374075
97.70765329512506 0.0081 40417.1578209692
98.16790109226436 0.0091 40283.38572529628
97.96219300846504 0.0066 40153.43133693401
97.67967070109144 0.0074 40418.89302829399
98.36607051320505 0.0075 40426.566566912545
97.2920876782708 0.0077 40215.624615301844
97.73647326742635 0.0068 40017.1393263745
97.59822665244215 0.009 40073.64804679838
97.5374791576664 0.0068 40262.2660954271
