4.41595374951939 0.05 30849.288651911134
4.15504647140504 0.0519 30955.988687470606
4.74047214590719 0.0507 30942.16457715925
4.427231785495694 0.0437 30918.571203416228
5.339017386276368 0.0423 31061.839022316268
4.783283922769601 0.0451 30943.358151821867
6.381633440561933 0.0442 31189.006006849748
4.209496593554652 0.0508 30775.82280424485
5.32428441095815 0.0444 31041.43546135046
5.057104863265987 0.0469 30898.405759685134
5.716059590604347 0.0464 31088.44429786638
3.5278827526519176 0.0482 30806.817777063214
5.003921004926893 0.0461 30863.951920007872
4.543387096991858 0.0473 30863.500659940808
6.732288765684652 0.0389 31215.913353958156
5.634875949910047 0.0439 30900.45347661796
4.238080245451062 0.0439 30871.651938298917
8.132313293581184 0.043 31453.0448429781
6.636679314567389 0.0433 31085.689943749574
5.077635158257146 0.0435 30802.45773194509
6.70011726638668 0.0421 31160.728337472177
5.732654950454308 0.0381 30848.083061510155
6.615123950083214 0.0396 30847.46173279843
6.0063490627466845 0.0411 30966.162280987708
6.413238586770028 0.0388 30999.309081036277
5.6770756807042995 0.0401 30968.808043819583
8.95752058287564 0.0351 31304.115759078308
8.305229508681439 0.0381 31305.62383821364
8.034378057221787 0.0369 31312.3014678354
9.381576658078549 0.0347 31189.821465999867
10.386052174014203 0.0368 31429.610582430098
6.27846280249177 0.0395 30809.247889371716
7.238560429513161 0.0363 31063.318828491112
6.845800469552544 0.0362 30795.12870908617
8.289846796143106 0.0356 31176.136033741455
8.178238967473405 0.0351 30972.004760405573
6.774094184393789 0.034 30706.81718884446
6.900585808117008 0.0341 30924.21689358835
12.305212024647593 0.0352 31643.83925039301
13.38482709379717 0.0335 31895.10719908558
7.677158672252989 0.0349 31003.47648155768
7.845768525272606 0.0314 30898.82586751156
12.488079654269601 0.03 31833.785936026874
8.91925140536289 0.0342 31295.16351260844
6.403509975343979 0.033 30733.79821178171
8.408081652343345 0.0312 31173.302150985237
8.353905102319908 0.032 31104.09720573899
12.716128274959145 0.0324 31639.741040145618
8.970291674439665 0.0303 31022.000827800413
10.914213994147929 0.0295 31269.78820578247
8.998447122854522 0.0314 31155.70474306023
14.940800566923432 0.0268 31953.133721871523
14.206464773984434 0.0275 31898.522434516697
13.786796828229447 0.0275 31872.9569698901
10.757616008450505 0.0301 31420.80702622196
13.784082486696366 0.0278 31850.056088755533
17.030308624127727 0.0299 32114.85559046285
13.757556707258138 0.0275 31773.198698202934
14.103329166778616 0.0264 31836.257271444065
11.19583822460629 0.0294 31398.104023760614
10.199121299930011 0.0292 31242.96190834881
10.158934143104782 0.0285 31197.215902134867
13.22860070969135 0.0285 31710.002644872446
16.595454095243042 0.0282 31747.854861912525
28.400367762649648 0.0277 33633.99165387345
13.279681316819971 0.0279 31581.643001180837
13.649201870760564 0.027 31702.627251226186
10.118376033199779 0.0273 31016.26214591602
17.6465938386605 0.0267 32214.44917545661
11.099697579698217 0.0266 31025.83081232814
13.08743476582225 0.0273 31550.147054322602
27.111315809200967 0.0256 33538.67604703111
28.732765363798716 0.0239 33916.52860510384
96.79861704251717 0.0218 40765.5310811591
20.29843069046255 0.0231 32794.24602348788
14.910570142991658 0.025 31807.274665734403
20.729460535074317 0.0262 32830.18732418033
96.48262412650612 0.0203 40803.31118528756
56.387176055215825 0.0224 37297.71390549768
20.589780699403406 0.0238 32601.228465512384
25.31468650565751 0.024 33120.15770940857
98.28261176549242 0.0228 40964.500946128916
70.07069871710884 0.0197 38467.78667719072
25.791324387197562 0.0232 33342.34345731739
46.86788941313541 0.0221 35903.38957459395
93.12920655523675 0.0208 40424.354236172105
93.00735747062905 0.0201 40520.541408448305
97.82042878279327 0.0197 40988.03032721741
70.9907234100426 0.0218 38040.01302882804
89.77404692143864 0.0199 40206.39477557776
86.33239461655137 0.0197 39837.99417663996
59.824682593227095 0.0211 37437.24900383475
95.10535766856972 0.0197 40446.64008840379
94.51216130532414 0.0197 40631.504383391206
94.96370259138422 0.019 40804.054530739835
94.84795823019323 0.0166 40687.59323562879
97.16198135596892 0.0174 40476.09618701747
96.79695901457485 0.0179 40644.44664811286
94.34761813938228 0.0187 40137.6986590591
96.53885434363886 0.0165 40608.115157453045
96.33302080554039 0.0183 40543.23403151379
96.43091397711977 0.0173 40591.22327547421
95.40571092052507 0.0174 40312.877896553175
79.65364538271695 0.0189 39228.14060008669
95.06616277794726 0.0168 40722.70499421952
66.31422194041642 0.0194 37790.3976198221
97.60504402131959 0.0152 40854.9697345536
97.13800714120849 0.0179 40426.837095161754
96.95082938366205 0.0172 40809.630861422644
92.93258794216614 0.0162 40074.5813018172
96.50221820430306 0.0171 40608.61962781782
97.30567998057745 0.0154 40490.03150105214
94.4841471254618 0.0179 40539.98923730521
89.36802693650397 0.0156 40029.67474761422
97.77231216097209 0.0168 40501.15714840307
95.84910025418448 0.0174 40319.46950317645
97.49994800242453 0.0135 40543.483893320656
96.50074409035962 0.0164 40373.09011229347
97.32151184654975 0.0182 40595.56955564451
94.73954827797287 0.0157 40252.344472962664
98.29277288217378 0.013 40719.25241427798
93.51817579037034 0.0158 40293.63369628214
95.1191975310341 0.0166 40480.69294051
98.25213601205041 0.0145 40533.543017126016
97.93689946341411 0.0147 40559.68982740563
96.91903102018784 0.0131 40472.51896285236
97.56640776119104 0.0123 40577.63243785965
92.67846792770142 0.0155 40112.35747643741
97.26208324087372 0.0146 40424.145951664825
97.11534775621699 0.0132 40317.72379081349
95.60369319399422 0.0144 40377.179727847615
96.8079606576238 0.0139 40387.746595484794
97.08126404828754 0.0139 40271.44550540355
95.17467140077368 0.0122 40132.281210374764
97.71513109314904 0.0116 40441.62044026479
94.99079946523374 0.0143 40200.69065950205
96.92292927961469 0.0119 40364.733343776796
96.03073313662505 0.0121 40346.03569150089
97.12419600790221 0.014 40261.01508119146
98.0352197252885 0.0124 40352.27100516679
97.56024153043514 0.012 40458.100970067244
98.25005724034264 0.0108 40533.587540935776
96.85580047142932 0.0125 40401.031474006806
98.14717420059482 0.0128 40572.68346873689
98.2674707686195 0.0128 40770.829372167
97.46867638475916 0.0108 40518.942290951105
98.0694149924514 0.0111 40594.66005629937
98.32048213362978 0.0095 40550.7836629612
97.49681486262561 0.0099 40386.67879072082
97.05095999874483 0.0114 40265.83614355707
98.24079538979666 0.0115 40341.219872933725
97.77682528728855 0.0123 40153.97821345817
97.93592965680293 0.0107 40409.271157551666
97.72452060765026 0.0097 40291.71888553871
97.51675015184796 0.0097 40242.81030350148
97.65501265129348 0.0111 40446.30603764625
96.75541610661959 0.0108 40007.81025450904
97.66427118736134 0.0112 40434.00673036614
97.84002060834962 0.0102 40314.44497155983
97.07996041437897 0.0101 40198.67350514178
98.19429181098572 0.01 40307.18975470666
97.80160739312919 0.0101 40506.5499868581
97.48868074410704 0.009 40170.07853702002
97.19779732171983 0.0103 40550.48191657233
96.6067825025211 0.0096 40279.51069902793
98.0196091149846 0.0086 40639.578862472285
98.2744934144824 0.0103 40396.48438201668
98.34327558365361 0.0089 40482.50824357795
97.73025215757897 0.0072 40314.090393387414
97.89356979469753 0.0099 40390.118810055304
98.05799239264249 0.0076 40288.94149417427
96.83755739789636 0.0111 40275.16826462821
98.16136713272086 0.0083 40693.68490090171
97.27380666116083 0.0079 40203.555281733185
97.9256117203082 0.0076 40413.399428480334
98.13418857905098 0.0074 40208.91350405318
98.12127284509943 0.0085 40442.76497421275
97.89276931475774 0.0096 40502.58512171655
97.89080603743488 0.0085 40115.9408588589
98.27992230604723 0.0077 40309.68043996525
98.38410934626306 0.0061 40502.2245293933
98.23552871950217 0.0082 40180.8460022874
98.27310593637871 0.0074 40104.35424716884
98.04703843704755 0.0058 40319.79483424539
97.43384634596309 0.0084 40261.392367898734
98.32133243976321 0.0081 40397.23778597
98.25422991100895 0.0069 40195.49914967262
98.2475116996081 0.0074 40114.393641317096
97.67142331813864 0.0091 40125.692354151266
98.30414392393833 0.0066 40214.16162007774
97.9047529685596 0.0056 40188.56963565332
97.61964259733281 0.008 39977.794361998225
98.22130929845441 0.0067 40003.90934738623
98.11621729345548 0.0076 40406.35018224443
98.05431475252034 0.0073 40332.46516216835
97.51201181104899 0.006 40329.98757049758
98.35582859618178 0.007 40413.35133373495
98.36421574419633 0.0078 40506.66815041767
97.90343530241239 0.0082 40196.853221780795
97.575979005274 0.0059 40249.33771560548
