4.411492553332535 0.0501 30964.761081365537
3.528989599804092 0.0524 30864.378840572976
4.822493514469167 0.0499 31011.71028561719
4.212785701741718 0.0489 30836.16706351423
4.5072506468617295 0.0479 31054.080562153133
4.709396240696628 0.0447 30942.49178480321
4.217152405171071 0.0459 30931.442712283606
4.370606823467497 0.0461 30863.87958544308
3.967184352001628 0.0494 30873.373612312724
4.986793630323439 0.0469 31007.46085951379
4.607287251936956 0.0447 30923.748038617676
4.953356867493057 0.0459 30920.277230896885
5.8133736858800065 0.0405 30976.37211812821
5.656730543311689 0.0437 31127.654524673082
5.385543377478552 0.0445 30959.045513490615
5.27933808079865 0.0423 30890.14173565214
5.382379774970593 0.0471 30940.85081808842
5.855856816391838 0.0416 30886.310831888637
5.315108974736166 0.0428 30840.33367525089
5.367877974473064 0.041 30809.74926039394
6.310060288347486 0.0389 30984.09147693044
6.033213657113851 0.0408 30952.075293529113
6.48857851710554 0.0408 31073.91760114751
6.015455507876714 0.0397 31030.181873290327
5.566258501404196 0.0386 30861.70202924905
6.384099910684579 0.0406 30867.65225960165
8.062114755803906 0.0394 31114.62701091011
6.662818108302557 0.0356 31077.69669504161
6.996567963849465 0.0374 31019.110521323648
6.606634991402483 0.037 31011.103481224603
10.281536850412067 0.0337 31549.06582123248
7.88029590167264 0.0352 31189.986383175605
10.429907067658354 0.0353 31429.232363092833
6.514448897259917 0.0377 30851.653648932795
7.336676444291438 0.0391 31004.02334678937
7.243087131767384 0.0372 30911.81008794447
11.759553495838032 0.0305 31646.911404982213
6.0989013142679775 0.0354 30847.82469048901
13.032151321308572 0.0342 31895.882170286728
15.503997638242971 0.0311 32242.7477067529
6.4092162121931135 0.0359 30792.019818708763
11.284205090549241 0.0333 31612.19884526771
8.206140690373525 0.0329 31031.193189668127
10.857920801544111 0.0344 31526.663511697414
9.103042035093047 0.0334 30982.730433916902
8.538117459603743 0.0323 31049.878850938294
11.475418310014577 0.0303 31576.538678673074
19.036740283609156 0.0306 32635.77342477409
9.4741060664833 0.031 31157.85507181419
12.07693858673147 0.0303 31426.363890411078
11.828423147419473 0.0292 31621.079622715606
9.181853829007228 0.0299 31167.284272086556
10.530704154774195 0.0292 31464.800330683785
13.25368500685227 0.0286 31710.24310282731
13.456008184322554 0.03 31745.815129283223
19.2217947415339 0.0276 32580.55342570818
12.219640026220917 0.0275 31476.113918223673
29.940539646619843 0.0246 34025.32214261639
10.780937563769701 0.0284 31122.766482936593
19.78469723460084 0.0276 32700.0540401329
17.486322138711948 0.0269 32412.76789007263
18.359444272144568 0.0281 32349.63766348882
9.831806126418414 0.0309 31238.646724948525
20.174477440049873 0.0281 32525.742295941734
17.71572246596201 0.0264 32220.56692233033
94.13150794480292 0.026 40832.17516337159
97.83703190567823 0.0222 40881.18930619785
94.92852501979736 0.0212 40660.95173260736
18.02909909395469 0.0256 32498.006111288418
49.766076040819115 0.0239 35811.81916173751
15.573159500601509 0.0256 31947.487529486665
91.72966093929969 0.0224 40637.56379023567
18.34502956075129 0.0264 32203.33490922952
96.14994785418709 0.0221 40790.10136614669
98.11668495639223 0.0236 40882.07405835261
38.175285932676445 0.0231 34795.24580878953
36.63662656558544 0.0222 34837.45610530159
42.3301637465295 0.0212 35617.5819583319
28.74216597568905 0.0227 33869.947907533715
16.208479511287493 0.0247 32045.675338291127
18.556273535392997 0.0227 32114.595120257345
23.68679237437406 0.0223 33036.34020350118
48.972784169117475 0.0212 35859.584773094895
97.54141572448599 0.0211 40852.1692644482
17.241877190733412 0.0234 32105.24132756461
98.28651673283784 0.0219 40905.200274888324
23.526199693723182 0.0226 32889.09414546639
96.92973619712947 0.0203 40920.69403673479
36.87178002930114 0.0218 34708.73901904168
68.52046390193547 0.0206 37812.692849841624
67.58989532724186 0.021 37941.12377578377
87.31888468889464 0.0191 39965.28568487041
39.80001139458 0.0205 34401.82055539178
41.94417364831522 0.0207 35273.79011004226
88.30473981618785 0.0208 39812.36153065592
92.19850554226139 0.0205 40472.37250605894
89.21309618995723 0.0202 40025.082819928226
88.38590175901517 0.0188 39969.034276395985
94.3435296859962 0.017 40516.41345930556
97.90346267023274 0.0188 40707.396596691266
70.68249365240673 0.0182 38091.23762457479
96.46601272450818 0.0173 40479.81141751174
55.4639348140254 0.0189 36577.99825349463
89.00429394069752 0.0195 40108.41257455652
97.43727239451191 0.0166 40903.07711970689
94.43577429342211 0.0165 40389.48860723362
96.5509788110976 0.0165 40580.50529329765
96.98735196082774 0.0156 40611.66616142317
97.99414449694305 0.0164 40601.34140018423
96.85871547876026 0.0149 40665.29117716257
96.92253851377366 0.0162 40683.55001553851
97.3508368744199 0.0173 40692.30749761334
94.93904402932893 0.0157 40472.71096259667
82.22496652329346 0.0172 39475.153817710576
95.57851744841777 0.0176 40246.36776093404
96.8505424618781 0.0161 40416.18151220837
96.69583756672513 0.0141 40647.59568143143
96.29238157190788 0.014 40501.94790444768
92.43115877750674 0.0154 40165.66617635559
97.422222905137 0.0155 40680.951571879166
97.39804395990178 0.015 40563.13476041291
97.87898560422155 0.0138 40317.11200828687
97.52342535691936 0.0143 40512.867477626976
85.35644553834578 0.0169 39608.625148841165
97.82028248976204 0.0135 40627.82526515367
97.63535691167813 0.0156 40621.8132927573
89.3935480484881 0.0154 40122.53644585384
95.94772628008164 0.0145 40372.58443245053
97.96688525615977 0.0141 40750.75492307314
97.54461446842333 0.0134 40444.74583182249
96.42408804514646 0.0145 40517.699569146294
96.52560797607684 0.0137 40351.505358584785
95.17041921621257 0.0128 40129.19788657546
97.91428552061839 0.0138 40635.26531158297
98.20797999893405 0.0144 40638.54750505605
91.84982837610377 0.0123 40123.47480958724
87.7213064084642 0.0149 39469.475549459035
98.20922982467194 0.011 40330.81488519846
97.74583932654087 0.0103 40627.98270630734
97.8784149608987 0.0098 40475.33442872037
95.11476717996703 0.013 40267.54841119846
97.47834035266635 0.0117 40269.32575759911
98.03151531689268 0.0111 40436.4914431921
94.9651880758066 0.0116 40304.411125478815
98.20956253286228 0.0109 40579.8004288424
97.4600200355118 0.0098 40439.97349411605
96.61760710880077 0.0128 40364.392480976116
97.85748174403258 0.0115 40391.57551541919
98.08543131403458 0.0109 40504.2449585813
98.22593415277626 0.0092 40281.50707860321
98.3616489665099 0.0115 40333.25094718921
95.00476755639474 0.0104 40015.32828939433
97.82582887593146 0.0117 40632.93473121596
97.26284039740591 0.0114 40125.846754575345
98.3631191575539 0.0111 40342.254658701706
98.09819990809284 0.0099 40127.946320229814
98.27502713348599 0.0096 40406.34087624343
97.93000067658596 0.0103 40423.400639968
97.76098928972876 0.0086 40150.71778330454
97.47390411499573 0.0113 40368.40133546071
98.10180143750061 0.0098 40512.75004951258
97.6290075107984 0.01 40266.93354930055
98.37068121510382 0.0082 40506.5841920331
98.2098004391404 0.0091 40180.33171764727
96.78312342649606 0.0097 40418.47806672735
96.99358199870669 0.0093 40337.97536749941
97.87383452142494 0.0077 40261.52003102066
98.17335224822979 0.0097 40483.73108788825
98.16189484348077 0.0097 40158.82615009797
98.32751601855396 0.009 40379.664733539095
98.29973652015549 0.0087 40452.326075416764
98.01778029644065 0.0096 40225.31778162197
98.04025338378973 0.0086 40415.663290290664
97.39920711547603 0.0086 40270.74336883165
97.74663333129347 0.0113 40347.323578238116
97.03061637947928 0.008 40069.87817273115
98.13968605430836 0.0087 40376.83542893319
98.14804379097109 0.0076 40158.133676726306
98.37238114494689 0.0067 40431.12694635703
98.23547505100804 0.0079 40237.680023955254
98.35349389243038 0.0075 40186.71126606027
98.28686844989959 0.0074 40308.91008602983
98.20616697575412 0.0071 40218.13083163275
98.36733265569532 0.008 40386.68997574865
98.22778073036848 0.0093 40247.1992825985
97.22310565966504 0.0092 40270.7930094961
98.05153126351878 0.0092 40189.80194911537
98.2232034794331 0.0067 40460.778073273905
98.19698160092815 0.0078 40388.36284763508
98.12409429919474 0.0072 40208.099733980074
98.08036352200226 0.0079 40388.05849383125
97.95479823617201 0.0065 40412.66203724118
98.09676312138433 0.0059 40243.7113262999
98.28668172480862 0.0072 40197.55411047129
98.23641318173826 0.0078 40257.73747076834
98.33131726607184 0.0067 40290.37358417634
98.16253727549086 0.0071 40132.913306410854
97.8976691313706 0.0073 40128.97037205109
98.34661482568681 0.0074 40278.4920487994
97.55419302017229 0.0057 40217.971454657854
