3.758010016193639 0.0481 30946.85813245167
3.593883993368427 0.0505 30860.598357616203
4.188311018359485 0.0498 30876.766002685825
4.303156321170936 0.048 30956.03118534537
3.704724397035534 0.0507 30814.278531409047
5.537898570746243 0.0459 31229.709419313236
4.544079628324185 0.0457 30914.54041655416
4.529957062795996 0.0453 31044.50945683358
5.49661952055382 0.0447 31128.279322281433
5.083177952211714 0.0462 31115.508178441483
4.853740459075967 0.0457 31029.288142063233
5.7414558638040605 0.0464 31132.185039436983
8.782434963819844 0.0429 31449.039860782697
6.687126341336139 0.044 31232.161624729866
5.202728003080582 0.0449 30822.024732655278
4.7610754445926 0.045 30763.79796242725
4.8881657127953 0.0407 30956.16662052093
6.387106796168625 0.0444 30959.74760428019
5.034214838069563 0.0406 30836.321555883722
7.081099059834104 0.042 31283.317266530004
8.695758235755509 0.0406 31457.531810275013
8.013875394172288 0.0404 31199.76090053833
5.4803767122727765 0.0412 30866.816428112623
6.810578411046528 0.0361 31142.145484651923
6.662693577514708 0.0414 31070.124358283127
6.578498730290831 0.0359 30953.00009861493
6.657652161360478 0.0377 31184.79184964331
6.581386132395247 0.039 31017.875163461697
7.5399644705646525 0.0377 31032.546045433457
6.007678284034174 0.0366 30793.926473051055
5.833582501573333 0.0393 30970.241391516447
9.09762528151149 0.0349 31420.452509372233
6.461973807352352 0.0388 30895.029443861327
6.210011520422782 0.0373 30787.88177343786
8.62803773286216 0.0349 31232.20662380577
7.922776518603295 0.0358 31117.85906528665
6.8344911647243105 0.0368 30958.54573199522
5.656492439006571 0.0359 30734.500261510875
16.41350385949621 0.0325 32312.67147255426
7.47547002538641 0.0349 30985.980044577544
6.730730536032202 0.0339 30933.592310755965
10.135303556559787 0.0297 31490.00585025428
9.621130617483464 0.0338 31359.770625001052
6.59198713025671 0.0333 30803.005636462873
9.494380852883172 0.0314 31179.185376559606
15.189065235729483 0.0284 32013.350722548614
7.43290057848569 0.0327 30915.01217271729
10.993658542363974 0.032 31399.605410532517
9.697688877819305 0.0302 31089.33301008888
8.341792661077136 0.0318 31124.7151801705
16.708596678621014 0.0273 32206.978979374166
10.238992481472021 0.0293 31205.516665142095
16.001163736902484 0.0299 31989.877311242937
7.447826411840106 0.0291 30739.738608946594
10.087399043940525 0.0289 31253.250586945764
8.668235773305543 0.0303 31044.989873221417
10.214610553087345 0.0307 31250.870413112258
9.371616526403248 0.029 31034.153472437214
18.593900087821083 0.0258 32632.459669265
13.50793190487685 0.03 31602.851942134657
9.34784047201532 0.0299 30974.22262186287
19.183132279093172 0.0282 32455.75364847706
10.471828981788198 0.029 31362.12555886529
22.07267961612441 0.0272 32963.079444460534
13.970744002459803 0.0266 31695.48681403142
15.223527111162458 0.0263 31905.043155332118
24.58347478767549 0.0248 33355.478123498215
16.72532191987764 0.0274 32234.66685477696
18.557954742617966 0.0259 32402.71403453831
34.959806728400345 0.0225 34412.109679158995
19.23043986501134 0.023 32299.964548881257
28.089195699007814 0.0251 33725.861588655556
32.33323546713058 0.0219 34096.54016302712
18.27348629261301 0.0253 32446.58250932521
32.506657779683025 0.0223 34341.27231643559
39.5249361811889 0.022 35315.617167820536
18.087762082760406 0.0253 32345.160536430634
32.298201617826635 0.0235 34125.66595481108
18.957046481557942 0.0258 32475.66354489483
17.339788507356605 0.0255 32128.739122079187
48.1295784766839 0.0199 36088.69223727785
97.74319292398278 0.018 40945.98782453859
90.20363582307824 0.0226 40405.16567551109
40.1757395328531 0.023 34960.96000275337
91.54256026200885 0.0223 40384.9233305614
56.4677386626228 0.0214 36516.60479435111
61.25637274881384 0.0207 37138.43705710323
34.664318780489424 0.0219 34425.931250364716
90.16478097870144 0.018 40562.82622107937
80.96788871629303 0.0214 39516.41996187925
97.62016436322835 0.0208 40846.96173782671
56.639511991220154 0.0205 37151.94072933682
97.04669077657032 0.0183 40606.627724282254
76.68027713433938 0.0197 38618.19380811116
91.20390367395414 0.0197 40072.8817560927
80.02774014819339 0.019 39202.02560192792
90.09717331938714 0.0173 40095.75316269136
55.279546512795335 0.0188 36711.38944760634
97.62542643031382 0.0187 40754.055803410396
96.48133195326959 0.0181 40713.53805199078
95.03798310166839 0.0178 40525.42397452501
97.63654459414563 0.0173 40762.13763012173
95.68545450458873 0.0177 40365.33677201746
95.93992373787265 0.0182 40765.427029030565
93.58002094075152 0.0206 40275.80073913886
97.72189703431035 0.0185 40813.463652445076
81.80301551635816 0.0194 39590.68860245738
91.72224265805784 0.0151 40373.742603589584
98.38911779746192 0.0159 40884.16606389703
82.56333199193728 0.0162 39176.88616558495
96.72167921889343 0.0149 40794.96228939334
98.0744412047721 0.0147 40804.25206232307
91.93127731166686 0.0163 40298.52733684436
96.06243440795777 0.0168 40528.90838161286
98.30527057479695 0.0175 40528.06619428036
93.0034567644429 0.016 40378.007643097895
97.16402050231437 0.0137 40482.62133791933
93.75861698119084 0.0179 40267.44169962548
95.41329477432848 0.0158 40394.35330180436
94.18200845495329 0.0145 39983.74660954078
97.23254229984171 0.0147 40447.64453436162
96.8246962257691 0.016 40456.52129032659
97.14615571949838 0.0148 40455.39080050386
94.74522950069894 0.0154 40236.45715232036
96.87928069584268 0.0154 40587.40346092652
97.85856952010785 0.0147 40521.45153229965
97.66531359887587 0.0114 40283.68702077109
92.9059033315009 0.0142 39972.30490970882
98.16766264045901 0.0159 40918.17854642683
97.98262131761825 0.0139 40455.70715651226
96.09877697464466 0.0136 40158.50132238699
94.93266631924848 0.0125 40198.87268068254
98.04479210007342 0.0131 40513.20598987574
95.89960330442713 0.0132 40301.81233670641
98.36211787226554 0.0144 40670.196981977875
93.52051501066374 0.0139 40118.216701381876
97.21751993561102 0.0098 40279.18802793807
96.27738939288675 0.0135 40312.79255762344
96.30020956201258 0.0123 40268.57340595955
97.64434370386473 0.0122 40445.20819872109
97.45733976816463 0.0128 40347.91910561612
97.786509505815 0.0113 40550.32144724552
96.35261613001056 0.0126 40461.64028129238
96.18726599703783 0.0114 40182.325722074325
97.98869858277571 0.013 40692.078630596574
97.09415169774958 0.0126 40453.071570298795
96.91996516818574 0.0116 40221.4412015889
97.29839105787336 0.011 40469.60019036506
96.70987134979761 0.0112 40372.691349911074
98.25108435177711 0.0103 40537.89133063581
97.97813358162489 0.0104 40364.38415445544
97.25994991641619 0.0108 40553.69586950608
97.9451824357503 0.0117 40377.78270313953
97.97285569208549 0.0107 40556.46435036799
97.32267841697313 0.0111 40251.187039991884
97.81582815376619 0.0122 40412.48869197379
97.88427312790971 0.0095 40367.95542005107
98.34738877369028 0.0116 40482.61964602759
97.78828006137907 0.0107 40456.72617247814
94.56973529918007 0.0113 40315.81022112001
98.36616396340298 0.0109 40511.096315039875
98.11527722590394 0.0097 40576.426859955674
97.83647395337258 0.0086 40079.70724590285
97.84563182764784 0.0105 40355.163686191365
96.44347385578521 0.0089 40208.191437605725
98.31652535105982 0.0104 40488.070557840874
96.4801929745125 0.0114 40185.93665430465
97.53975322323781 0.0103 40344.7997385075
98.00882989955484 0.0088 40399.09772455955
98.14607288581952 0.0092 40529.67968538218
97.84615649873126 0.01 40373.816553231794
98.35179610734565 0.0095 40460.11939529096
98.16014506548845 0.0073 40453.39863618699
97.12571657480606 0.0092 40180.02915250387
97.18728935042395 0.0084 40438.13008659023
98.2820348088898 0.0074 40354.346315003975
97.43372367221286 0.0104 40312.7828680952
97.72071147168066 0.0085 40340.66673595914
97.87631986946695 0.0091 40289.47620238855
97.96642439639257 0.008 40513.4808689289
97.77318636137935 0.0094 40115.39706559943
97.51708488422945 0.0081 40450.19796628454
98.14832112974909 0.0085 40222.218793032924
98.36206142652037 0.0084 40284.47181095132
98.29656127673304 0.0071 40223.818401873104
98.01306150078487 0.008 40420.33819046874
97.75143627716328 0.0082 40114.221451804544
97.84010509579926 0.007 40310.843965925036
98.08911925457751 0.0081 40463.309135803975
97.80591828537784 0.0072 40435.23040786169
98.08693139924071 0.0078 40397.37674085355
98.22924943201946 0.0096 40333.167119818514
97.99140698300046 0.0082 40163.60771993116
98.11750637859103 0.0083 40409.7452145392
98.1403082614805 0.006 40108.00432855747
98.22736458463191 0.0074 40135.259487040705
98.31461610851997 0.0063 40138.17875296088
98.09300348565911 0.0063 40184.77628154256
97.84145896738185 0.0069 40212.32453537217
98.25884182509644 0.0057 40248.734298988624
