4.945747795225164 0.0496 31054.09594212863
3.8799005841356737 0.046 30878.02168391954
3.628656855123341 0.0503 30823.11416303415
3.8873564442260684 0.0501 30835.953795977723
5.058289402150853 0.0435 31089.94258111032
3.912392982705379 0.0499 30996.76365347144
3.8998120743490254 0.0479 30844.72303377333
4.144667691403325 0.0464 30902.264747842968
4.668518468096527 0.0462 30873.86621233384
6.489050839998326 0.0468 31286.83724306175
5.363141933539365 0.0458 31084.444887058293
5.01210834757918 0.0443 30859.887507037274
4.25354063983008 0.0479 30717.06665601577
4.445662884732885 0.0437 30854.59621436954
5.45627044310495 0.0445 31034.0636456705
5.0066130909648985 0.0414 30893.916346503873
6.026652136860626 0.0421 30920.599113595843
5.555991391001967 0.0422 31020.962086075415
5.866749456790518 0.0412 30948.577109527272
5.683503092021836 0.0424 30902.598379465668
5.45886746904532 0.0377 30915.57575655569
4.912876799340748 0.044 30813.79605326461
4.977907666565658 0.0429 30795.6575439054
7.382429268670316 0.0391 31193.262329512956
5.763048080223045 0.0382 30890.031676614744
8.706910123827386 0.04 31393.42075340326
8.311160648550096 0.0371 31225.256931325035
7.368361635096141 0.0374 31097.41212347827
7.669763073860075 0.0364 31079.0703968801
9.030049777617714 0.0363 31222.00961493031
6.926604187852289 0.0363 30899.04648991863
7.825458066624287 0.0337 31165.999089173158
15.457766789627419 0.0341 32197.676633919113
6.07864815903087 0.037 30794.812540233022
7.453827839396575 0.0368 31045.324040059608
11.419506959346439 0.0355 31572.31503434647
6.517189254187278 0.0382 30902.233389515404
9.270153459411286 0.0338 31233.775507884784
10.4201203736957 0.0317 31428.085508975153
10.025363616499089 0.0316 31415.812800456024
6.801940334266124 0.0352 30870.825311902747
8.580767686960925 0.0339 31117.15030228485
5.434077641275076 0.0364 30565.594129518213
11.518405908525438 0.0309 31638.806203626224
13.482088034680954 0.0315 31908.55013581135
19.075087465951444 0.0304 32485.30831129549
14.502134365114992 0.0293 32239.7957189022
9.959449090107457 0.0328 31075.334878868078
10.236579247125007 0.0322 31297.97908319768
12.931570369768986 0.0289 31817.57783726202
10.80865005387195 0.0301 31304.60618988618
10.629608908143373 0.0291 31218.692373237103
14.443249729401494 0.0307 32008.819934551248
14.933631073008536 0.0277 32004.375153492958
9.78082475162624 0.0284 31140.212432924436
12.973253065564263 0.029 31690.154497147498
14.919901423367296 0.0269 31892.7098686568
20.492588578071626 0.0237 32696.744943326594
12.136637305765438 0.0304 31442.188353535956
24.57916449080203 0.0248 33379.818237823856
16.6838244229825 0.0265 32126.814139023092
14.907831622723409 0.0269 31829.14211425476
15.470011961978026 0.027 31867.955655520964
12.56244290211677 0.0284 31384.770189965177
18.878001466780848 0.0266 32353.70792994485
21.738616735325742 0.0276 32814.05574914965
25.406284147994263 0.0223 33467.73833280123
38.60521378148389 0.0241 34746.59020728168
15.922354322327703 0.0267 32075.674123882178
20.884795532506715 0.0246 32648.67546386253
15.875851412869158 0.0275 31905.273269051457
34.17390950376376 0.0215 34351.997898867114
22.117398981359784 0.025 33021.57573194694
17.12891850387458 0.0226 32071.43393567552
25.16914845041047 0.0233 33240.25373067468
28.837928382876946 0.0224 33486.638480625574
25.605676384623546 0.0237 33329.68355391529
37.483329097646 0.0223 35037.16123613606
90.87334292111913 0.021 40352.46546105485
33.6186270291225 0.0216 34339.906975133636
25.614174370116604 0.0229 33475.632124478325
23.827332671978784 0.0224 33083.099321247515
19.316320119258997 0.0233 32403.24772393075
22.255008853974623 0.0229 32653.062259189945
52.09162165760159 0.02 36522.83521606052
35.35181344809196 0.022 34927.070904554406
24.833339410686975 0.0228 33121.15679823665
95.37533757794125 0.0211 40720.73858240566
62.66687012798336 0.0211 37322.52361791881
97.12595905280492 0.0164 40628.08134494401
88.40438060408842 0.0203 40412.25425108298
94.4693007298812 0.0185 40578.25844216014
97.40608040794815 0.0177 40744.429510777336
91.38253065325726 0.0169 40311.8703225356
97.61296093066161 0.0179 41037.08200527141
97.82770176598122 0.0181 40727.73365455512
94.28965091705037 0.0189 40559.74871001473
88.76943617018365 0.0152 40231.311103290354
97.8079801885027 0.0188 40708.47665945644
73.32316474504306 0.0181 38443.71815311572
96.58568319048895 0.0164 40601.31503955879
94.32216930741107 0.0185 40620.54404719146
84.23786974971708 0.0178 39720.15327909562
57.232227518810646 0.0205 37008.55833508836
88.22103842724533 0.0161 39747.10380803803
97.23373275168129 0.0182 40699.196148747484
97.6397811515002 0.0168 40629.39943267973
97.43579348367741 0.0169 40548.93569924118
96.00873785326932 0.0174 40447.67550599124
96.9559064651743 0.0168 40716.65006441037
97.91274129532682 0.0165 40841.84633760016
97.99777269903683 0.0165 40909.0941177294
97.36336963205548 0.0155 40561.87301513739
96.6176922634842 0.0173 40544.145803817526
94.89322136037475 0.0154 40431.59499185312
98.15184006163243 0.0171 40600.67351573612
95.83300034194298 0.0185 40679.15137897884
86.16923129210733 0.017 39631.21464651119
96.51575955331758 0.0157 40428.50383898386
97.0813318515007 0.0147 40432.34123094593
97.26362397482055 0.0141 40676.976267826096
98.12159015798524 0.0152 40554.624830288914
97.65922117697524 0.0136 40717.8198965108
98.33134241966306 0.0143 40717.277421072606
97.0142385018532 0.0125 40550.38897050616
93.40099871427611 0.0148 40341.27853891265
96.95424879779995 0.0165 40699.91266941788
97.3566072631001 0.0169 40431.939843066175
90.78739724415313 0.0162 39994.5048889469
91.99366137352041 0.0149 40227.11406874765
98.19663579952221 0.0122 40598.06649189571
97.51166787740854 0.013 40445.215848483065
98.23438742400855 0.0133 40430.857798170946
98.04807530644446 0.0135 40643.71247248745
90.60060020926188 0.0145 39972.008938096566
93.69257456966156 0.0123 40136.00943495996
98.18522310555835 0.0123 40558.751148603675
96.6869126348323 0.0146 40469.56527767886
95.54852065197915 0.013 40322.619720648065
97.41607357188916 0.0129 40373.15599394608
93.65309874651946 0.0133 40111.718866002215
97.78805430757778 0.0108 40431.13193120537
97.65889509111425 0.0114 40413.30809084584
97.39168690939816 0.0108 40461.71956040211
96.742875711263 0.01 40269.674630917216
96.83498251954975 0.0098 40139.847279697526
97.72916811406827 0.0139 40452.07918844496
96.92348073984651 0.0104 40371.03495345737
98.2594521262405 0.01 40413.79760964809
96.70802001676032 0.0134 40439.33037867738
97.28542585797454 0.0112 40438.19233303613
97.41197565989656 0.0125 40446.38566381992
97.54002299229238 0.012 40404.58886827829
97.75881001010093 0.0104 40306.97813377039
97.98063526858071 0.0105 40414.95673691044
98.17162534880568 0.0114 40451.37752669987
98.10919984558802 0.009 40366.80792193842
98.22655016716072 0.0104 40433.641033242086
96.75508120600496 0.0106 40477.638680336866
98.04358014681495 0.0096 40419.045990667204
96.96349051925705 0.0099 40482.14548839769
98.14898891130164 0.009 40269.995208444256
97.012174377457 0.0112 40188.18068378688
98.16284915216336 0.0096 40192.154965909904
96.68583149458576 0.0111 40400.06971177464
98.17969885870602 0.0088 40470.47237127419
98.05208421526234 0.0096 40428.97150440996
98.31336973063914 0.0089 40275.778016625336
96.69659747280566 0.0088 40056.05940163031
97.72419907769181 0.0117 40012.79301713816
98.12527142412036 0.0071 40225.7992479447
97.87793034219463 0.0075 40565.38049366554
95.2537108929709 0.0088 40036.83020115753
96.08013772638697 0.0083 40142.5431170931
97.63568975319879 0.0088 40256.56149185744
96.99248759990164 0.0075 40122.419115384175
97.6375810118048 0.0089 40108.82896730472
97.66655061503693 0.0096 40265.947578283
97.577503377832 0.0074 40499.17778676252
98.24160025780914 0.0088 40466.03765446885
96.10755510356415 0.0083 40238.71740577165
98.11250776900997 0.008 40231.69646617229
98.36266337219323 0.0093 40435.38613255668
98.22823410882249 0.0087 40557.209085645794
97.9656300217748 0.0073 40352.50190887673
98.24508087329116 0.0064 40354.37869654647
98.2644322935286 0.0069 40142.152374219426
97.89706031793236 0.007 40201.399971048166
98.36246171207344 0.0064 40288.843966246226
98.33601874034596 0.0078 40491.01672052776
97.88442674323007 0.0074 40050.09523086854
98.35066448674273 0.0068 40208.946950452766
98.28272219412753 0.0072 40224.466401872996
97.2305806475333 0.0074 40113.105159730774
97.80489925916682 0.0061 40237.10750144044
97.78419593640082 0.008 40298.83945080637
97.6570516077476 0.0062 40125.96737725677
96.32124609861785 0.0083 40210.731907880145
98.08747764020251 0.0074 40204.656836462105
98.3086427520042 0.0069 40239.509619629964
