4.084202242123324 0.0491 30966.408267354433
3.665723022022147 0.0505 30955.503882004843
5.17049266058864 0.05 31065.751426714633
5.227098438452644 0.0446 31055.659962694008
4.501362011491953 0.0471 30882.558604703005
4.055794263123448 0.0471 30734.457196773015
3.2968030300290536 0.0498 30683.947579175012
5.974694864511995 0.0439 31103.157767806664
6.173272754167776 0.0455 31191.939011112518
4.080764609933831 0.0451 30816.53893728596
5.024317097296706 0.0454 31007.015800003534
4.437478061769431 0.0474 30728.85826847157
5.909666562867616 0.0426 31068.480281057316
5.4509799315371845 0.0428 31013.870280172767
4.8187875435281295 0.0425 30726.250494047003
5.0568724914571 0.0445 31031.985552879334
5.257782799253733 0.0418 30863.530091956723
6.2999843967076465 0.0404 31213.255661210595
5.1843047677678795 0.044 30866.722994721196
5.159519601760385 0.0436 30881.25885789184
5.548625126747972 0.0417 30920.056810084872
7.13077459463828 0.0379 31103.071047974572
5.406017242823372 0.0425 30754.03495243585
5.701804361381166 0.038 30908.163169021005
6.295151957624743 0.0408 30994.981160401083
4.926399256182761 0.0387 30583.06459869342
6.841634073994862 0.0379 30929.631527749927
6.051153088862724 0.0378 30922.867830815823
7.9725306310546715 0.037 31024.416440516747
6.631175287045908 0.0398 30994.44623105047
7.050202968079566 0.0395 30940.07178456092
5.137161896895595 0.0398 30611.675232023867
9.246095264512684 0.0358 31239.179666854387
6.175881428010278 0.037 30776.021404291063
9.06065440981998 0.0328 31276.79652519775
8.755077563558904 0.0341 31207.145847371517
7.998200306978744 0.0361 31014.0526723943
8.747611193443023 0.0366 31150.544773201684
8.868653935035569 0.0348 31258.97734371409
6.730662726144652 0.0325 30846.803221890033
11.062130758032328 0.0343 31649.30597331347
8.662267740920667 0.0333 31115.814009125344
7.158144191958067 0.0336 31051.66785764495
7.979266064225581 0.0309 31085.343946281217
9.223213168693022 0.031 31171.525149104258
9.351938991478988 0.0335 31139.460162351595
9.829565704506331 0.0309 31097.83868847039
7.053373273350607 0.0342 30861.164274415096
9.80397005493354 0.0309 31242.613110372557
11.362576273222057 0.0283 31704.861244528238
10.500064677421163 0.0296 31401.950147753836
13.094769208656631 0.0311 31715.788962958508
15.2498132319664 0.0266 32092.839592037013
11.29211998220491 0.0298 31455.10252434478
10.482346260478577 0.0308 31249.79222354203
13.279283063583538 0.0279 31756.269950778275
10.230415351527515 0.0299 31226.963168034334
12.836644841764622 0.0273 31679.49232787105
13.490425302263631 0.0293 31613.946786270913
14.299436125143247 0.0278 31742.498129595882
14.788428016668563 0.0262 31934.333927831725
17.062577860119834 0.0266 32194.641634663538
12.992383749228633 0.0262 31653.77745933366
17.953251248261093 0.0271 32238.56809412343
17.877575474032433 0.0249 32419.07259026289
13.408301990299838 0.026 31566.893197970818
37.12767260358042 0.0228 35133.01502780806
10.478968397536459 0.0269 31136.674915207546
19.556303514489073 0.0252 32509.069365310297
36.06438637381752 0.0237 34764.050672573365
31.009157370107754 0.0239 34240.20433562454
15.722134359946294 0.0241 32049.07944139686
91.89760484359599 0.0235 40580.18432418405
35.92475752676416 0.0223 34921.30711138762
24.88542713904207 0.0227 33256.37271703182
17.21524904337208 0.0265 32118.8553134862
43.67137689122862 0.0214 35805.5212655344
14.057058539456591 0.0251 31488.91922440874
60.22714598798419 0.0211 37738.32679179518
23.166929912952885 0.0252 32761.111837388966
97.6877216500362 0.0205 40899.89509070031
97.42534288535506 0.0211 41004.71388725544
13.878747784563274 0.0238 31564.090946264092
52.179339774148445 0.0213 36139.251466051166
54.61276369422355 0.0218 36399.12543817218
26.940572445652773 0.022 33572.660335275374
97.57441959047897 0.0213 40782.865689309896
93.67289855678172 0.0192 40352.0659050818
94.11521558916418 0.0196 40384.79620260289
97.3965593071558 0.021 40846.299724268705
89.88434679923773 0.0204 39943.508891775615
88.62163954798125 0.0217 40185.97952996396
48.13397095970333 0.0201 36380.972030127254
66.28049555745348 0.0201 38102.03715014071
96.64827562257886 0.0194 40810.3449381408
96.64927103371791 0.0165 40747.23463141755
95.63703810866947 0.0183 40546.55514967542
89.98861322401255 0.0188 39902.634697908
94.9368526514678 0.0162 40550.81903047932
96.42162277178058 0.0181 40661.735930218376
92.92742275569402 0.019 40434.41431896228
92.16542722596922 0.0167 40250.12504176042
92.58184795572674 0.0177 40352.30432998343
92.17833566615974 0.0162 40340.18094428144
84.50718176143114 0.0178 39598.423514162925
97.52830114770452 0.0161 40620.21499037238
86.86875747221772 0.018 39832.34023035297
96.79372189121915 0.0171 40396.417209752835
95.80907716396318 0.017 40551.56073774372
90.80309127222807 0.0164 40036.43961141651
82.78239034685346 0.0186 39373.76774571474
97.65193173145529 0.0168 40579.60232433018
94.32484667624371 0.0173 40505.63723781879
97.35189821684817 0.0161 40425.70614576402
93.83479907012375 0.0155 40350.44871309695
90.93656955518291 0.0172 39945.64161151424
92.34595223340186 0.0149 40186.18640837843
92.79332311288792 0.0155 40201.539751782315
97.00377042080719 0.0159 40421.179177442435
97.84055367029107 0.0117 40285.90111530976
86.4768372498661 0.016 39543.526145494965
98.10219771693367 0.0153 40569.165225028155
95.06267774190839 0.0171 40691.33978982683
96.90726069575084 0.0129 40568.714536257205
96.88353329236196 0.0135 40260.18170266485
96.77785479953317 0.0145 40530.65447470347
96.78703242609375 0.0144 40461.682700521305
97.19055291216768 0.0151 40252.08351390577
97.35677016342659 0.0126 40523.932226620454
97.64427707373886 0.0161 40414.506391092094
97.94294258991137 0.0116 40682.58039159914
97.22497543790298 0.0126 40357.27134014272
97.86213867248668 0.0138 40558.19237282155
97.76184519864088 0.0124 40430.04967373925
95.28669552365055 0.0132 40275.17582182659
96.72517691215546 0.0136 40442.36575497808
98.04650602665866 0.0127 40475.67847533481
97.11517193682725 0.0122 40203.38722202087
96.79541244041197 0.0128 40437.104275929596
97.36022703765208 0.0108 40467.7183849133
97.09048008132956 0.0135 40545.23337633509
96.74248905501959 0.0122 40312.582181679674
96.24876094264287 0.0112 40313.26441728783
97.09978426833031 0.0131 40500.57632254538
98.24848241714805 0.0128 40385.961199416815
98.24700553551877 0.0133 40528.81756447974
97.93661150280164 0.0113 40425.248601439045
97.29206701719038 0.0139 40361.67793839634
97.44185160573362 0.0113 40294.13826523092
97.9352450553446 0.0108 40308.40741864599
97.65090931784643 0.0101 40391.05475549598
97.11011543486886 0.0098 40173.6403928991
98.0709391969293 0.0102 40244.52854875105
97.76114910256294 0.0098 40576.565006551275
97.97122907820616 0.0077 40509.770386206845
97.97510043222304 0.0102 40139.54878599749
97.96747296714751 0.0116 40310.2569814363
98.17426541792304 0.0095 40535.729975250266
97.43212994334907 0.0119 40248.033563497025
98.02290688637325 0.0096 40377.789339542294
98.11498184936532 0.0095 40400.952882137004
96.5038289896592 0.0114 40210.42673736398
98.17356016849403 0.0098 40176.84826371232
97.55306176228318 0.0095 40067.32456251233
97.93036392270508 0.0107 40232.83258459319
98.37871041979723 0.0086 40453.31921026269
97.63922853908944 0.0092 40556.269428785025
98.29546803250946 0.0093 40456.948909735846
97.4258120742346 0.0092 40050.3980589636
97.2895661311862 0.0097 40135.85564359561
98.11815071880383 0.0088 40287.49001060988
98.13055219058064 0.0078 40284.838209636204
98.35029503625474 0.008 40309.389501061836
98.10677163517093 0.0073 40338.839781064
97.51744312554305 0.0095 40391.99466281498
98.19795830602652 0.0088 40325.180792465035
97.4535587824801 0.0064 40418.294280338094
98.20825852379555 0.0081 40422.9110295259
96.509228654843 0.0085 40393.265080916855
98.09914778949087 0.009 40198.920326623185
98.21434946099957 0.0065 40140.84785014976
97.21680638518501 0.008 40234.21469783716
97.98181546569673 0.0083 40152.49059311732
97.57638544608017 0.0098 40317.18087481526
97.90141970934785 0.0081 40332.63355341922
98.23677037858647 0.0078 40559.26748680119
98.32733270860186 0.008 40357.714592411685
98.06554272355746 0.0066 40239.15522482834
96.38521174197129 0.009 40253.16125373161
97.8275156804273 0.0073 40292.18373988938
98.311996586706 0.0065 40142.08637590832
97.91371541732504 0.0063 40273.20435287316
97.74973453725046 0.0078 40237.348009943984
98.3698588877303 0.0078 40044.53374637617
97.65538788016829 0.0069 40103.97884032714
97.83855068854453 0.0061 40226.18533512045
97.9018095829923 0.0086 40312.346273254276
98.1054890764717 0.0062 39719.085890528084
98.18822064096688 0.0066 40241.23567620638
97.63027110535464 0.0053 40012.969481711734
