3.9716386057586526 0.0492 31001.27028074313
3.89171893678093 0.05 31028.357410578792
6.122416039910174 0.0466 31213.691053406463
5.1363713247562055 0.0496 31034.396978410703
4.626962101414147 0.049 31029.72830751952
5.238386640363452 0.0515 31150.19369019738
4.230656292176394 0.0516 31057.41656404726
4.414746485609594 0.0472 30890.487205057838
4.217667250125581 0.0491 30878.302165064957
4.118081457884867 0.0499 30750.752434331553
6.697227879916344 0.0426 31252.787683256898
4.883886821471591 0.0443 30922.941277670838
4.654347314467148 0.047 30954.3436821501
4.820331875632362 0.0439 30963.826132163667
4.58356954126204 0.0444 30837.714428442923
4.724362283877746 0.0442 30924.507804387147
4.1002617829697465 0.0463 30786.70938440062
6.6809327808163985 0.041 31073.325409050885
4.709475754943333 0.0426 30946.05500727035
6.167603698064736 0.0384 31174.242493683094
8.272897562973638 0.0384 31410.292521200605
5.297950172820762 0.0359 30869.522538909925
6.757776050544464 0.0377 31164.642406006074
5.10716259279543 0.039 30897.648025506
6.403002726523933 0.0402 30956.578070793683
6.062424357576963 0.0417 30931.080993714888
8.925729238972115 0.0375 31128.96034735864
7.308914242961233 0.0363 31025.118832619588
7.958221728613375 0.0364 31031.691867187412
7.047334568573707 0.0394 30985.331903470695
5.784778548242663 0.0358 30796.666007537635
7.390209385030004 0.0359 31017.082943897265
7.018069994724083 0.0376 30937.20454939282
8.630014130248936 0.0343 31120.096631115477
7.10698177101147 0.0343 30908.774408820125
10.173255515689942 0.0318 31400.053627268866
7.144771328376089 0.0373 30889.40952241769
7.1929274546841535 0.0342 30944.46086339484
6.787773234843941 0.0331 30978.2781889331
7.258089957447848 0.0359 30983.270743403296
9.315180791989398 0.0349 31294.917811824642
7.6337601814166165 0.0332 31025.79403879764
5.397465151826592 0.035 30619.222874685318
9.48035020512616 0.0315 31241.524356269296
8.53393571153196 0.0319 31247.94147535801
6.947681314159651 0.0329 30924.190659722575
9.033866295749647 0.0311 31154.96912124372
11.24398171982988 0.0296 31626.48162462676
10.694762423839462 0.0312 31355.316100437667
7.804783731876052 0.0326 30954.317263351888
12.915243493097138 0.0299 31788.567788374447
12.578662983200253 0.0291 31661.83908660957
18.519547178117932 0.0266 32606.850077893094
7.5758903362486745 0.032 30870.16999020517
10.297589255983482 0.031 31210.777900194757
8.936080612386517 0.0303 31155.962321132243
12.507471177121154 0.0301 31355.65446820793
8.863105466320656 0.0318 31094.6464645459
12.57166298181859 0.0282 31523.509083579014
23.769198433856836 0.0281 32927.19689495763
17.265892134830075 0.0269 32331.54243242498
15.754210862810883 0.0272 31938.608657367935
18.621837395678593 0.0258 32559.3991866809
15.040866343070046 0.0268 31953.832810400603
30.06248790409103 0.024 34114.996066710206
18.339950782890906 0.0268 32330.584587367786
22.120686943667028 0.0233 32798.64245586658
20.33493897807219 0.0247 32583.7151801966
17.25352871089906 0.0239 32403.773318509757
14.015633519191496 0.026 31566.87288687646
30.52869443332734 0.0246 33992.67446071219
26.42817977732843 0.025 33519.46246561282
19.29440103980982 0.0231 32558.581167214124
21.885698009844813 0.0248 32737.694230782552
34.44855902440094 0.0248 34112.274614753725
17.346979976395644 0.024 32083.016597186586
31.182363399515573 0.0236 34139.20921393773
23.90929024090532 0.0244 33088.23777852287
95.35013953038367 0.0193 40709.64886366213
79.66332411784506 0.0232 39448.06925275098
57.2619746314896 0.0203 36731.4465448103
32.30289456122211 0.0239 34108.22893223151
43.25907863974029 0.021 35935.67335418064
46.83346942141263 0.0206 36013.36708887785
38.86816135904598 0.0213 35307.96164860785
35.44244224430958 0.0227 34634.131342886714
61.89323489475351 0.0208 37330.48906941106
74.22528674454126 0.0232 38458.16333068717
89.37059993509799 0.0206 40002.46727632502
62.85904524193 0.0223 37224.83272429542
66.94774283378116 0.02 37677.160581635835
96.93156889254107 0.0186 40526.94032536861
84.23495216471323 0.0174 39552.65471847963
62.998822959335534 0.0211 36968.02501141791
89.90624281301321 0.0199 40157.07985828091
66.14190193373814 0.019 37525.13357592933
67.75168565276354 0.0192 37687.25208913178
83.44714471546219 0.0199 39336.3214251408
83.88448249087672 0.0209 39682.57196365841
60.957677219789836 0.02 37269.19434619732
85.77859418116483 0.0179 39744.35631964597
97.47819624461474 0.0169 40686.18050665452
96.418120723379 0.0163 40823.14466693178
89.9304304292026 0.0183 40098.34469117887
96.19672736904549 0.0161 40617.4980189417
94.37287369961635 0.0178 40668.517072623916
93.56249477923603 0.019 40238.02130539377
96.81013967728158 0.0161 40553.88884940267
96.88446369508792 0.0188 40560.94545181643
95.55632010531671 0.016 40604.41830482304
97.95313877568026 0.0162 40712.08209257479
96.81738001382071 0.0153 40366.820680855184
96.35848012893663 0.0154 40630.0140433318
85.75203901811507 0.0172 39422.44168621484
89.60526082394846 0.0172 39860.28743977208
97.95268189542963 0.0167 40329.281329207624
98.31428719835405 0.0119 40745.928193135085
96.24933883718533 0.0151 40859.430953060255
98.26033211340265 0.0146 40585.61575704899
93.27217057006254 0.0141 40011.129292042264
89.27708553815128 0.015 39686.17753052309
96.45799691544926 0.0147 40486.576359940904
96.73909461642911 0.0141 40510.01157407015
95.7705900017622 0.0125 40299.3505492738
96.8642826123845 0.0147 40570.434049785996
94.96441503802843 0.0131 40451.528735856766
97.25118220451668 0.0143 40347.33030192695
96.33748583378483 0.0144 40448.34188375436
97.61286998337395 0.0132 40726.010012820254
97.07184086177222 0.0141 40521.0631779275
91.31241247990458 0.0148 40140.57067335763
97.7884796378484 0.0141 40535.592145245515
98.116658593013 0.0122 40563.46216531999
96.26411996284277 0.0116 40178.59489539136
96.51278149927886 0.0136 40415.56679523141
95.99418474781129 0.0117 40412.928150451015
98.1802024954461 0.015 40669.91448823551
98.07840577979873 0.0115 40588.851115415826
97.57467998557364 0.0122 40407.72378543938
97.9126599127561 0.0149 40347.82801936129
97.82244390608 0.0132 40438.55877944212
95.9970049206342 0.0125 40386.95829011912
98.32842163070949 0.0098 40246.03637309457
94.3702773053156 0.0122 40265.02653643082
97.80560281090507 0.0121 40390.87933113351
97.66823517567802 0.012 40547.33781887911
98.1200294907422 0.012 40437.71512114565
98.2311410179196 0.0122 40577.66045919824
97.30386947864045 0.0108 40407.33005957712
98.03002658104454 0.0099 40428.15993189252
97.21574199102479 0.0111 40270.88236763108
98.17442440851323 0.0127 40574.13705401885
96.79213049122879 0.0118 40347.98757535285
97.7704138803253 0.0105 40408.52588411806
96.00849269628742 0.0127 40381.423349407145
98.21878195838273 0.0113 40203.00163870073
96.58095769376425 0.01 40017.93513731828
95.5858268880773 0.0111 40076.959670924836
97.16988277675419 0.0107 40230.5375645299
98.17226105318987 0.011 40311.6449884848
98.19997072053467 0.0095 40361.47540364655
97.9444987239574 0.0089 40333.74459892415
97.75934414400129 0.0093 40165.9925128624
97.202384068323 0.0095 40179.10496873802
97.85672705303335 0.0113 40620.24273387517
97.23217332650499 0.0101 40238.59036838339
96.32729602808152 0.0088 40301.84636098164
98.02597961740112 0.0096 40271.076516767636
98.04518614286462 0.0097 40188.83354310556
98.21177642827605 0.0083 40476.33705492879
98.06865808843709 0.0095 40169.17141798164
98.09399486887705 0.0094 40243.37865783794
97.4588538247298 0.0078 40205.18442271753
97.55880772379622 0.0095 40278.472527653306
97.90785076479064 0.0081 40218.98445545213
96.81720861464709 0.0087 40086.555870921744
97.97326036329454 0.0081 40477.741167716275
97.67766247833896 0.0103 40355.44180563827
98.06394462512574 0.0103 40125.20268166561
96.39876768306375 0.0091 40330.667576611224
97.81613348471335 0.0082 40363.08450501382
98.30960502216789 0.0093 40262.42069144318
97.72656604965384 0.0089 40179.69947593895
98.32785421814788 0.0092 40428.45260523018
97.88008858679281 0.0077 40318.9115250843
98.15837320609192 0.0082 40304.84523696518
98.02404906165138 0.0095 40253.303527929114
97.93568636433301 0.0071 40274.29845807908
96.94128016008835 0.0097 40211.86449653911
98.06684943505222 0.0064 40309.37712430012
97.53908609282884 0.0072 40079.403445596065
97.66843414177742 0.008 40302.8868252324
98.09399882250061 0.0077 40175.325657905414
97.26050968261838 0.0079 40355.252970866124
98.13471052217443 0.0072 40011.84816547793
96.69344928325623 0.0071 39913.37802713699
97.96126950132314 0.0067 40146.36283045163
98.10282710803958 0.0068 40314.68028180981
98.29289635530873 0.0055 40195.55419440255
98.00848442334531 0.0073 40138.91777972088
