3.8039180755607718 0.0488 30962.050897861507
5.065710744906967 0.0472 31047.640633451283
4.136139135507232 0.0479 30881.89850018392
5.51290929330155 0.0453 31191.287471672746
4.2418954861414875 0.0485 30890.44387214021
5.041093827938237 0.0469 31025.364125261247
4.516772236962353 0.0496 30982.28067183912
4.828973394553472 0.0449 30868.813288229114
4.088042072644765 0.0469 31025.867829616793
3.860624582897857 0.0457 30860.250854065158
6.974379748711309 0.0452 31263.196089320645
4.313337427609723 0.0462 30797.166753350513
7.053154042483545 0.0433 31322.146660188697
4.411756893722606 0.0431 30893.746437117516
5.539256134391266 0.0437 30886.526408559548
7.4729596809668815 0.0408 31353.597962955613
8.010880869272972 0.0416 31394.394965064766
6.034874321037443 0.0443 31021.523471495475
5.75453519530159 0.0445 30978.558832160976
5.004655396838246 0.0458 30883.690536511927
4.5347438904669595 0.0431 30730.19456780801
5.590922738094999 0.0425 30877.024656803518
4.820493736121413 0.042 30798.560049327665
5.829100531779391 0.0415 31038.88403363083
7.180291363317191 0.0394 31034.093555460866
5.207675158999477 0.0402 30837.567662027315
6.423140799608528 0.0388 30908.494445775275
6.653653553867975 0.0401 30952.918537027504
5.618746444061573 0.0377 30702.95020201419
5.959666500842263 0.0378 30843.40955881698
7.400870406651025 0.0383 31085.13300683053
7.697580239177499 0.0369 31026.80612310291
7.683026231057314 0.0365 31173.615860314992
8.223998376428195 0.0349 31252.633830472016
7.630931822213567 0.0359 31063.429504905467
6.987606927504349 0.0354 30949.993936469986
6.942909296102247 0.0347 30908.028956099737
9.556252979607171 0.0344 31247.113711017646
16.490854635913546 0.0316 32253.83552387336
9.494373542907613 0.0318 31291.344021335848
7.10021889252926 0.0344 30979.05976691433
7.190790015021546 0.0328 30917.813154304793
10.166980255609145 0.0287 31352.457409111623
9.762093673655103 0.0318 31133.57156758474
10.304898993015701 0.0333 31271.844920575295
7.196963351965051 0.036 30763.940376612798
9.361298296383882 0.0309 31282.359993933507
9.646466828695909 0.0323 31172.214696275245
9.369118938476642 0.0314 31185.119624499308
10.513630014105019 0.0288 31286.2274622224
21.647257429257735 0.0252 32982.36836444664
15.885143969435033 0.0287 32203.87076756965
12.250602614719732 0.0293 31601.01687563728
18.15981968181764 0.0279 32435.98954553326
92.67152459711549 0.0235 40963.72036151777
11.666994178763607 0.0274 31445.35171412447
12.840949583565628 0.0274 31429.23957483157
23.244480661745 0.0268 32986.36713934084
92.25684858050907 0.0264 40772.19900243248
12.393826285345277 0.0275 31598.461919077337
11.48431777868579 0.0294 31529.611324639383
11.41032433606936 0.0286 31432.151071062897
13.319595786693153 0.03 31614.020580574117
23.392313643751386 0.0254 33016.91283626404
19.706424997386513 0.0271 32655.21365105669
13.375372434789297 0.0247 31726.238407121942
12.382424248263266 0.0264 31515.978269362036
42.07536825562318 0.0234 35615.30062525381
27.706164294219732 0.0238 33763.34694621393
21.794485293773526 0.0243 32881.49728630446
17.132646365938623 0.027 32183.2700661634
24.426061357312705 0.0249 33017.073990371115
20.553004725856386 0.0245 32963.084410375464
20.13271428329434 0.0237 32699.29273053602
25.038471736555703 0.0246 33376.66171591332
93.86784013349727 0.0215 40529.08646293183
23.36513751551913 0.0245 32938.9818812134
17.8372043427466 0.0245 32155.50114671779
34.8022503296841 0.0249 33945.903448296696
18.292608983719276 0.0254 32084.798170802947
96.33221438913222 0.0209 40616.04944056471
19.46450024482408 0.0237 32547.483244595478
32.195499941337886 0.0218 34250.68564335568
56.38005013012502 0.0211 36652.438482011
39.909466026735565 0.0207 35358.12637082289
89.81149227690285 0.0234 40387.00980170807
43.221655534882714 0.0209 35152.039606804465
42.259938224426186 0.0212 35544.454149097764
94.13950538514375 0.019 40343.69981588012
48.3168505019746 0.0216 35828.12151339959
51.066034983608574 0.0206 36478.777642373796
48.11316402635758 0.0213 36038.188299023735
80.7500869610323 0.0203 39393.553231173915
52.18608506980311 0.0198 36326.28509817721
85.05969766233565 0.019 39934.71338371398
94.56139518638336 0.017 40688.8707557497
97.6633685641861 0.019 40801.59083919507
97.48031730224719 0.0193 40726.18101434354
89.32329739935179 0.018 40074.728829902626
95.43775487202024 0.0203 40654.42628942494
85.6838235623791 0.0201 39702.01886475474
97.72138938738007 0.0183 40661.51597916704
97.83722101419183 0.0168 40573.531857644055
96.374957033086 0.0168 40454.76435868594
96.73962514925877 0.0182 40506.14738796692
96.98888941429796 0.0172 40541.786547094416
90.8468259720745 0.0173 40147.39753067504
96.58808605780762 0.0186 40368.62216755664
97.06990253453007 0.0163 40462.28666230864
95.76357330020419 0.0147 40195.33017446586
98.24151828546556 0.014 40708.887694440484
87.18801474138735 0.019 39747.196700730616
98.07929918914935 0.0146 40725.17060603128
94.91171269006446 0.0181 40331.75257797433
97.14685272255512 0.017 40642.71938427123
92.65571720254073 0.0173 40190.8695377828
97.97083649043937 0.0155 40443.61619072691
98.09674545901616 0.016 40570.50043395339
95.51443988585073 0.0164 40417.98972439277
89.77144111922469 0.0138 39914.24275193949
97.36016558852904 0.0156 40526.84850068318
96.94721272472212 0.0149 40532.319793648836
97.68635953478199 0.0146 40456.103992198434
95.03320668156171 0.015 40558.956309349735
93.40592617099671 0.0156 40310.63213198801
96.41646412325031 0.0142 40399.57767412209
97.7553097103591 0.0133 40538.94046119983
97.69439769835354 0.0144 40672.73822224016
94.96983960518534 0.0129 40236.92314800268
96.27225058979195 0.0135 40272.81153654627
92.82568488890614 0.0149 40202.48852967881
98.09867245491743 0.0133 40578.30980690835
97.70453869828435 0.0134 40660.912314429435
97.53143260856994 0.0139 40622.61426702819
96.14009412865356 0.0126 40576.570283809684
98.1020146836866 0.0119 40447.628695761654
97.32396477232223 0.0111 40388.451203085155
97.22016755249435 0.0114 40267.77136394676
97.16579626706886 0.0134 40546.407080295474
96.65065532196614 0.0118 40455.75555678498
97.08524569114347 0.0122 40322.62807224149
96.7088020407815 0.0127 40308.90796063203
96.95279969519954 0.0124 40406.97227640879
97.7100367493337 0.0108 40262.56359479066
98.10622732334531 0.0116 40358.31637049841
98.11580067831267 0.0087 40367.287739889034
87.91416665103428 0.0128 39730.07532317994
96.67670834564191 0.0119 40361.23819138757
97.2872089600414 0.0104 40356.33219918138
97.53269688560638 0.0117 40451.33546137124
97.99743622691335 0.0106 40322.16092613891
97.0765608157573 0.0104 40513.7198556042
97.3557010590697 0.0115 40432.455490989065
97.87845295966679 0.0118 40637.48731432404
97.32433811126907 0.0108 40370.082165851716
97.38165498794193 0.0115 40579.49907562345
92.6239581133519 0.0099 39824.9416521319
95.41281531504569 0.0115 40272.814964212914
97.52713935337763 0.0106 40260.387089322176
97.8693614425505 0.0098 40585.34411314788
98.24119076509689 0.0103 40286.37375286906
97.98122262970395 0.0102 40388.056999023356
97.75703239280251 0.0095 39994.51324543379
97.7831283053012 0.0087 40293.69402586158
98.19846487156582 0.0086 40312.155107929415
98.21155191431181 0.0099 40610.04258632998
97.13657171589875 0.0108 40508.90641448804
98.20262672865023 0.0088 40329.572423745514
97.83298306403107 0.0094 40104.61814430363
97.95460007393763 0.0082 40561.13339442036
97.51987265596385 0.01 40017.9322976148
97.1533025956554 0.0091 40450.404061283574
96.53749513636343 0.0092 40219.09100538806
97.82125739323376 0.0084 40231.770185318186
98.23025448027023 0.0104 40277.37297201947
98.21512687178755 0.0086 40249.201659729275
97.70133954084126 0.0068 40382.838076009866
97.33230245537587 0.0084 40269.03265543162
98.16903996457167 0.0074 40325.76004023789
98.15380240456015 0.007 40420.217079445385
98.30115990215626 0.0095 40405.7727676391
98.15804084339037 0.0091 40174.67369523298
97.99104008569564 0.008 40189.55357663494
98.21593437470463 0.0076 40260.76702099813
97.98049715008479 0.0088 40310.74845212938
97.38541043590718 0.0088 39877.624820070676
98.12157080055549 0.006 40662.644208631384
97.53223567818218 0.0074 39944.58897108574
98.0917479577805 0.0073 40389.58014513778
97.8039080292254 0.0079 40321.626257457974
98.16273504077292 0.007 40235.359278654214
97.87302588893999 0.0064 40188.657474466956
97.84542512519292 0.0071 40292.66175409971
97.90286163336563 0.0077 40363.04452486928
98.08772241470922 0.0072 40211.949293171805
98.34874727269705 0.007 40373.35963151823
98.22121570430417 0.0062 40298.194383921684
97.55648726196273 0.008 40420.660150903095
98.18357046220474 0.0074 40195.3897154874
98.19173482243619 0.0087 40232.57032658255
