3.713372828040601 0.0543 30899.94759958229
4.26400249444734 0.0486 31096.720543747928
4.117698398892641 0.0503 31038.50376063166
4.452388766503066 0.048 30901.385043838985
4.425824336839585 0.0513 30908.611727743235
4.7707675498857025 0.0482 30969.904388484625
5.062129822704446 0.0438 31001.383359128067
4.603838430859565 0.0503 30899.788430196368
4.099247881919702 0.048 30829.194171894516
6.0891012355539536 0.0426 31182.80304179865
4.863596478813845 0.0416 30928.44889952559
5.070823952207849 0.0462 30949.57112028941
5.349946500095491 0.0451 31021.82249825807
6.203259976811448 0.0431 31078.50027906255
4.1574515030615435 0.0456 30762.578165914645
4.725469551428583 0.0411 30946.142684723298
5.085722297327856 0.0436 30872.321902834814
6.150151841854986 0.0458 31133.946505237334
5.700181210867953 0.0411 30998.503208408238
8.230483665466187 0.0383 31298.78859548403
5.390181275447735 0.0432 31008.54349510512
6.444397196671999 0.0416 31012.823178826573
6.675181873405766 0.0383 31034.532961679255
7.242475354553867 0.0356 30923.86601929207
6.2711503756482765 0.0405 31093.583298540943
8.20702176390497 0.0347 31127.854991049528
6.266749508305755 0.0372 31053.368469855544
7.00230886252832 0.0358 30954.3012624883
7.047524188664356 0.04 30955.58748223056
7.056818203544653 0.0388 31246.096868560697
6.320824741306266 0.0423 31036.395148728265
8.272705304193105 0.0347 31275.185579577348
5.105847834634099 0.0412 30803.75493461714
9.576112382788736 0.0318 31319.130164752954
6.992263002022522 0.0379 30845.870440099887
7.923036864342599 0.036 31126.509805509326
10.220482846674056 0.0344 31553.4757828673
11.016605563235665 0.0362 31359.538381250684
10.57754814744598 0.0335 31523.481784003816
7.747080942066347 0.0344 31017.107098572695
8.939153316725147 0.0343 31340.30906010123
9.632019849874386 0.0328 31135.74301809474
10.423623855118876 0.0349 31401.14906868754
10.504308598669299 0.0314 31193.76269575979
7.736367291939634 0.0343 31068.615067075232
10.079098182005739 0.0318 31423.27032940567
5.567304506627457 0.0357 30602.296054645743
13.618011943327284 0.0298 31774.685020212128
8.119150972657408 0.0318 31002.317743832897
14.823156331101039 0.0292 31990.07023499483
9.606132584271489 0.0315 31081.381605261704
29.20306122615236 0.0292 33906.96597698824
9.344236379171234 0.0291 31124.76059579695
8.714288725842854 0.0312 30981.308720415745
10.266740716455603 0.0324 31304.751197018344
7.9835517845196255 0.0312 30933.64349162578
21.677857856620644 0.0281 32933.02392504682
17.29891682413568 0.0283 32316.625360969563
10.837336041036467 0.0299 31464.155953120757
17.55113982256322 0.0273 32340.74247654734
13.148940332332108 0.0265 31656.72905093157
40.765467974637865 0.0265 35418.81027013847
24.611054231566253 0.0229 33292.814305329994
12.814020509784607 0.0267 31500.654992439457
14.231054374357702 0.0275 31857.919814125682
11.195400758364157 0.0274 31202.992233747023
14.74141370145987 0.0285 31827.356356689408
12.727999848471445 0.0275 31723.307569565768
44.90616966069337 0.0245 35873.02675571068
17.366587957678437 0.0236 32084.245520730732
96.261252542736 0.0222 40807.51416499576
56.42150480094276 0.0234 37134.292415069336
20.491511459489686 0.0253 32682.941499105884
17.68009836861509 0.0259 32324.78635413663
96.32796478091592 0.0242 40743.29279911256
30.325303139220956 0.0233 34258.542683794425
31.039106018002506 0.0218 33923.377666158754
27.34055549293761 0.0232 33664.275050588214
23.21852791536933 0.0242 32972.673985054804
36.11342262088937 0.0228 34831.82214121121
31.710412556551315 0.0223 34250.171396679354
37.255926665533366 0.0252 34592.61229244875
96.30492203057389 0.0196 40836.39907200228
21.646779188653124 0.0245 32724.25014258204
98.27324633533298 0.0203 40957.06832673564
57.67083655690829 0.0204 37213.03112818531
17.167314938696034 0.0236 31999.761012843406
96.6892088537406 0.0199 40822.169156361815
92.83793945199601 0.0216 40373.011297076795
45.11551756585284 0.021 35712.17803537964
93.56635387203502 0.0196 40332.86152032759
96.2080663284681 0.0166 40623.3026669108
94.95863395119886 0.0199 40647.540456337854
98.15843376406802 0.0214 40898.58069640726
95.49011418767186 0.0202 40460.4961001206
54.38890702421803 0.0202 36971.67036374469
97.50190900370134 0.0163 40507.32863433096
97.54393978872848 0.0184 40888.62098646467
97.90838376134333 0.0168 40629.6117523623
98.10938259970791 0.0172 40821.69560400021
91.74060142739866 0.018 40331.167361591695
57.31619590987613 0.0192 37063.99441404185
84.21679054403047 0.0169 39642.60368483141
97.65969443045167 0.0179 40591.19991861995
88.52033622295659 0.0181 39765.90948411682
98.0046773283474 0.0174 40688.03234074267
88.50714620155436 0.0159 39948.78571867878
98.19135734889002 0.0166 40543.85234149386
94.83751010074653 0.0172 40326.06537314716
76.05021663822788 0.0173 38593.79822645689
97.85709351519931 0.0174 40609.028325772844
91.63505968157295 0.0174 40232.47729627301
90.40755659448574 0.0176 40084.2823848015
94.82529990177949 0.0163 40463.567223727616
83.49226088884473 0.0153 39419.727203978895
96.87724018723243 0.0149 40457.98711535687
96.42051760875455 0.0144 40662.53923068013
97.98826172102736 0.0146 40556.39935680601
95.56823677580027 0.0164 40441.49271484563
93.9281455883915 0.0157 39996.61511680735
95.14299199507086 0.0155 40152.95861705735
96.8264999761698 0.0134 40586.13951312735
97.18252077413553 0.0154 40555.55381177756
98.13082604892745 0.0131 40782.34640451445
96.66578412174333 0.0158 40543.36678375752
97.77842575639961 0.014 40397.47718168338
98.00456301287711 0.0138 40532.89711400314
97.47110560717068 0.0152 40438.00130532961
95.52130389689178 0.0156 40261.602820054766
98.16798263139218 0.013 40646.54693778858
98.14928669951223 0.0142 40552.15154712985
95.42943653926312 0.0122 40532.898864223265
96.5180265242195 0.0119 40513.341732352135
96.71739628271543 0.0131 40521.3495884294
96.52239083853317 0.0139 40354.34008615928
96.28261870534182 0.0109 40257.39041691339
98.14220887351394 0.0121 40654.81385689008
96.31407334150543 0.0153 40340.24051723467
95.03716542893133 0.0113 40340.363059946474
96.91053449330086 0.0128 40496.17157903144
96.43965455237513 0.013 40358.830148839676
97.4382441538645 0.0118 40413.91052415464
97.58442977836326 0.0127 40542.60859706175
97.41988990233784 0.0117 40281.972087459915
97.9413530542154 0.011 40241.880416465145
98.29558632290949 0.0097 40383.74177497176
96.76603219528846 0.0118 40417.089721470285
98.24095349460227 0.0103 40455.09948564022
98.09792898449824 0.0105 40131.43343330665
98.37167319132398 0.011 40497.78094719883
97.1440631463928 0.0108 40191.34978687778
97.74188299673729 0.0106 40537.94235584074
97.70699569873145 0.0104 40318.020985930874
98.27001286820195 0.01 40633.19065078025
97.04715993151481 0.0113 40257.402799124226
98.03163640945158 0.0117 40244.38741567399
97.7366355032792 0.0121 40190.79996281756
98.15985352154676 0.0095 40306.399763688496
97.81579816511494 0.0097 40264.07199324463
98.15185671843706 0.0114 40413.03230469156
97.42513714022792 0.0091 40515.10922548418
97.61455404544742 0.0093 40582.21263130015
97.75925368315184 0.0106 40295.653825456735
97.88295507489237 0.0084 40389.53488462068
97.81537879897498 0.0104 40349.520982209564
96.70210040633128 0.0111 40471.45160244374
98.36967835309447 0.0096 40311.14552645196
96.92033423323883 0.0093 40265.64394564389
98.34747412487184 0.0101 40487.34431150617
97.93092336510641 0.0082 40317.934843308794
96.79222187099197 0.0094 40299.79769351298
97.76280708281189 0.0093 40395.2317303195
97.72892299689063 0.0076 40501.96984204295
98.11748241575263 0.0085 40309.67401867826
98.14226541889244 0.0072 40237.682250308586
97.95633262059965 0.009 40249.64424725554
98.27983649545867 0.0079 40340.16342666638
98.1320648938805 0.0073 40067.773174651724
98.09127828685517 0.0077 40258.18722442785
98.12949519709758 0.0084 40195.52587375321
97.9786412437095 0.0082 40050.50533576373
98.12942618642076 0.0087 40384.79566589483
97.5088437771822 0.0081 40271.808476032515
97.79018545504879 0.008 40234.761416605856
97.66915707928115 0.0079 40439.07956417052
98.20060115114566 0.0069 40217.946241937985
98.36526087034912 0.0084 40328.924150452825
97.97524892497911 0.0082 40261.914606353785
98.16514244531967 0.007 40328.588969040524
96.80290335184382 0.0081 40079.66540048066
98.23242994355893 0.0078 40296.7283295331
97.89655786149669 0.0077 40165.8024533751
97.98542817007389 0.0081 40184.55746900962
97.98582704715827 0.0072 40232.717217931866
97.92419020407701 0.008 39966.88079860528
98.31025116111526 0.0077 40386.567004158846
98.10662225229433 0.0084 40037.400944156325
97.28506619911413 0.0063 40291.94662417425
97.92551513653693 0.0067 40094.30658210977
97.8007188208991 0.0073 40302.917666204215
