4.491545241529207 0.0502 31048.242163946346
4.242907044826053 0.0469 30994.572924869153
3.9257855565743207 0.0504 30960.570161321724
4.68089775403418 0.0486 31091.246305417386
5.199300209868229 0.0463 31064.13887265238
3.7866155282194964 0.0519 30725.558935783807
4.544826771704683 0.0523 31019.328846413795
4.925719812568887 0.0482 30907.20647828747
5.587850661494875 0.0461 31070.372324198965
5.162364225493503 0.0448 30991.519126082836
4.817885720119983 0.0451 30933.931758802046
4.297347210323412 0.0485 30984.873284170826
4.568756572979633 0.0472 30749.37534685886
4.311261674823686 0.0445 30821.549372190533
4.98878548538994 0.0444 30896.124550960358
5.116005388177101 0.0426 31019.100704376535
4.156014686172949 0.0472 30798.68282123538
4.790809358112024 0.0431 30801.721900523647
8.790359771373469 0.0392 31432.790864068476
5.164052056669034 0.0406 30920.020392996776
5.459690476712268 0.0429 31011.866383873294
3.9882829631967156 0.0453 30592.85413952423
6.874676113744162 0.0378 31247.1089552268
5.778680106087126 0.0414 30945.070668536147
5.140984010808832 0.0385 30821.380738528176
5.985488294157051 0.0385 30851.969763714133
6.640601314578195 0.0375 30849.823202023363
8.774236790785162 0.0367 31286.576464904443
6.5425275642435965 0.0383 31036.836610051298
7.052977372973112 0.0346 31139.829375264686
7.9938425945509515 0.035 31230.49462580159
8.337667218393241 0.0393 31210.146959413698
7.311185437218315 0.0364 30810.250928437425
8.48570939517864 0.0372 31198.576582773465
11.480798783583372 0.0349 31633.8299959093
10.812617061962207 0.0341 31466.12326512517
7.432111356750292 0.0359 30968.19463685728
8.239309618605944 0.036 31206.256359293275
7.705545503809399 0.0343 31023.26272605809
8.049346965188464 0.0331 30949.689104676716
8.197202868246332 0.034 31166.67090410415
11.28224118286374 0.0289 31497.04950219508
6.696759835867626 0.0324 30757.734641921415
8.407593914554983 0.0324 31073.977898669546
8.676140560028518 0.0311 31169.06654848773
11.64110329915456 0.0307 31510.43521073509
9.766786688526574 0.033 31297.751005122613
11.170006143804333 0.0315 31526.390861846423
9.517069975972715 0.0325 31095.13289810302
13.697392745049187 0.0271 31945.762843744385
11.333031813689722 0.0302 31408.749779303227
11.62452467387966 0.0305 31224.099305366606
14.38006346648931 0.0257 31929.915727261417
15.322428218672174 0.0295 32107.798579030376
16.8818331240724 0.0283 32089.358531522656
15.35041267108258 0.0275 31863.27443007045
8.560678687441845 0.0305 30970.008886396743
11.329561656688863 0.0267 31312.133253198877
11.84706749451489 0.0285 31411.21930056952
24.025595002892715 0.0249 33120.2995510997
12.999688243515722 0.0297 31657.937132332376
28.131678091226174 0.0267 33725.910660299975
14.300716715793696 0.0281 31759.822146702347
20.37282879259956 0.025 32587.06312281473
44.391180836946354 0.0241 35768.05663380303
13.978787219607426 0.0265 31651.55309597522
24.544103690437115 0.0227 33302.77301791018
38.75020685487461 0.0233 34983.05100603034
16.242086574319817 0.0257 31926.383060082393
59.246200157430735 0.0237 37167.88979931804
24.04817457872144 0.0249 33048.561661925516
96.40305543039422 0.0243 40848.13830172703
14.818406633908857 0.0262 31716.170162936633
26.462343263300642 0.0238 33427.56499289564
21.372451028267154 0.0238 32756.392292001834
95.00887546407746 0.0194 40752.63832494517
29.329367781925136 0.0233 33732.32302534297
31.430293931086645 0.0231 34338.05351294173
59.60480080051378 0.0205 37122.172522920104
96.72350806846293 0.0208 40814.48485820433
39.631749382920965 0.0227 35508.597598686094
19.35402361226217 0.0256 32314.416598305732
95.69033817533011 0.0223 40657.50570325061
16.65676083158356 0.023 31822.155710505027
98.05089763399639 0.0193 40823.58010906833
28.65497316090535 0.022 33675.45027767138
97.16424861000552 0.0207 40574.23985520514
91.97380536305262 0.0213 40538.714152150096
96.50904193306289 0.0195 40690.81001184316
80.50201462328329 0.0181 39204.47435730342
48.9044867436017 0.0228 36285.4036474717
93.7087063716694 0.0177 40638.74360277377
95.2547282700159 0.019 40638.36086727423
70.49496963291772 0.0209 38189.202148453056
90.8249564600783 0.0184 40257.1296871643
96.14800857578157 0.021 40483.39740590703
94.85269805493849 0.0185 40296.02765255407
95.9074680057435 0.0164 40613.73462597639
95.0041582349019 0.0168 40457.04041366141
59.72208871923149 0.0183 37129.96001055318
95.43665306184424 0.0169 40680.4770981996
83.18997347273162 0.0189 39511.98061543944
95.63085705887008 0.0189 40474.65044543242
93.7155970724329 0.0167 40379.11122247722
90.13481052691456 0.0174 40084.4068047277
93.62739284076692 0.0181 40460.453421598126
96.30698795467917 0.0165 40700.31550154718
80.07403373122833 0.0168 39084.101147431364
98.21068879732263 0.0171 40591.744063269914
97.11436897878129 0.0159 40492.743865564706
97.73749547712909 0.0171 40604.74022051359
94.94672383800616 0.018 40462.73199221513
97.53849256434896 0.017 40727.4690302823
95.81808113072786 0.0159 40492.240300049976
98.21098063467615 0.0149 40738.037493057
97.93147510259823 0.0181 40683.36372129283
97.13128839539776 0.0157 40506.72603843091
97.13635978230525 0.0149 40642.940029138845
95.95733486296604 0.0156 40288.431833815484
95.9363650913226 0.0164 40702.125696283976
93.17151098224097 0.0149 40310.82808290672
98.20284660125498 0.0142 40942.42550199381
95.38851512679489 0.0148 40310.4728178287
97.58829093746719 0.0149 40531.555912284995
97.81848975941186 0.0166 40639.076923766
92.01371779224635 0.0138 40174.31524127101
96.01277039574258 0.0162 40620.82572447633
97.82570908445255 0.0134 40348.78484938523
97.48406507470712 0.0141 40570.29919608826
97.80845660405693 0.0128 40507.931965313575
94.18312347413094 0.0139 40088.56055224938
96.86943317671306 0.013 40354.03501058873
97.35138924521922 0.0141 40481.594844214516
92.22958351543683 0.0135 39986.55580171893
97.11478936567147 0.0135 40623.1276903317
97.74191287320055 0.0134 40528.22206446069
94.2042555307955 0.0118 40131.06582143463
97.01259663464768 0.0128 40386.36165723289
96.62823198168441 0.012 40408.52171651383
97.05994913901814 0.0123 40483.85467909763
97.04589860961191 0.0117 40480.02688318076
96.76808450118872 0.0121 40300.508470880064
95.64240967832335 0.0121 40314.61181246911
97.82844885281185 0.0131 40218.56283892339
96.16871812219108 0.012 40027.98476732612
98.02888568623524 0.0109 40392.92071967025
98.10823819773125 0.0107 40530.45123874898
97.97349259770371 0.01 40382.85589808464
96.5615033316843 0.0111 40342.15665313782
97.88219702221072 0.0108 40461.36944808975
97.54681254164845 0.0125 40355.90753319762
97.48407110180207 0.0109 40368.70528822017
97.98828089574641 0.0116 40221.238363355464
98.18356355427692 0.01 40454.0026858989
98.12951691869313 0.0106 40606.96754511172
96.6961609408188 0.0099 40292.027252936816
97.89656354202008 0.0113 40300.28025480582
97.12505898609221 0.0111 40471.46836609131
97.18435438477191 0.0117 40273.31388562994
97.8083024786904 0.0103 40577.92545437746
95.67558062795091 0.0121 40371.81629528384
97.87791441683811 0.0104 40475.52529044547
96.87995628009465 0.0081 40416.17554849096
98.2289479331897 0.0088 40510.314441063674
98.08196178455759 0.011 40317.574216676825
97.71699752338151 0.0094 40664.681762922635
97.66271068478102 0.0094 40400.02532804613
97.71259732584926 0.0102 40339.20285346688
97.7252404609532 0.009 40133.71331941781
97.51672678919765 0.009 40384.65123576442
97.78943128062151 0.0096 40395.59939515513
98.15804157689209 0.0088 40393.23966423206
97.4308033030184 0.0087 40226.700242308296
97.51500574178412 0.0096 40304.971357430135
98.20494443521123 0.0073 40325.550548460196
96.56310664471302 0.0089 40133.84920270707
98.00025216525879 0.0066 40242.957462909595
98.06848090221499 0.0076 40386.0372718679
98.33354215054125 0.0088 40424.777681474625
97.78657985655408 0.0084 40085.677150274896
97.05040318421403 0.0087 40077.79173767599
97.57788388357046 0.0081 40332.37225714466
97.60731652377747 0.0075 40122.337719023555
96.51316437988035 0.0086 40296.664872881076
98.34048917257194 0.0075 40472.94758062005
97.23018727934789 0.0074 40282.565142909014
98.12255416443688 0.0073 40335.65723178675
98.24996649147012 0.0072 40227.26644291741
97.51849857727042 0.0082 40397.278333250615
98.33697608281688 0.0068 40262.27009465601
97.42110255536679 0.0069 40171.2903246817
98.01722987230326 0.0054 40028.31010161547
96.38663546265609 0.0078 40432.25300255735
96.9294526992869 0.0075 40020.045830873976
98.10407434822672 0.0074 40097.51638836336
97.92636987020926 0.0069 40269.94286220616
98.05076837233639 0.0079 40348.865087882856
97.99706257840484 0.0079 40343.97729231276
97.6692787398004 0.0069 40202.06061217604
98.20721177746601 0.0062 40184.057359533675
