5.851708122955288 0.0512 31306.992761401467
4.434148776729519 0.0488 31050.45214675161
4.553721561042958 0.0469 31050.73736660747
5.134003151248497 0.0456 31169.74636035287
4.333550944484389 0.0488 30945.528680387863
4.881153454578012 0.0454 30905.290448534004
5.566987629594893 0.0453 31157.189905352956
7.43939709296576 0.0442 31379.22035887926
5.146749157262186 0.0449 30977.05409002154
4.932393678555397 0.0481 30985.38100896976
4.739152063170415 0.0429 30867.182471657976
5.999728777582682 0.042 30976.194381854584
6.221695892278572 0.042 31112.88223195098
5.01585178434415 0.0457 30837.160737765204
5.726271701946755 0.0468 30963.138039329922
6.981378630931172 0.0434 30942.22016272076
5.368018207685414 0.0451 30948.86558045121
4.333794196291166 0.043 30885.830857511413
5.568866832077323 0.0447 30963.79868111394
5.2185756151249185 0.041 30945.40969653139
6.202842399812088 0.0417 31046.705224426576
7.9510369727822825 0.0393 31366.361476545346
7.475041983969769 0.0383 31117.477303173615
8.913245999912377 0.038 31321.466741498407
9.232369572400936 0.0364 31385.108111546804
5.695349362543683 0.0379 30865.99233898409
7.934629049965138 0.0395 31103.256727496926
7.054830476645569 0.0378 31159.243564496086
6.98284362006872 0.0386 30842.79104189301
7.9540016327284615 0.0367 31209.931123369253
7.216597815666346 0.039 31073.95475551357
6.993328085118151 0.0367 31106.387812152803
6.183923217593272 0.0381 30954.569043308762
6.304770988665674 0.0361 30838.591715087474
5.670655664028654 0.0378 30768.99230930458
8.370296168311736 0.0358 31079.558286429492
6.774839393130841 0.0372 31031.571239500336
8.897571548446024 0.037 31231.360598988605
11.939626450290572 0.0331 31613.734652981388
12.821715258237825 0.0313 31694.936297375523
9.001782664796252 0.033 31160.15700872077
11.338545502676629 0.0306 31608.02569194701
8.982842124707503 0.0347 31182.374119722455
14.05439461855206 0.0291 32061.40500457669
7.57221130537243 0.03 30889.414832622886
12.003295586196641 0.0311 31593.692040413087
10.295333052554337 0.0307 31489.718184430283
13.259179742752371 0.0292 31786.7985578309
9.798145013381554 0.0307 31191.89786239995
10.612471641454674 0.0295 31477.62546284879
12.760719893731224 0.0273 31782.895507102214
13.500287006302015 0.029 31668.344692624392
13.632703300318482 0.0286 31746.817412781747
9.13627092991781 0.0313 30984.977719856633
10.554457978232815 0.0284 31434.72838435954
32.31280600295663 0.0262 34180.84615811417
14.562311428904827 0.0269 31990.524589627617
12.451052747200249 0.0276 31366.675332491577
14.356413077453661 0.0279 31865.463091696798
11.747233533983056 0.0271 31458.06353045227
19.60036600692499 0.028 32609.46579403192
17.3252213051152 0.026 32529.861940498067
17.65302852918175 0.0269 32241.766179040882
22.00403356559425 0.0258 32849.1773518967
12.2945446328606 0.0291 31523.12592791974
18.084953980365032 0.0269 32203.163003454763
97.0954255408156 0.0273 41015.63006485517
11.186735635496996 0.0256 31339.26732489901
97.63016341240288 0.0235 41043.39913172376
17.801828707214653 0.0254 32335.747690496122
97.68257902068841 0.0253 40958.165272026105
15.057105165088362 0.0246 31835.01596294932
26.259114965267276 0.0224 33565.458384251935
17.35034261673945 0.0269 32120.59357398807
81.15074948324705 0.0207 39595.28344065115
76.94613297103103 0.0219 39269.69286394223
26.555129023933254 0.0237 33373.490944627454
95.95802812224669 0.0232 40760.545722879906
38.44306473599968 0.0226 35008.43748550498
22.494360707286827 0.0243 32909.32040833332
65.71442722160965 0.0213 37670.4426368589
23.999201963201955 0.023 33084.33313082658
98.07358286102021 0.0209 40896.28956661289
83.7101044375299 0.0212 39903.234349061866
98.06923065197934 0.0208 40842.86771450953
28.45826222857348 0.0246 33693.217705937524
97.2699523276695 0.0216 40821.4151531327
96.97574451025953 0.0213 40796.15881538301
74.7855071871724 0.0198 38863.065762355676
29.70953153425417 0.0241 33709.258649867144
82.57475685112726 0.021 39370.12333359097
96.76542607185 0.017 40673.3356277268
91.9951085189992 0.0189 40448.88765935236
72.52927196927703 0.0196 38297.24248235114
63.84080899584129 0.0203 37444.93483288938
89.7395209375225 0.0189 40084.320661708814
97.44751266039242 0.0186 41012.36053164376
92.6156362317718 0.0193 40242.02628714294
95.38224412670176 0.0186 40598.483647004
86.90619228432976 0.0201 39957.32337786367
97.87731854931982 0.0176 40504.51175436991
95.95417677290155 0.0179 40694.93308335668
90.87640755617046 0.0161 40078.18551627555
95.20325872592974 0.0188 40523.56679993961
95.18056043592233 0.0177 40375.10995058753
92.69969536012849 0.0185 40429.692630184596
79.61683254732756 0.0177 38912.705982715765
69.16798383332285 0.0198 37972.66575418506
95.73489540639633 0.0161 40585.352046888045
97.87597413883492 0.0191 40617.85864305405
98.04351538856503 0.0134 40696.41926732681
93.1735630936305 0.0158 40364.61944305796
97.6918001672449 0.0184 40583.18497146195
96.42023564362532 0.0155 40455.89084031611
97.19905389921334 0.0138 40396.881811102874
94.7238958852969 0.0137 40388.504862306094
92.50827293485663 0.0145 40198.015070336005
96.98234017496478 0.0156 40399.02311574274
97.03017886027908 0.0166 40324.02942697374
95.89370359314873 0.0166 40316.352950344
97.842880082506 0.0152 40712.299747151155
81.80796555917712 0.0162 38955.61031894812
97.92680398102762 0.0154 40734.88641995734
97.75244148049616 0.014 40628.85123006026
97.4946983273751 0.0138 40506.523514981025
98.00302366937872 0.015 40471.24137050572
96.15156398159421 0.016 40216.031216170435
92.58776640590564 0.0142 40081.51508834267
97.04525943275048 0.0149 40339.50030998509
97.31597342976154 0.0129 40305.110582857444
96.33895428905834 0.0139 40327.728229111875
96.92573823345397 0.0154 40442.596922802746
97.65292029429477 0.0136 40429.444542347876
97.7019054524792 0.0125 40698.354011788644
90.5301973392726 0.0131 39911.096454409235
97.68007403174653 0.0146 40581.36890396609
94.6929776664984 0.0134 40260.527405620014
97.29361877780688 0.0133 40377.003203064916
98.09967503338805 0.0126 40412.3700332069
95.12487329343169 0.0124 40334.85128466798
97.96917258090593 0.0127 40538.73137512332
97.80411074405048 0.0103 40495.514717944825
97.45136848243234 0.0128 40498.36874639927
98.20951541711683 0.0112 40219.938162211765
98.2025013647807 0.0129 40657.30185516955
97.48760666604561 0.0129 40169.10202576168
98.11533735126278 0.0104 40562.61101276937
96.62464431894412 0.0117 40339.04506630807
98.14474705374028 0.0115 40467.83034539099
98.26536461067846 0.0123 40378.8346870673
98.12551242598178 0.0096 40571.71601125449
98.0075561644615 0.0113 40460.595257333924
98.25805497434753 0.0117 40311.413989895766
97.77787675276653 0.0112 40267.79919754171
97.92276681318195 0.0099 40500.14115541436
97.73719678567397 0.0129 40370.40558649975
97.87772371883439 0.0104 40387.112968358975
98.12541771762578 0.0109 40336.53700431852
97.78846873104433 0.0104 40486.73178869844
96.10206877162328 0.0096 40456.78281134261
98.34275229292875 0.0099 40540.99288201088
98.36068456180317 0.009 40333.29866073999
97.97220945078585 0.0087 40681.535334307635
97.31830658206827 0.0089 40521.91848628579
97.18239240333163 0.0093 40261.78183732331
97.16224728058154 0.0106 40278.98886517061
98.07508681807865 0.0087 40439.77191342308
97.03523801493382 0.0092 40144.73664784289
94.43926385741376 0.0097 40173.85503728304
96.40653548944304 0.0095 40237.812873655406
98.0876773015456 0.0076 40362.26888426408
97.94895407164174 0.0095 40280.24491661723
98.260831984971 0.0079 40205.191100593474
97.39619040566116 0.009 40237.77063548555
97.5412061801845 0.0088 40017.90078587819
98.3506721603983 0.0085 40553.99544776099
96.885428849629 0.0105 40219.45096598382
98.25320607562318 0.0068 40199.494556753416
97.86665329509248 0.0096 40122.27800307548
97.54204545681438 0.0092 40275.84946899522
97.56183970684484 0.0082 40233.285302377175
98.37701482714583 0.0075 40546.489131618124
97.53497872281747 0.0083 39974.656180828184
98.3177500407791 0.0091 40359.322545877745
98.36988725672445 0.0083 40217.82851298062
97.7780512532858 0.0085 40213.17386118686
97.99542527219575 0.0066 40338.353687739516
98.34600301155453 0.0062 40170.53434890031
98.16406951863203 0.0062 40274.51756653503
98.34012980102514 0.0079 40304.8876234625
98.00048584993569 0.0082 40377.1575949131
96.40769111186293 0.0077 40144.236782285865
98.03036839626398 0.008 40435.3216451401
98.29541164261508 0.0072 40200.39909940369
97.96527380508068 0.008 40382.20196521053
98.1995890440156 0.0059 40219.100066351806
96.8697447070568 0.0076 39936.31542579912
98.35736632492501 0.0067 40177.80486593135
98.10796649075807 0.0077 40206.937523549524
98.15595986667115 0.0071 39934.65129270907
