3.642946733914318 0.054 30967.643349337402
4.125755419891873 0.0503 31088.669285055887
4.135752286470572 0.0489 30994.926553050085
3.665427532938665 0.0518 30847.098687169393
4.215250401151302 0.0483 30962.246343300794
5.41149914037028 0.0476 31181.892997492196
4.514087239118773 0.048 30971.145896545746
3.477045348367087 0.0477 30717.098075693048
4.571226372267164 0.0475 30957.45149379542
4.995841332600777 0.0471 30944.977445313292
4.344584421709737 0.0467 31012.962313648448
7.361715641105453 0.0446 31250.579276975506
4.662301019225672 0.0446 30814.962613407504
6.746917054131501 0.0424 31235.558613559246
4.2244613628110015 0.0456 30631.40940341191
5.351100115157578 0.0437 30969.35193418872
7.765763121285227 0.0412 31165.238883811922
7.839506613043753 0.0406 31262.991007983415
7.050031756533722 0.0408 31219.8347757685
6.482649013150814 0.0401 31141.79289160138
6.1213831368238285 0.038 31013.341205571793
4.3450762053324175 0.0418 30737.5609612125
9.318087210357183 0.0377 31472.3255359902
6.7596270547322055 0.0373 31013.97617003538
8.347635815627129 0.035 31270.168873117982
5.559041274966105 0.0411 30956.270309035415
5.630313904069612 0.0421 30868.283501418067
5.75037410942814 0.0388 30903.759074990976
6.068109524192306 0.038 30894.724238371597
5.777202727948608 0.0409 30905.529091792705
9.667923613287334 0.0355 31446.382778701998
8.371760545515404 0.0309 31355.876175732188
5.981254097619916 0.0381 30837.48778729485
9.0033536356684 0.0369 31243.083366917625
7.225604040574016 0.0382 31170.803811612648
7.618818669992873 0.0358 31131.81898987854
5.827507205895164 0.0397 30782.160432356868
12.094120150260986 0.0347 31718.167931233584
8.978283618705175 0.0315 31224.6701110546
8.049739807215449 0.0341 31059.25391393194
13.739802252145001 0.0329 31778.73488755453
10.749570936512857 0.0337 31294.82312534629
11.061749326437953 0.0308 31421.17044782218
7.1125861423811365 0.0335 30855.861015639428
10.663724281919064 0.0331 31335.243748079585
8.278508885719397 0.0326 31066.397856228923
12.754717320739802 0.0307 31641.844236508696
7.844726434983167 0.0327 30994.432976413394
9.174032291705613 0.033 30951.450077335867
12.003194777234196 0.0297 31402.175472840026
10.181707586141997 0.0315 31334.078295521605
7.421307255073333 0.0338 31029.654635063453
25.396509557136632 0.0258 33588.967662966876
12.084798486417672 0.03 31689.22953064455
7.252299656421335 0.0326 30802.738273234398
14.921596972211729 0.0262 32004.9039384597
16.11428748556116 0.0263 32104.015645925505
12.28855588385299 0.0282 31571.733956840373
13.221889618803012 0.0278 31594.6165528977
19.58965965390904 0.0272 32458.00544244864
14.708323001226983 0.0264 31743.258629994598
16.99641948285763 0.0296 32001.874285100523
9.549707404733834 0.0275 31162.725151327137
94.80829971313688 0.027 40872.79714910811
15.965219321108801 0.0268 31903.716128567965
26.24234842001549 0.0263 33182.07165263058
22.718254423610908 0.0238 32984.18345089369
17.210336514569907 0.0262 32053.96824687218
20.35984992763894 0.0225 32626.441332763305
75.11116865344407 0.0224 38564.817269416206
18.9719521334385 0.0256 32395.589993838734
14.121024406057387 0.0261 31705.834339574492
12.923356405052758 0.0255 31507.056062492888
97.47081404957912 0.0228 41050.44450808967
93.48462747219936 0.0238 40714.94557149127
24.23716559500333 0.0247 33031.51014167458
22.208375307385918 0.026 32847.67325500042
24.667538735444165 0.0225 33251.2176996591
22.79204127092154 0.0243 32915.99581926577
34.03595755205892 0.0214 34498.069270551634
32.62382451285311 0.0242 34148.65481864429
23.84517611707569 0.0228 33132.64005383899
87.52026040414263 0.0206 40029.5425831966
96.5814133031024 0.0211 40634.98731704652
28.547772989526596 0.0219 33812.61016796432
66.23550523474078 0.0209 38038.1343793753
25.514401292084465 0.0208 33366.1970580915
79.7841079580689 0.0197 39416.3122941876
94.4892257769491 0.0212 40475.95114214442
96.79328627144156 0.0207 40767.92501189125
82.55118426121574 0.0197 39726.30111010116
32.45562263756003 0.0221 34111.42664092025
29.191302062173175 0.02 33836.672687292994
42.07719454889907 0.0209 35445.096093118125
90.96225406843288 0.0196 40151.4637043019
76.53190895226223 0.0196 38951.04959854941
97.90528465829166 0.0184 40630.35984343339
96.28604402294592 0.0178 40686.70304766112
96.17486903941186 0.0171 40716.12445088979
82.13046891979191 0.0186 39465.62427202754
91.97010579438857 0.0192 40320.96080142575
97.87213646500805 0.0165 40702.84794810481
95.89241306380318 0.0175 40514.31567918913
92.80977810685471 0.0182 40511.96033289384
96.4704601164933 0.017 40607.63103704551
83.25097375183562 0.0179 39236.20677460627
87.03439575638373 0.0205 39911.70709881324
94.78583542875235 0.0173 40596.91924905047
97.98792507982495 0.0168 40731.41890942936
93.26129686688762 0.0181 40311.100175844884
97.41478987277911 0.0166 40683.561884525174
96.41466630124289 0.0159 40603.77878528744
93.95985757852257 0.0172 40355.52329281763
70.47813094659415 0.0181 38237.33342242709
79.70832987692329 0.0185 39426.49218852092
97.15243066260167 0.0142 40489.89478525307
97.198188997671 0.0143 40524.8324911854
94.95035238004807 0.0155 40624.75494066318
97.47149393221916 0.013 40577.835249679985
96.85874855839208 0.0145 40474.313669446325
98.07768355339897 0.0152 40477.06175286808
97.77319607520086 0.0139 40498.75862625823
97.3787804869208 0.0162 40523.3268224652
95.73056857673448 0.0151 40511.81268918036
95.27821834576012 0.0158 40480.3427953151
98.18880301523357 0.0153 40569.75589209857
97.88854682253748 0.0125 40492.58323742351
97.41272532913264 0.013 40470.42588506921
92.79468524839372 0.0153 40258.412287539075
97.21695596203985 0.0155 40475.78376043145
97.98136404880272 0.0138 40813.994796386745
97.9107801283384 0.0133 40476.09796437386
97.99611950229256 0.0143 40450.70837687392
96.48970252622395 0.0144 40373.5543407527
97.67562325472653 0.013 40479.41829408969
98.0353200550375 0.0147 40539.79708705959
91.27159220357245 0.0129 39817.01019787252
97.26207176658286 0.0131 40434.82484001969
97.04661063278876 0.0124 40252.36973872531
98.26407222768549 0.013 40476.52272668269
96.22436890236462 0.0114 40331.46193984575
98.09292769357796 0.0117 40274.40631316985
97.90701369358183 0.0139 40521.11919154417
94.86291480578045 0.0113 40273.63759939276
98.08227697154703 0.011 40346.367739183384
97.87012720638376 0.0144 40331.511741673625
97.15494551788849 0.0112 40251.0021316406
98.03608077346641 0.0106 40549.38376459861
97.09893024275864 0.0137 40117.22858468537
98.24633540023696 0.0109 40479.688836447145
95.91006356308864 0.0114 40219.93927855271
97.84019777049616 0.0102 40369.087196925706
97.52366687528412 0.0102 40549.481985500206
97.72977453853271 0.0112 40466.123186561155
97.9579687217717 0.0104 40465.722126621746
95.01048029944093 0.0109 40161.518668332035
98.10767839281873 0.0108 40610.05899254905
98.1560500259429 0.0086 40432.707573819665
97.77296579674214 0.0096 40341.395966479344
95.77728596173624 0.0102 40225.887685656984
95.16330711935701 0.011 40006.499152030425
98.160081740007 0.0102 40512.536455841815
98.13385197333263 0.0104 40451.9881087184
97.82109206192989 0.0101 40313.49253332719
97.30500386116385 0.0095 40431.96778306019
97.23655427601336 0.0118 40153.90925842007
93.15120522804041 0.0107 40115.188851552484
98.22119456273346 0.0092 40451.06486250798
97.57468502868296 0.0092 40330.585165917546
97.51146370125196 0.0099 40599.22514599206
97.75380246251287 0.0079 40226.63618243344
98.09297762273725 0.0087 40032.14543506663
98.14574959691647 0.0101 40538.4382471703
97.86867297473209 0.0077 40414.36413625701
98.2024665069039 0.0088 40312.48211195349
97.63944085555083 0.0099 40259.31389281547
98.34056487366767 0.0097 40247.257384283876
96.53742811249329 0.0082 40490.85003308584
97.89350097990457 0.0087 40360.60120173898
98.16342234349753 0.0103 40406.28775673163
97.54698148631749 0.0069 40425.56081867048
97.10331312731887 0.0091 40398.05369283954
98.36201371972493 0.0073 40426.68316019553
98.3659206193867 0.0088 40377.61740190027
98.11989216216672 0.0074 40412.43500707883
97.97775632911764 0.0071 40067.215460516294
97.82739343047548 0.0078 40179.115995113454
97.87464896288441 0.0064 40251.34125976114
98.16804049414587 0.0068 40334.31175580104
96.46609960753219 0.0074 40218.87226510649
97.92120391393073 0.0067 40225.12091882248
97.26676689021241 0.0091 40291.105225598854
97.87007056026646 0.0064 40136.261010410664
98.34991528420731 0.0069 40590.98646165794
98.03051312509612 0.0066 40383.313306473705
98.31590333077065 0.0074 40285.71838174645
97.09862856383015 0.0071 40198.48659919286
97.79127124334991 0.0071 40156.04157520142
97.92797307327345 0.0077 40225.53792132257
97.7318347798304 0.0064 40253.74678995635
