4.060335584694049 0.052 30943.935211413373
4.4294534189115495 0.048 30961.33635071195
4.797605363367828 0.0505 30998.341354844655
4.158497835928937 0.0509 30975.322671732043
4.361201439883589 0.0482 30991.622503230905
4.152524550850899 0.0483 30869.344863272167
4.599581539824012 0.0454 30910.569088787284
6.600533887075633 0.0439 31251.44312127532
4.365116166097474 0.0444 30929.67401374095
4.259424215413249 0.0499 30778.249682327703
5.70653098337625 0.0424 31115.298199616493
6.074796591997841 0.0462 31181.75281182642
4.957906611486698 0.0426 31046.56047441048
5.425439603268561 0.0448 30905.879317183535
6.449217275093099 0.0439 31111.699900174866
4.820464996630318 0.044 30957.75811747947
5.0280169306764435 0.0432 30880.39534794889
5.378467191534757 0.0443 30902.74573970198
4.652487160687271 0.0459 30832.59186842689
4.863602565238455 0.0393 30800.880751341894
7.714645316845349 0.0364 31298.234421777895
5.027122008877649 0.0397 30967.285472727955
5.947999325542942 0.0423 30949.302785869793
5.056645810959467 0.0406 30809.400940578103
6.274534578243189 0.0392 30971.165280417652
8.661567407513571 0.0355 31275.432551856753
5.8988942591155 0.0377 30989.881564733736
6.781767182016408 0.0409 31085.46147881535
7.726982101668148 0.0374 31168.98406469663
6.325646144624558 0.0376 30944.099987829704
5.980296094058086 0.0409 30876.75132072078
5.543328257944766 0.0387 30684.993572318614
6.363644631538972 0.0345 30860.57247269263
7.005072847911622 0.0383 31068.73400809913
5.480524416647736 0.0385 30774.882903404246
11.566264187528038 0.033 31664.49934173634
9.598565616375332 0.0344 31556.130157210224
9.525541162004778 0.0314 31319.15639428431
10.011614156746376 0.0323 31295.843826415403
8.582714218304423 0.0344 31122.508957436447
6.583440181089442 0.0335 30885.487082072526
8.505454926412424 0.0357 31164.46231595909
8.636491175413589 0.0353 31169.438850138893
9.621611618679465 0.0325 31403.627547501466
7.076659329863092 0.0328 30955.681754376277
6.808926924674054 0.0329 30873.457881387778
9.853383680279906 0.0293 31120.166218180184
8.48912698109855 0.0305 31025.4123838997
7.54950085041017 0.0312 30673.505133107505
9.238083059407211 0.0323 31142.594131191418
8.529640934455227 0.0322 30924.951001401652
9.272330785489322 0.0296 31220.219872427497
23.52281560651046 0.028 33174.31857170754
7.580180450389789 0.0316 30942.445477835114
11.392257137449299 0.029 31333.732573048233
12.65645181374936 0.0289 31736.44547452624
16.428092659002 0.0269 32252.267993002737
25.052633602323137 0.0263 33239.45378944455
18.335251095924825 0.0263 32364.787507757486
14.503918313975522 0.0265 31916.686798066738
15.68482525844377 0.0258 32002.977242042092
14.93271503677048 0.0278 31938.55061062295
14.523411180505407 0.0271 31829.412812948194
93.24280554083725 0.027 40774.43327158685
24.818669691087962 0.024 33250.41281984425
16.88973194441159 0.0253 32235.458762053815
92.33670878617116 0.0229 40528.735045643305
13.585732291135914 0.0274 31562.34402969153
14.194379440153673 0.0268 31858.645360281742
12.197026085681562 0.0259 31348.553258215816
42.314749918017846 0.024 35732.63417730989
28.711398666107403 0.0245 33626.38508486536
19.87181985298775 0.0261 32656.8501866163
28.51804363458059 0.0239 33715.070212239145
15.437399028762853 0.0266 31763.70928493778
21.800523689166035 0.0258 32828.27115521137
18.886424564027017 0.0242 32527.92548460878
22.624996626755504 0.0237 32903.52436748665
23.436693293324574 0.023 33003.22071340788
87.16182009285444 0.0227 40115.28473041934
28.706702364074225 0.0229 33836.8653291938
97.21024527053484 0.0219 40784.45918873896
82.54034787220081 0.02 39530.819632863386
34.20195011186455 0.0218 34279.570807212775
34.0585102397844 0.0231 34331.1528024758
97.07648432905202 0.0198 40807.13527364122
90.35471806909062 0.0219 40297.57091988318
28.617409771919437 0.0235 33282.675032155224
24.83565917774972 0.0218 33149.07166732158
22.599013033912726 0.0237 32737.846641052158
95.1773085649893 0.018 40695.710924089464
94.83209573068135 0.0179 40658.94609838083
53.676292643412495 0.019 36515.0004042561
90.24812430824319 0.0195 40210.671584244075
35.72793679196346 0.022 34633.5327536846
89.06799785924315 0.0185 40043.772115349806
94.60292045286552 0.0193 40482.36335992024
62.42207883470311 0.0198 37170.66544087281
89.64462694847565 0.018 40135.39520653829
64.5967797514007 0.0206 37234.10479054221
80.11737759866733 0.0164 39015.28517728343
87.20351493742358 0.0188 39931.84961369175
97.7381420090456 0.0159 40845.079454747414
97.17750199666416 0.0177 40618.04164831975
84.84831450527183 0.0192 39708.26761956427
89.77406975003667 0.0183 40019.21343358337
95.37023552336557 0.0154 40378.57687794503
95.81406576619548 0.0166 40549.49537772764
88.19545978641364 0.0165 39825.90652261978
95.78048648676923 0.0149 40410.79058909306
95.76912655100921 0.0158 40505.84601353432
97.69483300005933 0.0154 40458.982289289735
96.45014108980442 0.0187 40478.759462365524
96.40407853053004 0.0141 40512.55114479584
97.59207538837694 0.0147 40601.68275312768
98.05808942139446 0.0166 40691.395867410734
98.25617657968161 0.0161 40795.00952217936
96.65281178206425 0.0159 40454.611636249334
97.09821093365937 0.016 40564.481892534044
98.37769467607005 0.0143 40515.55260178342
97.68836775851233 0.0153 40618.00729691285
98.22788072890532 0.0136 40543.23137444032
97.35772976968495 0.0135 40404.685646825594
98.10368323811743 0.0139 40747.91287782313
98.07903549711224 0.013 40474.1962690486
96.64359532630573 0.0116 40428.56296821521
95.13739688278795 0.0144 40137.949702948215
88.95559949727135 0.0149 39829.87281131029
98.03610992461101 0.0127 40587.64818677124
97.7947831377358 0.0134 40576.887516910305
96.34599978944314 0.0135 40418.3400783963
91.94380769379103 0.0151 40095.621467930534
97.40738535135404 0.0134 40585.52096368109
97.0524023957958 0.0126 40617.77308881495
96.58282918689478 0.0127 40552.29211630561
97.76960351510766 0.0145 40541.112986713786
97.55892456754373 0.012 40431.31964348438
97.81202610331069 0.0118 40520.092449971446
97.24894200743756 0.0135 40496.96872774298
98.05280318968153 0.0136 40428.44609365309
98.11703491933636 0.0124 40664.557368795126
97.44131114187721 0.0121 40377.961508514025
98.17624673194337 0.0099 40674.709081463756
97.86500713516358 0.0131 40363.979457537615
96.04045975672605 0.0148 40374.814750661804
96.22866185077567 0.0122 40174.209632338454
97.844315324958 0.0108 40255.964225905635
98.34275306815879 0.0115 40399.866463415565
97.93289733139679 0.0116 40475.4205355351
97.50853293570198 0.0114 40210.9008006363
97.55361196625272 0.0122 40515.1289182677
97.15344331086193 0.0112 40396.771702981256
97.95640206734613 0.0106 40253.532339464415
97.89149456801269 0.0111 40371.27080298021
97.98271093904833 0.0099 40434.274591553105
97.17927745948707 0.0099 40089.11550982401
98.33938000599169 0.0088 40465.53305994913
98.136453458433 0.0103 40507.006675124234
97.7079961468569 0.009 40550.23175949781
98.04740636067547 0.009 40291.72040877298
98.21420281948568 0.01 40413.956562496634
98.28095230704291 0.0085 40459.82778831896
97.2878807714066 0.0099 40523.60143794625
97.75803544347373 0.01 40279.6691259714
98.13342877842165 0.0091 40248.8817041779
97.62174491944108 0.0105 40197.97752364825
98.35910147568305 0.0089 40443.77898345147
98.32262679302322 0.0095 40383.03047408234
98.18225298369163 0.0084 40333.65830461383
98.23889747002163 0.0093 40430.62943195438
97.90348991374148 0.0094 40222.138455530796
97.78765418462979 0.0095 40393.77353814839
97.894069508537 0.0108 40281.61093009435
97.52282017501874 0.0103 40313.68923528139
97.73407848284836 0.0083 40317.66550856971
98.0519714482828 0.0065 40311.81625889323
96.87897557032966 0.0089 40166.164060535295
97.63207665674047 0.0087 40187.752228103534
97.69460989590162 0.0087 40345.445613773794
97.78864325682905 0.0084 40055.07493456357
97.52317273667622 0.007 40348.17907392161
97.1438997498572 0.0087 40030.52432756737
98.26982955646716 0.0077 40389.26698605559
98.09447124005254 0.008 40174.69292367336
97.70766837237045 0.0083 40147.661884260124
98.17793937872854 0.008 40463.11307454691
97.99298088583986 0.0099 40369.15032956432
98.38111203821994 0.0067 40191.02186820657
97.87081878918077 0.0095 40329.039406651646
98.24244253540809 0.0076 40217.3804899996
98.24251654156701 0.0073 40398.64595527381
98.09411480842205 0.0085 40378.00784496588
98.10239660347393 0.0077 40329.38830944564
98.19094746952287 0.006 40129.2822459854
97.85231947953373 0.0069 40092.88474363038
97.87147431208533 0.0076 40267.49690105595
98.13025072394325 0.0077 40022.4268002608
98.2478387908822 0.0055 40303.48814965582
98.37015712868555 0.0068 40213.38736921785
97.46845443427523 0.0065 40332.50270146869
