3.4147438772794056 0.0546 30957.74482205101
4.371126405475696 0.0485 30898.008899970482
4.561507054872542 0.0506 31014.761760218415
5.031065756198856 0.0493 31077.16913941003
4.923102889428041 0.0483 30911.832432169336
4.6211297089241405 0.0464 30981.342700054593
4.314920019176889 0.0489 30901.567289171962
5.286410675923786 0.0475 31096.78807838281
4.882948108113897 0.0459 30975.833217483836
5.389889260215434 0.0417 30878.856301807595
6.400783323903763 0.044 31243.338590626525
5.0163406624377735 0.0444 30790.690252140084
4.9295455482949535 0.0464 31078.7411479695
3.7120293915526554 0.0467 30821.145386004242
7.974372817708398 0.0424 31353.285669188255
5.677843334982437 0.0421 31062.08551360905
6.645302762655733 0.042 31293.3936927767
5.855882075766989 0.0443 31194.081155026375
6.301100650702039 0.0383 31047.97284101469
4.656355784217113 0.0387 30893.35199367088
5.926499069236469 0.0409 30994.235511806422
6.999759035399358 0.04 31007.693509585246
5.461122189569689 0.0406 30841.26075726532
7.49795491180407 0.0388 31116.90121552545
5.507776132625304 0.0409 30907.081477574586
6.404104042170308 0.0397 30866.513179536112
8.406867160689293 0.0413 31312.411164190038
5.314849591966352 0.0414 30801.99346011727
6.915369065591577 0.0367 31108.206663654244
7.859221299169658 0.0339 31129.915298307493
7.94115145364854 0.0367 31089.778229179952
4.573678713881244 0.0389 30671.263194800787
8.377199564357229 0.0361 31229.897451301385
6.59232291231532 0.0367 30871.663405022882
7.254339317172377 0.0377 31006.07967953179
6.605026623798493 0.0358 30834.03598810553
7.4359461110847125 0.0358 31063.08042967892
6.62353284595053 0.0338 30909.46630344799
7.329796811150813 0.0363 30946.10578382782
6.999795558828098 0.0359 30923.751133490143
7.449363178328118 0.0324 30964.675715019966
7.797026033523571 0.0348 31031.548035834207
10.197332696390845 0.0346 31428.85617589578
13.39108171691399 0.0299 31721.264717700444
7.997436720909992 0.0338 30972.067713586977
6.517645536907882 0.0346 30571.225160547947
8.313623292203895 0.0312 30879.750409090604
13.03322731816859 0.0303 31726.965352414813
10.26881890438943 0.031 31426.546080645676
10.13063181203471 0.0295 31315.538417897715
10.25130821095042 0.0275 31231.952715112344
12.072036845233548 0.0279 31517.260752175585
11.874811368849674 0.0318 31512.27659583082
14.463795579915473 0.0288 31886.480210664577
11.304156220074134 0.0279 31261.14405937306
13.715344213921666 0.0304 31723.031791563044
13.996563372701354 0.0289 31750.221505098463
13.174166086051022 0.0279 31564.510365228285
15.734046570099407 0.0271 32038.646728033436
13.428740497861279 0.0274 31668.654635199633
10.354440659651154 0.0296 31233.264479127272
12.045640890654843 0.0272 31430.746562450742
13.371910663573779 0.0251 31707.310983507225
15.252425992417214 0.0269 32056.180199064638
34.986324524210225 0.0255 34720.16919101468
13.739869797289954 0.0251 31700.680992478352
18.005548359712122 0.0261 32408.327923632012
23.27292862406807 0.0241 33116.12013406132
8.71668462973687 0.0284 30985.97168472496
19.096341559731272 0.0233 32522.98996799571
94.48813524719831 0.0257 40730.76275022513
9.400573800212808 0.0274 31064.63397325914
29.96072373214771 0.0254 33623.167422337574
14.338093121874973 0.0254 31825.132973930096
36.52801436582076 0.0235 34432.57215939355
27.091149053734046 0.0238 33313.72020917447
15.501964038674668 0.0261 31918.479122122782
37.55271363886379 0.0236 34622.45489435049
53.42905426849327 0.0218 36187.20442459994
37.9630210132277 0.021 35403.711810080735
26.22078434955493 0.0239 33276.61241537675
95.23222170335089 0.0224 40886.27537929889
97.94209839056042 0.0201 40949.147828614565
88.72838971866398 0.023 40194.4830987231
46.63788261317392 0.0214 36214.13396709033
38.04980435104773 0.0221 34960.207943819136
97.68750899887962 0.019 40627.087196229855
23.64043812628272 0.024 32806.22288513649
96.88417398435959 0.0207 40789.116339748005
93.57149777397922 0.0187 40590.10619399248
60.692840602324345 0.0202 37563.10594594469
53.54864753120694 0.0196 36432.310065113
92.10282123806492 0.0187 40401.603402594046
27.93788477921048 0.0209 33623.62060000195
92.10737663672413 0.0187 40379.10264448124
96.2208635042459 0.0209 40511.72213204409
95.18338230782227 0.0206 40662.92502460013
82.61291691147402 0.0182 39188.881291450256
97.26184527815096 0.0181 40675.72577022931
89.21687307544885 0.0191 39974.30994098536
85.28948179915595 0.0211 39697.42417814094
97.80072105349302 0.0167 40647.2456252006
95.84374763652214 0.0163 40447.688326072515
79.06006566310882 0.0168 38925.665469678184
95.05489076270929 0.0151 40488.42677522882
92.69645466696552 0.0196 40315.06522158271
96.34421151435855 0.0199 40528.60323272622
96.06611390055907 0.0157 40584.87618533376
88.63406507996532 0.0189 39914.53762735202
97.76533123177171 0.0147 40589.229670303444
89.4582893180744 0.016 40205.59255580977
92.4662663207272 0.0162 40230.90931699702
94.52911182999502 0.0168 40183.928526519245
95.12160058944754 0.0187 40498.052843479476
91.99037288788954 0.0171 40433.566687989616
98.0790993968439 0.0156 40786.565727961235
96.96849750602627 0.0148 40364.529576681554
97.8612598059036 0.0149 40752.792527029946
97.2251506243091 0.0153 40725.66914651942
97.38206238130171 0.0155 40699.4947322471
97.81236712569896 0.0136 40567.57723037437
97.40078210339993 0.0174 40467.425562424585
89.25932336073689 0.0148 39932.578448360306
96.30731701523514 0.0126 40402.69198262051
96.46834252473514 0.0131 40442.224934105376
98.05721250441495 0.0132 40495.845284345975
97.02595707762461 0.015 40548.1987280727
96.94521127285725 0.0135 40477.66726040368
94.07230501888155 0.0127 40367.496391594235
98.18320234261843 0.015 40621.05384440311
94.86493299309264 0.0149 40255.36737652129
96.54805839974497 0.0121 40198.57679282381
96.90903018917828 0.0141 40444.80446800065
97.72619717783931 0.0119 40390.57987004549
95.43601032700803 0.0142 40419.0712319229
97.09354554567456 0.0112 40371.31583301153
97.41716995893805 0.0141 40723.03256274003
97.09593803466403 0.014 40437.62874834106
98.09146807114583 0.0119 40487.754628670424
97.58383077601889 0.0115 40465.50668942517
97.52153362489639 0.0116 40444.43162780958
98.20523022682639 0.013 40492.181454964135
97.61418592210184 0.0137 40316.57932763853
98.05809996957919 0.0107 40354.21318520967
96.74498678056136 0.0127 40367.74294657671
94.98266979477619 0.0144 40426.019728528736
97.4471140415429 0.012 40387.70841284609
98.22049387928755 0.0108 40492.32783709487
98.10651028654182 0.01 40686.13939662155
98.06277236062502 0.0121 40433.27157805037
97.52280259363528 0.0118 40280.84841569676
98.22910716696245 0.0128 40190.18856943702
98.00562809152483 0.0085 40352.64690316935
98.37879021103787 0.0103 40639.925745414876
98.0644985290944 0.0097 40303.81716154233
97.216978099137 0.012 40424.67316785417
97.36983963662122 0.0095 40129.80942283253
97.41290829496143 0.0108 40135.52119615047
97.8799678648942 0.0083 40290.01158073078
97.94873261726555 0.0112 40266.14803323513
98.3114898183928 0.0095 40290.13838755894
97.57142298731534 0.0099 40298.6257732662
98.08804798486929 0.0089 40351.78173063275
97.59433075962781 0.0103 40308.21889396282
98.16551511500712 0.008 40391.78766840752
96.64570955135507 0.0104 40221.093458767566
97.11021529744315 0.0092 40272.01540002448
98.10852863083677 0.0098 40349.7342262556
97.51485531852792 0.0088 40317.754300170585
97.87059028101879 0.0085 40457.585871923104
97.82958966028254 0.0096 40210.31152154622
97.63538681613997 0.0104 40398.68727898612
97.9018732881879 0.0095 40421.61125664441
98.36518343754031 0.0075 40475.562945877246
97.47675764673326 0.0085 40167.1773311518
97.97441064360174 0.0077 40567.18465991388
96.82170171658022 0.0089 40381.439736500586
97.69458606370445 0.0081 40210.1505734283
98.28811846473104 0.0087 40512.62991140027
98.23059866589706 0.0076 40340.81486064659
97.2539092156764 0.0067 40142.775373559554
98.25305548870686 0.0071 40359.6701211052
97.58656202270481 0.0086 40239.78706186959
98.21726910064632 0.0076 40490.82269180787
97.48223641233535 0.0077 40409.810088299484
97.68337053945481 0.0071 40216.72539678418
97.88447859722946 0.0079 40104.08916428323
98.11487165167284 0.0082 40284.933201217405
98.35074555444353 0.0075 40226.7211106941
97.50047605209865 0.0086 40301.521525516924
98.38564727733007 0.008 40240.05215045173
98.21722157271672 0.007 40353.98381443349
97.97922538088093 0.0075 40278.1774914518
98.19101364530725 0.0082 40263.54081383378
98.01320819631296 0.007 40194.19964701039
98.10059937272372 0.008 40444.78276230534
97.79047371769535 0.0081 40252.67229754424
98.31195092689582 0.0071 40106.865569518835
97.9225007828663 0.0063 40220.44807154443
98.08688595806497 0.0077 40445.2079281176
