4.771798875510452 0.0462 31200.8650382288
4.860193508129951 0.0493 31121.250554869166
3.514883532805021 0.0518 30738.7692559864
4.7910370065177235 0.0496 30946.105875005665
4.03133431356331 0.0496 30921.955010717968
4.105832120565976 0.0476 30877.956643784295
5.656294836218914 0.0469 31187.094347340648
4.1189185057982165 0.0486 30895.712347191875
4.927464143362719 0.0449 30936.044538442853
4.620407952301458 0.0464 30878.957761521408
5.177947373150302 0.0432 31032.20561823779
4.831145608096606 0.0441 30886.329270148093
5.240172562715534 0.0454 30935.719099903556
5.69811952053954 0.0433 30977.075375868306
4.7956716262217105 0.0444 30790.928194642835
6.525715197197075 0.0418 31106.65155800371
6.283318737242621 0.0385 31180.51069304298
6.225082693609675 0.0445 31091.117347593332
5.085076235109761 0.0421 30995.060730243473
5.396835622184626 0.0414 30983.12792622076
6.0697178904624485 0.0392 31038.857177195772
6.043536204648153 0.04 30872.15527990859
5.328162980616794 0.045 30805.099044053306
6.75868534959229 0.041 31005.943642162492
6.569229507090124 0.0374 31025.084627986118
5.200053934258988 0.0425 30810.00383838999
5.26720012571876 0.0378 30856.267242924383
5.655337452373347 0.0392 30833.15428842638
5.693160009882861 0.0382 30841.727436113248
8.03509570193862 0.0381 31225.15773205599
7.780054938455758 0.0365 30977.300716116908
5.652399109484003 0.0373 30757.259119011767
5.17538817140057 0.0371 30689.698867642906
8.154782404802155 0.0364 31124.41287376176
9.383369368837764 0.032 31421.549631750608
6.751850701394115 0.0346 30823.164022600962
8.507244418160496 0.0346 31432.204365659865
10.701075210341829 0.0314 31413.834267264116
13.08981642006988 0.032 31752.80065383882
7.209398084886075 0.0346 30785.930780376537
8.009530166362865 0.0325 30973.078707650988
5.35837118594733 0.0372 30611.263786594118
8.363908476826802 0.0334 30997.743430664515
7.779635433123894 0.0336 31049.014921075657
8.087956978148375 0.0318 30974.11711383195
7.469715218475859 0.0327 30930.01299550286
7.960071712100625 0.0317 30909.4290493291
10.032625712927855 0.03 31462.150575047697
7.716626812196676 0.0318 30713.352337766068
11.105475440944302 0.0313 31339.645305804726
11.203609845780743 0.0301 31481.002175971633
10.860711015094886 0.03 31378.026033902708
13.755902419490612 0.029 31771.673098371757
12.877056983731302 0.0283 31864.479987228766
12.286341763226291 0.028 31474.45934844467
10.75023992318826 0.029 31222.877720411783
20.539106020445665 0.0272 32732.234365212353
96.89420185186827 0.0241 40934.52376463712
22.494592066652455 0.0243 33031.1386587443
13.364562159024773 0.0285 31665.79282388473
14.805431234517618 0.0268 31785.307828102854
9.437119526435374 0.0311 31081.95877397528
13.127889085175173 0.0263 31698.74548129448
31.068025273260265 0.0236 34182.19328066633
18.804230101059286 0.0243 32419.12447053496
20.620851544166268 0.0244 32699.490397446927
20.682516284250102 0.0247 32549.631379139322
17.09603669260302 0.0252 32239.032552334123
27.467477709404715 0.0272 33391.34462687847
29.11391679652673 0.0235 33621.20838723924
18.56889523058924 0.0248 32402.157941800982
13.32868224781706 0.0259 31654.663692829585
19.020698017378383 0.0249 32567.762035290274
24.18294829900019 0.0253 33069.59508411857
25.979712366080523 0.0234 33382.06020373819
22.3092940817106 0.0218 32910.139855081645
21.165551646810137 0.0255 32676.926421679327
25.73905257061237 0.0244 33231.45093325447
24.335089748122172 0.0249 33085.195431676664
98.08151577256326 0.0216 40922.329599536984
89.83672405732533 0.0224 40192.100081625744
25.988819095731863 0.0216 33298.824460001335
16.074595770022963 0.0229 32040.22224014021
47.71692492537082 0.0214 36079.146081339764
85.25652107900243 0.021 39700.822278727464
22.586800370007698 0.0243 32930.67130571042
78.3893948244281 0.0201 39223.7352360128
31.34404336712656 0.0228 34066.74664653653
52.92576626252163 0.0209 36752.86501778884
94.47229739604077 0.0221 40373.29143585785
92.60281370935401 0.0193 40363.280993515415
96.65027137707328 0.0193 40656.11050342173
48.9857553577877 0.0208 35796.30247688534
97.20309059358587 0.0196 40574.45518229382
98.32560039900906 0.0173 40660.995776759744
97.45460712768293 0.0189 40864.38848733441
96.41079034608742 0.0198 40703.501530625996
95.36867889160139 0.0167 40457.12719833629
97.90440121209981 0.0182 40814.37063248855
90.05797427532661 0.0175 40298.15447762595
96.48148373175647 0.0177 40631.78153204358
88.36510740961236 0.0186 39851.14452140668
88.44756514921752 0.0183 39951.4940453057
95.55665046801357 0.0195 40596.3113219001
91.23173769983089 0.019 40199.89877946579
98.21406570891394 0.0192 40877.19557092672
64.69691543863598 0.0184 37595.43529040974
71.93152675295507 0.0179 38442.55319094089
91.15487893293235 0.0168 40328.657260078246
90.4466272593383 0.0181 39984.92790986575
97.86285246560338 0.0173 40622.22535126274
97.60053795590409 0.0162 40680.044249376646
86.51418990838154 0.0164 39672.33273192322
97.75602127363317 0.0169 40722.41219971642
94.59440018178896 0.0162 40497.1557511904
96.63751379149157 0.015 40729.4449146036
97.16300067751487 0.0142 40453.79106826639
98.08488579521959 0.0173 40763.09806145322
98.20440523213773 0.0164 40563.54542234945
97.97272961578322 0.0131 40642.56105074393
95.52113634012878 0.016 40365.00044515096
97.49152950081091 0.0141 40546.390825633076
95.79183506383929 0.0164 40436.56653179801
97.61208803877145 0.0131 40656.17890368591
97.66118056459301 0.0147 40456.50216178122
98.00972033621903 0.0153 40602.10819749155
97.88230755747355 0.0152 40737.23433452127
97.92456068923713 0.0135 40550.42927308307
97.5023090701196 0.014 40428.87881109615
97.84750334273325 0.0155 40340.41645251773
96.24654308980303 0.0139 40194.49635969825
97.02348776600273 0.0123 40425.82670126596
97.73113552950477 0.0126 40382.9423897744
97.53986166366506 0.0113 40430.33490726158
98.00952884299038 0.0138 40536.12383605559
97.1715619098115 0.0124 40488.0743691269
94.26553205407501 0.0125 40290.438700291204
97.78870100480518 0.0126 40568.44586429957
95.6188090933349 0.0124 40411.55623445627
98.1647573426201 0.0142 40547.90861166975
96.76640405707977 0.0126 40379.17907007048
95.10589268404195 0.0133 40213.01657568934
96.56944291178091 0.0118 40473.590716811836
92.38440903961354 0.0116 39991.71185673811
97.80321416326834 0.0118 40638.77084758498
97.67537935460463 0.0117 40353.169859107555
97.43489384232562 0.0119 40410.530434324
98.0874396810736 0.0097 40274.9530905921
96.9997484903969 0.0117 40130.44762997079
95.01369312790877 0.0115 40199.82917954956
97.83009273640018 0.0121 40563.62150854469
97.26038313936859 0.0116 40391.14975210658
97.72115608627428 0.0107 40308.257275243406
97.71060477001929 0.0109 40337.727591703224
97.6030430619777 0.0093 40377.99636689043
96.76785302234899 0.0101 40140.27260301503
97.56354511948865 0.0104 40179.6049760624
97.75055301996436 0.011 40397.38155616846
95.04439528600335 0.0089 39957.38267905264
97.45582178620144 0.0099 40382.437692531064
97.35672700573372 0.0092 40229.72712202584
98.36448492550083 0.0092 40368.916545454784
98.37490296698148 0.0113 40350.768034032684
98.11803988795567 0.0095 40219.72682692587
98.17204174998427 0.0093 40405.12517852533
98.34793201149087 0.0088 40464.82486683311
97.52103520005565 0.0104 40212.94908719647
97.80900282166063 0.0083 40424.42732032067
97.96518145076429 0.0086 40221.98161246454
96.2906765686106 0.0091 40182.4145488192
97.5011736244501 0.0088 40273.1067982551
97.4991282065368 0.0099 40176.07942985616
98.01031375523473 0.0074 40544.64276374411
98.07557599384708 0.0089 40509.58776297851
98.3184641220359 0.0081 40290.39975441668
97.42303857531103 0.01 40248.95389658328
97.85230531768985 0.0078 40360.70458757879
97.56994483296621 0.0084 40373.40641229281
98.03765083143999 0.0087 40296.47535033967
98.28291811073922 0.0063 40370.831749353594
98.2654477302963 0.0065 40360.83927700442
97.12555384791789 0.0095 40198.69551545245
97.0574610493619 0.009 40063.95301845298
97.7281196733589 0.0077 40480.683744033675
97.23903511853791 0.0075 40178.108034288794
97.95376772015128 0.0075 40373.927903863216
97.9244035251534 0.0091 40032.606438958355
98.17045644546107 0.0073 40281.10396836548
97.1114103205452 0.0073 39915.43852702417
98.35956027399068 0.0076 40040.06200181372
98.13581410226708 0.008 40195.97000385516
98.32331435391757 0.0077 40211.368141068575
97.6351701667326 0.0067 40070.895585774895
98.24493527010966 0.006 40179.50428314329
98.00066918914715 0.0061 40064.4442479098
98.15276656833026 0.0073 40156.42412697366
98.32494944376724 0.0069 40088.96812778245
98.21180356791582 0.007 40213.050260037955
98.23970032988116 0.0069 40320.643733936064
97.97249334156487 0.007 40065.837390176705
