4.2915652533895035 0.0493 30985.535656269163
5.074595036739036 0.0483 31089.755430892255
4.131346262966257 0.0503 30829.882223591063
5.016045670441517 0.0469 31190.93784922281
4.099266662476271 0.0462 30877.977496232666
4.993024751011415 0.0452 30932.860689556568
3.856775552385288 0.0458 30846.818713776775
4.568883432052336 0.0495 30915.469766929924
4.908584216157909 0.0475 30981.903833988017
5.689641930332674 0.0411 31077.215764456243
5.17041693859906 0.0442 31043.933877017353
5.684026009818335 0.0455 31060.344644967994
4.224135749648005 0.0479 30858.115800445634
4.6339105961796765 0.0429 30850.84257408426
5.49847182233534 0.044 31024.766592114196
6.150517946337163 0.0428 31203.419844850625
4.698586144913069 0.0426 30681.19397489151
7.091987691876988 0.04 31268.4795208523
7.627958562474695 0.0409 31339.78280869484
5.402395493412268 0.0438 30871.63109581286
5.323144891118791 0.0411 30964.837610001578
6.119572141744656 0.0416 31114.473846182573
5.865098478350868 0.0401 30842.767943841984
5.570693537279432 0.0414 30980.636587982826
7.045962301035016 0.0356 31160.102757848785
9.40969308599053 0.0367 31435.196047883775
9.041090833268258 0.039 31239.384108918995
8.824328585868017 0.0382 31325.6249062942
7.675519171612879 0.0362 31229.021121602884
6.74900624535953 0.0375 30952.115558084315
5.767627009944665 0.0358 30871.606289416053
6.621954248388504 0.0364 30840.985145916882
11.960666327891117 0.0341 31515.088684051218
6.431115316750253 0.0407 30875.506113969375
7.626411005225204 0.0342 31045.466091831186
7.18104835861208 0.0356 30868.420769536646
7.559167285890461 0.0351 30917.520974704126
5.7195812632352485 0.0385 30886.492074827816
13.073083619947722 0.0288 32038.890966433286
7.80686389114174 0.0321 31139.31015451545
7.236455345930379 0.0367 30992.353628911314
8.84971499017156 0.0346 31230.046745780543
8.423311155151525 0.0352 31013.67132340122
9.308978896037498 0.0324 31226.432036028025
9.250690793573332 0.0339 31132.66471516842
7.906096819221554 0.0332 30933.272077118338
18.27910238375366 0.0288 32447.466636585643
11.39250626193927 0.0304 31580.59044095765
10.65210386215555 0.033 31285.538817106113
11.20565156191712 0.0316 31286.353811589604
13.359960816908298 0.0291 31735.910055177228
7.091964072320831 0.0316 30765.58038280113
12.218376838351924 0.0289 31582.81691487849
11.095811768971293 0.0288 31309.54863192435
12.605242305850568 0.0272 31476.86089236648
11.269208183410967 0.0326 31364.80027227348
13.248976483391615 0.0295 31906.516492381714
14.149147892541048 0.0292 31844.958256457205
12.631465528653651 0.0285 31481.143957752935
15.98265595935776 0.0274 32265.289247852907
25.440165102938124 0.0262 33163.020492977805
15.803102857203514 0.0274 31906.353328829344
19.48519436609124 0.0253 32490.64221092338
15.09158376102799 0.026 31948.080085014946
14.815908659820526 0.0261 31896.359478192066
12.165784890891326 0.0256 31570.786507321707
29.38013564721041 0.025 33788.70825640359
18.810895793986138 0.0262 32402.251746108723
67.05830442295529 0.0231 37957.77418177216
21.616344201919595 0.0238 32985.179973777995
21.31330969165375 0.026 32685.3504192514
14.281604452743284 0.0268 31719.21592367748
15.304876677881818 0.0258 31895.262471336355
23.96905410181353 0.0231 33120.48947320321
15.224577336188219 0.0251 31746.354584302455
20.69869661356966 0.0245 32753.98079567442
25.75808507607759 0.0224 33420.66786347382
26.353087917656392 0.0239 33636.947319886254
36.590592158223394 0.0229 34198.9104820522
20.46953949377129 0.0218 32616.308491701722
18.927647204271036 0.0232 32341.702689850576
86.48366312529873 0.0221 39963.18256802402
97.21405796247473 0.0236 40961.67131116768
95.72356627477836 0.0205 40681.332754637566
97.84411217224277 0.019 40811.26241561781
64.60003477655827 0.0209 37440.96034795733
95.52593679862059 0.0215 40831.88931091619
93.07274924938531 0.0194 40444.065155662945
90.78189798911697 0.0204 40275.5225673741
84.69089030119466 0.0207 39805.84354264335
80.17150434207693 0.0195 39243.16069020216
70.66172458836414 0.0215 38781.53025110577
95.70278640439825 0.0212 40786.74924677815
82.68372026840285 0.0168 39488.726492136266
55.48666465809663 0.0195 36602.83163987001
87.66775282078189 0.0189 39979.48650730049
96.96904331966084 0.0189 40726.13689511885
41.14499954987581 0.02 35587.6350112864
98.05982381676009 0.0177 40655.470938418955
95.07850895919272 0.0204 40495.50076563997
83.5447047880351 0.0171 39850.83163556902
89.1921446526404 0.0168 40111.4052995846
85.88708753533317 0.0181 39808.865268727066
94.72003676124497 0.0177 40173.112255461536
97.5229044365934 0.0179 40823.28655870098
96.50500983754816 0.0186 40310.52285257104
80.50256410725217 0.0188 39430.32793070535
95.90229570395749 0.0155 40591.86520562286
96.93906394073832 0.0175 40570.51208168768
97.43300786711868 0.0168 40722.61317843263
97.90238502395209 0.0163 40694.78047433172
96.79696863726431 0.0163 40912.76170242101
97.20480647411708 0.0154 40617.656278842696
94.43840284783738 0.0159 40245.58326090356
91.57779895136295 0.0162 40175.96731244209
97.68481520632164 0.0145 40626.28846786627
95.79452232234513 0.0167 40564.213999027954
93.60616267931618 0.0156 40221.540470272455
97.24244137084848 0.0161 40486.9561731687
96.57650033728426 0.0154 40590.174500304594
94.66164854337795 0.0163 40279.04041883177
97.24666708297492 0.0128 40535.35526837586
88.47712732904088 0.0169 39768.954394014305
97.60949304355891 0.017 40412.86878463376
96.86996006889018 0.0155 40485.73761154364
94.57262049097955 0.0156 40224.08705732949
94.7629025866167 0.0136 40201.20845958478
97.18160506954065 0.0149 40640.824253112245
97.45580336879816 0.0137 40466.91048214046
97.38635523131562 0.0138 40350.10944142749
97.05668668388479 0.0126 40444.96271286985
97.88673166094645 0.0146 40569.62948916873
96.20386496332166 0.0119 40379.40142805948
96.06220279178855 0.0132 40204.02640435451
97.64928037282439 0.0115 40453.80203503566
97.47018764084622 0.0125 40282.34380919085
94.87677334645733 0.0142 40361.1039297639
97.18687030722519 0.0123 40317.137099905405
95.90840376492844 0.0136 40370.77031413196
97.6794891538354 0.0124 40633.700742159424
96.81545646081635 0.013 40126.68721280864
98.26274701330385 0.011 40516.56897312395
94.10850352856343 0.0109 40088.6978961609
98.07441424415714 0.0132 40469.79688482235
96.75158262836887 0.0125 40248.97750304955
97.9997021911473 0.0118 40373.302245490646
98.11646700507488 0.0119 40381.921541169424
97.83823307426326 0.0135 40448.08506434756
95.81363143142212 0.011 40371.238205030844
98.19277233233684 0.012 40376.72996996128
97.98241565560579 0.0119 40540.36845772368
98.11212746889105 0.0133 40469.31831143843
97.99589046236363 0.0115 40330.71954404024
97.98283746331501 0.0119 40432.814324053914
98.00048091717487 0.0096 40508.16410765306
97.48797545402965 0.0098 40430.51698665286
97.11853313598239 0.0111 40310.23467264378
98.16785435884566 0.0112 40407.74502482886
97.7900551044665 0.0104 40543.437266421264
98.11745127973282 0.0096 40515.24805767239
97.69702325203669 0.0087 40421.35598797753
97.81923533574988 0.0098 40017.00317208694
96.04118792453217 0.0105 40427.382769714575
93.76478313232619 0.0102 39990.47637327614
97.1609219200057 0.0099 39960.169662274995
97.21487693183833 0.0114 40179.42112812179
98.17194886900785 0.0107 40283.04815307817
98.12146703663238 0.0101 40274.27788434747
97.77536475153548 0.0108 40271.26363335751
98.13798570395711 0.0086 40098.96976271815
97.96161758661128 0.0079 40249.85594353323
98.20495551446263 0.0093 40377.30519626549
98.35165875737789 0.0082 40062.05069745104
97.45450246913235 0.0091 40372.52335321806
97.35094353481759 0.0088 40087.80834897495
98.22310403593669 0.0077 40412.626321692
97.612078347103 0.0064 40397.21712761067
97.96252809457167 0.0076 40527.04924229961
98.30921746257012 0.0078 40590.30423907135
98.12224046892173 0.0073 40358.19017716549
95.87747557880041 0.0091 40114.01081493943
97.4710302811214 0.0075 40159.70493446988
98.20544450246032 0.0069 40188.601607188495
97.80332250209766 0.0067 40381.733657101686
97.89144142588805 0.0081 40110.09843943161
97.78801240998197 0.0106 40384.41384313526
98.28487259977807 0.0077 40253.57911285456
98.35358831824682 0.0073 40323.63978747569
98.14051647533995 0.0088 40170.471081217736
98.37053697146645 0.0069 40260.92265012801
98.13750715219057 0.0078 40338.675336743465
98.20453911215361 0.0066 40231.1735993472
98.36318782267064 0.006 40239.91280707725
98.29183350136499 0.0069 40323.434498073875
98.284817074754 0.0059 40287.2217444968
98.31490850740525 0.0075 40046.25231977428
97.88701620483592 0.0055 40014.044324412906
97.934711745146 0.007 40298.08170720245
97.7650691578589 0.0056 40138.13982553793
97.76563881113256 0.0073 40167.98546666804
