4.66825461095805 0.0482 31251.240171442296
3.305401294976472 0.0512 30913.14859523184
5.658327417087857 0.0466 31225.72605955535
3.4324227420607305 0.0511 30848.340424588725
4.408146542193799 0.0509 30990.283208119487
4.584184824340026 0.0467 31091.38736433082
5.546867180157782 0.0462 31122.448112062088
4.645186223896101 0.0509 30960.680963537445
4.421945574274021 0.0473 30953.58157001626
4.832231457252792 0.0465 30898.41898539173
4.576929502596251 0.0455 30899.964959325454
4.519124381050973 0.0467 30935.207437168952
5.161965560873159 0.0438 30983.731270846412
6.1628449103056795 0.0426 31107.856386164076
5.707260949794434 0.0461 30953.698411147343
7.702371277230093 0.0397 31314.24307417966
5.121911741337062 0.0434 30922.29615476036
5.313111493926694 0.0447 30922.97893892525
5.028449647387233 0.0463 30733.0829298556
5.252331466886211 0.0419 30853.11106900109
6.990999601522545 0.041 31112.467858299224
5.479639327619189 0.04 30953.29543242975
5.575830154038322 0.0384 30902.2375957733
8.209736383947345 0.0376 31349.251836643158
4.585326733951113 0.042 30616.60016675852
4.826850360828244 0.0416 30771.881326896582
6.622263963351463 0.0395 30995.67746239631
7.956473602384445 0.0397 31328.686719966536
9.000346527816275 0.0381 31288.060805218352
9.515687774467311 0.0355 31484.21890432469
8.473774925712613 0.035 31206.58611909301
9.655322958434366 0.0356 31325.950183044955
8.536736215218932 0.0357 31188.541833438852
5.859004026839449 0.036 30800.790066630234
8.582632525296374 0.0357 31297.051785849064
6.793314249417726 0.0359 30858.214100499416
8.150260962647685 0.0346 31091.011879695805
7.726454892600067 0.0352 30984.929312897377
5.9139945451489115 0.0368 30810.749454396308
11.217024230195152 0.0351 31452.34666035232
11.929644486363255 0.0306 31521.663843862705
7.9314737768458015 0.0317 31144.41188231094
7.316816620819135 0.0332 30972.04040187259
12.416904533506573 0.0316 31631.913776826754
8.569457250938653 0.0302 30913.129177976618
8.15038089923901 0.0319 30912.03587939022
13.340769634361521 0.0287 31733.58131541628
12.35890246260011 0.0284 31569.34008134009
14.392596905183222 0.0321 31962.398525879278
7.276897594192551 0.0314 30812.86263112414
9.249042421523905 0.0294 31148.528123530108
7.74372576989564 0.0309 30904.12014518381
9.744050190538335 0.0299 31057.971949716142
90.66544883753245 0.026 40583.52563898891
12.792514313983848 0.0293 31746.62965137136
13.335108533656845 0.0286 31764.45097144655
24.482549825834912 0.0271 33314.2813207928
14.487876303508068 0.0278 31940.03690718956
14.816427116399598 0.0291 31997.179716464037
21.65953075456909 0.0263 32634.68933794356
15.561482761772801 0.0284 32150.089001732704
14.221106995500334 0.0259 31863.831483667516
25.450670813018856 0.0256 33341.54352942454
16.81734122747261 0.0244 32362.69392408179
16.063467988238813 0.0273 31921.26797442371
10.62371963368259 0.0284 31253.042260171795
11.638220110684744 0.0285 31296.107024863522
29.502051623875268 0.024 33763.828476519826
11.934843107638768 0.0247 31312.83432741242
19.50075548456282 0.0245 32513.03668970267
12.767725147998847 0.0292 31329.20832146371
91.33910550220666 0.0228 40563.528392840664
19.475939785619325 0.0247 32616.01066868024
29.790330479463343 0.024 33954.45493787957
21.23860798531222 0.0239 32589.0561678327
33.75341936176497 0.0226 34510.659114461094
92.33134163830967 0.0224 40672.473324915074
12.820991277374628 0.0249 31393.709257470582
27.73103904682171 0.0224 33605.98196958183
28.70924547213559 0.0222 33830.73367719764
31.630274157842283 0.0231 34041.561754574366
28.43159289103089 0.0224 33452.69917546734
27.158971710647602 0.0239 33539.086875337554
21.849242123790273 0.023 32724.72216533752
90.72891717792758 0.0196 40354.261744503514
96.69977348106322 0.0194 40815.55034385315
51.54839770469513 0.0215 36509.9071145739
54.05382515037038 0.0221 36699.4062924602
83.11255455754412 0.02 39604.999357684756
74.35541534447967 0.02 38762.97052749016
83.44310647885565 0.0207 39443.58534049601
88.205646815746 0.0205 40107.97177792168
66.64632795385577 0.021 37496.45268146939
26.113631571887854 0.0214 33318.04789352179
94.8258531712078 0.0184 40640.4145806492
21.20211577337631 0.0232 32677.46434450225
74.80231488413862 0.0188 38747.20235438492
91.14720810215368 0.0171 40149.44528258442
70.160364227897 0.0206 38096.25980627119
95.3554972562878 0.0168 40522.38084298813
88.52685536138245 0.02 40257.06553350105
90.62779103521581 0.0176 40060.124028434926
96.03204033365944 0.0172 40834.701182049124
94.58090210312929 0.0191 40224.751595316375
97.58632475221607 0.0145 40834.35574295875
95.3992632894132 0.0159 40414.461847455386
85.98352976176186 0.019 39395.5709392032
97.93564757875126 0.0197 40715.9550200265
90.01998709980116 0.0152 39969.20760673214
93.9537866447908 0.0164 40374.06567395892
97.1995295996791 0.0172 40526.74565595061
93.45223487449591 0.0171 40374.71245936278
92.65341444202149 0.0172 40348.02417971047
86.44340192363725 0.0166 39776.707693603
97.08434524290921 0.0157 40502.25675222247
96.11841755355509 0.017 40243.32138268086
98.15800776644015 0.0165 40614.86457087526
94.20747920317768 0.0155 40299.43263902983
90.74602764349214 0.0152 39914.6019105422
98.20460122552211 0.0163 40624.22889562684
93.67458644783866 0.015 40110.89638751873
98.12750340192866 0.0152 40532.44383854807
91.81579552442528 0.0163 40132.127470333384
97.4854542568958 0.0134 40557.91555273379
96.2516551130912 0.0153 40343.95216059709
97.49801299418476 0.0141 40174.47616396314
97.24590314272733 0.014 40519.024991879596
96.03187595292667 0.0131 40393.10474412996
98.33530920740579 0.0121 40601.853864112505
97.0015023736847 0.0137 40490.412410165765
96.04954085820167 0.012 40045.426034093296
97.14687416496365 0.0134 40264.36152088832
97.33618964451324 0.0143 40552.64070443717
96.03725492543077 0.0141 40345.5336154217
97.2734197027746 0.0121 40648.67365769728
98.25890916326843 0.0121 40567.78110141814
97.64812297162068 0.0129 40333.3203641116
96.24393436424502 0.0127 40488.80735193296
98.28902308671529 0.0128 40463.97045804988
98.15251850674996 0.0125 40422.29602567464
97.97958353336458 0.0117 40340.45528971741
88.66617151946296 0.015 39813.06103445862
97.56338138586806 0.0117 40483.30965401098
96.2433629711983 0.0127 40031.36790774587
97.67593151286171 0.0106 40680.52907116316
96.69923686704601 0.0119 40277.92313740736
97.48917830043524 0.0118 40402.216667714856
97.77601600878502 0.0098 40469.52984113578
97.01279709164132 0.0107 40472.67293392325
96.66592425298087 0.011 40311.304864293015
97.88044583003153 0.0114 40310.996816980034
97.4844333439087 0.01 40282.62827466462
97.04396556755745 0.0108 40373.98956841086
97.53595008661814 0.0102 40266.91280892862
95.13183605333202 0.0124 40015.64694085936
98.0629132221429 0.0123 40452.38180307924
96.48588137862959 0.0104 40025.03906472101
96.1441238158961 0.0125 40270.407272860786
94.56456053455857 0.01 39960.46360303716
97.57831952172519 0.0124 40275.35554053175
97.91637271735543 0.009 40312.923065796356
97.84078240595147 0.0099 40400.19116604682
97.25788662346805 0.0112 40216.13817953011
98.1383530843779 0.0097 40243.982580375814
97.90374327785253 0.0102 40496.95448735524
97.81089975394751 0.0099 40311.919977427795
98.18118856790103 0.0088 40291.24120325854
95.64600789834628 0.0089 40215.22291452863
98.0715674658966 0.0072 40399.23479939684
97.63125648512391 0.0096 40269.55244086399
98.14840284403155 0.0076 40118.60247641218
97.75080418758769 0.0095 40380.34212748847
94.67401851751114 0.0099 39884.18428913989
97.75130248073984 0.0099 40294.467670550635
97.47023600777813 0.0106 40339.35558701017
97.93859247678834 0.0092 40288.31873966963
97.23357888858885 0.0078 40281.48244038379
98.34437693147362 0.009 40220.729734959095
98.13995108875524 0.0086 40276.85475388869
97.91467674773693 0.0076 40419.4491821973
97.59188087066532 0.0081 40147.774494421756
98.26229002485454 0.0079 40121.66445493968
97.9307357321394 0.008 40210.73530874766
98.06301934200073 0.0081 40529.36712596557
98.3437171043762 0.0073 40390.52457126224
97.91761145941597 0.0064 40122.25704343895
97.85770765862888 0.0082 40217.910480467974
98.39510816590276 0.008 40222.27484354515
98.34965237962317 0.0079 40358.14091317393
98.35430537864184 0.0072 40400.01897837154
98.28639672272016 0.0063 40291.242618088116
98.276457373521 0.0081 40223.7697754237
98.16968319830397 0.0078 40189.35756794027
97.98081169054157 0.0073 40146.79158560079
98.24692001774945 0.0065 40396.232121922
98.2992294712918 0.0062 40173.711467306115
98.07181476961995 0.0082 40107.11632694637
98.04172941416041 0.0057 40020.58469820999
98.25869661941115 0.0081 40305.31126251993
98.29241441445046 0.007 40331.33979865651
