5.167189396067378 0.0524 31176.18072157723
3.585307677021857 0.053 30910.37768005429
3.973031636294366 0.0504 30941.2244118955
4.360936999571359 0.0512 30951.33147500138
5.542672463875644 0.0469 31148.771590094497
6.251563263544571 0.0457 31190.58536536055
4.285223442928738 0.0448 30886.21344311374
4.880679986365124 0.0499 30951.253358824422
4.107366740961489 0.0509 30930.080682993103
6.802126832924707 0.045 31324.561894252813
5.046793835054015 0.0464 31118.178338983394
6.481280048935579 0.0424 31325.89133246245
5.319567280970182 0.0443 31006.3690889339
7.828879778665213 0.042 31376.258929808137
4.4849674636445815 0.0426 30809.627591880508
5.097762561624585 0.0392 30907.45848230915
5.756536507918359 0.0426 30998.371939624554
5.061195193733362 0.0435 31011.560339364198
8.753080483482327 0.0393 31344.46572041311
7.170795578007913 0.0407 31223.299716904243
5.460014151272975 0.0421 30774.666742198282
6.732447110095737 0.0382 31179.697914493976
4.795441250107991 0.0403 30797.904415183883
6.028893684153637 0.0388 30947.12151856576
7.463662126012357 0.0389 31017.879103702973
5.612694269033187 0.04 30711.760105930705
5.394445108222921 0.0382 30886.147410514954
5.633954623683572 0.0388 30772.14767420522
9.820864664543278 0.0375 31507.44411166862
7.233950786163138 0.0371 31183.899014002796
8.159106178416636 0.0338 31216.42905658715
7.041125965225915 0.0369 31019.837059125282
10.639245011030942 0.0359 31501.50450140422
8.402410816353004 0.0362 31250.24795673453
10.146969926712915 0.034 31323.3764496039
8.366907711116719 0.0328 31165.76206102438
7.580941794724726 0.0364 31057.243341400314
11.495375314753423 0.0326 31680.140752367723
7.270927080256213 0.0345 31086.60489171488
7.334865217292309 0.0327 30921.964413405138
7.782677470786401 0.0359 31054.18143168744
6.879339996010305 0.0337 30946.432330115986
11.01682233143407 0.0316 31519.954272516254
27.220375436514296 0.0309 33330.8792209018
11.267940112972465 0.0313 31453.841353404863
10.450742953632128 0.031 31410.78627995854
8.214187474927353 0.0328 31079.02322570018
11.603528171678915 0.0326 31522.40732205264
10.834874489560812 0.0296 31484.979760210805
9.921650264375446 0.0299 31161.824366985133
10.296950328157955 0.0314 31394.516524300903
11.373162157425426 0.0291 31507.121814165163
10.2585934902584 0.0294 31487.565206240863
9.79121206440207 0.0302 31223.510094956302
14.120523172514368 0.027 31689.466609598698
14.61285707715298 0.0303 31903.44021806645
18.4918341516737 0.0287 32413.414839906225
12.024345729913462 0.0267 31556.541887355957
12.018310503947697 0.0292 31466.126072334482
15.144431677005475 0.0255 31896.811212753615
16.46914826759304 0.0286 32120.411675372714
13.892435556187891 0.0289 31717.29043123081
34.076387333136324 0.0233 34651.55643042736
15.700984558149337 0.0265 32089.428309312232
20.92812203219394 0.0255 32904.543939055875
23.959401481779242 0.0259 32998.72552277003
16.820036899375182 0.025 32147.950562542588
15.208155966910839 0.0264 31930.418769597363
31.344737212844496 0.0228 34355.308189373034
57.35705634303453 0.0213 37674.547603850064
15.286158875977204 0.026 31747.151649983916
28.985457606070437 0.0257 33683.217848695036
15.366272923297185 0.0254 31956.572304772537
22.449035746034266 0.0253 32664.213258266598
28.633207516572735 0.024 33860.95112337239
13.99437597612985 0.0255 31651.68687683914
14.957191568498281 0.025 31697.557759593856
28.603355845608405 0.0234 33646.62240197926
36.072474514358696 0.0216 34892.131704046544
34.35623330826902 0.0246 34310.20134811522
38.780843845627416 0.0243 34819.65648251853
38.062527330826214 0.0216 35093.061945644746
72.69100965874078 0.0211 38285.98357597698
88.50647949023427 0.0235 40194.01361600591
59.96052650071687 0.0208 37714.86608459558
88.8691372123188 0.0211 40122.084511140754
46.47642917418471 0.0204 36174.88028841009
30.100032162556175 0.022 33957.99811105809
94.77382608147792 0.019 40792.48029156332
85.73350848878368 0.0197 39690.789391146776
94.54653544015538 0.0186 40532.58294808367
34.0971780230996 0.0226 34484.86638773073
98.10841029612638 0.018 40638.3218194153
94.65979212987345 0.019 40645.033401717956
89.63328760010239 0.0178 40184.62874308601
37.38697835254436 0.0213 34956.586800164034
95.15612735541029 0.0198 40551.314978245726
97.48387345871376 0.0162 40704.036782225885
94.2375955827068 0.0198 40499.62857884872
95.2472995737941 0.0179 40463.69941276886
51.29810867818504 0.0198 35920.5379928891
96.3455127090674 0.0165 40631.98740895912
97.04710905255065 0.0155 40405.25415370165
96.52236453524229 0.0141 40716.022379615846
95.12250367415288 0.0179 40353.907363080165
93.446648262276 0.0167 40382.58076645279
95.24839750701705 0.0176 40373.24776143502
95.69585424822533 0.0152 40514.35234125223
95.57571359026805 0.0161 40522.87695471402
95.9831106694115 0.0165 40737.21240033084
98.34978219146295 0.0163 40789.45204264046
97.44565963682406 0.0163 40602.47685283513
96.72933719864147 0.0151 40868.43244640347
97.96512457335831 0.0149 40751.332150344795
89.53442234119642 0.0158 39904.27611042172
97.80059217137422 0.0154 40406.41057128716
89.37902180085752 0.0169 40063.61745900381
71.0311305666731 0.0158 37766.92593532174
94.85397987287283 0.0131 40538.91597984114
97.647199729624 0.0153 40568.87282812908
96.39660783515137 0.0162 40629.61533196136
97.63998484822974 0.0156 40484.79266807329
97.31546329977736 0.0152 40678.168377206464
98.25851571662034 0.0142 40600.408033982174
97.87228895879593 0.0137 40523.02210982748
96.85764152967657 0.0138 40348.500510599835
97.9109410236881 0.0143 40497.802942445094
98.1891035568023 0.0146 40427.47211910155
93.90605628784148 0.0142 40326.17764123737
93.6480246915405 0.0135 40180.30088283841
97.34081644054619 0.0119 40551.468382028994
95.51045718493971 0.0146 40303.46941743727
85.74145483337904 0.0163 39251.67313352957
98.06541752554347 0.0152 40666.003614774396
97.78142173766231 0.0103 40304.815004484124
97.24375567565609 0.0124 40506.95982574885
97.76827640483333 0.0114 40521.69582190029
95.65343317997923 0.0132 40234.098984761156
96.79155419251259 0.0135 40374.74624816505
98.37111081964181 0.0125 40621.941634332965
98.14079277891103 0.013 40675.99362676503
98.27097026201895 0.0123 40286.63137539592
96.78446003855473 0.0128 40302.085511543635
96.5762381493873 0.0128 40383.57533989229
98.33147411782292 0.0105 40547.30114043198
98.36674584115637 0.0111 40342.254712270886
98.28940768508956 0.012 40354.021133133676
95.23526256160902 0.0125 40228.46909554629
97.52337130575054 0.0135 40395.824251746584
97.86223748348121 0.012 40606.6554979549
96.85862715308625 0.0121 40345.31185581728
97.57940175734325 0.013 40562.33950220104
97.83470285408505 0.0105 40429.37802770317
98.24152484520636 0.0121 40389.972666228634
97.99653045785615 0.0098 40363.89724918145
97.22973050216132 0.0105 40425.71585867228
97.89763757105734 0.0094 40250.18437530031
98.23225416436179 0.0107 40345.63350999758
94.58477706798764 0.0108 40081.26567903615
97.72521395283506 0.0085 40588.233359350226
96.85103101032912 0.0108 40310.54935815207
96.93612310617767 0.0089 40450.57661192033
98.06383228559606 0.0088 40296.46451948821
98.17090824765856 0.0099 40221.68502997551
97.3737107637625 0.0103 40329.359767919814
97.9031524716818 0.01 40297.95637872006
98.3047515366028 0.008 40332.90829130036
97.7340939261113 0.0097 40350.31330880461
98.01159859295146 0.0091 40320.65585267926
98.08970189224647 0.0084 40448.75566089775
97.27764630193963 0.0088 40322.69623600009
98.23105498956504 0.0078 40460.869044135565
98.19455488842016 0.0094 40294.85307807026
97.63695582988187 0.0082 40247.81743284208
97.99642253638 0.0088 40387.16357038047
98.37505415879865 0.0084 40159.77388003704
97.68077046561909 0.0101 40199.5541194054
98.1436809029838 0.0099 40479.78590728208
97.89842274646061 0.0076 40100.19976027524
98.14658993201978 0.008 40121.13483036851
96.63746608278885 0.0084 40041.09555643576
98.19162363080008 0.0081 40400.123187517376
98.34218499089734 0.0089 40337.81134843627
97.61750029064541 0.0072 40029.74420277184
97.32716410667403 0.0089 40244.97915481666
98.22084571549318 0.0072 40463.59219557035
97.9704961439917 0.0078 40375.26081610911
97.95004886581931 0.0073 40361.6896427052
97.69621248570145 0.0085 40197.44100484719
98.03359260262775 0.0079 40377.38765131379
98.37529713943266 0.0082 40186.23095416817
96.53128921443114 0.0065 39979.68713182204
98.12897561269118 0.0064 39939.00524098081
98.21407082987136 0.0066 40358.58308168604
98.2606073022151 0.0069 40103.743285222336
98.01547355059554 0.0087 40289.21247691803
97.80765567670984 0.0074 40051.050685762464
97.92955890238267 0.0069 40337.68287116903
98.21624940275339 0.0065 40255.5026559034
97.67101223147567 0.0068 40245.85013604101
