3.9190088178894 0.0494 31012.003141446206
4.4822819421005695 0.0489 31114.062149061952
3.490795254435057 0.0521 30873.650513858516
5.13326607941999 0.0506 31051.702164754963
4.116047506859991 0.0481 30958.636755356038
3.565761508677061 0.0508 30855.679125940795
4.680866435042786 0.0464 31062.731472270283
4.784820681672837 0.0456 30970.619636282838
4.580079322150525 0.0485 30980.60504077891
6.213778048951827 0.047 31220.102178606812
4.74633679030341 0.0432 30747.808491981374
8.799378555980542 0.0404 31532.062764835227
5.800432274713996 0.0423 31204.918465057974
6.022346150196802 0.0406 31043.831350255932
5.174782045193677 0.0448 30916.594740440407
7.9181937714043205 0.0405 31472.755973676594
7.4988153479425845 0.0394 31300.17597839769
4.254661393323778 0.0407 30803.154475264302
6.127441320114612 0.0413 31109.1402762351
6.766171186631864 0.0421 31048.963107516876
5.45135375742906 0.0414 30935.8068827456
4.1564800180386605 0.0427 30655.09258555475
4.6806635819913875 0.0438 30877.41513557656
7.109684568864849 0.0392 31111.416131002534
6.849674321087579 0.0416 31068.354088945853
5.798946295050671 0.0413 30918.933918016082
6.03647579906547 0.0395 30925.815955356924
6.916160875062985 0.0399 30913.526879360594
5.824763170978443 0.04 30969.374348225872
4.920005215625484 0.0376 30710.75391292357
5.390481251897314 0.0405 30745.924028160163
5.886901983255143 0.0359 30816.74433818143
8.509485722475025 0.0362 31121.886199005134
7.2828895161871445 0.0376 31025.79577927332
6.886768754761207 0.0359 31039.99564127901
9.180559475185088 0.0354 31252.88480247934
10.917334819514538 0.0326 31606.892358511825
6.852161238536833 0.0348 30960.631662599928
6.904028390423264 0.0354 30786.301405963328
6.840339877739537 0.0363 30885.57946658942
11.135640189492824 0.0348 31539.650345084785
6.163635009546821 0.0364 30948.5648487974
9.797077524069381 0.0337 31323.603662648424
11.398134421531958 0.0309 31406.743151952993
8.558649882443094 0.0332 31247.93286375473
8.632967147490268 0.0345 30951.635391312746
8.5569752328237 0.0333 31109.59250236825
7.69502325034063 0.0319 30797.649129969006
8.689972712624897 0.0322 31085.785541515022
12.687132544503532 0.0292 31627.110289246542
9.923536177496686 0.0304 31243.0594803912
11.930144196750723 0.03 31476.46953247235
16.22410696758045 0.0292 32117.028311682407
7.934088923872251 0.0325 30818.728560314983
9.915391492746298 0.0276 31154.51078237401
19.051815503598743 0.0282 32469.436839253598
14.180110747096732 0.0276 31825.180290578
97.33689573273391 0.0263 41199.46419508281
14.223287395993687 0.0281 31990.674684581823
14.72163245338343 0.0267 31822.383109331837
12.776874175491265 0.0288 31566.969448024855
13.791512900498873 0.0277 31505.46757647054
12.566652947360188 0.0258 31490.505035459973
22.550065384261053 0.0245 32878.92237008826
12.876808549023718 0.0261 31600.645091655904
12.015570247243826 0.0273 31513.7229767611
30.581162241938507 0.0219 34313.9972231586
14.219431408099153 0.0276 31761.940889869016
24.29705105840935 0.0249 33148.1560503764
23.07094192960645 0.0244 32904.197261420144
24.230473604868784 0.0248 33274.95946693543
86.15080658541034 0.0222 40076.34224895348
22.59928471762104 0.0231 33119.26213603153
16.35088028248326 0.0254 32075.95014252295
14.896581779293122 0.0266 31858.24992871094
74.99615251040778 0.0232 38367.42512559446
24.455924948746688 0.0231 33293.76887785087
20.081842993122027 0.0259 32508.502842265047
87.80715223816556 0.0221 40133.953940823274
25.10516995813301 0.0237 33155.044249231
30.333899191001205 0.0234 33542.346537164005
97.99759485834919 0.0228 40821.17184584718
36.44593304858421 0.0238 34567.964129942884
25.524986491289933 0.0216 33013.012349790915
30.920641352872124 0.0244 33804.620101553126
39.41805507955587 0.0207 35214.51243095391
37.132282647138915 0.0211 34745.500997049
95.43657659184807 0.0204 40605.285983622474
95.04565305726665 0.0181 40672.80312395404
42.01443610832215 0.0206 35404.344802081636
64.35400968908102 0.0214 37653.10690320752
92.64976238314593 0.0207 40580.39392476839
95.61796362780858 0.0187 40682.65567314068
57.826608957579566 0.0201 37054.83940882841
96.52110980014166 0.016 40738.82291989648
88.00701226529979 0.019 39986.68425292299
98.35289876778637 0.0183 40838.569370247045
97.26764683547175 0.0165 40957.79612074864
97.48835991480391 0.018 40702.849907065705
95.21118809492445 0.0179 40626.14104750444
95.6456856687054 0.0158 40547.26269072859
97.20751022677835 0.0166 40677.41061495842
96.85950890737739 0.0179 40823.259846020956
91.69384409355673 0.0174 40327.692731539595
78.31631651103746 0.0174 38656.60038439886
95.1437072576004 0.0159 40537.885563369025
96.06615355214328 0.0171 40606.976105891736
95.63383312009152 0.0161 40461.26756806698
77.0036315965586 0.0183 39004.959566405785
96.73065625492593 0.016 40596.70366806542
97.05954358144048 0.017 40643.97826791685
97.37405524926831 0.0198 40473.92409914465
97.27470673456952 0.0151 40441.618830600106
94.53775701614622 0.016 40373.419775014714
91.35657256428946 0.0157 40170.257262808416
98.1721467762004 0.0149 40630.62022244978
98.35937153672486 0.0162 40786.567960450055
97.54894456445005 0.0162 40839.356583218076
95.29407243161755 0.0165 40466.87824371173
91.28297731052817 0.0163 40186.246201065405
96.78513233562394 0.0149 40439.961959758504
95.32521100232044 0.0145 40501.2037124169
95.00166620944255 0.0151 40405.64462552731
97.72946703250544 0.0141 40559.476096255006
91.16021319152209 0.0161 39927.20461798179
96.63827361038238 0.0149 40542.40478613492
98.18011345855884 0.0137 40452.42718763102
97.80659077010023 0.0131 40591.900644656635
96.90771664980728 0.0151 40509.80887242999
97.9753442626219 0.0128 40530.98804537664
97.50248314822537 0.0136 40517.55725878405
97.42314360557587 0.0119 40262.03135017743
94.6268437754811 0.0132 40401.75292554762
97.5294073157371 0.012 40440.96929576455
95.37097067029904 0.0144 40316.98756899044
98.00065558576522 0.0126 40521.297405171106
97.41482554072768 0.0141 40435.35062345201
97.83968842583236 0.0119 40368.246117831826
97.50194110788121 0.012 40656.09527853811
98.21107417008929 0.0113 40574.27817555055
93.46307858818633 0.0111 40070.14162935716
97.07627811371677 0.0137 40467.736529748254
96.2274025578928 0.0128 40355.49657742567
96.5598463043509 0.0122 40442.27760137215
91.7616010090708 0.0119 39779.15262422409
98.11416801372656 0.0117 40310.009507808405
97.26431318296946 0.0106 40566.45321743908
97.79902885351092 0.0106 40354.27234613724
98.06125316334474 0.0122 40629.862511043
98.33267094074216 0.0107 40607.43756492553
96.15129105978201 0.0105 40504.68487597475
96.60765525278096 0.0112 40268.90461033774
97.4903508856882 0.0099 40348.08314330056
95.9961357839933 0.0122 40354.27589578734
98.03340117099458 0.0115 40342.4641324352
98.29216147284556 0.0112 40430.769790252874
97.08560496624911 0.0111 40413.00390558148
97.10531476334171 0.0114 40321.355661945854
96.84247985397452 0.01 40115.503828693436
96.62096102191116 0.0093 40373.08001954287
97.35048703064078 0.0093 40352.797208843236
97.40014547758852 0.0094 40463.288283506714
98.36593799169655 0.0083 40447.83512760067
98.08317487253686 0.0108 40450.586370518606
97.79718334806473 0.0104 40546.37989321091
97.75958172453896 0.0112 40323.81323042898
98.17871855148744 0.0098 40331.57945616716
97.9894633263394 0.0096 40471.909711454886
98.2392687069036 0.0092 40327.55208480447
97.61571297567586 0.0096 40343.24455797934
98.21047882132957 0.0083 40238.73018607102
97.89849281591371 0.0084 40270.94770092142
97.62791082128255 0.0095 40094.79366688776
97.51447064221937 0.0094 40506.700321818375
98.1127295174663 0.0095 40370.408496317184
97.7930793094498 0.0057 40260.907315601136
97.8902038047689 0.0087 40512.91659268339
98.26094863549818 0.0093 40426.72023735948
97.95139878572849 0.0081 40214.30221325472
97.57807179172411 0.0082 40184.927433385594
97.0236322530605 0.0078 40135.78887492154
97.80761193174501 0.0086 40322.64169760832
98.21639274150348 0.0081 40175.30486671108
97.67080283184923 0.0091 40434.69130842001
97.835149173143 0.0099 40313.08900770911
97.91142977674936 0.008 40404.025796509995
98.2906231125296 0.007 40278.36702639391
98.07452453881187 0.0079 40327.57476927287
98.3678288703496 0.0079 40652.650438108256
98.24061488372604 0.0086 40381.71012259956
97.61323598316262 0.0066 40208.07331334324
97.67196488958685 0.0061 40200.52177512876
98.35243052858948 0.0085 40337.27152124629
97.46603323873677 0.0073 40302.78661388488
98.25849170997527 0.0068 40170.10933620736
97.4062938528214 0.0071 39987.929921278
98.21380142051008 0.006 40224.523845495234
98.13271487918473 0.0057 40206.859731789635
98.13487367295727 0.0065 40057.373433582026
97.86956805331634 0.0057 40261.09595758294
