3.2094375641369473 0.0526 30853.73571089742
5.732970443483171 0.0465 31188.909670972138
4.247864811296826 0.049 31147.33035917464
4.093523174312773 0.049 30926.0359836513
5.885390763583241 0.0468 31103.251285084367
5.083996169082736 0.0465 31160.315602243238
5.039694438371943 0.045 30956.92047147234
4.3809339863005095 0.0441 30951.02509920887
4.530528654750655 0.0455 31060.419385437533
4.517183514978565 0.0441 30849.888127802897
5.794398367802719 0.044 31195.740346656134
4.479104039818282 0.0446 30819.000944729014
4.378526045226357 0.0433 30942.043445810155
3.911489743778941 0.0475 30687.488920064545
7.554942608550194 0.0434 31253.375392420432
6.2070682727823705 0.0417 30989.35317787667
4.576084079941615 0.0428 30874.51685669225
4.930224616395596 0.0425 30997.869499377324
6.410807704095864 0.0409 31116.588621703864
6.393193065136831 0.0427 31171.97790346916
5.585280439895773 0.0394 30844.269981015925
5.658671604511201 0.0395 30928.34669420614
5.836963559495678 0.0418 30885.481686645428
7.156970418100284 0.0366 31190.532781595175
7.019472877761311 0.0385 31033.80006333418
7.663299441168814 0.0373 31204.12694284562
4.811806303946548 0.0395 30754.74981520127
9.676312728518507 0.0362 31552.27742224386
6.548449762009058 0.0377 30981.180743005127
9.086008847096652 0.037 31502.448176922775
8.870573237863473 0.0351 31243.34174467731
7.624987386716688 0.0392 30982.54472534284
5.262386530826528 0.0387 30669.739212526787
6.6106689118998725 0.0375 31037.782419858693
7.285772760604044 0.0375 30977.203830134746
6.037208837774054 0.0335 30919.649067226797
6.937873258909809 0.0341 30969.120970390726
7.111589982000698 0.0344 31013.290081666953
6.348997000294167 0.037 30683.14028068662
7.226299838862096 0.0364 30993.845563398827
12.974989179082204 0.0347 31923.905192951253
8.252376124686707 0.0336 31141.316129115814
11.859220255354566 0.0305 31578.988503727713
8.860926572464214 0.033 31109.586948312543
10.461727099824754 0.0305 31365.05063878892
12.4884280056924 0.0307 31737.12997104561
8.677916922869706 0.031 31142.682061707048
9.15432625898802 0.0315 31149.881737831394
10.749733299204989 0.0294 31281.978132419306
10.163982084605243 0.0287 31178.82684217387
15.95760045734003 0.0296 32192.66471796493
9.231087055865684 0.0287 31070.21235201084
9.80038465862979 0.031 31166.1486095925
11.381337648743655 0.031 31466.76319796616
12.026201979034289 0.031 31610.791483598467
10.984573771159056 0.0287 31225.35788004173
12.169676191491831 0.0276 31424.33305294323
9.907750088988402 0.029 31084.052510474114
19.314253427215956 0.028 32575.08170821398
10.038219293440989 0.0309 31219.74138449074
12.806160225526417 0.0273 31633.64197175238
24.127228556753533 0.0266 33126.23555576171
15.552957894800596 0.0244 32058.951139914305
21.365812168764887 0.0242 32763.37244061125
31.730639093672902 0.0249 34252.85833889509
14.32231000208598 0.0266 31752.705900422185
29.19703151843415 0.0239 33997.152560912924
25.652364998631572 0.0251 33305.92524597232
19.106480934586546 0.025 32548.39046632632
96.98746434985576 0.0232 41226.13024165844
24.536237831367714 0.0258 33161.10750702609
19.00282767108299 0.0246 32508.615525280344
34.13683917305592 0.0246 34399.184550800244
97.81872771144631 0.0242 41026.74914367355
78.07924801765301 0.0217 39035.011870114104
26.120377603000513 0.0224 33537.552192783776
14.45815664872633 0.0263 31766.953710562444
33.83283434461098 0.0222 34596.36357784228
96.61550555586126 0.0203 40996.3697285061
29.672666867985384 0.0236 33707.01706760376
80.05109070706851 0.0214 39306.56011779835
45.0128382719591 0.0222 35799.29132852345
97.00030837355925 0.0187 40768.60672935984
97.33949697675027 0.0231 40893.23449403135
97.90749315524072 0.0217 40896.571657630986
97.81569476553501 0.02 40926.24007856404
22.613105682288516 0.0213 32877.89438784234
91.64703447485634 0.022 40388.644865024056
47.85440111599749 0.0204 36272.679194769036
58.36954100889872 0.0199 37105.12933222306
38.28688676896207 0.0203 34844.85544424626
94.93731570191231 0.0192 40549.77202039873
40.429490175040364 0.0209 35308.746549567375
89.37337790108839 0.0185 40077.14961886025
69.42290034512712 0.0203 37747.01624096506
56.78572218613056 0.0199 36667.33950312845
97.27885560575336 0.0197 40692.709661033805
82.99070322736065 0.019 39008.62217687533
77.16589262926178 0.0178 39129.2174053933
98.05729374616674 0.0189 40876.25073653397
95.59723704590724 0.0178 40664.93601045879
97.17366600237247 0.0178 40668.853092881836
97.49870450574223 0.0177 40649.58583480929
97.43291531249095 0.0167 40732.86547269397
79.69425133308728 0.0187 38778.6928451587
95.96936526813617 0.0172 40514.7890559154
97.25361252701506 0.0156 40726.447883052526
97.24266576657195 0.0173 40572.14503455763
68.24496823548765 0.0192 38071.671458831726
96.31426509596271 0.0155 40601.72721864999
93.80401255467567 0.0174 40205.70030140989
95.93651353561957 0.0152 40427.91269156476
96.34613870167601 0.0166 40293.00431064467
90.85189938383729 0.0164 40057.62264788379
94.38943324941775 0.0168 40591.896518100024
90.89616545631355 0.0161 40092.799911852584
97.5516903469527 0.0147 40434.394202743155
93.47815243953426 0.0164 40217.402038340355
97.13477921613959 0.0132 40477.8492444676
97.7010086018645 0.0127 40732.59424636724
98.10202190884854 0.0161 40973.356960311685
97.88006549210209 0.0129 40531.535383652445
92.04422467250407 0.0163 40048.39497225966
96.66471334606928 0.0161 40556.376978398745
97.44023893206443 0.0153 40433.02968862297
95.32785196353625 0.0142 40436.622638163106
90.78010016419921 0.0154 40050.97074445014
98.24715735091854 0.0144 40598.73054678452
97.72362874581337 0.0126 40340.614964601606
98.28076299289293 0.0133 40477.994187237615
97.73683007971805 0.0135 40386.663403400074
96.68184178300713 0.0136 40247.865443648836
95.16227073245514 0.0146 40102.21833209432
95.45897229844246 0.0153 40458.9174511728
96.79165530483269 0.0147 40257.063271277635
95.38272684861057 0.0129 40591.58876629534
96.6858133046182 0.0139 40258.33929607342
98.12417400147346 0.0112 40464.54292728222
95.21062040524018 0.0106 40190.525788590945
97.53368000699781 0.0134 40488.35894073304
98.09589228695565 0.0127 40362.017137562834
96.44614253708093 0.0104 40377.57999518462
97.38832053541883 0.0124 40467.04123147393
95.35536804850597 0.0108 40267.6899920972
98.3499520805255 0.0103 40391.1345411659
98.15100814068025 0.0114 40301.87698138337
96.91676888647271 0.0107 40590.22019824436
98.21463366576263 0.0115 40383.68434325678
97.86320211905577 0.0124 40331.35679669475
96.04646569135903 0.0109 40376.65973406455
97.63928657823487 0.0087 40380.397603750724
97.33194888994689 0.0128 40314.07345372679
96.9708063114053 0.0089 40143.64197279137
96.33006431073007 0.0101 40145.82545671148
98.10607496421595 0.0108 40414.80653275434
97.84502296558705 0.0105 40465.728018848284
96.42168986705421 0.0099 40338.37036748935
97.94100810467297 0.0081 40109.25320275063
97.39701823569264 0.0107 40386.06854042262
98.13483235447694 0.0104 40336.59065376041
97.9928553261712 0.0099 40351.262882088464
96.95752994072312 0.0116 40222.495377801686
98.3056343859879 0.0099 40426.616872087885
96.45097907808686 0.0122 40256.71542748469
97.28488939239121 0.0088 40196.219717889224
98.06960116306047 0.0082 40346.35058792669
98.25249430233363 0.01 40405.09150328161
97.41154482071653 0.009 40461.37954568732
97.54785063347082 0.0099 39935.9314737003
98.16497407613642 0.0078 40191.49367394414
97.28920751820901 0.0107 40265.06165313216
97.84712502076971 0.0077 40241.277489094166
97.54027141214316 0.0093 40215.63545182722
98.32714131412087 0.0089 40391.63521616439
96.63515769213306 0.0081 39932.82821345463
97.9837770910767 0.0101 40356.59316180798
97.44039023753786 0.0095 40227.90696899483
98.09621838995228 0.0082 40316.02833276603
97.60062251177344 0.0095 40273.46807594054
98.30257382851032 0.0087 40491.89894126674
97.54448218028523 0.0063 40240.63942516679
98.34864233472233 0.009 40335.89706501435
98.12692567254179 0.0086 40188.58068896339
98.05560402466786 0.009 40220.70484144614
98.32328512150163 0.0087 40414.76663539626
97.3505603958223 0.0084 40426.01904957544
97.73175458998595 0.0074 40328.89104912931
98.35623985388736 0.0067 40411.45740268058
98.26126831022553 0.0076 40332.63976168257
98.06243953816251 0.0076 40068.284349159454
97.57142067221847 0.0078 40277.364661213716
97.88293991046827 0.0076 40243.64355453672
97.5874087883382 0.0073 40241.3146607363
97.95000755218905 0.0064 40236.34065357698
97.15311162348695 0.0072 39943.88738828223
98.13634247073844 0.0072 40146.079292493545
98.3611393558421 0.0079 40318.49002799732
97.2920769008862 0.007 40240.376826211344
98.26913849248955 0.0067 40145.1254649653
97.87389713754436 0.0071 40030.89463937011
