5.4819166877920615 0.0511 31224.21668303329
4.511599303596949 0.0513 30910.315810790544
5.25646171109766 0.0479 31135.266247506344
4.732451337662597 0.0449 30911.40605269918
4.119698301354126 0.0532 30980.332489852102
3.630786541408798 0.0458 30842.18888876717
4.227314639992773 0.0486 30905.64935437588
4.878902096751193 0.0438 30974.108458189774
4.441123770035935 0.0501 30813.2212728082
4.950493886712071 0.0455 30924.58762882594
6.114634549627681 0.0439 31107.208895334432
6.788607637272525 0.0441 31227.690569142436
6.629609205302829 0.0434 31236.904325066942
6.079758855334478 0.0435 31164.309272835813
5.320813541209767 0.0449 31030.804493404557
6.0931102581526115 0.0427 31081.021819486792
5.655962433655578 0.0393 30937.26867671073
5.343441518492799 0.0431 30810.24954745277
5.386492406282638 0.0394 30879.678897960977
6.374861742686492 0.0402 31061.227098513868
5.590827428579685 0.0436 30930.545141278526
6.527661590099735 0.0386 31129.09877050314
6.884588410179557 0.0392 31109.064577592562
5.182126720453825 0.0425 30749.138213247028
6.73666357958336 0.0378 31049.54277182625
6.446048401515037 0.0386 31056.5233119781
7.6924716613198125 0.0394 31053.94001188976
8.208285880083162 0.0366 31217.700342311797
7.4437408152335465 0.0368 31058.280809613057
8.903436266433252 0.0334 31355.05923713052
8.633822121657708 0.0351 31261.241290887694
4.938459997564805 0.0385 30736.415328699928
5.724415283390422 0.0385 30827.957127573878
6.777712582041934 0.0355 30847.93868169449
7.564123231148761 0.036 30996.013112038152
8.706839797655379 0.0327 31270.533755347387
6.53598798644083 0.0335 30888.69667175402
6.854422321765768 0.0349 30917.440385725975
6.936597373978187 0.0353 30816.1478516712
5.986785660691971 0.0357 30746.990791984637
7.170375739032342 0.0341 30890.261918850552
8.363706919979785 0.0331 31102.08448128174
8.515799557784746 0.0317 31291.07252132962
8.07346879942016 0.0355 31065.540249221533
7.328813913430233 0.0323 31121.816365817485
7.009993295354406 0.0344 30913.4529620784
9.947655193791988 0.0307 31248.54498034513
11.498659921304474 0.0303 31572.44055722686
10.001553304907087 0.0332 31229.711526501353
20.87388120578203 0.0276 32680.121906955846
10.289471251435012 0.0284 31295.25726872162
17.6263878048569 0.0283 32531.735710694396
10.1638872954115 0.0321 31318.753911885087
10.995996454196295 0.0292 31423.44783013139
10.077353648939368 0.0295 31222.660167008784
12.456664570370107 0.0282 31654.598013583414
22.671233771535636 0.0287 32707.313084675876
11.28103248149704 0.0282 31372.78055993361
10.36863310372559 0.0304 31282.97902528365
9.575924073707375 0.0298 31141.363148591467
12.476794524215913 0.0308 31418.040327868523
13.488490228530528 0.0259 31560.66364535844
13.82366851070152 0.0269 31798.949308301566
14.4891258360884 0.025 31937.904784642935
19.5887276493697 0.0281 32574.06680376555
19.617018373084864 0.0259 32661.504801185518
24.675715194960883 0.0246 33405.91045901313
41.51212616097631 0.0219 35446.384527917464
26.028992275455487 0.0258 33482.67369440827
23.709108527027787 0.0266 33095.331545465706
17.829545008107154 0.0241 32336.072611604206
31.41251903447098 0.0223 34391.93940012849
19.814521878498113 0.025 32523.892543457547
24.132507213920924 0.0231 33113.77519247306
22.71060471545043 0.0237 32867.679301950295
20.54499965933509 0.0236 32637.473886006737
32.32005315164316 0.0235 34128.38765267682
20.794716016531584 0.0248 32497.55883030388
74.68352187525767 0.0209 38648.46700064963
94.62766400993769 0.0186 40513.00184546328
65.29987696206062 0.0205 38251.12454677194
23.183116851894443 0.024 32836.164132619786
38.191233376188755 0.0213 34963.78177984464
95.72878711101998 0.0215 40543.479416782044
87.49119411488476 0.0199 40190.53403893176
90.34259232582801 0.0196 40243.92055789638
97.57604145045816 0.0197 41011.72617371402
33.798579703929576 0.0216 34479.31681162542
62.63847552175507 0.0225 37350.602161248054
87.80410014683392 0.0191 39894.38678042834
97.9415452291473 0.0188 40891.52203118189
91.70262358672629 0.0199 40205.97619324319
91.87524406449785 0.0187 40277.23246713243
94.99232600141906 0.0218 40564.921636071565
55.916299928718594 0.0185 36962.938463782506
94.70039181669414 0.0187 40611.394625775494
98.01205685385719 0.0213 40650.44943077684
97.99760603385607 0.0162 40523.46988576838
96.88625197788768 0.0175 40794.66989669862
94.38112194160765 0.0152 40260.02118339637
95.71943487794351 0.0167 40458.64451356399
79.32435142948152 0.0207 39159.50839439001
96.97237425540699 0.0164 40572.47042340973
95.8980275838055 0.0173 40485.039765184265
95.98155144829367 0.0177 40622.814638358795
97.00994197489993 0.0152 40454.9739154797
96.03467887773938 0.0162 40550.372724556684
97.95226930520788 0.0163 40692.24023240492
98.21179950717855 0.0158 40716.20431093021
98.12459074176417 0.0164 40632.4506355302
94.47193918284357 0.0157 40489.39741946153
89.61158903750521 0.018 40060.059551373044
92.55347699207454 0.0172 40230.20101158733
97.28984616548561 0.0167 40452.22870908991
97.43528933277557 0.0161 40859.45388252981
86.35222431341234 0.0165 39641.332311864404
96.6570211487263 0.0149 40382.614114355434
98.01729994967368 0.0148 40683.51544865172
97.50716044898877 0.0159 40546.53402047993
93.96034107123799 0.0168 40338.46091091027
94.22429453545327 0.015 40473.282781131995
96.19192803585825 0.0151 40483.33310821504
98.24774718452807 0.0126 40678.61397109922
97.322306070669 0.0137 40598.77980637824
96.57185179704142 0.0131 40142.38251279465
96.72781374966179 0.0135 40492.836001613476
94.45323524818784 0.0139 40481.7023753767
98.16311706519129 0.0134 40548.25909487058
95.48170809351596 0.0142 40261.52397718126
97.93652176329365 0.0125 40167.22050009354
96.5016685173439 0.0126 40238.07386383802
96.14134637585096 0.015 40372.29399450503
98.30200737686798 0.012 40466.23509307801
91.06175383861226 0.0137 40138.43857693894
96.77557191309845 0.0126 40363.40927044663
97.30395875578891 0.0127 40523.1887750105
96.15471563874858 0.0169 40250.20138340469
91.29893585710312 0.0137 39957.44314393131
97.51968133369931 0.0108 40379.87974517676
98.2305428280404 0.0129 40274.77017055159
97.40391706810908 0.0128 40494.59057308707
97.77004302244542 0.0116 40627.387363508955
97.67238498814392 0.0127 40337.857156379796
97.92266031423819 0.0117 40346.288075507204
98.05538038036832 0.0113 40552.47503465539
97.03347784927783 0.0132 40514.11315110532
96.49142594619465 0.0135 40122.59101846895
95.49285303013382 0.011 40255.872067280456
97.37237602742607 0.011 40195.88382203578
97.02788794308422 0.0099 40180.65170019056
98.17465374710838 0.01 40581.12300291329
98.27021311198786 0.0101 40502.69611557846
97.2458169774179 0.0114 40405.78024178878
98.21405680995909 0.011 40356.47953755604
98.35627079726495 0.0118 40416.72534107033
98.20668456761744 0.0106 40272.449047534545
97.09265897845493 0.011 40416.004095834905
97.13212634917267 0.011 40228.60731620758
98.1000564137925 0.0111 40552.83168496875
98.06207371296732 0.0109 40217.56330856271
98.11694339718196 0.0088 40547.81037887103
96.85325090052865 0.0101 40476.95313949421
97.3185155464163 0.0112 40144.03398140103
98.03907489715267 0.0093 40271.094869858345
97.99839582709716 0.0105 40194.25571927694
98.06894844900378 0.0083 40440.2740952967
98.01432996209347 0.0098 40468.879282213595
97.93816522266434 0.0086 40401.271943652006
97.1208718060708 0.0103 40116.58369884656
97.83737137924676 0.0087 40136.34034480512
97.50097007368328 0.0097 40291.50965642951
97.776523108839 0.0086 40159.95657605057
98.1297607072048 0.0093 40192.86658706465
97.97073204081259 0.0074 40265.03534049585
98.3705512233536 0.008 40551.103130793694
97.68910094758459 0.0095 40309.1114766815
97.27962422407043 0.0088 40109.33274231966
97.3655467048711 0.0081 40284.20384661162
98.09424911978178 0.0095 40420.435798965584
98.02318665314326 0.0076 40274.16246647142
98.08668735300878 0.0086 40143.76994816159
98.04156070700999 0.0073 40326.30508603427
98.22381947740497 0.0082 40334.84827995244
97.63735638066261 0.0064 40362.65234717168
97.23962215211918 0.008 40277.42171956064
98.06346891191417 0.0096 40252.20621385214
98.28483338176362 0.0088 40362.44260382009
97.63776792910069 0.007 40146.08007035601
98.14173169492481 0.0083 40293.484777768914
97.83713797794296 0.0069 40267.22943581788
97.86881272243203 0.0075 40067.42558170925
98.30070791870628 0.0059 40181.594713681436
97.611130077021 0.0077 40113.54216679247
97.92439038807143 0.0079 40351.28924108467
97.12406231795772 0.0058 40016.86354114982
97.51985865662647 0.0077 40157.69424739513
97.45144845716041 0.0076 40345.146084556916
98.22679165021647 0.0061 40056.81913170337
98.35376075275192 0.0058 40266.71375018031
97.92028578072235 0.0071 40169.16756755227
