3.6420406621421644 0.0506 30877.20091511045
4.3609164253292345 0.051 30848.20711183639
5.23776543396966 0.0455 31157.544513253742
5.168617129744083 0.0474 30970.648506521324
4.619169056945961 0.0471 31021.19394859001
4.294675529062681 0.0469 30889.485592599653
4.611947509264316 0.0457 30954.832379079526
4.963978419022418 0.0457 31120.293553626547
4.609277021342615 0.0478 30970.0114156136
6.412489034897543 0.0407 31179.77225615521
5.673817921844036 0.047 31128.939863695497
5.452353539220421 0.0437 30983.796069264463
5.1827415203173635 0.0401 30990.14404945182
5.635126873103607 0.0435 31182.93224251571
4.653734400582422 0.0472 30797.339314181863
4.513261456314155 0.0465 30713.00650051656
5.421781953356371 0.037 30903.22000993209
5.794091098245662 0.0425 31071.26551584648
6.914871915853322 0.0408 31333.51764199489
6.962103845032983 0.0378 31107.226731942937
6.01279232438745 0.0415 31045.027749203768
5.4389500460579 0.0412 30779.44500819578
5.16818038502415 0.0408 30823.44357309241
5.43501541327141 0.0424 30771.73681105237
4.543866287851511 0.04 30622.06527695036
7.0991358134975995 0.0368 31160.41773905261
5.300079483202428 0.0392 30767.592503527798
6.495833109729838 0.0358 31002.203612218796
5.722047741343761 0.0416 30887.347515535716
8.007248291115667 0.036 31019.30186449301
6.189169036944361 0.0385 30917.257129990954
6.2716303567576075 0.0362 30927.318825266204
7.2845004220149 0.034 30835.04665336179
8.940616649371599 0.0336 31273.581582932053
9.501954094532394 0.0351 31515.317266637045
6.4668236309087614 0.0342 30951.445121954057
9.587203364786454 0.0354 31254.680554518003
7.9926052935041225 0.0337 31093.609486393285
9.222630343699445 0.0329 31326.30663252798
10.575696362661915 0.0322 31335.645833837378
9.990044559732242 0.0329 31388.731189125818
7.749046999333921 0.0358 31077.338158762686
7.908821714770404 0.0344 30990.118687804203
12.913750719098344 0.0276 31747.389249299118
7.940101611898377 0.0317 31007.86065299493
6.329325371657805 0.0351 30791.988864561237
7.302121588443321 0.032 30876.31881185067
7.947061363664209 0.0331 30845.91624022886
8.423960176860723 0.0317 30990.057337361195
8.49704875090308 0.0331 31029.857175465444
11.390364535860126 0.0302 31400.334298010726
14.493648111631302 0.0287 32077.62283641831
12.367895494366035 0.0283 31469.055408949775
13.861363050500001 0.0307 31679.094803636406
11.590679933760372 0.029 31448.280844801302
14.561747486760158 0.0301 31828.161103562223
11.95203070162944 0.0277 31590.990953364453
16.943185743501743 0.0256 32119.538743971232
10.114724059697739 0.0265 31179.172142894382
16.25600015693198 0.0278 31965.337263634323
14.712141803227624 0.0264 31782.180122987153
23.48150457454553 0.0258 33154.82223929008
12.231956015926952 0.0278 31509.27946237074
18.331979139584764 0.0272 32445.28972352451
18.65710890775821 0.0259 32536.614837120065
12.898367303179453 0.0285 31550.9963623695
23.811946829067484 0.0234 33234.20309784444
18.12786661633787 0.026 32155.869625770643
10.866036080358018 0.0268 30924.528338977725
18.879498898765856 0.0275 32204.865241653835
28.10544602389562 0.0222 33688.836572904554
25.29361670309125 0.0269 33208.28132223446
25.75491269926246 0.0232 33545.08591692161
97.95880838766875 0.0233 41020.407291762465
29.38364024073883 0.0232 34189.68482260373
31.971392289853515 0.0237 34176.97244387114
23.0202547345301 0.0248 33118.494058264994
92.71337557333835 0.0224 40526.32487739606
23.819788754881124 0.0237 32960.74227226001
18.71199916860509 0.0242 32367.058392440078
30.44745091053028 0.023 34093.46253078009
87.82558583088125 0.023 40039.60735015682
34.65233415201125 0.023 34666.22556428124
46.333702323411984 0.0205 36192.316133295535
40.10691312668259 0.0218 34673.71055955707
49.14893365174131 0.0223 35991.583229570475
47.75544481973146 0.0214 36060.58327322601
81.76291565167179 0.0182 39220.60415506256
70.21572446930176 0.0219 38192.80438873743
92.15621263475846 0.02 40255.37729591573
78.31231104965482 0.0206 39135.379440401346
25.285803100443065 0.0219 33295.67160046877
79.86997089670734 0.019 39389.35492332463
75.52342462645174 0.0183 39040.53023930847
96.68287563075249 0.0207 40592.05302836835
89.32032322207921 0.0199 40219.05478738935
71.70554214879778 0.0196 38180.16003405103
94.34659835598437 0.0189 40421.45462743213
48.05817400428866 0.0206 36646.5160343499
86.00606640956234 0.0204 39914.15510311906
92.24551878234313 0.0189 40374.221833094125
87.70118742556495 0.0208 40019.6906889185
71.42879812666989 0.0196 38425.05658619417
91.75806410249014 0.0179 40276.10281837891
89.74961134269965 0.017 40188.55729075542
94.27550191840722 0.0157 40342.84414608967
89.4827028461204 0.0168 39955.407960834236
96.53839652667175 0.0166 40529.23483429396
96.61708208902247 0.0166 40802.7298399421
93.73543501381188 0.0172 39990.492711864805
92.60382089825265 0.0148 40259.707257587375
97.9662908505449 0.0173 40728.91737123117
96.8620229943082 0.0164 40519.96412013038
87.31671926601081 0.0174 39695.498481603994
87.9570044969401 0.0165 39864.75158701553
91.64194635694115 0.0151 40120.85894234053
98.01697910731917 0.0155 40576.748663165774
96.99214749240939 0.015 40532.504202929355
90.37689548613301 0.0155 40193.10616292135
97.10011722255813 0.0161 40478.151086614795
96.93604312234753 0.013 40461.78921142664
97.15668503124272 0.0161 40616.50635338235
97.22167430280736 0.0138 40444.4622128544
96.79764840236608 0.0141 40516.10737547529
98.10831149005297 0.0139 40474.64403969526
97.27656783128664 0.0126 40655.87492441334
94.15249181837574 0.0145 40237.38843185642
95.19413118650243 0.015 40317.788357101825
98.0456023786401 0.0151 40484.662889990985
96.78187728244049 0.0124 40434.04491385224
98.04845519379563 0.0132 40586.171148965004
97.446123498235 0.0122 40598.71728033768
97.77989493714888 0.0145 40538.09076050906
98.35608719155852 0.0134 40621.380196994316
95.27485826801149 0.0117 40263.632137870896
97.97608492100234 0.0118 40570.38439473048
98.05179415398727 0.0126 40602.484714968254
95.29448128256128 0.0132 40200.90187367035
86.26398319101344 0.0154 39514.09847302795
97.26575152846628 0.0128 40524.066122023454
98.09728415307534 0.0133 40534.91714419465
97.18481324893676 0.0133 40527.89824631666
97.21627043436955 0.0103 40322.20709463704
97.61427744288889 0.0118 40512.299143913224
98.1544047033096 0.013 40540.12026917119
98.22976830001959 0.0116 40548.316197675544
97.15899471362766 0.0109 40312.17973466779
97.16030235376684 0.0096 40451.880160852554
96.18047121024378 0.0104 40242.24214084134
91.54650927052278 0.0134 39819.68151241037
98.03455128905094 0.0103 40450.2327982153
98.2020261498822 0.0095 40294.21868876048
94.33409714171064 0.0116 40138.20594143048
97.70594112191807 0.0093 40379.51144359603
97.5495056711155 0.0116 40359.98957201162
97.86651510138861 0.0111 40667.63677875654
97.10029415442425 0.009 40224.546666090064
97.95858650539006 0.0097 40484.44995755402
97.65440030998701 0.0101 40563.6263801802
96.67344410231966 0.0099 40054.4104845135
98.10285320563604 0.0102 40316.742926333936
98.07253905794333 0.0088 40332.21526403111
98.24272750028689 0.0092 40458.88086667559
97.95169300053965 0.0099 40412.80284100874
97.34008332743349 0.0099 40477.52441806691
97.55058146990352 0.0082 39928.71912739072
98.25199952872002 0.0113 40433.808096525514
97.40576651216386 0.0095 40184.27073668359
97.80296473003358 0.0082 40248.15858114052
96.98349607212901 0.0075 40270.24534345467
97.06629582928682 0.009 40133.96508183539
98.3722910284249 0.0093 40373.31182452137
97.7420535234803 0.0085 40352.05435760983
97.5723649157821 0.0099 40126.69060270734
97.66414061239405 0.0101 40188.41682577763
98.13724663007095 0.009 40314.85925935725
98.37017967100175 0.0072 40346.69603717141
98.14129455336878 0.0078 40483.702611705114
97.1182693151122 0.0076 40384.7526447653
97.6694778936825 0.0082 40354.78369804669
98.19086548945339 0.0087 40138.48731130083
96.47957892606668 0.0093 40329.34997590293
97.72313692947172 0.0088 40198.21812419157
97.06889232954994 0.0086 40121.73388134636
98.15161672190844 0.0078 40303.338927464465
97.96478038343571 0.0065 40240.837238555345
97.05654093259275 0.0084 40459.467998575055
97.80324931417424 0.0072 40433.42992919441
97.67107004084863 0.0077 40458.956524331144
97.5468232637685 0.0082 40004.993534964146
97.44927379866652 0.0071 40210.988484562025
98.10330261033555 0.007 40365.76576153354
98.15331359764316 0.0081 40153.76411578141
98.07714664451382 0.0061 40271.89789564817
98.17101811476068 0.0063 40150.671241824675
97.20204412016659 0.0073 40153.55113872383
97.96927094516496 0.0064 40271.471741196125
98.34167419634186 0.007 40177.803477943424
98.07122837019497 0.0068 40185.68225445199
98.31252046729482 0.0068 40127.120506432155
