4.60681070876681 0.0499 31155.933194760422
4.297063152328142 0.0511 30811.470429129007
4.556281838410112 0.0472 31015.478199730664
4.222759003340271 0.0506 30845.81102501536
4.564790522671048 0.0469 30909.05594216351
4.139652671334746 0.0457 31015.228800815046
3.988360755202751 0.0475 30831.57160536531
5.8021501503317365 0.0467 31130.004636314112
4.958070550002043 0.0459 31115.971420978563
4.952911717004947 0.0448 30910.16680918801
4.970616591225556 0.0436 30998.70485493138
4.808619644594594 0.0448 30894.46261228935
6.106438494544785 0.0419 31170.90420851012
4.889606252739275 0.0409 31025.985010159224
5.022086007105897 0.0438 30855.38855481476
7.726658020689816 0.0407 31406.413273104798
5.226308485926503 0.0401 30987.519051297677
5.321314302999498 0.039 30923.05489116221
7.293807399574564 0.0397 31223.344493872337
5.145391396068825 0.0423 30776.192642637616
5.380252428606012 0.0416 30899.73276414392
7.719541423717065 0.0393 31173.479498784836
5.775909118519702 0.0431 31018.38678722969
7.862744150463195 0.0371 31200.84894286413
5.188500757524424 0.0399 30775.552460468156
6.070503510181786 0.0347 30955.84101997324
5.04288342857382 0.0408 30768.35281303628
7.581070029929448 0.0386 31005.062768410582
7.449569824283148 0.0377 31152.512577779933
7.32649619013604 0.0365 30957.163406217718
6.200434790802847 0.0371 30869.52069380884
7.485629363801641 0.0363 31077.10146527896
7.092640054521857 0.0374 30944.695026035293
5.386688654736888 0.037 30794.12409195766
8.009848230298253 0.0355 31045.642361421094
11.56398950309681 0.0368 31510.90983498945
9.314306299380174 0.0346 31190.884925938662
5.281683469117642 0.0395 30727.53917103879
8.52812801326918 0.0331 31269.790206399666
6.1924908786512995 0.0363 30670.68273305861
8.25782948821451 0.0342 31077.757877467426
16.198281987957298 0.0317 32237.45710409556
10.937286626465085 0.0324 31617.393166040114
10.804853703293814 0.0325 31384.44939663497
8.82694680100077 0.0321 31118.252263069466
14.371644500626479 0.0283 31844.994749296715
11.982699342345033 0.0298 31731.08095846347
13.39056221332169 0.0325 31570.665712354777
9.742687089403367 0.03 31275.88462593451
21.132362361556513 0.0272 32968.8246296647
9.603735423362615 0.0309 31036.919183617614
16.281246882444407 0.0282 32221.644712152007
10.610777036621034 0.0298 31347.040392314007
8.777921180721487 0.0294 31071.097688671005
12.39932655609002 0.03 31658.09423441617
11.945408223816925 0.0307 31504.55439649672
13.775241176005235 0.0284 31784.532334786883
12.638236548896424 0.0295 31490.174766362048
14.758765047657473 0.0263 31944.152844187363
13.289956663243236 0.0278 31709.15365741183
11.147343974413321 0.0285 31296.567283335422
24.365650985262448 0.0262 33218.78964136691
19.234611747714524 0.0245 32510.426868655308
15.528785479843174 0.0252 32017.81039476397
13.087284225262469 0.0271 31819.5255241717
22.343859192528623 0.0279 32804.74307857655
13.590055018779964 0.0262 31619.290025474522
19.808747437272228 0.0293 32466.753299384483
20.002768498116925 0.0253 32756.37341198022
16.981830152478373 0.0259 32058.693093106314
14.158735089976975 0.0264 31726.615637079572
15.506583927806076 0.0244 31862.480040569822
30.899597521710238 0.0244 34103.50252920122
19.41698123624379 0.0251 32583.9848843954
24.12329012031749 0.0227 33234.900839493894
93.94040038896877 0.0223 40827.91386299425
29.451396512364543 0.0248 33798.26390985558
36.84327069546054 0.0224 34895.51384978515
43.831493703096925 0.0217 35987.74252143965
16.44247423384403 0.0238 32144.40301155941
31.366635434173485 0.023 33948.14405580809
32.28125067367044 0.023 34142.24127777475
97.33911273160392 0.0218 40777.10450647525
55.53081720817506 0.0218 36846.77778463322
79.01361451906605 0.0198 39196.90084972904
13.37473174141454 0.0245 31437.353981850185
37.44644887738447 0.0209 35004.08124601895
95.63030363958192 0.0173 40755.3401768347
96.97437451443325 0.0206 40681.200743339985
33.98669334407563 0.0203 34494.34075834793
30.01340512336706 0.0213 33979.61343853497
95.03488913829607 0.0182 40706.019780037976
70.01685378264787 0.0197 38155.397412252416
74.78109690645664 0.0201 38497.079802655
94.90259393993513 0.0199 40932.47952652343
97.32956749246715 0.0173 40856.74156693372
94.90758007599739 0.0171 40607.31415987089
72.39562974017291 0.0197 38633.46277586929
96.05924326125674 0.0178 40491.357278577445
50.95413520802191 0.0202 36273.19532889144
94.12152997403257 0.0209 40275.70701813253
58.16302034338659 0.0197 37453.05320711572
98.12421142548052 0.0169 40448.140331836476
97.20532758370354 0.0179 40681.25751601779
71.76294965501047 0.0194 38205.45480753239
94.29778377378699 0.0173 40209.73969817764
95.74991635768085 0.0187 40583.10193538542
97.45393272605654 0.0174 40587.75619184218
91.70665531192655 0.0168 39997.6555905778
96.68343067805917 0.0161 40676.777794375994
96.03283984655837 0.0132 40370.38346513108
97.00198208576217 0.0159 40662.691238618005
96.89359782989908 0.0145 40357.71383596683
97.16922114982293 0.0185 40403.367745146315
96.78427287824714 0.0149 40764.50145109525
97.51639996141799 0.0176 40678.20113310773
97.31089171485745 0.0152 40696.709092178295
96.58269787164696 0.0158 40510.00836477715
98.01121382235652 0.0152 40506.02101708704
97.13288243212553 0.0168 40466.271104923835
98.08977719872804 0.0143 40604.77422381652
94.54506053230877 0.0154 40382.83367759934
97.00061844642347 0.014 40897.631168882224
95.91956647678283 0.014 40274.41183831783
97.74271351168068 0.0131 40642.096104989694
97.5111192748992 0.015 40449.2747009233
84.88424502462475 0.0148 39312.03534837814
96.46362375354504 0.012 40320.20322240299
97.48252178044095 0.0136 40538.45600207357
93.25853340336867 0.0166 40236.16950311959
96.07951821869742 0.0132 40298.949956815
97.15982458059868 0.0122 40404.22787068726
97.24088235925589 0.0135 40406.20667920245
98.11374182992105 0.0123 40278.79687989648
91.55105260545066 0.015 39954.87811659567
97.49551360000332 0.0111 40092.17547246011
95.22153734797368 0.0136 40308.708952123176
97.35907566210051 0.0121 40498.894279167675
97.68603269012235 0.0107 40662.688268707854
98.05935250011122 0.0101 40425.05826157139
98.2506384628757 0.0129 40360.4403092622
97.81327955012705 0.0132 40472.7842627651
98.14613464473844 0.0147 40511.36209448287
97.77529451264452 0.0122 40670.52610781127
97.17391557465359 0.0123 40229.959372720376
98.09687710955028 0.0107 40254.10603667808
98.29524386701301 0.0105 40505.085757760935
95.93635479526444 0.0125 40443.67063277901
98.0651924418335 0.0107 40406.04218903575
98.15476369701331 0.0094 40267.722437631564
97.1349013610015 0.0113 40104.630984223055
95.7612084601934 0.0117 40184.57732777684
95.01592568291026 0.012 40251.38042486849
95.77119979079964 0.0124 40146.57574722714
97.86345117907265 0.0101 40400.67212026234
96.73972980293186 0.0094 40251.38708972148
96.8269734808331 0.0092 40045.773231809566
95.67613992467234 0.0118 40183.80440148711
97.9966521326791 0.0109 40248.50904131024
95.97616085636899 0.0089 40277.76078374316
97.38551676822453 0.0087 40589.41232738051
97.50181400659815 0.0094 40424.89425497181
96.71607089461946 0.0107 40368.6740451962
98.07767059447266 0.0086 40537.35704043744
98.05235542031744 0.0083 40233.279409165974
98.20910090630296 0.0099 40152.41562285859
97.86408335516607 0.0079 40138.862975830714
98.0459177709148 0.0108 40312.358382837665
97.36946798115436 0.0102 40190.9426462772
98.39234702425226 0.0086 40386.316644440034
97.38989792871594 0.0088 40450.10970725308
98.01301905107941 0.0103 40482.91276093788
98.35638005057854 0.0095 40198.30372665437
98.11852151913747 0.0109 40483.57177444712
97.62063382384827 0.0093 40356.5660370256
97.98290262501429 0.0075 40364.69122363284
97.39259958763469 0.0071 40199.95205111097
98.00320343948813 0.0101 40374.585980940996
97.78123944622415 0.0086 40121.66029239368
98.26632601937177 0.0076 40194.192163999345
97.74236989052109 0.0085 40274.143936851055
98.1575815686534 0.009 40281.317269191575
97.94190269661352 0.0076 40310.5832528296
97.52585972906105 0.0088 40096.43160949855
97.97663014925803 0.0074 40378.89528606406
97.16137650815396 0.0077 40124.40904356088
98.37190326182417 0.0082 40466.585684148995
98.06644268732104 0.0094 40109.755660412484
97.54136276536153 0.0064 40118.80624418568
96.44040527586817 0.0081 39859.17725676147
98.25912851814925 0.006 40461.920113746484
97.60225764524687 0.0071 40138.92226920634
98.25143909880508 0.0069 40375.408974064
98.0198445391181 0.0073 40171.185807000256
97.79568945973425 0.0069 40236.12553614097
97.8487857984921 0.0077 40310.82454324652
97.95708060232607 0.0057 40266.635431689894
98.292637773879 0.0065 40329.11074792544
97.86754307062519 0.0066 40192.185493210956
97.5944849478662 0.0056 40474.28191706222
