4.334013884583653 0.0503 30990.82489844022
3.281343291988629 0.0531 30852.83220851439
4.21246946990889 0.0498 30889.035325944078
4.604624161380947 0.0516 30860.3959268048
5.2393122978077 0.0462 31251.605813080005
5.231645384970524 0.0484 31147.168521759282
4.385760194853592 0.0485 30934.23090562945
4.878361316477601 0.045 30910.846128721816
8.423506665069844 0.0448 31519.437050696815
5.734271693711743 0.0463 31169.189948760566
4.39123860558528 0.0469 30793.785526569667
4.6954942146766605 0.044 30857.630040812273
5.632382285991985 0.0422 30997.1470722213
6.159620830212981 0.0407 31074.59347229791
5.190077787397277 0.0442 30928.66798503208
4.869732436022297 0.0423 30820.251515853688
5.97950105788677 0.0399 30995.88503462749
5.376040906518017 0.0431 30919.45362567887
4.866383775089629 0.0434 30848.489043232697
6.175578578238549 0.0415 31124.096520636205
4.942908408400302 0.0413 30781.182993183604
7.013526708155456 0.0409 31150.5748708842
5.393885764939908 0.0403 30850.64270524179
6.286106809815147 0.0389 30963.60158128685
5.5357892794105465 0.0406 30770.695560274442
5.368089740899595 0.0419 30901.824503756703
7.184133010810008 0.0373 31013.742939607542
9.409754677598583 0.037 31471.662867994928
6.109565789710269 0.0387 30879.492051867514
7.401268463862328 0.033 31126.05744325291
7.430479700309969 0.0371 30944.218039850195
6.205898780176169 0.0337 30906.824109895708
6.737246887799262 0.0365 30987.184759586667
6.00888497666018 0.0364 30817.974347239335
6.622834745102958 0.0331 30936.049488366312
9.119228807395782 0.0348 31242.60178794381
12.727641753369449 0.0339 31659.858802539995
7.294623044684354 0.034 31049.91067517248
9.98153060831674 0.0326 31244.296228113453
6.3692431977476085 0.0351 30867.68427601974
14.182734391335442 0.0312 32014.090706635398
10.017206802787792 0.0322 31360.28132625647
10.959129170964456 0.0292 31513.322324751738
7.738847836562752 0.034 31020.88289654105
8.663731929356901 0.0325 30990.101816457038
7.295907364097629 0.0341 30996.72718369256
8.727687803957416 0.0317 31151.07185025153
11.526750223155615 0.0304 31411.760463827806
12.249602701199976 0.0331 31621.25404338252
15.3863160721653 0.0269 31953.426648326204
9.479200870558639 0.0292 31202.59522350508
8.228225048425061 0.0293 30964.090619263694
9.081243199956381 0.0281 31168.268187640948
14.436473868411113 0.0275 32018.282853783916
12.702541105887013 0.0286 31561.823932848478
13.945051452769924 0.0285 31694.148153941307
8.872931485701033 0.0302 31051.393658898945
12.706861018472019 0.0273 31517.47513393458
13.628449301212674 0.0277 31724.326354067325
8.014941463981975 0.0303 31074.85678784885
15.445472788267013 0.0264 32010.06879977397
23.913902581680865 0.0251 33240.59760227362
22.830488743916277 0.0232 33157.66423862193
19.334070884194816 0.0259 32472.639304328266
13.61420926181627 0.0271 31820.999140648295
9.724771890142986 0.0287 31065.39807661618
22.41761106943452 0.0253 33085.70222078182
9.59309870355352 0.0272 31038.5130180769
22.72659542379091 0.0247 32994.70622693349
22.053643626892885 0.0264 32983.4135058252
19.234594808651757 0.0257 32430.656992911678
52.92844291085347 0.0228 36452.147117221335
23.309341349848914 0.023 33235.04491115482
42.50539201924889 0.0227 35744.400890314675
37.88817300975506 0.0235 34634.10227845248
22.962877906513047 0.0249 32983.780050884874
39.10932088685012 0.0222 35148.2283766909
84.36026723198532 0.0216 39720.32163510026
76.65934872340648 0.0215 39389.94096619264
22.01546204362358 0.0231 32910.39802582746
36.30789802643655 0.023 34656.62373460986
44.04024785079849 0.0215 35564.33923115116
24.369305122242494 0.0227 33236.04142469708
72.45818901996863 0.0225 38328.843357569975
28.86819646317184 0.022 33759.41383161457
25.192783305965357 0.0219 33107.32923999465
19.94338304027696 0.0231 32456.011207413823
81.78532488757165 0.0208 39452.52252499546
94.66950588666643 0.0214 40424.426468874
35.91982739714793 0.0228 34487.562211003235
97.02296199304064 0.0197 40599.94484122277
79.92209041091833 0.0212 39290.60289574812
90.92228007097626 0.0183 40070.70624773713
94.83872510166779 0.0188 40580.100508797615
95.97985624571186 0.0182 40568.930736206436
92.70950841754068 0.0166 40161.48501477871
96.29578585040336 0.018 40557.20750740634
69.80594557624632 0.0184 38085.61615132902
64.04222130379665 0.0195 37062.86228901493
95.97464031542555 0.0183 40688.66400764306
95.50259660498698 0.0216 40612.78767095974
92.89313118071738 0.019 40332.0738259486
89.78969652031047 0.0182 40137.51820351799
97.27709550543051 0.0178 40795.07900422008
90.6353301027118 0.0184 39960.343792366155
97.85067191549106 0.0172 40801.4136270099
98.38266000472788 0.0148 40773.19529725841
97.03425641074044 0.0175 40739.31770097107
93.97758248106184 0.0179 40288.83739125641
97.36827708223379 0.019 40549.95120673542
97.66450372992303 0.0159 40685.47908441629
95.00237840831578 0.0151 40442.4866318462
96.42413768968036 0.0164 40574.74387031531
96.69634520595358 0.0176 40604.968783170094
98.29174132940662 0.0155 40802.03959585075
98.1005064034325 0.0145 40628.458287080604
97.67905416771173 0.0147 40619.41029402433
97.47969410633787 0.0135 40654.193956492156
94.96022420200231 0.0144 40515.36562836618
97.48465823913627 0.0159 40579.81574710455
92.32020225786415 0.0145 40055.99327433342
94.37862004639322 0.0151 40299.87142830333
97.73467969633107 0.0153 40562.5227383103
97.95659899526598 0.0158 40722.865702349845
96.34197767071204 0.0157 40322.6963000588
94.55872064451707 0.0159 40418.94711726345
94.22120261822074 0.0163 40236.91372010833
96.15418484006564 0.0149 40621.1766554233
90.97030878783309 0.0144 39803.94507146991
97.10251256779726 0.0131 40315.89970946852
93.47004673510394 0.0133 40439.81938584931
98.19126535676078 0.0139 40478.70767865369
97.17890773027013 0.0132 40848.75765444747
96.30659005933299 0.0144 40537.28228613352
98.1216163174297 0.0126 40423.71466904131
96.5152540380508 0.0123 40452.46971974843
97.80585006571586 0.0144 40425.04132288491
97.9510093346309 0.0142 40395.23625280781
96.57024608513359 0.0114 40550.4041164207
97.74724624930423 0.0128 40364.8613876596
97.8114571070106 0.0127 40414.65091829705
97.71445908434899 0.0131 40483.249878930255
97.83203074593746 0.0109 40608.28410314066
97.9479528145861 0.0129 40621.845720641286
95.12273849145144 0.012 40228.07019795305
97.52697111137238 0.0125 40409.16857364514
97.29486615414753 0.0109 40380.453066235226
97.55371442877532 0.012 40393.16517386373
98.06196508039802 0.0106 40466.24397691497
98.06164288712813 0.0115 40344.66998972539
97.65122331405456 0.0114 40290.30741838284
97.51408756844222 0.0102 40728.87288877502
97.96302220500304 0.0099 40259.71462061552
95.75540208004823 0.0103 40180.19262382636
97.62620447777637 0.0096 40464.005896178336
97.60773079175388 0.0098 40400.052637180095
96.3752083799254 0.0106 40397.16364313352
98.19140107805117 0.0108 40509.89912782544
98.09576040981615 0.0114 40453.90212927161
98.3409043842893 0.0103 40446.84163622619
97.97339588603239 0.0092 40426.64553234098
97.61071209094658 0.0093 40294.50904317326
97.9810380720254 0.008 40409.40708833283
98.16966489663574 0.0105 40371.19390729368
95.32633597350869 0.0102 40036.86409998666
97.1315710553611 0.0093 40165.16036139653
98.2330446883993 0.0098 40339.81082116702
98.0448087714078 0.0089 40264.33997602473
98.31364488666621 0.0078 40383.91626579276
97.80057766697789 0.009 40318.36161940231
98.19783601715447 0.0083 39982.719295184404
97.5225406008859 0.0095 40278.89171733651
98.29605329575372 0.0097 40426.312814515695
98.3483457340235 0.0071 40322.982780647035
97.65822963471143 0.0085 40207.26337389603
95.62600295744828 0.0087 40215.704219327294
97.95079669545133 0.0087 40579.71197628739
98.18888743458112 0.0079 40356.91307037456
98.20948327654071 0.0093 40632.96537574829
98.09426102241932 0.0077 40327.15977696417
98.23988457846932 0.0077 40275.45124736188
97.67075883960203 0.0081 40304.238188334944
98.22326749121963 0.008 40326.48285715555
97.03790559260513 0.0082 39944.182648081376
98.35501563981605 0.0083 40279.52932382096
98.24250983069194 0.0075 40558.13520929379
97.98972515183854 0.0069 40427.189466223
97.67667074365893 0.0081 40205.99553532196
98.05806040502557 0.0085 40241.17776111058
97.9361153817493 0.0085 40069.90981948258
98.07545213843602 0.0071 40329.73354632246
98.10477981560699 0.0089 40358.47447434368
98.37190891335617 0.0068 40164.34020984049
98.22772709490943 0.0073 40178.12128882484
97.76618671714957 0.0073 40199.1583214099
97.61812490449677 0.0073 40125.56406183228
98.18479031924109 0.0077 40212.47325068902
98.34865644480473 0.0075 40411.43903634557
97.9512402653526 0.0058 40115.453825373006
97.7068554525301 0.0062 40236.764818160394
