3.974645841815319 0.0514 30878.856490085756
4.0075481721445385 0.0494 30913.150652144544
3.9420849643410305 0.0507 30950.63404792983
5.359913754147172 0.0494 31090.188009369034
5.061880971935864 0.048 31084.326989903395
4.222032992441253 0.0483 30893.45919646612
4.344501414572944 0.0487 30919.022749874504
5.229061668266814 0.0428 31034.031011847586
5.1620886220225275 0.0474 31023.333375827395
4.196393862893582 0.0448 30766.939324040424
7.1431544402216005 0.0421 31347.63647244564
4.834015979682151 0.0464 30947.891703787147
4.337759278885674 0.0479 30844.47155582344
6.474870567226895 0.0425 31069.506005047217
5.452131588602872 0.0413 31009.96745108879
5.454641719224825 0.0431 30960.245714538913
6.441085469928878 0.0449 31177.690054532915
5.124668716793556 0.0387 30831.794249876566
6.535128613529256 0.0434 31076.34531043585
4.562263594513851 0.0449 30661.761128932994
5.774894519261387 0.0413 30990.513305364548
5.62329324231676 0.0411 30914.69890441584
7.384770617940752 0.0392 31204.502201717867
6.369054219871063 0.0364 31131.29954192019
6.989362971209721 0.0379 31121.573178430146
5.706853812105345 0.0378 30755.584974606663
6.67932408727874 0.0391 30948.16334871711
6.168774600439114 0.0392 30752.057503136522
6.433965278252005 0.0407 30937.618343937385
8.329030714840098 0.0355 31170.429763981356
6.293322782309651 0.038 30950.78727984189
6.5898793336877075 0.0362 31015.31224214336
5.655866658700463 0.037 30791.08934498558
6.424312815741402 0.038 30825.335167781115
8.129897232290485 0.0356 31254.841959381687
8.376287572095784 0.0357 31079.946378205623
5.093754999180955 0.0399 30672.55281989359
7.358366212243091 0.0376 31096.298717589867
6.697173795470648 0.0332 30910.619477840733
7.653276183470422 0.0339 30828.905027118846
9.103204568059937 0.0338 31036.419239072446
8.272061025042792 0.0344 31127.28332296752
7.565247878488822 0.0339 30848.095147559594
7.654811227818593 0.0353 31068.047562676806
10.092127799770807 0.0292 31295.180172576165
8.7315792401717 0.0285 31074.858220590755
17.116274398651857 0.0316 32176.29169428337
11.92423404178796 0.032 31442.679615803558
15.71033951837918 0.0301 32096.499935812437
12.474275335541146 0.0301 31835.363829383026
10.183594025187343 0.0289 31191.697078374316
8.252793928472414 0.0306 30920.08678007792
10.682371786973276 0.0314 31397.7894062209
10.284395203964062 0.0309 31238.034398151183
13.479211713720451 0.0292 31601.995753231306
13.796755433841085 0.031 31887.913838008204
10.149061724619065 0.029 31194.914628980267
29.3180651435591 0.0258 34120.05127445232
17.50736568939863 0.0259 32264.10935307866
23.097610728572047 0.0271 32757.051825896677
16.945745465194786 0.0261 32208.988149816258
15.74238418375223 0.0285 31998.550072307546
14.893751371015579 0.0254 31947.123210613896
12.583676193725536 0.0272 31453.78730327944
19.987488774532405 0.0255 32627.685289451623
17.564627458353854 0.0247 32281.666039297077
14.959034781809338 0.0266 31726.615100837236
20.791157133048632 0.0251 32874.27005273453
30.739469809794148 0.0253 33939.92556821888
40.802725421483224 0.0231 35469.55939165312
12.725028346153662 0.0256 31558.76916949127
40.42966966405023 0.0232 35506.454401548544
16.21510720589355 0.0236 32049.059747630385
21.911334712440574 0.0254 32760.186305827876
49.685508615926324 0.021 36630.73933616072
32.1589510796517 0.0246 34212.47698392588
14.905205721574381 0.0231 31864.487775795773
98.05224987490853 0.0218 40952.21261040133
27.853494123429456 0.0233 33797.59633013706
49.69921243040894 0.0231 35998.92699397349
18.907138951257505 0.0238 32495.00561785475
23.375811285149847 0.0227 32846.53601468414
96.06545724714339 0.0185 40813.88639461817
75.16584048214916 0.0205 39205.02203335962
92.53877817929347 0.0208 40610.048580294075
26.983554462710522 0.0227 33532.83002236273
97.89782574743671 0.0208 40865.8949510988
91.80986379344607 0.0202 40309.49719736162
41.91682013812233 0.0208 35106.17696065097
92.42381934621298 0.0201 40496.71476489934
27.12687716293233 0.0227 33703.89577185002
53.036262487300974 0.0194 36628.13868118572
82.98986503051279 0.0205 39506.78529738388
42.71564945881343 0.0217 35204.5556819589
95.7073716727246 0.0198 40518.01898032022
97.75298146311799 0.0191 40705.29212921651
92.77107502656368 0.0188 40484.14916269039
97.15717075655999 0.0176 40538.232677888285
86.96075858046379 0.0175 39811.123388800515
70.69684992063914 0.0185 38548.968211705695
41.59948736414688 0.0216 35244.511427426565
80.62765555190849 0.0175 39032.47547443446
95.74587091239493 0.0176 40641.300586235135
97.74962241045827 0.0183 40560.23847000054
92.54512982017675 0.0172 40517.65585117826
84.03982952119578 0.0161 39459.47568416791
97.3145818707965 0.0143 40593.712576148595
95.14096862455332 0.017 40446.90238168285
95.70295460163757 0.0189 40446.65878130596
97.21926967370675 0.0162 40690.002521369184
92.97432592723798 0.015 40342.66674821338
96.42027631606827 0.0155 40677.854394433896
97.5964257708209 0.0135 40588.15540677432
93.05394627165691 0.0156 40036.00633558244
95.72157787761297 0.0162 40522.328300135545
96.4102814826138 0.0148 40572.28920978003
97.83475313537343 0.0154 40636.26290352073
97.23313922595915 0.0153 40686.18232615093
97.12164409845587 0.0148 40714.225719619826
88.15960540673076 0.0135 39442.61753784913
97.56240205777736 0.014 40599.47868976277
88.52823358533207 0.0151 40022.38063231364
96.847424260546 0.0148 40456.11270532015
97.384008665809 0.0161 40510.136958472096
97.73831503700444 0.0143 40672.90476317118
95.91741129006448 0.0139 40601.03618851055
97.53494266463447 0.0145 40636.454424079995
93.38541271202381 0.0164 40055.72411719558
96.34991393054358 0.0144 40444.93611726718
97.47494566387746 0.0133 40691.22790100756
97.68560791158771 0.0125 40339.25134408581
96.5146029820613 0.0141 40649.65759552907
96.62095515745844 0.0127 40544.807405811785
98.3292234635353 0.0113 40712.35689544688
93.94825164488336 0.0136 40360.56008097425
97.29380623833663 0.0135 40339.664000742625
97.9154372671934 0.0132 40446.205934195794
96.97390190703958 0.0136 40534.43283184009
95.25064307184373 0.0125 40211.38687248001
97.40603098980277 0.0131 40324.242876870485
97.55380954620364 0.0127 40266.978399816806
97.3912426192162 0.0114 40387.75781949234
97.29796276499164 0.0138 40333.476219121236
97.03545776669354 0.0111 40417.27325017095
98.34761851005851 0.0131 40371.64620946467
97.30526116098564 0.0126 40344.98017841626
97.90216621077174 0.0117 40494.095007745906
96.55985411108514 0.0133 40418.98520846928
95.30997103980613 0.0117 40072.55795465495
97.98566083731853 0.0113 40450.206126449
98.22971980442729 0.0126 40451.88621552931
97.82641456322126 0.0096 40381.6335560734
96.72057521459283 0.0102 40385.74658486055
96.46509588359397 0.0103 40068.44290212257
96.83634250051561 0.0088 40117.54014720305
96.87823093332396 0.0111 40389.8157201862
98.00508348964698 0.0104 40470.57664408473
98.3903230744822 0.0113 40461.759506108094
96.25210216489361 0.0093 40482.081002178005
96.44772623927845 0.0107 40210.51095827417
98.28456160205934 0.011 40336.20509299961
97.68822995408271 0.0107 40378.078709522866
98.38200829391367 0.0105 40208.58953659292
98.01170140693931 0.0098 40213.26503525378
96.79211560660404 0.0119 40211.58319837103
98.23576363640375 0.0088 40491.76057140465
98.0487132423709 0.0091 40337.18332403298
97.83893999158843 0.0091 40191.39582595939
97.29255557017513 0.0081 40186.72019454555
95.27081775873089 0.0102 40035.90577052069
98.33924069937363 0.0093 40388.59693022191
95.38173459664236 0.0083 40149.39559415969
97.9835961569493 0.0093 40201.7871381382
97.39026496639468 0.0099 40429.117271789466
97.91332911496436 0.0096 40202.92158088893
97.72382183988154 0.0098 40305.57375391712
97.98689188969476 0.008 40362.703017785236
98.07622645299766 0.0088 40245.933743341106
97.3046979987903 0.0088 40115.88413249041
98.28260809361326 0.0081 40345.12119247239
98.01825917845034 0.0094 40123.49288427521
98.1673024122356 0.008 40467.62126233418
96.92154687663441 0.008 40345.95644774786
98.35556350220851 0.0087 40417.78709028769
97.79416739478475 0.0073 40004.4486165566
98.34525059038536 0.0069 40336.16286043955
97.94781932780425 0.0079 40093.59078105246
97.91138730317131 0.0082 40299.643777582874
97.61147492586402 0.0075 40243.18903326582
98.13933228618173 0.0077 40275.809312021236
96.7572592973854 0.0082 40161.004377871
97.75714414852723 0.0058 40333.08925968239
98.26337002864378 0.0078 40418.68504367027
97.32564785558031 0.0085 40013.99499300223
97.98836978495 0.008 40126.95326564457
97.1741088023622 0.007 40069.42671830663
98.34104960737041 0.0066 39986.766607957885
97.75907944956245 0.0065 40016.54213329996
98.17272915255131 0.0055 40253.86188853411
98.0790396539102 0.0076 40261.07030922308
