5.713546719458265 0.0475 31232.785347402856
3.6629394730901703 0.0523 30837.967143341826
3.592361450833739 0.0516 30900.27483073474
4.415227379653978 0.0466 30892.074052684722
3.900774843460524 0.0483 30916.97162589471
4.604263971419175 0.0464 31030.701612747445
4.885878720675461 0.0477 31080.55480195451
6.044028868828728 0.0456 31169.89777382618
4.992058786122924 0.0465 30842.885647589024
4.478329758093693 0.042 30981.246009579543
5.512156029811454 0.0437 30993.355590817275
4.659431624109521 0.0451 30931.468198049417
5.461284853711802 0.0412 30918.306762632652
4.7775137122711255 0.0442 30794.953570012076
5.892208036768009 0.0417 31062.448717661053
4.285243376044697 0.0447 30678.625981404923
6.356577532478743 0.0447 31190.825625924554
5.625727428401264 0.0413 31028.87930556507
4.085766084757881 0.045 30776.034357811346
7.622262243106602 0.0411 31179.334629886216
4.356045973205189 0.0416 30693.44439108187
8.792524665666184 0.0408 31580.24976427213
6.424372003386683 0.0397 30955.487237386355
5.218668851460416 0.0402 30762.381775235546
9.698394552985377 0.0364 31582.246450517916
6.64283500510006 0.0381 31008.56162038743
6.506998389974157 0.0363 30848.4260603313
6.827634873248277 0.0375 30969.490786334914
8.472753123307928 0.0362 31143.965849595937
9.96482812202876 0.0379 31535.898752083423
5.48615389971382 0.0399 30798.232958826462
8.205911173599718 0.034 31219.856946922526
9.771650952876012 0.036 31368.495132545813
9.961116592263577 0.0344 31343.67631799204
7.754052676718186 0.0342 31069.03551247482
16.32055625854682 0.0315 32308.65279704436
7.478049593794993 0.0356 31025.143616047684
11.180805928756246 0.0334 31548.91724777725
8.675996550957823 0.0342 31163.29161916847
7.320721067247765 0.0353 30997.262836400543
9.081715952359842 0.034 31191.836210364403
8.184360848429069 0.0364 30979.22548175585
9.00576749061524 0.031 31285.36272831466
12.257945682868812 0.0321 31787.786039618233
14.643666394059453 0.031 32079.10500140688
15.116226885511136 0.0287 31907.5162933695
10.806605283213464 0.0309 31429.215481803767
12.348141460324552 0.0313 31626.924572031447
8.071769820604692 0.0338 31162.235369269467
8.749439423883192 0.0297 31055.687357229373
13.506759185909706 0.0281 31719.695427005172
7.571553408083717 0.0343 30971.09739545682
13.368339452710561 0.0305 31789.84549402431
11.062176744884024 0.0296 31393.797614550513
12.54819113113103 0.0293 31582.78050453246
11.795931754127087 0.0296 31365.229293193006
12.917077306191413 0.0294 31649.067703891782
7.5181729114661096 0.0339 30951.510465319625
12.11049778449362 0.0286 31674.939261736967
9.314500527702583 0.0311 30958.430403707694
16.472815209615977 0.0279 32033.380186088747
12.059015581243399 0.0303 31516.064353047957
18.856336989184634 0.0251 32429.92135460362
95.51872184555178 0.0246 40961.275856403925
10.839682285064752 0.0276 31302.618356111
10.887945505051455 0.0294 31164.808124000796
39.926258739918616 0.0235 34986.53568504068
18.679610837435735 0.0256 32569.368536371087
91.17162149520753 0.0235 40516.22483982564
12.94149804573949 0.0275 31596.302413398582
32.695468164975274 0.0226 34406.430219798254
93.08531134577287 0.0226 40470.7896172566
97.44950478008953 0.0253 41047.0826736058
16.609368100113205 0.0242 32131.53441235564
15.930471232088175 0.0254 31973.42084168035
16.279907423624717 0.0252 31894.43193055733
21.912066047469516 0.0274 32709.348690123014
25.363302140514563 0.0218 33334.57635690499
21.858724025963475 0.0248 32806.91437069748
95.50048176119284 0.0188 40559.40632361604
28.10787993929568 0.0232 33570.63011072244
34.74838211019183 0.0239 34355.245076409396
79.87747938947598 0.0198 39497.97165337579
96.43395014289607 0.0218 40777.99085797248
32.00981546967509 0.0216 34160.50925382113
53.01655173480951 0.0211 37086.63862755988
66.68310212246108 0.0211 37573.80646765758
96.42349640427733 0.0197 40588.02865158021
35.67233669383074 0.0207 34037.86771376123
96.86600970709517 0.0188 40768.50841523973
17.808002285033464 0.0231 32191.4191722974
69.06325975446353 0.0171 38233.0583672743
37.33833138816352 0.0212 35007.572587202165
94.44310298242094 0.021 40565.78200061126
96.6875732386613 0.0175 40761.60865083438
96.29878274155215 0.0179 40763.681765631045
45.02964568178213 0.0197 35245.924131024
91.93706605794564 0.0175 40400.74207394578
97.04252902505206 0.0183 40805.5529027199
90.31406818878399 0.0189 40439.680448946994
95.75763594384257 0.0181 40741.928534935985
97.31556341331368 0.0175 40740.441461481525
97.14986928202848 0.0165 40666.219597402596
71.86338754106517 0.0188 38425.42647824555
98.07285939047311 0.0164 40714.48375913298
77.96783528198925 0.0188 38752.06678947079
97.68026975196273 0.0145 40590.86790262814
62.22647883335027 0.0181 37251.28621430538
95.96735770066407 0.0151 40650.23153268899
90.11579577098566 0.019 39976.144992026435
79.51670755428022 0.0177 39027.60886327264
95.71501482247082 0.0138 40294.23087161871
89.25188403243443 0.017 39900.946127384705
95.79903669838805 0.0159 40326.97175395672
96.74377041645377 0.0168 40488.00753999481
94.50147985952093 0.0178 40386.955244725126
97.78647942996902 0.0169 40489.20191091028
97.64261434602021 0.0142 40578.592364560536
98.10645370335182 0.0146 40832.224221490505
97.36244281359865 0.0138 40476.65424627799
96.74844226659795 0.0141 40474.35104774858
97.28166166022856 0.0151 40614.48266038359
97.90499508563511 0.0146 40488.06542142763
97.8044948658166 0.0164 40686.64960876842
97.96806973238786 0.0133 40626.18395490691
97.67086243484448 0.014 40390.45567612491
94.35830683888148 0.0137 40268.66292720953
96.97506133108367 0.0132 40349.11712251082
97.39935910210166 0.0142 40513.05792281905
97.29808183722938 0.0128 40394.50226716042
95.80902342172132 0.0122 40425.806814323485
97.70402454015755 0.0136 40700.899589209264
96.19678083870492 0.0136 40426.18818942345
94.18989383987056 0.0149 40036.693506468306
94.06421044003213 0.0133 40103.34049155599
96.73553503192501 0.0135 40237.395243978346
98.14201444501475 0.0122 40280.10623291046
96.66924526730146 0.0118 40312.190439301
97.936328415798 0.0096 40266.080403933105
97.96248529690608 0.013 40424.007712774444
98.02887325328737 0.0123 40344.9611105871
98.29355051203993 0.012 40483.37128154741
98.2110902990638 0.0121 40263.82289455537
97.06901510664476 0.0135 40420.72574927001
96.86391680843316 0.0127 40528.78776761632
98.28155497970546 0.0118 40518.45439670899
97.46287512668889 0.0109 40421.997763384075
98.1205931510628 0.0132 40550.205809496794
97.6241201333037 0.0108 40287.699232979634
97.26250872609641 0.0107 40556.570033422526
97.8311026357172 0.0109 40304.265200234004
98.12997178328659 0.0108 40314.23418439963
98.15614750421926 0.011 40311.266507095446
97.29675211896357 0.0107 40256.44644348058
97.83466811842453 0.0102 40309.483968972614
97.55988578959972 0.0112 40499.21458769127
98.35483125948225 0.0101 40275.31054329429
98.23900885062359 0.0102 40366.44944512979
98.07948227937784 0.0099 40434.891629023725
98.13211007066519 0.0085 40364.82612133673
98.37353880678607 0.009 40426.68285207798
96.71123491089804 0.0099 40146.82054787633
97.94755737365807 0.009 40426.06705437483
97.49393720440513 0.0102 40411.419551143525
97.98349055663431 0.0078 40365.748828051335
98.11564792270264 0.0093 40361.439874182004
97.93619650643292 0.0094 40267.49758961439
97.22904958469283 0.0097 40327.817050213
97.97246977560691 0.0079 40263.73343009034
97.94509442111077 0.0078 40424.63614788731
97.89428416567293 0.0093 40183.55780967831
97.9310115543069 0.0069 40394.49990073014
97.64592121525403 0.0102 40558.685853895746
98.12474781619527 0.0078 40549.155934232556
98.02310721837591 0.0098 40564.11696952385
98.1378437666592 0.0077 40178.81112777036
97.60871768643293 0.0083 40452.47668435035
96.95728026350838 0.0074 40572.50907780688
98.13114298345575 0.0088 40201.16220070045
97.96275216279653 0.0066 40389.09692202255
97.74438002187462 0.0094 40096.57494924445
98.28770098840228 0.006 40207.81191690265
98.21278931032182 0.0086 40229.07307247292
97.93738221770475 0.0082 40235.86061752384
98.32369708308734 0.0068 40225.308582364945
98.1017861709284 0.0075 40336.309199758696
97.99053627272555 0.0067 40351.79401460903
98.25350874111592 0.0082 40223.49309925341
97.99224675583102 0.0075 40237.39171555964
97.78321998959144 0.0074 40270.21242741112
97.43201861627297 0.0073 40182.66995140758
98.09640723056147 0.009 40346.60489137628
97.93490153868746 0.0058 40230.177982700785
98.08778916574036 0.0073 40332.41152983145
98.07487615239785 0.0067 40277.775126131426
97.18918977933714 0.0064 40469.55720853469
98.33359587272 0.0068 40159.39809764348
98.10078354114304 0.0074 40391.34298004214
98.18135919582448 0.0053 40387.93849191396
98.03001069615101 0.0062 40230.56315039782
