6.788093250190701 0.047 31361.89484959483
4.3033990001402795 0.0493 31049.36777912928
4.796168390412491 0.0511 31123.3347121781
3.700613083923392 0.0525 30876.95543574844
4.695751882766088 0.0497 30938.86529908438
4.969139836887297 0.0457 31064.541167301624
5.860050141615544 0.0476 31132.65120632875
5.3745340825733 0.0463 30949.987042042358
5.738514743677304 0.0456 31035.086139666102
5.000313300295057 0.0412 31061.09164499591
3.8150781892696424 0.0475 30775.207244844918
5.698018511121186 0.0438 30847.998153424698
6.136255697060707 0.0436 31120.573476599566
6.478233404656205 0.0456 31127.871358981283
5.738341844250229 0.0447 31040.46409821634
6.448050249333958 0.0394 31248.332810355674
6.329608314644221 0.0394 31088.730875815327
7.115620203729218 0.0388 31193.553630963706
5.047794560548895 0.0423 30924.91658553753
5.37790379380254 0.0413 30869.99151642811
7.240062110948582 0.0391 31191.271215288845
7.5285669488364 0.0418 31143.88602003199
6.5273320455117725 0.0382 31112.989955075423
4.2383941774344756 0.0423 30739.688544962726
5.637642839518302 0.042 31011.38394063371
7.078081344116808 0.0394 30952.099314691255
6.229114093162983 0.0394 31026.163334528635
5.407798461013835 0.0399 30824.328908140404
7.487772304704168 0.0371 31149.08068820085
4.833309693017612 0.0421 30695.583941519635
6.334882376438171 0.0386 30898.360616818853
12.613839265299264 0.0325 31701.897443434584
7.362960592836783 0.0358 30915.33597017865
6.289304993017255 0.0348 30956.342938532744
7.132327892131657 0.0356 30824.714700575165
9.166999589406739 0.0329 31198.955010250174
7.8114055863974095 0.0345 30951.72290684304
6.50446842433617 0.0333 30709.34390645275
8.97326365390861 0.0339 31257.474141558854
10.414448184883444 0.0315 31298.820529588495
11.042960255154666 0.0313 31579.39034115601
8.394914011138404 0.0346 30962.329130374015
6.121832373611239 0.0369 30809.281043714775
7.266773612256433 0.0337 30865.881241543073
8.709856574125203 0.0335 31339.275759453412
7.851679780796988 0.0324 31106.961985675687
27.52509515102725 0.0307 33404.69694610188
7.235766073769718 0.0342 30833.150090319392
10.937367637655017 0.0326 31383.143421521036
9.037351080563765 0.0307 31084.540266959568
8.390525697425966 0.0305 31062.93812669112
15.475028412891858 0.0296 32131.047835586967
10.055938850279228 0.0297 31307.879418076955
10.13552954421672 0.0305 31173.32070071542
11.947341965141062 0.0247 31649.685979751488
12.181288357549114 0.03 31475.636297960253
22.347384631344024 0.0271 33069.636364698745
9.605987019021388 0.0308 31225.064253086293
12.769466882630756 0.0262 31644.560744339804
23.32829143887383 0.0246 33125.23799769352
9.917015541545867 0.0287 31119.100154724856
10.145926259512171 0.0299 31132.625148733652
15.400274097427513 0.0279 31892.47711223171
14.938466011999292 0.029 31904.522130813468
21.43164101807308 0.0254 32616.19232798316
13.52900195983286 0.0282 31527.41902272907
12.54807116634649 0.0264 31531.808888520904
96.98921711959302 0.0234 40899.33370082184
26.326156136934767 0.0249 33643.35233571162
26.92875534174894 0.0239 33537.3764223041
25.03733780392321 0.025 33209.847169865
14.391854102775833 0.0261 31739.611300115088
16.38007152535103 0.0259 31914.47334281645
21.71588039651121 0.0226 32728.270588944953
45.955412533848055 0.0218 36272.44037604967
93.11851771289287 0.021 40462.435105208046
97.75488864691053 0.0218 40890.174106627346
29.03335369821979 0.0221 33794.55998022541
16.33672021326481 0.0249 31946.626856189043
94.29903663072561 0.0234 40544.458974116584
35.42883557079184 0.0245 34397.925460023864
41.57982760035722 0.0212 35629.23102429759
23.763968519499862 0.0229 32950.85190254251
94.4681939711959 0.0201 40665.644896208956
34.97543563465328 0.023 34555.46666092857
96.6325749178381 0.0205 40871.71938559553
25.42461495569975 0.0225 33283.51364213255
86.93678957923841 0.0212 39977.9723170849
97.72295592951885 0.02 40693.28223163694
86.50508798562129 0.0209 39968.6291616443
82.53512007416313 0.0216 39907.310085896104
96.87156600290119 0.0179 40748.6888995079
89.65022628278507 0.0184 39963.47689510435
58.10555397826745 0.0205 36825.669686667476
92.48638594359366 0.0192 40378.48931199569
97.46649766855795 0.0199 40837.19867495051
89.62958601819268 0.0174 40138.94608322015
81.35328675331552 0.0179 39339.194641567046
97.65554638999487 0.0198 40641.48247687782
93.24423298281567 0.0169 40525.819475057135
73.54048197965132 0.0191 38432.36301636252
96.565851836435 0.0201 40731.14743334808
84.2973433840488 0.0182 39617.59604025071
63.33122800602745 0.0192 37852.288761971584
94.86665818853929 0.0183 40614.39341237472
98.20345653900175 0.0175 40779.172733088715
90.79250707105673 0.0172 40195.26286474575
95.24472125070743 0.0171 40399.05864892261
91.05200688063445 0.0173 39891.13304986887
97.63935326237396 0.0153 40449.21420429002
79.11859923926208 0.0166 39376.0851903676
97.57691225840415 0.0162 40557.11491612825
97.16818310836419 0.0154 40596.69299371039
97.40542458272057 0.0164 40499.75431928461
98.08477916695323 0.0145 40672.40836374367
97.7994114351335 0.0145 40461.922944231825
96.63429798154397 0.0145 40672.79719372636
93.8870082724454 0.0158 40405.839216203996
97.24869247187075 0.0143 40596.116848819045
97.11399584335186 0.0158 40504.70482058833
93.02088394683977 0.0144 40197.03030674003
97.36280044348356 0.0151 40592.42146986877
91.93061842422232 0.0148 40076.26334433634
96.69503664766694 0.0143 40379.256490624
97.82168653407045 0.0137 40436.85336730998
97.95927243574897 0.0141 40618.72219307872
96.14473698630903 0.0143 40227.791677049965
91.42649042281063 0.0134 39954.97249931993
96.09940244623532 0.0139 40368.38907491607
97.27771948201553 0.0139 40357.10167366555
97.04706256813606 0.013 40462.98946740126
97.37839609608108 0.0127 40459.6999843327
97.53477891223953 0.0137 40314.953317084255
97.52965318619617 0.0129 40434.82366900336
94.24030743247333 0.0127 40312.63851125658
96.45346840192171 0.0126 40486.07970680608
97.75888749853578 0.0117 40577.36599020695
95.98639301025018 0.0126 40080.387061888665
97.79221182735212 0.0118 40303.629361825355
95.58516469599769 0.0112 40292.57867631452
97.02135277898097 0.0122 40292.64706542273
97.45515816519465 0.0127 40355.11425720675
97.87102530606433 0.0116 40527.10211034846
97.43020661204842 0.0107 40364.43203702359
98.14866170685858 0.0116 40610.46827621169
97.8341113419851 0.0104 40273.18096099498
98.27284664280329 0.0108 40699.14285779175
98.25838954707893 0.0107 40356.32062962487
97.47962060615838 0.0132 40298.38900242726
97.81323350957865 0.0099 40392.90009103741
98.0863473748416 0.0109 40410.47456507859
98.30909352843719 0.0097 40358.86686524043
97.81750273072667 0.0112 40366.13434270569
97.70754160582429 0.0112 40434.18665020287
97.54216161322015 0.0099 40409.204152523314
98.20884963823579 0.0114 40436.993500310906
98.3547540197853 0.0095 40511.11173411744
97.75217049232967 0.0104 40537.57590717208
97.4744315947872 0.0095 40225.73611384435
97.65991442662373 0.0092 40402.14002588714
97.7883150253453 0.01 40391.49563480554
97.63039652202671 0.0103 40289.038888878094
97.91511729505763 0.0092 40591.09722790449
96.80642506415046 0.0103 40210.91246733307
97.16197751398948 0.0099 40235.02099392381
98.0736326821456 0.0118 40292.18758931357
97.9775200904781 0.0095 40245.218286330695
97.71881484493414 0.0098 40238.461163872016
98.15585062550724 0.0085 40376.95219108291
97.44361535967758 0.0078 40252.74058165229
96.97570752212562 0.0091 40200.90636650266
97.88865960323271 0.0104 40173.57597834761
98.32933919153253 0.011 40123.92426682727
98.31335976654393 0.007 40320.98506766764
97.79919002075059 0.0098 40321.3118969226
98.15931014534603 0.0083 40206.37822741921
98.06498055023023 0.0083 40359.19209176904
98.1382336340084 0.0092 40452.64833880713
97.277961702621 0.008 40176.04812779373
97.9122278839336 0.0073 40398.92850243263
98.2106909192473 0.0069 40322.30585432488
97.59015342090454 0.009 40308.75866455893
98.10332132689071 0.0082 40330.70108922006
97.30658658880412 0.0071 40179.943820971894
97.98383275299062 0.0087 40240.5782796568
98.11025734995813 0.0071 39934.11429851927
97.45727578564947 0.0084 40168.07339945278
97.95974559657655 0.0073 40191.396091651695
97.45176260375435 0.0082 40229.18554868199
98.10320902546002 0.0076 40405.05734048495
98.35136460942392 0.0061 40217.82898235375
97.67116083227789 0.0071 39958.2080609601
98.37257381218355 0.0055 40315.4948208668
98.2546966147909 0.008 40206.19863462694
98.21412307784973 0.0071 40151.25696400916
98.01532007117837 0.0058 40431.820455844725
98.14609907653399 0.0059 40244.641452356365
98.3612784451819 0.0074 40217.14456177017
97.79687437392967 0.0066 40206.89750265727
97.42862600346199 0.0066 40246.479953138056
