5.254037918239559 0.0524 31180.68985845124
3.67310486683653 0.0522 30802.32849643598
4.948613542637126 0.0468 30963.968937274985
3.925377763437049 0.0481 31024.180558066073
5.570401801512921 0.0477 31170.321396426323
4.466404665429653 0.047 30808.76119411585
5.018201928673396 0.048 30977.93717513492
5.5399731361798406 0.0466 31153.052561045974
5.675848585613427 0.0469 31042.788863007092
4.9398653534379156 0.0435 30974.003050078856
4.797180659997383 0.0443 30884.04762515777
7.0928423912494285 0.0424 31163.201629233383
5.048647497998523 0.0461 31005.375078533747
4.261790578011849 0.0428 30746.223899794568
5.184506854777676 0.0461 30922.134993781354
6.141373820988446 0.0418 31254.867357275252
6.046412683036331 0.0398 31083.54666958192
5.477225778541211 0.0419 30951.758547941397
5.549341637048183 0.0399 30835.467747379415
6.66436078108824 0.0408 31120.680767947182
5.615202756488461 0.0419 30890.121600633847
5.888586832645494 0.0405 30926.35523444149
6.72873569233536 0.0392 30916.850416103276
8.47432341170807 0.038 31346.464508862216
5.351845933188951 0.0389 30998.236184402806
5.589589532281125 0.0402 30832.463395441253
6.092228423875506 0.0367 30862.671072380545
9.39458484232673 0.0409 31314.596585067527
9.023849339844364 0.0373 31489.577752125035
7.055750622984344 0.0391 30982.235791164658
11.396446454335159 0.0334 31654.247231922094
16.493194246142423 0.0348 32186.987489494684
9.002462611934385 0.0307 31171.022142815415
7.425959199492114 0.0332 31043.052878618604
15.769493656304919 0.0345 32121.551225302774
8.110883848134696 0.0354 30978.93601102516
7.964695597806845 0.0355 31169.14417396457
7.371284334276506 0.0343 31109.570567598337
9.339220534012865 0.0345 31102.675419599087
6.429539895686112 0.0363 30729.69710731597
8.699799347939742 0.0322 31290.45475240424
7.1792147576440914 0.0334 31061.68375042991
8.443572545831135 0.0327 31094.55801152048
8.318693274383012 0.0325 31020.777455828134
10.48440974050217 0.0301 31471.669152899318
12.823616020614123 0.0319 31845.801935144682
8.788047320817006 0.0311 30981.90256205735
8.87092130547514 0.0327 30865.459878175032
6.804366309619483 0.0314 30757.17494556569
10.60546541393561 0.0329 31531.18467354784
11.206526979862984 0.0302 31494.91749442654
14.102007379614454 0.0288 31866.462852229684
8.501015022669389 0.0304 31093.92395092711
9.540485393401687 0.0321 31212.62587603177
20.956401842852355 0.0246 32810.1975202266
12.243246182341634 0.0285 31667.989083896144
17.71242416625913 0.0284 32297.99164644664
25.383954430373233 0.0259 33561.438788593776
11.897134794053123 0.0296 31347.542910076292
15.271644341963338 0.0265 31937.73203217528
27.365628898700805 0.0251 33751.939542114145
17.658193286909423 0.0287 32309.48479068138
21.191221405428273 0.0257 32886.70736599546
37.65100489325251 0.023 35453.569753184995
8.323108336957661 0.0304 30842.22142129853
15.440489280857658 0.0271 31843.22111553984
12.40566671777933 0.0281 31315.599851798706
92.73843402443437 0.0223 40560.384440407775
97.1563211397967 0.0223 40932.69015328475
14.541420335833179 0.0269 31823.843792647516
33.11639850194686 0.0241 33945.1837466831
23.735194571233247 0.023 33117.665760177006
26.879644173269423 0.0237 33556.60689938959
15.10913522267353 0.0257 31798.2427333377
42.1916335310772 0.0237 35572.32367083565
97.04224277841338 0.0263 40815.29445297371
90.14960944232762 0.022 40269.334326481505
32.926982309190926 0.0234 34279.94876690935
86.37138183368252 0.0212 40134.3423178713
56.00998329113681 0.0205 37143.85038979148
94.57355516472677 0.0203 40860.63581623179
15.098064712245293 0.0245 31721.413004386413
17.726924556833186 0.0245 32115.460418387403
19.28190837466273 0.0229 32372.98871414248
97.68189525535146 0.0211 40937.89791190355
84.61548246805582 0.0213 39882.45495324417
31.251545625307784 0.0227 33919.296488256456
98.09167085622695 0.0201 40698.48732501192
87.70230507113476 0.0185 40082.660673249964
97.09108073861489 0.021 40882.35363601681
86.20504022483034 0.0201 39816.79674750059
97.08660379001138 0.0169 40660.87796070444
96.58827678151842 0.0192 40601.52425890615
45.79718343470536 0.0204 35679.02195259579
93.10160119731107 0.0175 40390.18784076561
97.42236615061066 0.0196 40712.73424017146
95.5913272464722 0.0206 40551.33263510401
86.66429017450686 0.021 39973.69211730003
89.72590784527272 0.0186 40158.24169059653
95.81231129258094 0.0175 40779.196700400586
59.718930044015124 0.0197 37431.460865802735
96.91430585671907 0.0168 40977.72640335198
96.09390321655835 0.0169 40595.1616766381
95.45118554897599 0.0204 40523.52135483542
98.34925484448412 0.0181 40646.98305162612
65.40433410737928 0.0175 37731.638073365
96.22344641808301 0.0156 40638.459619985166
95.7318302928765 0.0167 40476.24423925883
78.59914548265516 0.017 39383.954445198
81.1613293697786 0.0167 39141.67018598444
89.91183023528154 0.0179 39895.902867996476
97.59948698155922 0.0143 40617.40228279204
96.8470334676801 0.0142 40544.12841975038
96.6912731397724 0.0182 40465.31244064528
94.37277439031452 0.0154 40402.424116778886
94.86152458128052 0.0165 40317.468683464846
97.87735215022872 0.0156 40514.65019439577
97.65658445592996 0.016 40626.722483858706
98.32074899501447 0.0142 40566.44766603015
98.29019040928195 0.0145 40661.22516116211
97.39122000229582 0.0151 40523.31451655082
95.52767225520857 0.0143 40246.98772211869
93.4049895533494 0.0151 40182.24960586405
97.41930138586844 0.0154 40443.233952859366
95.01222001604962 0.0145 40321.651925487575
94.4061214710043 0.0162 40416.81176079423
97.914969560709 0.0149 40507.641899805305
97.67385854348548 0.0154 40505.61248796367
96.16558359033786 0.014 40448.67314070029
96.98521614131673 0.015 40243.350862782805
97.833854938014 0.0145 40756.04675345303
97.10268370488436 0.0109 40322.195314091005
97.70411638076799 0.0145 40508.656838905685
98.19648426139375 0.0137 40404.293124193675
94.9736671309978 0.015 40362.16919671223
94.81477711641082 0.0151 40328.70158784871
95.99497451871399 0.0133 40544.72879906021
95.88472280484874 0.0129 40077.87081673501
97.66424822330914 0.0128 40353.240276149176
98.03276239112908 0.0107 40515.38361100292
97.66197038380226 0.013 40215.86507333267
98.33994000251255 0.0126 40747.101075288105
96.6569210666177 0.0125 40396.704931154956
97.18887777360267 0.0117 40349.621958981596
97.53520064018842 0.0108 40275.69014044611
97.96815786988911 0.0109 40359.986271787566
97.90870735988153 0.0109 40360.72090288654
98.14817660618236 0.0113 40256.32289251877
98.25373751659444 0.0117 40328.853349947094
97.27391208081733 0.0114 40359.28703282252
98.31441821342797 0.0113 40764.79242755165
98.1292878635122 0.0098 40491.42119619169
96.95309551823283 0.0106 40518.557770537
98.06239418025882 0.0103 40558.373981810335
98.09467198116644 0.0093 40356.579736466796
97.44535044226775 0.0106 40351.96996815289
98.36331604967727 0.0105 40429.94588589828
97.92321934959136 0.0105 40397.57948434632
93.54652254111647 0.0115 40070.78627075302
98.03112764953774 0.0107 40533.51296156672
98.29631534584205 0.0079 40399.01598341612
97.60498213768575 0.01 40417.90029407199
97.89172009781132 0.0092 40308.09179546141
98.32129858571234 0.0101 40408.27827289572
97.02176574149418 0.0072 40311.31542953736
97.34555610336746 0.0084 40326.93850964135
97.05205195452342 0.0101 40113.58603762008
97.83688290553314 0.0089 40293.58239175379
95.7177024907014 0.0109 40055.81722016799
97.95996058031838 0.0088 40329.828220541145
98.08903241690564 0.0087 40262.71961814122
98.16652504480386 0.0083 40307.50145759272
97.84695671236997 0.0088 40334.88548137213
98.34594323206657 0.0091 40334.9343960405
97.37502043950009 0.0084 40198.69739375434
97.71747413085286 0.0093 40298.566210239216
97.04382952899277 0.0084 40323.28872540774
98.36374724016645 0.0088 40412.57801603468
97.9072255782262 0.0071 40544.811557690155
98.14410799525605 0.0092 40306.97750094006
98.18577978125109 0.0076 40567.552816440715
97.79993192339167 0.0076 40164.14091381649
98.34999832473369 0.0075 40319.42302862353
97.96780508308785 0.0087 40379.952901204255
98.01663854135133 0.0077 40181.97752797787
98.35942299675132 0.0073 40528.886149559854
97.83175949644365 0.0078 40436.23993436578
97.83750622407182 0.0088 40212.27557151527
98.13689523536934 0.0082 40234.3637064006
98.11609018705136 0.0074 40315.0379738947
97.90471964941715 0.0078 40454.745841014534
97.16380602741454 0.0079 40246.02909578083
98.20044301299367 0.0076 40356.788716297204
97.96493436980653 0.0078 40318.638088124484
96.82500570136456 0.0071 39931.10297790126
98.36705908039919 0.006 40213.390191993
98.1461279891526 0.0077 39862.75301761203
98.16229949535692 0.0068 40245.66008658222
98.28028024874936 0.007 40281.47673336191
97.54752224396262 0.0075 40347.6417919502
