4.331682733130576 0.048 30944.9795397991
5.441836886666648 0.0497 31122.98021960478
5.204374055533117 0.0455 31150.144767161317
3.8238265168597785 0.0481 30938.11430501527
5.299590117920714 0.047 31061.21815800734
4.450883398254889 0.0478 31099.92700469933
4.727139050427895 0.0441 31021.129209398772
5.25630819849706 0.0475 31083.941154438304
4.982080983165792 0.0473 31059.782473957253
3.6582088802046266 0.049 30876.286077204633
4.345549987999516 0.0458 30896.640745066372
3.8226167216353626 0.0472 30754.538698797107
5.197126702803545 0.0424 30899.77744392178
5.942123465361871 0.0412 31114.925886338435
4.6096001686873045 0.0451 30902.917844185948
5.231024936808546 0.0416 30838.62694788804
6.601818771280345 0.0378 31185.70297149368
5.837757739944545 0.0421 31022.20900575633
5.592989329872829 0.0406 30956.315757270993
5.411193335086651 0.0407 30989.9362120316
6.024491518735698 0.0404 30954.194755027173
5.424710228492926 0.0389 30892.422089868225
6.079296619467382 0.0381 30929.884498495998
5.1741218872508234 0.0408 30871.81536940518
4.0302655997148475 0.0391 30655.073657090954
5.374679712542376 0.0399 30900.07279235093
6.7034598138411265 0.0397 31038.790960611015
5.811193400750482 0.0391 30977.3859627987
6.8059746879215135 0.0373 31068.76143278901
7.1154397303874966 0.0401 30946.690587836154
8.03401479860898 0.0343 31197.659564101854
6.270562582426954 0.0399 30875.159662904276
6.161283743668782 0.0399 30757.340470938398
6.201001605619922 0.0393 30907.239903844296
6.711584922431841 0.0357 30920.82893183897
6.060084981710417 0.0373 30768.944985426984
8.280016825332078 0.0354 31169.356596919493
8.258760418276587 0.0372 31025.513574048575
11.256885070720557 0.0343 31471.85110298748
8.633328759968652 0.0314 31169.87578002435
8.521294401160905 0.0329 31178.12531891505
8.110594716610496 0.0331 31066.388128794813
11.52226014786409 0.0308 31554.72606051398
13.25496777087504 0.029 31698.0340655121
11.942080141030006 0.0309 31584.192961608467
10.449379566879522 0.031 31250.21277313818
13.555146583064191 0.0304 31804.692347394506
10.767389049033895 0.0325 31354.415002990136
8.238369598205336 0.0315 30939.273153927385
13.048980367958983 0.0307 31803.220946805257
11.736269797751108 0.0295 31421.571221868795
9.749620242660306 0.0308 31278.73287600399
7.73199394516397 0.0312 30837.814853022133
11.462762875869792 0.0277 31486.88199829867
8.745962945600136 0.0292 31023.60264616702
10.98641566276316 0.0289 31417.952972290364
12.010268800334115 0.0303 31320.173026455755
11.812796861990286 0.0275 31326.201738608263
11.797926345573437 0.0273 31434.189265613553
12.748832306412668 0.0285 31592.53396518642
14.14244242496465 0.0285 31913.888010036364
12.492719498798753 0.0272 31444.46955142663
33.00312009422045 0.0274 34006.739033650934
11.217343436399272 0.0272 31263.602625998614
12.910752567716827 0.0252 31669.8220172737
14.204587407586697 0.0257 31824.584258325507
24.41724874389302 0.0251 33100.8768130495
16.911741752997216 0.0249 32233.54235540532
11.565277799426173 0.0272 31328.965677586664
96.2011036497916 0.0241 40910.20803365752
24.854594040164425 0.0243 33153.993409822775
34.01901870182883 0.0228 34422.78930110351
90.95714011766137 0.0233 40636.72280709675
34.482544478128446 0.0214 34714.47123922691
38.76872348815208 0.0216 35276.58187016806
12.974402433998936 0.0279 31517.586150950792
30.446757359247574 0.0218 34079.31154351656
27.871544303087873 0.0234 33727.0190855555
14.586030347841122 0.0264 31801.594978586836
67.96259339162737 0.0218 37838.54472392497
78.27676501405152 0.0206 39326.54474974297
97.66465942932562 0.0196 41008.79568648543
91.8806489199427 0.0213 40453.96592603125
69.25320680324785 0.0215 37981.31235960503
98.00166157820235 0.0203 40704.49707168428
27.488513747825778 0.0238 33594.52886852538
97.76556347404141 0.0198 40767.71487946477
57.58764225825946 0.0199 37416.29989787547
45.551346326050215 0.0208 36083.7758960262
91.02903096277953 0.0198 40414.86754858095
96.73463338755926 0.0197 40536.45003040428
97.13994538845081 0.0192 40711.232180205894
51.464352369675055 0.0204 36475.94928172579
93.8174181081358 0.0213 40635.88168405752
97.78403394844653 0.0174 40687.53033392375
94.31141829288768 0.0175 40363.39162839239
85.39930724362497 0.0195 39806.971917478906
95.48686577914542 0.0196 40436.21319371201
90.31127154092017 0.018 39895.2356746764
95.18176618803656 0.019 40272.59005541409
90.81982289880179 0.019 40199.11560291845
97.22501140237434 0.0169 40609.01590769704
97.93252256647372 0.0187 40856.173947124975
87.66124238105918 0.0167 39810.90258957884
95.98013082647324 0.017 40811.40595236041
93.9812628376551 0.0158 40362.76271334977
98.08883723738846 0.017 40640.01544209861
96.62771587602852 0.0189 40642.091469724845
96.91253310069862 0.0153 40448.293031825764
92.39506740829307 0.0187 40212.6787303019
95.64395967810725 0.0172 40506.78364123845
96.12481920590992 0.0157 40650.939199078835
98.11627324659388 0.0147 40776.08652704831
96.50061870245104 0.0159 40271.17817755204
95.73493713454538 0.0154 40492.266787977365
89.80540373064073 0.0137 39912.52280133853
96.55957349310924 0.0155 40587.17279834108
95.2048081459393 0.016 40675.69841292225
91.21048056472578 0.015 40256.09238283909
96.96022287661448 0.0154 40501.779735805656
93.63559272947722 0.0145 40294.38156168893
97.13863330408428 0.0168 40603.86101026725
97.39353253052913 0.0138 40658.13491317026
98.15935031010851 0.0144 40928.77523723805
97.6065845555485 0.0137 40461.37819936737
96.33844325501576 0.015 40464.346750805846
94.83025744230036 0.0124 40471.34283154436
97.81661135694742 0.0116 40616.858258045206
98.04924550243868 0.0134 40621.10429381203
96.19025187989872 0.0133 40306.38277356168
97.90488455533331 0.0132 40678.66872026391
97.12063112608818 0.0137 40810.2251468065
98.1657459257383 0.0124 40473.007423854964
97.72598100956093 0.0122 40656.82526681883
97.16302207899612 0.0134 40583.96284383091
96.484620359784 0.0127 40339.6118383109
95.85079563063915 0.0129 40356.74120556554
97.34373839695746 0.0125 40479.26868122245
95.453965448858 0.0115 40515.940261419266
97.97030643531215 0.0126 40636.6600414265
97.89405672888775 0.0095 40536.369202087095
97.55423001978777 0.0111 40393.95750328162
97.98340750304075 0.0108 40383.46116382646
97.943821105371 0.0103 40473.67904446825
95.79696119386459 0.0113 40205.76006646381
97.41275955973347 0.011 40453.043249548224
97.53234846889767 0.0132 40505.164390861704
97.8985790514485 0.0104 40143.159571677905
95.15929227893106 0.0127 40433.725915358606
96.8713801639069 0.01 40266.10397016282
98.08541651796124 0.0092 40608.41257633027
97.8895715101881 0.0113 40204.165390013346
97.05446623648797 0.0095 40077.289927616075
97.21210574412432 0.0108 40150.77685558007
98.38348911263917 0.011 40266.461126811744
97.93206131110419 0.0098 40404.3509683618
96.33451606177316 0.0118 40093.014294275745
97.47341745715327 0.0104 40279.1723653148
98.12146986386702 0.0097 40253.42526762742
97.44027110485 0.009 40416.95539151924
98.10733266021776 0.009 40301.913782043324
97.81128781609225 0.0087 40340.89902065001
98.33858512573947 0.0094 40450.23479495576
98.34304745034021 0.0108 40286.79515202034
97.1680922975634 0.0093 40251.28337636512
98.07349437319972 0.0107 40261.733891662334
97.6479940912288 0.0095 40526.495813392066
98.24362960435727 0.0097 40395.5419172332
98.30699255497166 0.0079 40338.14316301763
98.0773212269665 0.0086 40510.27936696188
97.48061851611637 0.0098 40071.82274202325
96.89270166326969 0.0104 40283.62417032163
98.18553044254352 0.0079 40254.60740201568
97.03183258819192 0.0089 40323.449965013075
98.35344645353472 0.0093 40315.582415532495
98.05154449160125 0.0086 40257.65894689381
98.200918376015 0.0072 40183.95273955853
97.30450752544732 0.0075 40254.11279544774
94.8679243278267 0.0078 39800.67699848979
98.13712901608055 0.0075 40256.293550790666
97.42121171141 0.0085 40272.61743397937
95.75045505341066 0.008 40115.760266540565
97.1287038296284 0.0093 40173.109094261934
98.08936567960542 0.008 40316.04638757961
97.74004556721505 0.0063 40292.06207366397
97.87299490891924 0.0085 40275.990916638526
98.09185391858793 0.0088 40319.23259337552
98.19298970317486 0.0074 40157.10679730716
98.12872936749287 0.0079 40155.94655828982
97.95095368701114 0.0073 40461.35923910841
97.53455881418782 0.0066 40360.77280322644
98.12797588386131 0.0072 40343.43506196955
97.99199311516576 0.0073 40334.94275805002
98.13262781860573 0.0073 40227.10160044797
97.63309964706978 0.0082 40259.46615337354
98.35306535427964 0.0083 39937.887258448936
97.90684026931231 0.0066 40300.106307282986
97.62481610117725 0.007 40229.20395727068
97.72230792207438 0.0064 40368.50669241423
96.7437930491234 0.0087 40128.12319765788
