3.5543982975236164 0.0517 30863.738564860207
4.278010136164449 0.0505 30908.965273974754
5.59335399917826 0.046 31143.63355057327
4.714948854217478 0.0464 30997.24082270998
5.34092707252782 0.0445 31157.357586913822
4.25784841308249 0.0472 30837.676198003577
4.870297012982379 0.0468 30894.48928051895
4.819817526005502 0.0434 31145.311312822196
6.102471456221915 0.0498 31156.161313029064
6.181863673430932 0.0431 31129.56247463265
5.6191077245925936 0.0427 31056.868879242254
5.982174867080863 0.0423 31074.120000753443
5.9377298940357255 0.0456 31033.85252878402
4.525256668808468 0.0458 30769.297172379505
4.768137200927308 0.0478 30915.468077853562
4.962184074927432 0.0433 30936.13641806566
5.894371347963162 0.0441 30942.174395069575
4.823569701595736 0.0425 30829.848966135203
5.72659305089411 0.0398 31035.403225471928
5.752591888903513 0.0427 31048.79471980537
4.0338684546253685 0.0436 30825.667536632845
5.8947238810589875 0.0395 30904.463411576882
6.145943880565873 0.0399 31060.901325132123
8.28216260048235 0.0408 31234.587820460667
5.964828932211154 0.0451 31001.223898521508
6.852428988541126 0.0388 30971.66243466195
5.834034403646347 0.0374 30848.81570135496
6.645138863148261 0.039 31053.72060770878
5.253971445299923 0.0395 30893.742115942772
7.35590900328558 0.0369 30939.804648211706
6.202377846143584 0.0377 30938.94687904471
6.357108279928198 0.0361 30769.63927602548
6.378280532067747 0.0358 30849.409859344254
6.538698542667833 0.0365 30846.36358453803
8.035245250035587 0.0348 31209.967826152584
6.683545072304842 0.0363 30889.818358843153
7.000144825988257 0.0343 30986.420638809534
8.85778731360565 0.0363 31160.473711843686
7.140259017850916 0.0348 31064.45714154212
10.925447778728142 0.0306 31595.165763486068
7.424340655947267 0.0335 30800.300180823488
8.123402839914796 0.033 31171.90789399304
9.326056895220107 0.0323 31240.504074422475
10.023935113009859 0.0317 31227.8619636275
12.20924990993469 0.0337 31637.51713937414
10.153592154301277 0.0301 31270.919866038268
12.364139390574678 0.0305 31575.986290593366
11.462589117035233 0.0282 31480.7328373601
9.199131125157944 0.03 31404.05136767703
10.378845241446161 0.0327 31444.448460983407
11.458705835051816 0.0314 31388.246007670936
7.982573670875078 0.0309 30893.493637871168
11.697629351883945 0.0292 31398.23966062592
10.268713269180694 0.0308 31187.31042868891
13.309685570595661 0.0255 31703.82655391637
17.038840370084113 0.0267 32192.731341684328
11.917193138285171 0.028 31463.434863345443
10.381426168998399 0.0281 31213.80963569244
12.51296937141674 0.0283 31553.334087335752
9.152609460255851 0.0298 31113.142629318838
20.94499613692424 0.0252 32838.875116030846
12.567587455293923 0.0291 31207.08827680375
18.484648703928663 0.0284 32358.68135081689
39.98767235659689 0.023 35319.80170312904
21.122242419621166 0.0258 32751.67630539281
19.71337631410067 0.0233 32506.585082690326
16.699441201638223 0.0252 32043.539486554386
91.27332401192486 0.0265 40493.32698518671
97.7062609143044 0.0237 40919.92350113488
30.50353643900517 0.023 34204.32538416465
13.009056235545753 0.0271 31668.100829330066
13.821682676343913 0.0275 31545.817990472195
13.06438018665166 0.0269 31473.510092745742
26.66843670435152 0.0227 33621.523359628314
97.65569992781056 0.0209 40876.6447261258
43.829043070797304 0.0231 35644.664778978484
71.74229865472074 0.0228 38416.845576630876
76.35038310537392 0.0224 39242.99646891203
96.08650481407462 0.0213 40682.04448289378
54.77750252471016 0.0204 36703.91114799356
43.42400623800191 0.0217 35824.808521306324
29.442159839547497 0.0237 33718.00319722547
33.592855549250984 0.0204 34606.365843921885
96.1955067916407 0.0218 40719.148025987124
26.922978597726342 0.0212 33477.15690784462
25.170534138998516 0.0224 33031.91524360262
82.79517133717248 0.0194 39459.09861867166
96.47365595144474 0.0218 40635.789403305374
95.63680148337858 0.0218 40749.295626801
68.94201978216792 0.0204 38067.30964372385
44.786899536965684 0.0216 35332.839799234476
40.30259595324272 0.021 35336.46841331997
69.05473819840628 0.0207 38010.43318581513
94.55494585349976 0.0198 40414.07444921514
52.153727359867766 0.0204 35932.66020638469
93.52734820581041 0.019 40360.80260890634
89.09581248027919 0.0194 40233.81889587015
93.46226613167434 0.0181 40552.19338108595
67.22602807305874 0.0194 37673.46761634401
94.8111698509899 0.019 40451.348780316286
54.52323467972295 0.02 36724.66016766946
94.60675530225478 0.0179 40638.576638188664
91.59756998565327 0.0186 40177.686786305625
96.70071689942523 0.0185 40517.495423152766
94.20103478728171 0.0183 40413.45173320395
93.59010453299726 0.0177 40220.91317383728
96.72434240062094 0.0184 40822.889498964825
98.36409133453415 0.0171 40471.11131514667
96.21002011061705 0.0193 40454.02767712032
97.73334896797688 0.016 40544.94809676103
96.09560736595098 0.0163 40488.26124387683
97.75823637084503 0.0151 40440.30377752816
97.32610092006297 0.0135 40564.04244765136
97.69735052238343 0.014 40632.042606925024
94.46735221357378 0.0154 40434.03760874904
97.12520341216931 0.0149 40445.37178402089
97.35110468220711 0.0132 40593.73370552663
95.35301391600983 0.014 40436.18228088305
94.71832725682421 0.0152 40591.511512452205
97.1761703848273 0.0143 40266.82766732239
96.88429385385632 0.0171 40704.539576653886
98.05941242574278 0.0115 40610.011214488564
95.16713011803657 0.0172 40482.25136345978
95.3288600854261 0.0134 40479.89190951209
94.15812076866708 0.0197 40366.98501976401
97.20438921713475 0.0166 40451.05783096892
97.96522852179807 0.0145 40424.52839997269
89.90779842924327 0.0147 39849.21124409497
95.83215482438335 0.0154 40385.65197561592
98.3121964737329 0.0126 40598.88481911183
96.44089453142414 0.0123 40540.873973224574
96.59637822959142 0.0145 40510.42524182044
96.86493908934717 0.0147 40557.57703377543
95.53269932548511 0.0144 40497.48475243456
97.16312380610621 0.0111 40381.851845076846
97.33499910418927 0.0126 40622.29047244522
98.26800210141067 0.0125 40196.72412404657
94.59121427730214 0.0132 40369.4154504422
96.97851212759942 0.0115 40294.42154707086
96.70767272340908 0.0113 40430.937382793374
98.20309847972757 0.0118 40570.096459665394
96.63734977306927 0.0123 40340.38531303653
97.5181842346867 0.0117 40435.0709501923
95.96609839625043 0.0149 40251.65258866809
96.69490771652836 0.0101 40509.65887363242
97.69135416237121 0.0121 40657.079304703744
98.08089568317217 0.0116 40373.25011245851
97.71743833480902 0.0108 40385.882627936975
96.29543555806096 0.0109 40258.70019168494
97.91126732994849 0.0115 40435.795856000695
98.02250088975102 0.011 40530.00407921952
97.39908355213173 0.0114 40592.75950134031
98.01546736357999 0.0118 40328.27250799388
97.5902151599435 0.011 40432.7320814076
98.05147985414423 0.0119 40426.898528466554
98.30300975285094 0.0097 40409.374111850375
97.68828265116882 0.0124 40330.15178901599
97.84618861498264 0.0107 40304.291175485036
98.25083168949612 0.0118 40272.413312303506
97.68642279781916 0.0098 40019.27252732323
98.24163600676242 0.0104 40298.61878126108
97.07696297496186 0.0088 40146.49337800335
97.7890558705964 0.0111 40245.46731942487
98.12619068780036 0.009 40269.22870526645
97.52112784611602 0.0105 40388.74480800705
98.32983905855043 0.0089 40172.03553953859
98.05139166286128 0.0095 40118.15270289845
98.32539620005447 0.007 40454.53236752567
98.03188735245854 0.0081 40237.27285186101
97.59094812570912 0.0089 40129.28306893259
97.05728173782387 0.0106 40123.780455625056
97.96703512223074 0.0097 40340.89950671207
97.928830114153 0.0085 40418.508153042705
98.1578273237112 0.0113 40118.04291650143
98.0019974741223 0.0091 40307.072056488636
98.28379089781258 0.0077 40214.50331598665
97.83251450273953 0.0084 40350.14023815135
97.09976983767928 0.0081 40186.356281598564
97.5738909643953 0.0077 40382.060394440676
97.70466833038357 0.0079 40294.52204039519
93.4298227382575 0.0099 39955.055158351264
97.37206593345219 0.009 40092.303221721995
97.4109714303341 0.0078 40368.323370283215
96.99306066588929 0.0088 40450.032021905514
97.61957503311919 0.0081 40206.267540844354
98.21304709477269 0.0072 40232.963544795886
98.38630625912313 0.0062 40390.878954177046
98.32656590906731 0.0077 40259.51193367589
97.78440044106115 0.0076 40281.64533169497
98.10185949041343 0.0072 40300.85122404388
98.23375876087822 0.0064 40523.35335726145
98.20492098141548 0.0055 40316.9416361656
97.97727517922124 0.0076 40224.54969058997
97.75332510954979 0.0077 40317.984406872805
98.21498817711782 0.0059 40323.301754269334
97.90694860940049 0.0077 40300.06589502683
98.31656675108498 0.0078 40245.01708090401
97.5542325106271 0.0081 40117.52593292332
97.58212528929572 0.0076 39953.023712063514
98.370234940997 0.0073 40262.27013912413
