4.707798321791285 0.0501 31113.08726648219
4.669926700173859 0.0499 30981.938954313133
4.894543153117273 0.0458 31229.663236440374
4.993390410204369 0.0489 31029.783841187174
4.50007993258 0.0467 30941.48306558671
4.816065900740426 0.0464 31161.194906531906
5.877769120101997 0.0427 31293.36678753431
6.608693218639604 0.0458 31175.76417547888
4.593578442095965 0.0452 30885.892116533978
4.694109663478608 0.0488 30953.650796437047
5.623271876058847 0.0447 31001.844123796513
4.5404073333081785 0.0439 30796.3418627463
4.66478101323393 0.0465 30870.57729699808
4.572862007288995 0.0476 30767.169655808822
4.850166207856422 0.0421 30861.84205761551
6.28655416134473 0.0431 31054.717285326857
10.648262432703126 0.038 31605.42225121785
7.12313349373034 0.0401 31214.554058768474
6.791072156947678 0.0415 31054.37290032264
9.290048403127049 0.0386 31629.81220993268
5.952973895475229 0.0397 31035.131949188955
5.156267950560467 0.0385 30856.138010348957
6.5221177787170745 0.0386 31086.714480471495
4.3942742940366815 0.0435 30756.6058839441
9.038952016768311 0.0382 31448.765619794158
10.968067699188893 0.041 31458.701944918383
6.055404964324298 0.0393 30880.84856119975
5.676361156891135 0.0377 30936.496681707846
6.648519783027622 0.0389 31062.43574934739
6.316779199887599 0.0352 30822.232561776582
7.117241518383742 0.0369 31067.012328156205
5.813680121586246 0.0368 30650.60996824582
6.469869784752279 0.0369 30987.37053981775
6.399697485995628 0.0366 30816.03642315254
7.586056362457255 0.0362 31035.608885586145
8.04247290513431 0.0328 31145.954990470553
11.50855509435088 0.0323 31622.762731972816
7.21568309613918 0.0356 30844.217828356657
7.251678903286234 0.0346 30929.517956398617
6.685326111258456 0.0373 30871.65710029849
8.311428330461764 0.0345 31101.634487863255
10.40979583997635 0.0339 31481.187557627447
6.660813203023224 0.0365 30662.588000567925
6.889671925977131 0.0336 30908.0120722814
11.493401008160783 0.0289 31517.739317906533
9.279675984197693 0.0304 31196.910871769727
11.323057814640945 0.0316 31513.624451681855
9.27265002414637 0.0306 31014.196588013598
8.012843959866135 0.0347 30978.517123939353
9.632369614064226 0.0314 31392.167233554475
11.224588857110566 0.0305 31457.058353145818
13.856852267456128 0.0307 31833.856564379632
12.582396478627013 0.0297 31523.894595222166
9.965560617726283 0.0318 31298.25016895677
13.60906124793501 0.0284 31798.313960442436
12.83415292517088 0.0282 31636.295229320527
15.347145995650845 0.029 32019.703813587534
13.362531736023683 0.0299 31590.037321665895
14.993280059420142 0.029 31969.301269379856
15.025550943408481 0.0285 31868.97033960551
21.536519149765667 0.0235 32998.85217507784
15.91683568810098 0.0277 31972.083710806608
20.64758417840843 0.025 32565.04100569655
24.01202630447626 0.0264 33147.615431160266
29.644857789967983 0.0226 33736.5918639429
17.58290298012612 0.0268 32210.328829548776
16.531896344215333 0.0282 32162.397928046546
19.474232102534494 0.0246 32468.661116738826
21.340084797087545 0.0245 32857.246374536415
12.576023242587965 0.0255 31507.11057177441
16.864078874979118 0.0259 32208.524394387805
29.405416086843836 0.0241 33665.228526399675
21.727813465273588 0.0242 32747.019713544407
27.869616741822597 0.0246 33575.409523223505
96.3773303710353 0.0214 40885.70672375244
59.11675291072238 0.024 36877.31193470128
45.661863728515506 0.0227 35901.01188637146
26.31454518846392 0.0239 33399.436702549334
27.340418239695964 0.0246 33467.25153086504
31.867656428211625 0.0226 34220.96916793973
22.480885700850756 0.0239 32806.2303734985
96.70734947716679 0.021 40895.73051189358
88.2922904914581 0.0237 39893.02356379119
94.7817159525686 0.0212 40664.76048548171
97.0857008548749 0.024 40855.82613096274
63.83033104385843 0.0199 37573.80775049062
33.036329054429494 0.0209 34205.41030366963
97.53406896523269 0.0208 40764.1427201324
94.60445058208114 0.0171 40521.02936146049
49.874388965341936 0.0206 36513.58288352267
39.545095593767854 0.0198 35486.15561430856
96.05096068081235 0.0191 40746.810088764665
42.674917716407705 0.0216 35313.03830019143
94.46467991328477 0.0202 40479.844635349626
49.80591745689303 0.0207 36398.05129992348
97.3402767193675 0.0211 40652.932016132654
54.83009305243974 0.0188 36456.66470053502
94.39205256228078 0.0176 40420.492168294964
94.84577450931036 0.0179 40301.18932592995
95.46379103431978 0.0172 40487.30791992951
89.87152281592012 0.0193 40181.16867919665
70.48380966936999 0.018 38216.33185739989
95.9135004417302 0.0179 40537.58493957509
93.2981165575453 0.0187 40356.68626236
94.72587920861763 0.0181 40383.82627364694
94.0845747774019 0.0157 40206.314825738926
97.28988255983093 0.0184 40531.84767447006
94.4011543260829 0.0163 40506.52167334402
96.97249144772884 0.016 40725.529885046686
94.4657817731524 0.0166 40293.887732464325
92.86164585034145 0.0174 40101.60282218582
82.78516303171564 0.017 39374.082425655186
97.78800813766533 0.0163 40408.69368823549
97.43211779162692 0.0158 40746.37182337505
95.0131948377333 0.0162 40411.29759899948
92.1713041034773 0.0143 40240.8068870556
97.36349095787465 0.0149 40559.33720274755
92.69024616403408 0.0145 40194.63644951038
96.01868637821552 0.0144 40656.899211391436
97.23284696688417 0.0147 40403.400982012834
97.49575886827243 0.0151 40625.125070338676
97.5581399484427 0.0134 40669.45811635018
76.19804436296121 0.0165 38371.46624316736
96.56143368831232 0.0151 40490.79441312242
85.40070625018224 0.0143 39300.15942592966
96.8334867093094 0.013 40623.60386142753
97.21772193445346 0.0151 40403.71552110291
97.62407669354639 0.0136 40645.25877003867
97.43624515390216 0.0135 40530.168977925874
97.43937648739958 0.0154 40430.184428672525
97.55832939418414 0.0143 40579.52138480085
97.61693668901329 0.0128 40402.4786020024
97.69788295841131 0.0131 40547.66284142932
98.02713666168249 0.0152 40515.413398745586
95.61246749303774 0.0128 40315.5325510876
96.43787058071986 0.0153 40237.64034663738
97.29088475563141 0.0116 40328.91552256993
97.40869447368325 0.0143 40413.859127783086
98.20904903632493 0.0141 40427.95423521167
96.314403443555 0.0121 40454.74477618182
97.42583842838617 0.0127 40513.51149419772
97.08000103844853 0.0128 40516.33758033953
96.43207204368547 0.0111 40269.460826431205
98.1361232940741 0.0112 40582.416019355725
93.99859993170917 0.0106 40205.28269989898
97.60291539267499 0.0131 40361.959327887605
97.5718414850838 0.0106 40363.418463420385
96.52881507118661 0.0112 40206.754207224134
98.10890650792578 0.0125 40475.00889717603
98.13373285394279 0.0124 40325.01982011655
97.9873492073085 0.0099 40280.32278104473
97.98526797533636 0.011 40424.8439769798
98.09048360734516 0.0098 40498.880236751924
98.08391466544299 0.0102 40438.4283357098
98.0985553381961 0.0106 40288.344056152084
97.52760918101248 0.0091 40348.3097697576
96.9255659109288 0.0087 40271.89393393896
97.33875200302678 0.0125 40417.92592954483
98.30773399494996 0.0106 40484.12706615592
98.38217342647565 0.0095 40426.681758667844
96.98784584022349 0.0098 40467.36871354126
97.32445034227248 0.0099 40054.87105071572
97.03802181962132 0.0095 40275.19415391919
97.1068769868355 0.0096 40246.40949357558
98.23667613899838 0.01 40194.34376489306
98.09245533345664 0.0095 40311.369002289845
97.28166020922116 0.0104 40263.79724700128
98.35233233558179 0.009 40309.23679988771
98.08474983305055 0.009 40194.356867723516
97.81103300103578 0.0089 40301.12775775332
98.18852754732096 0.0084 40316.897004146
98.03260966500898 0.0092 40234.99884671357
98.32819284131466 0.0097 40294.752493463035
97.98384616548145 0.0093 40456.04793335191
98.30674647596084 0.0081 40487.23587938394
97.7375975569844 0.0088 40456.19069543198
97.784783987787 0.0071 40306.75864147893
97.80288312141518 0.0073 40177.27644047323
98.03211465226411 0.0092 40467.62748569202
97.88892440093645 0.0083 40503.57634873569
97.65334506808983 0.0065 40449.66183026543
97.94731141581592 0.0091 40384.18115084544
97.86754673556845 0.0087 40244.22821779733
98.36797674622431 0.0079 40350.80797101268
98.10891808250705 0.0073 40383.91658475371
97.18965183487329 0.0069 40084.17433064962
97.40135646099591 0.0079 40195.619060000914
97.69234706337963 0.0078 40281.55180299362
97.2083666601987 0.0089 40237.00245638616
97.98802339815646 0.0076 40335.19131608481
98.09444070868034 0.0061 40095.58070839126
98.29002573466396 0.0073 40434.22367772967
97.66901345609641 0.007 40243.874523964434
97.43519616759913 0.0068 40222.30378536488
97.53593620248245 0.0068 40085.2919505322
97.93483238685889 0.0076 40051.733521521615
98.33492396893269 0.0072 40288.72594674278
98.21761121009763 0.0071 40105.745510213266
97.94476618721822 0.0067 40125.04737171806
98.32016536436305 0.0061 40179.2641083884
