4.448995354172244 0.0459 31052.01706344118
4.595308606229441 0.0479 31022.69784886063
3.7591442784757354 0.0492 30914.278347832293
4.642801565620184 0.0512 30968.644548016953
3.7823494653203373 0.0501 31021.9312252957
3.9327731672959976 0.0465 30900.739487879953
3.919908368553515 0.0483 30905.06517942944
3.703566972454033 0.0495 30920.252486029774
5.158848406645278 0.0472 31027.880501183827
4.518768985189983 0.046 30835.828152385384
6.077185605538117 0.0429 31220.25724366521
6.1319672663674405 0.0444 31018.216497661866
5.092878534388685 0.0467 30826.692376163144
5.651380327217467 0.0449 30998.52631961445
4.72797942669845 0.0435 30882.881540033064
6.278932342942577 0.0446 31240.661345603792
5.775499607030436 0.0426 30960.605858521576
5.532515756257105 0.0428 31078.872795893247
7.914348619744328 0.04 31329.648952323445
5.694794596605399 0.0407 30980.127308637195
8.543797185896803 0.0396 31380.69272740303
5.870156243766635 0.0408 30806.694656873926
6.572340423221704 0.0417 31063.519845319075
8.24638816121118 0.0402 31273.76158525994
6.85429555481556 0.041 31133.154511759898
5.487227536838481 0.0389 30882.820610235365
7.449139381645204 0.0377 31226.658852742177
8.239400900233912 0.036 31432.97449377108
8.096591448229017 0.0358 31106.854824507318
6.936307419986344 0.0355 31023.150420346046
5.706536374619157 0.0367 30865.939958260322
8.394817136822478 0.0363 31312.592303888723
6.004625660697689 0.0365 30778.951201027186
7.706530579350985 0.0349 31045.57649718843
7.451967146043961 0.0349 31087.677985184633
7.1808173339357815 0.0345 30835.831926422197
6.186668624889074 0.0358 30841.133516842678
9.912609368662393 0.0354 31400.526603578932
8.260197190209137 0.0359 31091.223195793587
9.737216121437227 0.0327 31307.14238443736
13.067891244248402 0.0326 31754.891396578947
9.587712474254273 0.032 31257.133501049095
12.11867902027491 0.0305 31363.726219308348
8.39385769315349 0.0331 31163.021828443998
8.428355227212144 0.0345 31030.772184571237
13.659489008409462 0.0296 31984.55304186451
13.193131714285782 0.029 31714.495449696067
8.28925058887969 0.0359 31042.378627529302
14.264526504632258 0.0319 31900.22257293881
14.248278642085303 0.031 31666.583489105353
9.16923104778293 0.0301 31045.04546491632
12.184063134190001 0.0289 31555.958845294095
12.571556723402223 0.0297 31673.830833065666
7.895626568103838 0.0307 30997.811175885105
14.09858779791187 0.0281 31815.21395707641
14.687275646876616 0.0299 31967.10364636049
11.107954169093246 0.0289 31305.377669507114
18.11730146408424 0.0274 32516.664369954873
15.304966295351685 0.027 31859.7524440386
11.555258840092405 0.0311 31366.23491819877
13.637504271408165 0.0306 31715.659257654428
13.082327802802931 0.0276 31412.66295654766
10.610120035298154 0.0288 31272.387369782296
26.86890701938991 0.0241 33392.431308793544
12.048560818767362 0.0278 31633.233367720823
14.267254417784175 0.0242 31939.618030872112
21.03191268474587 0.027 32746.221219497085
30.18274821705174 0.0249 33983.74316057405
27.58564725718205 0.0233 33511.73778686865
21.539866451805548 0.0236 32950.27179892555
20.06836556566491 0.0276 32619.378520222373
22.95470709004683 0.0241 32883.571801279046
29.750303244862472 0.0229 34032.09601731095
44.61396892746858 0.0235 35530.79951893625
14.326886297294354 0.0254 31774.08574766141
52.68289771666088 0.0225 36438.01453617428
40.838444324260884 0.0229 35418.77711156937
31.26867208555058 0.0229 34319.114595753395
94.28794800118195 0.0225 40732.959972805205
38.40505046413666 0.0238 34705.564611768874
21.586247584749152 0.0237 32865.057715166826
36.405517990194674 0.0251 34280.364804243975
45.1382840428944 0.0221 35557.448711372366
26.038076947048154 0.0262 33276.546830934814
89.6063496674966 0.0194 40226.54480836807
20.458197103197133 0.0226 32591.34175244838
42.49903884682187 0.0212 35449.29116888784
38.079065047467346 0.0225 34192.58802991681
94.4679211359058 0.0211 40718.1004278148
96.04970708392267 0.0183 40443.205906585645
92.70920922071677 0.0181 40606.24429753425
95.76189800307289 0.0193 40549.658279992625
79.88129897035405 0.0187 39169.262347289965
96.16258533810922 0.0178 40641.76736424864
64.57364832357935 0.0191 38057.80226138821
96.02588259293175 0.0184 40652.106154009365
90.56321339025784 0.0186 40328.41440683996
69.94024873106665 0.0185 38391.05056441799
79.12980139408477 0.0189 39147.98178793272
97.85064586649506 0.018 40864.903582432205
93.84002438299416 0.0176 40537.94842699101
97.47793512823168 0.0168 40660.93557706293
88.45958669483414 0.0196 39981.60577230092
89.51306689412817 0.0167 40249.71412707456
82.64971471538222 0.0168 39348.20833126449
96.1690533153376 0.0181 40485.09455892968
94.90070828295205 0.0171 40455.373140768774
97.64223970870984 0.0162 40735.623824730115
85.00564658986977 0.0195 39841.06983096579
97.22410864042337 0.0157 40791.57518146866
98.19867497716108 0.0155 40618.42215833533
97.86675913087794 0.015 40657.55311880538
92.04190218576878 0.0166 40158.674870266856
97.51459211912734 0.0152 40628.577275228425
97.306208245073 0.0177 40686.4551826723
97.83402684545679 0.0157 40778.15161748499
98.00629354391054 0.0154 40706.58664619503
98.15421573573086 0.0147 40680.77989988482
96.04675014966311 0.015 40835.901856906225
95.43293846455417 0.0159 40372.587324776134
97.50134897884962 0.0162 40671.665493322296
97.52610220626966 0.0156 40622.13538966074
97.312919960253 0.0146 40435.70397321098
98.0155964456526 0.0149 40701.26228208336
96.47149056105879 0.0125 40427.928326270456
97.40042939630277 0.0159 40556.066621185695
95.60862896608923 0.0143 40389.428264562106
96.83531327476058 0.0146 40367.00770810394
95.16834568923028 0.0138 40283.56006576197
97.58873833041604 0.0122 40668.29675084196
97.95365732885986 0.0126 40525.15828393973
97.90933778761043 0.012 40497.64621866015
94.7754655765357 0.0139 40222.109649183825
98.02411323864312 0.0132 40502.37294198541
96.93856616076448 0.0137 40451.39462758472
97.1364383656897 0.0114 40236.606794340376
97.83598852419749 0.0118 40555.30596725331
97.63836315517516 0.0124 40394.48502980817
95.97795257772313 0.0138 40374.93694020642
98.0102390021069 0.0117 40708.952431274396
96.64687681012751 0.0129 40404.328425461754
98.17173176990674 0.0132 40387.53644050046
95.28605402743264 0.0128 40391.81662797688
98.31033755713767 0.0118 40377.88421225568
98.26602663547395 0.0125 40561.27062393042
96.94166194053861 0.0103 40152.044750080204
98.12616013339898 0.0124 40291.49364975268
98.09887447722973 0.0098 40522.33672665174
97.35189944939921 0.012 40243.35481258041
97.64179874398971 0.0115 40391.78059177661
98.12138956838815 0.0117 40442.58399589117
97.31512722853644 0.012 40399.77940136451
97.11966905866265 0.0086 40364.26692366289
97.89045555339567 0.0114 40111.92643032546
98.19817837012145 0.0096 40422.21767281771
97.07954086070922 0.0116 40325.26799902413
98.30854460999743 0.011 40320.981063276304
97.23798692342217 0.0132 40154.14398476653
96.77029068135292 0.0095 40168.034308760296
97.5589492001367 0.0106 40076.69712674402
97.6921339131579 0.0093 40430.592360292205
97.70385643525306 0.0101 40107.74402815018
97.01969206025682 0.0099 40483.648703140694
97.62110733546616 0.0117 40155.6851546365
97.93302603005614 0.0097 40281.33587601906
97.55424349355471 0.0096 40518.33435982519
97.17715714090477 0.0096 40053.49626406232
94.6645349691392 0.0117 39998.4153380827
97.76959734352899 0.0084 40340.24776418264
97.64391797523398 0.0088 40126.20304665894
98.31117549314861 0.01 40213.79996672689
98.09691128759115 0.0085 40373.91474819456
98.27723016308677 0.0093 40309.84249879223
98.309272758453 0.0081 40183.944540751414
98.36516784189902 0.0086 40426.41551776112
98.14066034923805 0.0082 40231.43017119907
97.1904713646037 0.0096 40222.66938578147
95.62343970390147 0.0102 40321.87985135205
98.16326053089048 0.0081 40559.95287535735
98.11989379942548 0.0087 40069.906061443195
97.14529405958257 0.0079 40365.43498385775
97.48059708605011 0.0091 40324.778280890605
98.10622090387871 0.0063 40190.57129599233
97.87869007979788 0.0082 40072.656866813486
98.09925624027532 0.0079 40302.66627595777
98.07209557245702 0.008 40312.323894619905
97.4522519302921 0.0081 40036.05951420349
97.14257971199572 0.0083 40267.96804920049
97.9219975203117 0.0068 40157.72926577213
98.0069440548582 0.0073 40446.152319554705
98.12235806148875 0.0073 40194.78158916231
98.37218112810316 0.0082 40524.0108074384
98.04451164162694 0.0057 40378.41937469195
98.24077437623967 0.0072 40244.79929574941
97.97935648467876 0.0074 40375.835816307634
97.40615845176097 0.0082 40251.45636896711
97.99506658723811 0.0064 40152.74905558955
98.26854484911398 0.0068 40178.44318548739
98.10732703907432 0.0074 40353.74397278082
98.3659822131302 0.0053 40133.4025733444
