3.697550573666269 0.0507 30843.426514896724
4.083242560951983 0.0511 31076.794218527622
4.38391488671051 0.0494 31012.092958673267
4.444650524909313 0.0472 30814.475529346157
3.7369770714751214 0.0499 30890.515480759776
4.26065576572955 0.0466 30824.566428362396
5.078299901157074 0.0433 31070.409031369993
4.2915432558811775 0.0503 30854.404685617334
4.570092498025382 0.0451 31005.363514537832
6.280749243670034 0.0455 31172.731865555168
7.510803779534581 0.0414 31346.941957490428
5.5313341804805916 0.0448 30947.216741625034
5.407382270981455 0.0447 31022.621276711376
5.9522641396258775 0.0436 31017.923012224233
6.883129521784657 0.0404 31292.58917675025
5.216267454889715 0.042 30973.994340217396
4.9557324284049 0.046 30976.492920257988
6.170626618850684 0.0421 31064.060789630188
5.647697726562361 0.0426 30934.386745059368
5.379563481598753 0.0409 30874.799238429445
5.750105549319916 0.0417 30906.621603225685
5.326420154518054 0.0393 30825.17426447295
4.990081093817948 0.045 30836.165453391517
8.104207067282452 0.0358 31227.03455727822
4.972884378752298 0.0442 30709.20517772712
6.14635051568821 0.0365 30740.418805323938
5.93824108533808 0.0403 30930.069419506937
7.176865407508056 0.0356 31066.88247536476
7.874176452061325 0.0384 31144.25076927442
6.7302305517442464 0.0392 31056.173977397215
7.947960485157887 0.0359 31171.990731932543
7.280737550993375 0.0362 31074.627200531773
6.513225460975084 0.0348 31068.54341165554
7.060931251187074 0.0367 31015.458443727948
7.536212902500374 0.0369 31067.692254111083
7.56810431556314 0.0334 31080.028587472032
7.69893386804762 0.0363 31080.022815823093
9.767682506165684 0.0337 31490.19686858854
6.341595637058931 0.0358 30907.749755640463
6.591584197944704 0.0352 30899.055575450504
9.289413570838349 0.0328 31380.04182925943
6.920447377085411 0.0355 30897.546457386623
11.71216956198567 0.0304 31643.564985412828
15.069874061341034 0.0313 31938.28912679444
9.697976564659674 0.0323 31346.285569549735
11.474673918191701 0.0323 31617.55096089278
6.548528383432055 0.0326 30707.40004335967
12.830705785022497 0.0298 31757.686960181156
9.305399728901506 0.0332 31294.244706077126
13.00031710578207 0.0286 31667.836477270583
8.825329984183437 0.0302 31112.737247531742
9.042636294427817 0.0312 31162.44217587792
16.193102477141224 0.0267 32182.901787048406
7.210231291793038 0.0318 30707.694127393108
9.108090788094806 0.0306 30986.822235947784
14.699570827664234 0.0284 31833.132064762318
12.486287161655717 0.028 31728.714796365755
11.507728364470065 0.0288 31430.641510522477
26.655250018716533 0.0252 33319.44212950714
10.55017453369193 0.0279 31198.390919593727
15.53230939538735 0.0291 32110.89400069956
14.718598766589663 0.0285 31789.14783401671
16.749930690481655 0.0272 32191.783052101317
19.519737652960416 0.0265 32601.726962916404
23.123889497465928 0.0246 33066.172963835765
25.21618073348684 0.0228 33240.75186822067
92.58610622830771 0.0251 40742.06978020466
24.493153332227468 0.026 33190.08309153079
15.065027373819676 0.0276 31750.80485748741
18.893192530402228 0.0272 32431.06897065528
95.67556916986777 0.0262 41035.08849446978
15.97029211762757 0.0242 32070.229268560117
22.3199128244717 0.0244 32960.69118188098
19.185839334554394 0.0252 32598.16396376432
17.978484761043635 0.0244 32283.989681762167
29.266054242218193 0.0219 33950.73533721476
96.54688828783263 0.0239 40897.50863948236
16.53735633951025 0.0239 32136.562767710802
22.466258796765235 0.024 32887.42838992512
39.58781462633248 0.0228 35492.83203987887
82.990333790528 0.0207 39584.21719234729
23.285056721815497 0.024 32995.64215456105
88.58207464581487 0.0207 39965.45851542859
64.00400591655868 0.0223 37630.39500586525
97.6824299857227 0.0203 41020.69353066912
26.72812702962212 0.0231 33569.3469526185
94.52647570170724 0.0208 40853.72190420778
29.123785396993906 0.0229 33724.38165483109
94.14362440174254 0.0197 40594.29097066718
97.04021670758048 0.0165 40685.184376797704
95.66757142585044 0.0208 40834.45407578026
96.71498950323746 0.0199 40731.751781852814
55.50961540412073 0.0202 36795.85548575867
35.34064713539319 0.0212 34615.32326723061
97.65815741080559 0.0191 40671.78263883695
41.36628552282867 0.0198 35133.000693656286
96.90090666050409 0.0172 40664.90825957215
66.1481340769056 0.0196 37628.154410421565
97.5592301143723 0.016 40647.02657322627
70.4110857541741 0.0183 38331.59730157089
91.76233223060999 0.02 40340.377370227005
97.95092274382088 0.0171 40719.62786477135
95.78982383391941 0.017 40579.125374094336
97.37970857323066 0.0172 40988.67607612149
96.98456010296397 0.0162 40615.91899165262
94.76394142035853 0.0173 40490.95093887415
96.95882621075091 0.0181 40663.63444170609
71.54735596202424 0.0171 37767.997644846015
96.64370830215304 0.0158 40444.455144833
91.40104010477145 0.018 40043.56826304453
94.98747321583865 0.0182 40471.495494454895
94.68779636989417 0.0167 40323.40282034584
97.80998951814715 0.0164 40678.99903115513
97.95876843060687 0.0175 40795.35441398322
96.31973687102418 0.0145 40654.55597445445
96.39164640518082 0.0156 40572.35934186091
97.3456027493202 0.0142 40539.24074137035
97.63575108653005 0.0131 40694.13400855142
92.39810777761244 0.0172 40200.909003174245
90.69949697945376 0.0138 40127.86141665764
96.09433890220832 0.0122 40663.799474621286
98.03325528334585 0.0144 40519.393980797526
97.2272967815514 0.0151 40547.16841798348
95.74643763414737 0.0174 40333.314178713554
94.13721314377086 0.0148 40430.60887402425
98.05055592912156 0.0118 40449.01557542643
89.61567378830811 0.0141 40272.46944207924
98.02052700682154 0.0147 40544.48024938646
97.89732690235529 0.0143 40510.427615142835
94.82714757026162 0.0142 40306.71142692961
97.73477941180323 0.0137 40506.903039640936
88.24811446294372 0.0142 39648.38255667238
89.73786363115975 0.014 39974.729724244
96.94567045400626 0.0144 40658.67769106381
97.00331011205854 0.013 40552.40507529981
97.19767492325923 0.013 40466.782532791694
98.09323154486111 0.0129 40552.80382580652
98.19955952577064 0.0115 40537.60978959184
98.23734748400935 0.0104 40425.807464500234
97.60228875860217 0.0106 40541.06827358049
95.47347599087321 0.0127 40348.743560348994
96.99698397556674 0.0121 40478.56156087239
97.957463185336 0.0118 40215.99557521676
98.09758608953278 0.0108 40627.39569915516
97.83503141346273 0.0116 40291.85732889301
96.70897578634272 0.0122 40256.8264859537
98.38928016697801 0.0113 40542.206441906405
98.10546352081215 0.0088 40676.539859019766
97.66754852383525 0.0126 40443.777270273065
97.45821895463622 0.0106 40520.99349700489
97.08412120528347 0.0113 40402.2989859188
97.17988550484219 0.0109 40106.5363846924
97.93078085327686 0.0101 40348.08695347556
97.52020615325503 0.0131 40321.258992099334
94.3511839718631 0.0109 40158.843449062784
95.96629870960881 0.0108 40414.84083895925
97.56430321564538 0.0102 40361.66935882276
94.43363524072588 0.0108 39923.30978280254
97.781403385308 0.0099 40326.5000181404
97.83751238891955 0.0093 40626.14305209904
97.52895158047889 0.01 40373.240847104964
97.93107157831338 0.0089 40420.965387659926
97.19159295147156 0.0106 40365.683862948514
98.25644100897702 0.0097 40320.64505062047
97.84193940319817 0.01 40444.24093512691
97.49274640278156 0.0107 40384.611759825406
97.91630774316121 0.0092 40464.03459454715
98.35342175091736 0.0086 40306.70403215555
98.25201749650456 0.0093 40437.34259718757
96.9151537417936 0.0097 40065.31492595802
98.15428636697071 0.0094 40493.65131131576
97.66528549698769 0.0088 40153.716360467944
98.08169885290675 0.0083 40735.51175854841
96.88918790179521 0.0089 40176.64983138206
95.34795928304717 0.0101 39935.56757886688
98.17876275200136 0.0077 40061.10633376016
98.14619401038728 0.0087 40302.90175337363
97.69991694626455 0.0081 40314.933814122414
98.24459283839263 0.0092 40305.7427573972
98.26022156134957 0.0084 40365.27011658776
97.64330208647007 0.0084 40176.22903086624
98.26570525120704 0.0079 40267.956511569886
98.03174957974193 0.0069 40336.54879711131
96.6925433052911 0.0074 40324.84636236792
97.66114174476255 0.0074 40283.674146374135
97.95134238361383 0.008 40310.96498421074
97.6453094964005 0.0081 40142.65377821172
98.00241875373071 0.0074 40212.06112171941
98.16289020701338 0.0081 40387.95861297435
97.46391918351321 0.0073 40254.987454044654
97.51500637418907 0.0078 40048.86295568468
97.69343308708936 0.0087 40095.14782921503
98.28382028846639 0.0077 40423.88566552838
97.24677382439741 0.0071 40149.60664401467
97.79024329454263 0.0064 39997.136850815135
98.1732635900013 0.0063 40401.30485584851
98.34568744582344 0.0065 40242.70491176784
98.13652964732839 0.0063 40341.05061441593
97.53713831392747 0.0066 40097.39365632823
98.11211487467585 0.0069 40229.35808915379
