4.1207195543045225 0.0521 30950.008821575444
4.0838137507762085 0.0466 30924.833558863178
4.064156799075181 0.0507 30889.5013521712
3.67230039143401 0.0477 30744.948501043324
4.077871804406214 0.0487 30900.859671444625
4.681240358198588 0.0477 30957.003065024583
5.422223484609456 0.0438 31102.109871135086
4.764139876021888 0.0442 30930.700035471255
5.582741863840778 0.0473 31034.388747914756
4.936054643065378 0.0468 30982.384914077724
4.530141311958455 0.0457 30706.58264882826
4.947695004950539 0.0453 31048.504762382385
5.02796191644589 0.0451 30935.977854417488
4.189908330603659 0.044 30857.870225585837
6.133984936934465 0.0433 31138.603323199088
5.550701228008973 0.0429 30914.857334289893
5.65554209528763 0.0425 30993.492521438984
5.2058660742621266 0.0409 30882.393988895576
8.132822808104041 0.0374 31414.54285770258
6.294650369420535 0.0412 31008.553667927972
4.882395095794414 0.041 30780.751798583973
5.405878939619041 0.0424 31007.074688498717
5.72160479468535 0.039 30947.397035764585
7.879878450384612 0.0415 31090.10529356344
5.9828450195433405 0.0389 30882.953230057352
6.985016846367612 0.039 31170.840187428446
4.9130821117058625 0.0428 30823.616455129806
5.49838160252593 0.0412 30986.900316491476
6.620387828837339 0.0393 31073.244484602048
5.563070482180232 0.042 30841.760660232852
6.69537893247512 0.0382 30958.151773546655
11.436377162417521 0.0359 31741.416545203774
7.768993381863451 0.0354 31201.36920024244
9.95392281638845 0.0343 31367.426841760014
7.4721745674343225 0.035 31044.777729499558
7.80872972707046 0.0327 31066.639204839827
6.426870027302957 0.0354 30912.47569778894
9.10954186871674 0.0336 31266.931236139106
6.657190515441788 0.036 30916.788807579578
8.727428818426173 0.0313 31239.565485188672
7.408669337967066 0.0326 30915.21025446656
10.41587504875527 0.0357 31320.742117417005
6.3492453450150474 0.035 30835.601019778733
7.923100044501067 0.0334 31007.8885302201
9.471171281153353 0.0302 31149.003156484872
12.067233242869467 0.0288 31509.627023841538
10.718980228926238 0.0322 31380.743745045464
9.6384840428905 0.0293 31182.36624234736
9.057485700934777 0.0287 31160.401293019193
10.217327001421427 0.0306 31420.80694115912
10.956127551606354 0.031 31301.80269265596
8.335594454661484 0.0334 31073.79655195922
9.13413305913304 0.0308 31079.177957614953
10.099239358911255 0.0287 31231.724065311868
11.425269725965316 0.0305 31321.68573955472
9.744343987017452 0.0291 31147.035692275622
9.596668297115615 0.0293 31166.076792399548
15.562545364904423 0.0269 32154.260014490395
16.030860517270522 0.0266 32242.979857012237
17.98989356453116 0.0269 32531.982618648115
12.731664620597865 0.0285 31610.993358219504
14.646425140653577 0.0289 31928.648976670087
18.14809694034183 0.026 32326.50514210224
23.4339981974584 0.0263 33070.13649285496
26.20053400819115 0.025 33413.03248302336
13.082282557059258 0.0268 31579.30645591045
27.511026230681868 0.0259 33777.48149401076
21.783485792474686 0.0262 32819.23064857524
22.971310061911257 0.0248 32852.99323049991
14.566887881579943 0.0278 31655.940779564084
19.238669045139947 0.0252 32543.63986920745
19.196532021782645 0.0233 32470.551536055784
22.767316283906023 0.0252 32901.728437317695
39.00292664856123 0.0235 34554.086732680196
12.691779807751958 0.0258 31387.7594124612
22.82399187617854 0.0242 33105.05464556762
30.678297661128028 0.0218 34184.180815715896
20.102148910651213 0.0232 32570.41395209957
96.69854645996844 0.022 40947.64224652895
25.624453742595463 0.0223 33234.517878197184
63.57040246208807 0.0213 37696.08887874034
95.47021160680316 0.0224 40831.72522649574
26.285784966127515 0.0237 33484.15645776409
76.93543635608992 0.0206 39314.35009909278
29.21525127288286 0.0219 33612.8597749205
94.11965826066937 0.0218 40539.699239652866
79.32226548334087 0.021 39255.39946137821
93.31194364789118 0.0211 40395.79043187668
92.8102355064739 0.0204 40335.37410535132
91.71287960369823 0.0212 40499.75467721297
97.60142879615452 0.0184 40848.04171929425
80.07819178814461 0.0213 39010.1093664096
34.48499081306357 0.0236 34548.57912786164
81.99420074932402 0.019 39340.53080628629
83.73482202447309 0.0192 39785.674210968595
72.1176947715918 0.0204 38364.4895331017
97.72012636652332 0.0178 40865.74202929808
96.28691415991595 0.0189 40702.19053536611
96.17302150176448 0.0189 40652.66017412234
66.03811966110314 0.0208 38157.29956449367
88.18421997596337 0.0194 40077.11360870689
79.04359149228533 0.0193 39012.270358932146
45.068546496425824 0.0213 35722.29534915546
91.62175855004084 0.0175 40223.912170524745
96.08071101007666 0.0181 40556.6596542101
96.13314573814992 0.0183 40562.887306069526
96.10171313459036 0.0162 40720.59326790258
95.07815588604126 0.019 40514.216231021266
93.57497923330122 0.0167 40289.884510066455
95.41790520402571 0.0187 40374.987913550074
96.43597068017303 0.0163 40487.87021675712
97.3469811555274 0.016 40667.37883739512
92.96807392336841 0.0147 40484.59811851557
94.7909653276542 0.017 40537.9553775503
97.29271360556565 0.0156 40532.38331203389
93.14144434976491 0.0155 40195.69312864424
96.84764680564692 0.016 40500.6946264872
97.56965307915154 0.0154 40697.11710726437
96.4728319635172 0.015 40437.86016400291
97.30621671119356 0.0146 40782.03146374152
97.0157287039375 0.014 40599.89419178003
95.43146760598383 0.0135 40445.80344241058
83.10820485908621 0.0146 39352.697491715306
97.77681367489151 0.014 40565.87215886909
98.2864360213727 0.0145 40592.6661171476
96.38321870329877 0.0147 40541.99385543529
97.25710644766517 0.0137 40569.643508318164
90.1390070143379 0.0149 40118.096038487085
97.27037074190841 0.0144 40404.829306692875
98.05101144599504 0.0137 40509.22063276713
96.84030806834613 0.0132 40377.28434259498
95.11140768907129 0.0119 40547.89019114877
97.75126060750945 0.0112 40499.22438466918
97.40004316397939 0.0116 40367.663835094696
98.191888632828 0.0151 40746.28631100388
94.1438133649424 0.0136 40427.18021198661
95.40843563925732 0.0117 40446.018062156145
98.32746633915716 0.0125 40221.32343237605
98.19129627457315 0.0131 40394.98375562466
97.98696751446825 0.0117 40325.923932621525
97.34029784688077 0.0114 40365.869519475484
96.52893210205576 0.0132 40527.264877860565
97.80408158971122 0.012 40175.42672807416
97.57444268312713 0.0119 40301.19262972909
98.16602115427081 0.0097 40231.432126891465
97.98078024851351 0.011 40343.43688487083
97.31760562115616 0.0109 40391.12182390834
98.01107904856742 0.0104 40390.57855149213
95.15678672611735 0.011 40121.750111677546
98.17301897570863 0.0124 40257.37819141361
98.21024156686617 0.0113 40436.88694933948
96.43439625457617 0.0122 40471.60200843247
97.73223474856563 0.013 40325.22792235121
96.36824656181967 0.0106 40393.0974489096
93.97825596660161 0.0109 40047.738052170644
98.13398322604735 0.0118 40257.391624711345
96.75389110178952 0.0115 40439.259873922485
97.8594607662626 0.0088 40325.75018049691
97.91532170891169 0.0122 40452.34341263121
97.83089074128112 0.0106 40345.56916465217
97.65538837012355 0.0086 40341.851219978176
97.9054013238371 0.011 40536.9127490081
97.52339741291826 0.0097 40468.7951851525
97.50849707568462 0.0098 40254.46723008978
97.8538434756023 0.0104 40410.48993098823
98.16883979461466 0.0082 40309.36790472605
96.89721724211348 0.0098 40090.77681746401
97.54661498103344 0.0064 40200.60693011503
97.87746446369695 0.0085 40190.74632267088
98.08929288879138 0.0104 40586.36198780701
97.93995506850023 0.008 40248.104364995714
98.31206885902013 0.0107 40337.5923212228
98.23822604618887 0.0083 40349.118595962485
98.23189950314831 0.0079 40268.62498336655
97.80339291713669 0.0078 40387.069765118686
97.89054634071067 0.0084 40472.39252200714
97.04170354723767 0.0092 40672.85392831256
98.27834066343925 0.0089 40304.69330355713
98.1801501984378 0.009 40405.7030167089
97.60330436999044 0.0079 40228.62442980575
98.32655128510707 0.0078 40586.49817518128
98.18990090188218 0.0082 40089.71183263355
96.11026766785893 0.0085 40254.4687723078
97.75349731015898 0.0087 40389.350966745435
97.73341256655614 0.0084 40277.16252282416
98.34237199620092 0.0071 40235.01305354756
97.24901967997307 0.0068 40145.964205662975
98.28715433822632 0.0086 40504.78936297669
97.8645672826675 0.0075 40144.40845052436
97.83063308303078 0.0077 40393.633282089606
96.7261679083266 0.0099 40289.94519515767
98.36477788991229 0.0065 40293.37535035294
97.5982392011639 0.0079 40459.428889773444
96.5343649142703 0.0084 40326.33985124449
98.23716252715907 0.0084 40398.522577105156
97.59563732716694 0.0075 40153.20808550717
97.51436816421227 0.0071 40435.38093178116
97.7604242874363 0.0086 40291.564358175725
97.9853171586072 0.0058 40095.94861378791
98.37199194125446 0.0073 40262.112793991466
