3.923678073400865 0.0477 30913.551779203794
4.341705581014925 0.0495 31053.655513489222
4.4096860290636215 0.0507 31041.973440539587
4.103021935317805 0.0504 30918.188090958556
5.096112981697865 0.0489 31126.491930964537
5.04847331712872 0.0464 31001.35934524262
4.446734929556493 0.0468 30812.09501474725
4.761012504624961 0.0469 30880.048012070318
4.809477479784181 0.0451 30801.03994135608
4.348102968275196 0.0478 30964.4019469582
4.939308211014575 0.0452 30910.41368745337
5.155554171290065 0.0446 31019.159413450572
5.014071292090464 0.0445 30922.909722777713
5.715256490925863 0.0432 31050.209462741383
4.599325234366648 0.045 30700.562821273164
5.307601574439947 0.043 30935.75530463901
5.362481009943759 0.0425 30913.375268011805
5.436838203868104 0.0435 30856.419206813862
5.07904376788964 0.0447 30846.692032485385
5.193227615626273 0.0405 30832.800511579375
6.222593758356731 0.0399 31118.956288378868
4.329601586188319 0.0467 30647.135375280515
5.570257180602328 0.0428 30896.942247603132
8.58746632468603 0.0362 31371.14051701292
5.215550022424533 0.0448 30891.749321914853
7.872624111710377 0.0343 31178.313922425135
6.082870355642727 0.038 30938.38472914871
7.373447755542059 0.0369 31022.30690167999
7.0918724178503005 0.0348 31080.483198633574
7.336527492391911 0.0368 30962.89018827822
6.721438113772076 0.0369 31098.526464214363
9.912342655827178 0.0334 31248.40687415403
7.609581942648507 0.0391 31032.226919171222
10.628722185819244 0.0353 31579.528998275375
8.884113442597211 0.0334 31248.924576373054
5.263298473376984 0.0382 30696.493162302595
5.884500958380241 0.0355 30572.687489834778
6.604375491712728 0.0357 30910.817591206054
7.70862556224928 0.0376 31127.076509917784
8.577830641721857 0.0323 31162.651867409033
9.29837754141107 0.0333 31231.68768622567
7.15654817323818 0.0321 30840.209979846164
9.129342202222551 0.0311 31324.225562273637
10.957103534941254 0.033 31494.52889844855
11.524874916889944 0.0304 31579.891300236945
8.08251718319561 0.0313 30988.3152687994
12.164932130133286 0.032 31581.840467779955
10.530190186590138 0.0323 31371.196752872554
7.835854590352651 0.0333 30940.878412863673
8.219777873588571 0.0314 30930.001951416183
10.415053491644779 0.033 31387.156572235795
8.777149495386334 0.0307 31169.11868280697
14.837170542536972 0.0285 31805.665541118837
11.744899332740099 0.0304 31643.678670424782
17.404244389604738 0.0293 32338.381340332526
11.32053871430973 0.0303 31489.052102815655
9.306362096357244 0.0314 31031.385737183427
15.322858252706615 0.0267 32006.349481801943
14.285363177614007 0.0253 31885.395270921214
12.448908913561004 0.0282 31574.803901641375
18.49692005800752 0.0251 32528.166347187733
20.059979688352385 0.0286 32630.67605738935
18.64651139843346 0.0262 32514.233334296434
11.777570276993739 0.0271 31365.176852678967
14.742764270606655 0.0261 31573.27913725218
95.689598586306 0.0252 41095.952282046106
19.10043182836523 0.0259 32573.243094735524
17.10988618803146 0.0249 32100.560995683834
35.943875554397664 0.025 34688.11813969453
43.630261513864625 0.0229 35732.072840319066
93.19466653756072 0.0237 40501.32822990614
77.47670594947797 0.0217 39124.10530203962
23.37764640448148 0.0242 32793.39115841636
94.20230333955492 0.0223 40797.52219081294
94.33582030069506 0.0227 40617.06761227882
33.10741085290849 0.0224 34674.464294271624
20.573944642677002 0.0239 32739.280873529315
14.514394300999955 0.0236 31561.806731515553
13.654751186843095 0.0246 31709.94996501356
82.6787926918011 0.0207 39829.99620728378
27.560937611645105 0.023 33541.77608925656
94.54613141241911 0.0236 40548.91631441706
31.377238315247947 0.0219 34175.40622836013
96.45834709372194 0.0201 40730.358792465
26.9555822056288 0.023 33604.905845138295
80.4504073817943 0.0211 39640.17952080184
76.15409117064783 0.0213 39350.65328292066
97.91669918714152 0.0192 40656.354908200694
31.05545145761708 0.0216 34212.866716958015
89.99673783919823 0.019 40191.71773323427
93.36949000612563 0.0198 40419.967651838575
97.79807706269658 0.0185 40540.4675691033
75.47276394705425 0.0186 38769.0390474559
87.33294916339725 0.0208 40044.081289911155
52.43799116282613 0.0199 36364.089517027925
96.04350600702692 0.0168 40436.59810656533
70.48517728362677 0.0202 38672.42027767426
60.03139753385566 0.0195 37301.01900179911
95.92736330870758 0.0187 40368.77296037055
52.91798113662534 0.0213 36198.74659726271
93.43319568524223 0.0197 40225.15848975931
90.02882775681239 0.0185 40121.53129764204
35.62424886568752 0.0215 34670.89487355134
93.1149032307026 0.0192 40239.542809982304
96.160155308794 0.0171 40430.05629435903
97.35466463243478 0.0183 40467.39757152088
86.9450822184606 0.0169 39878.014405463764
95.30489464998972 0.0158 40504.076911400385
97.9016747039026 0.0185 40630.8514634379
97.74850598250543 0.0165 40748.27196548559
98.14130373928967 0.0187 40497.24233501344
97.5704926607796 0.0159 40505.80808933985
80.56884905896369 0.0177 39222.8425628963
95.0354577552297 0.0142 40410.931150462464
98.1141234820621 0.014 40767.78142567053
95.55376209147956 0.0165 40495.15548959848
93.05207098733094 0.0167 40186.180776510635
97.71375355142072 0.0127 40483.124202326064
94.9787732198478 0.0156 40334.21313818653
95.04764097960529 0.0166 40482.758660978856
88.7956401050071 0.0161 40037.35126938075
94.78980089889028 0.0135 40042.4799647964
95.67081026724667 0.016 40430.68646367988
96.04152585354367 0.0134 40564.80239257512
94.83226849775644 0.0139 40184.22122099436
97.57008041269901 0.0144 40414.83514001829
98.37840714039943 0.0115 40559.970849162404
97.63321850333767 0.0121 40456.071227434426
97.16414922820324 0.0148 40398.863918632764
97.0506939098281 0.0149 40390.18144315858
97.76716440441047 0.0151 40635.10446712633
98.17736747395585 0.0115 40796.57711133202
97.61771058914772 0.0122 40564.148746658415
98.00701027953033 0.0125 40455.45825369475
96.88267771440604 0.013 40350.28949314393
97.57348507340822 0.0131 40410.85394210001
98.19522696294348 0.0122 40344.765227793
98.31179048999776 0.012 40461.787120900844
97.57472578412816 0.0115 40369.87809290204
97.57894308022937 0.0128 40549.09559788482
98.29195762294327 0.0131 40431.32562035585
97.75814528702139 0.011 40571.00127214117
94.4266513777702 0.0127 40117.75127044455
98.15191219940314 0.0106 40384.150392412936
98.10290988934743 0.0129 40516.902361005596
97.70643236039155 0.0097 40331.867258224825
97.25007470911403 0.0128 40487.22767151338
94.29863257717665 0.0128 40110.46591562313
97.87984519182669 0.0116 40251.34224209913
95.39505998767876 0.0121 40056.76377214304
97.90519066464839 0.011 40377.404055711835
97.64615430381625 0.0098 40692.515027043206
97.78043891474722 0.0123 40245.868812964254
98.00693224431336 0.0101 40549.74293246999
98.35615909968075 0.012 40460.50806647305
97.41959143736318 0.0108 40328.113869574016
98.26970997383779 0.0095 40511.226773213355
97.97848101257317 0.01 40383.564290829636
97.18788634705345 0.0111 40393.60949223842
98.3748483168985 0.0101 40399.851006352896
97.77019806945917 0.0097 40243.66701479955
98.3842752158713 0.009 40337.600196634565
97.42208526539025 0.0089 40461.81215337235
97.85081346597524 0.0088 40319.1490826967
97.95531025045437 0.0097 40306.05494597388
98.1413386018457 0.0103 40260.10165979254
97.44965047735057 0.0101 40400.121817416584
96.6232818341005 0.0085 40177.89203121774
97.85621243305505 0.0086 40349.602735646105
98.35846217521133 0.0066 40109.54171884455
97.87452050345632 0.0103 40318.83998375242
96.27184920296597 0.0098 40220.11332165601
97.84885769781516 0.0092 40496.542755444716
98.07134848520184 0.0068 40296.88224290675
98.36238123112057 0.0084 40328.713155566445
96.07587221846458 0.0091 40303.26224734008
97.0267355913306 0.01 40125.02388170052
97.67722735092713 0.0079 40333.62751751004
96.82734239739722 0.0092 40236.62262560498
98.20472930489217 0.0074 40277.09554961826
97.41416887821273 0.0092 40314.75602466836
97.6512032279392 0.008 40347.99130725839
97.54682283070444 0.0084 40184.1737935506
96.89238337086957 0.0078 40094.86428038009
98.24656066679007 0.0068 40133.15499334545
98.02215350003368 0.0083 40088.6942919416
96.96376544672793 0.0082 39966.383327406395
97.00000644596426 0.0076 40137.88635265291
97.89974572873449 0.0067 40291.98885888996
97.51311691625783 0.0073 40265.273138895864
98.06021335238675 0.0071 40155.70106470919
97.94949006236438 0.0071 40319.8063535033
97.82125096186682 0.0078 40302.72045218988
97.15200204521251 0.0081 40310.76314400164
97.83604529732604 0.007 40079.480214579344
97.66986697953617 0.0061 39928.60588204902
96.75749508062435 0.0092 40201.91618474571
98.07342623208412 0.0056 40147.54021831178
98.36402257940658 0.0068 40311.14974509362
98.35888616330861 0.0058 40208.906585545265
