5.591628790680754 0.0477 31337.758796215465
5.459625808377884 0.0499 31269.920451519807
3.3997703952823404 0.0525 30855.40507936728
3.9954641069480066 0.0477 31048.58779044494
5.451811326837728 0.0477 31153.138235695445
3.955335643065351 0.0484 30944.325568629098
4.456839055828355 0.0492 31093.725410333478
4.005079375017321 0.0489 30892.21069990252
3.9251248119026596 0.0471 30781.213321721043
4.902009103893497 0.0446 30959.569664471932
4.2310604215231375 0.0464 30942.749095747757
5.368429524945284 0.0461 31029.192257755833
4.890930971326973 0.0459 31013.23191382472
4.362281129228125 0.0456 30831.553063191088
4.324975677317567 0.0449 30970.050331992694
4.202809614767498 0.0467 30768.30385123525
6.347346757110836 0.0423 31035.049483419018
5.403624860238624 0.0403 30957.784464818444
5.679845262239479 0.0399 31050.49365204306
6.283876842597377 0.0391 31040.548922921655
6.138735057977709 0.0402 30983.753275342504
6.5857729072015205 0.0375 31114.391642799194
7.437078377891651 0.0402 31298.15227415559
6.462205567306749 0.0405 30919.95938651361
6.070488498118167 0.0396 30874.465621146923
7.234951838554188 0.038 31199.00993564417
7.819812760718822 0.0394 31168.467553816616
6.448733009594883 0.0381 31035.930003207177
7.377226886927876 0.0356 31168.42522146164
8.625041155802341 0.0354 31240.98524721559
11.725087594418847 0.0386 31686.74670323938
9.70758121772624 0.0344 31362.990351516328
7.550380802966894 0.0369 30979.469864759514
7.149875559534871 0.0347 30888.99438339476
6.576524393567942 0.0363 30995.384619165183
5.7851874579431675 0.0369 30886.071394390347
7.309481730891321 0.0354 31030.840768283037
11.570782640009153 0.0299 31544.45059770093
8.270047842989657 0.0332 31158.742300832357
10.440012942940836 0.0329 31367.460721381292
7.534224592800422 0.0338 30799.39200825811
6.629681543655915 0.0364 30808.20096412178
8.816654996211152 0.0327 31165.279082618796
9.2217983752104 0.0304 31180.491826559442
13.517454129790332 0.0316 31689.688947940762
8.255046307106998 0.0309 31137.893649519156
11.905605296623625 0.0322 31811.933654273067
9.895649743574339 0.0315 31116.684795498182
11.819732381625233 0.0325 31526.79965334069
9.829750425143706 0.0293 31284.004114061387
13.659458035549541 0.0286 31871.66862426646
18.537037250959255 0.0281 32642.896653830263
8.046877967162702 0.0308 30806.017158307415
9.0319975317916 0.0303 30929.51846443824
15.896228029106744 0.0255 32098.510194322764
9.186256120709634 0.0288 31061.64837182912
14.58449362255973 0.0265 32020.792746976313
11.640978740663826 0.0305 31320.7733284829
11.309412649035913 0.0278 31350.78921239524
15.211167807672204 0.0263 31929.42095621764
11.84718384423131 0.0274 31509.200243789703
14.813685872665053 0.0257 31923.46911297562
20.944968300604796 0.0282 32596.49367522813
16.167706100901334 0.0267 32171.97838488527
97.96219423127616 0.0234 41085.06886296986
11.724113975119412 0.0262 31251.760854751745
20.533357441642725 0.0255 32738.097972004238
24.943468548363022 0.0249 33364.15465067307
93.58959658048015 0.0227 40569.16860982084
22.690543464809767 0.0245 32809.77838461221
16.981085482777388 0.024 32062.17555429758
15.422475916362286 0.0246 31986.37820766494
21.219881208001297 0.0255 32610.884287767956
54.30577278391127 0.0221 36853.39427076429
95.41715862948759 0.0246 40803.21458963402
42.14426651884558 0.0233 35411.54739338409
23.753019336230647 0.0234 33397.75571821658
19.26602553283579 0.0256 32432.32185714516
83.85803885016944 0.0224 39903.90352655918
97.05548366344262 0.0216 40985.818699418036
13.095241806839729 0.0255 31469.893478072016
35.938587220533805 0.021 34748.69708601136
95.75280862589432 0.022 40673.040211231164
41.674858337823125 0.0213 35366.63869068828
31.055815634820092 0.0219 33942.164588968764
95.04542642437131 0.0208 40662.59117589853
93.6019491372341 0.0198 40406.48750168415
52.43938086423224 0.0213 36513.323483047025
74.31835512535862 0.0202 38461.5180600673
69.8971341941195 0.0205 38143.36369717122
37.85465149404535 0.0214 34894.48749578005
68.32110235914983 0.0189 38041.832307927456
95.1744042277155 0.0201 40561.61153689081
77.30754240877957 0.0199 39043.7502021211
89.29387645063733 0.0204 40132.38536348278
97.76692349601579 0.0177 40390.41397167847
94.93121512884396 0.018 40281.455502424695
90.98536322302586 0.0171 40335.27794654424
97.23589389865923 0.0167 40835.30267684659
92.42291095276161 0.0172 40198.514215779855
92.98556599518497 0.0198 40283.94254759227
72.00826671240229 0.0175 38182.14302146578
83.32492078084712 0.0176 39353.14476720179
98.08487743670032 0.0168 40538.24333059829
90.75021089215142 0.0167 40183.788458799405
97.86245502524989 0.0188 40620.20259113117
89.43273858804395 0.0186 40236.329335269016
97.83894327981767 0.0157 40642.12125507021
97.82100720224686 0.0183 40566.07771763532
91.1399146027811 0.0173 40039.47473029954
96.89337916676064 0.015 40625.18363858957
98.16654065628835 0.0135 40554.42352226427
97.58838783538526 0.0159 40438.58023459844
94.17968632280102 0.0143 40259.52510244965
96.77269534541396 0.0144 40624.258516566566
93.09436001575386 0.0151 40284.45579851409
95.3035296909593 0.0139 40166.906051782586
97.60088708988592 0.0155 40438.00012025825
95.68269732367139 0.0159 40554.49757098415
97.52532146967478 0.0166 40615.62119583617
96.6114941384261 0.0149 40616.60643250733
95.17943720708321 0.0157 40365.27898656104
97.45846625539758 0.0145 40559.163338217186
96.12142579728385 0.0145 40430.08324522588
97.86863727658412 0.013 40552.89434361599
97.79540664789106 0.0145 40584.49218289367
97.14698034721854 0.0131 40529.49920681146
97.12982136034758 0.0133 40579.96747732528
94.12242042803382 0.0122 40276.207105965375
98.3549073155292 0.0138 40506.5351517475
97.2851156111364 0.0118 40432.25937516397
96.56887733542878 0.0148 40725.335662251724
95.17874099527506 0.0176 40296.5829275395
97.8439584076005 0.0116 40479.20369837267
98.25928347214825 0.0112 40444.811931311444
96.6235928696983 0.0122 40484.8514915318
95.83334107234953 0.0134 40288.385703232736
94.12454900298387 0.0128 40337.709569668375
97.54436949360108 0.0121 40363.26643544773
97.71363293517341 0.012 40436.861847089516
92.3401756978197 0.014 39956.726456131524
97.34293333604975 0.0121 40268.347348088064
98.25926334105134 0.0115 40587.48696112187
98.35925785963458 0.0115 40528.02163501202
96.21949701169986 0.0105 40378.711680396525
96.64125551004292 0.0117 40318.82042888432
98.01157945712129 0.0114 40564.42828794103
98.31558368335175 0.0125 40428.25199517698
98.07146439038303 0.0104 40633.63402427853
98.16244775520722 0.0122 40470.409480088754
98.36843933059593 0.0103 40564.42078472517
98.24337077697096 0.0114 40293.0050228447
97.69250838061261 0.0108 40673.17811256248
98.05449293083842 0.0122 40433.86565027703
98.08051768231775 0.01 40495.514573627755
97.61353709170866 0.0106 40564.71479641547
91.91873580910364 0.0126 39803.03278803578
97.74574589400528 0.0126 40228.49103866481
97.89416105899795 0.0104 40531.74747869937
98.07407716615296 0.0107 40413.139234647395
97.87882634956192 0.0088 40299.943829814205
98.00138821740299 0.0089 40159.71218401946
97.36445661727156 0.0109 40107.80962936078
98.3652853901485 0.0091 40577.717976408036
97.64007308665663 0.0085 40220.287453797864
98.37052549485989 0.0079 40386.63692855307
97.47266495988582 0.0087 40163.17766800942
96.02573780886884 0.0093 39962.25986462171
97.84694680553748 0.0091 40308.566107261904
97.65007611049555 0.0079 40222.51865920452
96.8224658655621 0.0096 40153.81255098693
97.11148308598185 0.0087 40443.3162519786
98.36700758720184 0.0074 40124.507195429615
97.91045875838412 0.0083 40476.07020645412
98.31001633552967 0.0076 40407.96898766568
98.21116520222711 0.0092 40251.55390225248
97.669905477075 0.0097 40272.04706222247
98.05388103751456 0.0086 40429.33078374699
98.16387441809307 0.009 40428.31079818338
97.83336889660836 0.0078 40276.59328060779
97.57607820588973 0.0078 40231.17174575961
96.69345527603443 0.0073 40137.89336242983
97.9787303133072 0.0083 40014.666167013434
97.5527629777694 0.0077 40102.491156900236
96.87825708365303 0.0074 40241.067778662735
98.15176034741742 0.0066 40279.220788202336
98.05205812734907 0.0077 40171.77822079633
97.78347010417342 0.0067 40263.038044772446
98.09137580796848 0.0079 40157.685131289436
96.41069085672693 0.0069 40387.557289338336
97.84668603297551 0.0083 40209.86361960221
97.82921754549376 0.0076 40131.29307481472
98.17806413382715 0.007 40309.73490954914
98.17977188571457 0.0062 40339.10204318137
98.06078884838394 0.0073 40139.53251789985
97.46925729049708 0.0082 40092.39134590317
98.35328686756026 0.0072 40062.3081497565
96.3558680697319 0.0066 40096.65604042316
97.8685003588 0.006 40170.23121022444
98.37264136451276 0.0064 40053.41863929867
