3.8148865782119246 0.0524 31013.83441441943
3.683496446479288 0.0485 30823.31564246723
4.378679659329274 0.0481 30970.33382843458
4.248603267531434 0.0476 30984.44904884715
3.894595140446794 0.0488 30854.145663349245
5.224254501382325 0.0454 31000.507357737653
4.2742159027075095 0.047 30951.900029691886
5.216705517684637 0.0452 31149.591164197223
6.029328621063787 0.0458 31045.258828622293
4.17217494925045 0.0486 30798.03504794573
4.348420627106456 0.0497 30880.978103122314
4.28460970814741 0.0467 30794.167145343814
4.4662705747095375 0.0474 30768.437998960224
4.713252438144999 0.0438 30924.44870127662
6.003849516701665 0.0427 31082.19398773626
5.676813514654372 0.0408 31028.045765121376
6.3801146636123 0.043 31098.00041517908
5.467625006264542 0.0429 31099.989388841284
6.505775211188649 0.0382 31138.25241857926
5.0490969295324195 0.0419 30860.960420041847
6.0869033385432285 0.0398 31093.119589315396
6.194194115355267 0.0407 31006.8698270828
4.830296952779504 0.0385 30692.31394962458
7.551513777663655 0.0392 31091.596306655894
5.6516134394496085 0.0394 30849.611077166755
6.032480317472585 0.0421 31036.907595604152
6.40066422608828 0.0375 30925.575453471974
9.180133574832452 0.0383 31227.72086585128
5.793802030769236 0.0372 30810.234030725365
5.958965622566149 0.036 31042.255646111404
6.478718863345053 0.0373 30839.377274421837
9.943071735370347 0.034 31493.45586385517
6.371865698485848 0.0385 31036.33663064067
6.11380098135643 0.0357 30834.093423156613
6.6899140354641 0.0362 30663.142643790274
7.42938286941596 0.036 31010.566398028357
6.698512482194167 0.0363 30978.636197975808
8.78725022270041 0.0354 31325.343065814875
6.693185245459138 0.0356 30898.01820073904
7.742149627943316 0.034 31007.089195204575
10.607568329786753 0.0308 31442.063999337828
7.820208484418981 0.0336 30999.251361985
8.719215942593271 0.0309 31158.309679825346
15.031627140015463 0.0293 32041.040891234286
11.265051786009694 0.0315 31428.806746634433
12.750786729189146 0.0288 31729.23857458191
10.150892998666563 0.0306 31355.455908458043
9.417612405870027 0.0297 31329.052841687047
9.811070181072092 0.0312 31318.83612997279
11.673854526825966 0.0318 31528.444049692516
9.174676881296755 0.0312 31112.43528871075
9.009447659747892 0.031 31099.053072041646
9.188433151193335 0.0291 31126.893872526092
15.996080804605715 0.0253 32287.70894965724
15.385816155677123 0.0304 31932.67129546479
13.912590841139862 0.0256 31872.957395494064
13.429881979736686 0.0293 31762.6530396056
25.262396849708733 0.0267 33428.555531279875
13.646909802236909 0.0279 31864.45719264246
11.098586334717165 0.029 31319.9514912769
15.378571642752286 0.0286 31819.961778341025
19.601178585273654 0.0255 32590.84178789711
14.709842629000507 0.0272 31813.61985604557
20.76334709395695 0.0255 32924.98270932617
17.404428155029724 0.0276 32141.501818852845
23.732058863992044 0.0286 33109.374732857614
25.746191306610072 0.0255 33335.56644903141
15.190298241900543 0.0258 32053.629873348775
97.57733118046711 0.0249 41072.23892810249
17.89256759878631 0.0245 32377.863609891072
13.554555428485203 0.026 31486.429826285384
17.239329492060087 0.0264 32071.753842903494
22.047172014735466 0.0255 32868.03674641532
28.23123400301035 0.0234 33675.595728350156
23.99151640879563 0.0236 33137.48690242878
44.85748485114701 0.0217 35937.99344862595
90.0418237643978 0.0238 40224.86957286726
20.771169439819957 0.0231 32680.91676828232
19.012090676307494 0.0225 32379.19197924251
31.04853226508093 0.0221 34134.03919523231
70.49076319256486 0.0219 37871.96616603749
22.448772922285226 0.0216 32992.088622772106
47.922199638660835 0.0213 36371.19500033207
97.56264840572983 0.0211 40870.402291115744
98.11797545359727 0.022 40827.912886042366
96.2365913603892 0.0203 40546.975100041236
26.797685207266234 0.0215 33527.92612558365
82.74840603077577 0.0216 39477.29465785447
62.23123405350973 0.0197 37633.38643202503
94.88044971506524 0.0187 40538.13335517474
37.68616351289342 0.0233 34470.913773725384
56.91998656926684 0.021 36533.768550743975
96.80099780170805 0.0169 40799.957881965456
65.0649164428923 0.0201 37416.19035733133
89.35101825135183 0.0191 40095.95877456787
93.60379885579624 0.0219 40685.492900264944
81.44451217671545 0.0201 39448.583908302404
95.94994908657361 0.0185 40641.53518998757
96.22428565285942 0.0179 40879.58345535161
86.4737874289012 0.0178 39908.4798697897
95.80512206742581 0.0176 40655.47470868849
96.30807980463473 0.0174 40569.12447791713
97.45627159990657 0.0179 40489.09253720465
52.211412488247426 0.0206 36354.52050075668
93.01398511515497 0.0191 40494.95417426117
94.49627508494825 0.0176 40256.82015070148
90.74852091449056 0.0176 40108.03358180655
87.84227106135593 0.0172 39691.988583660415
85.12337142944948 0.017 39365.12692776779
97.38186937503997 0.0171 40497.842148109434
98.3004755462092 0.015 40674.761088359504
98.27552782614553 0.0166 40488.25656950848
96.8849977508097 0.0169 40842.82431107279
98.16779144332591 0.0167 40634.14295924437
81.26275788989697 0.0182 39405.232965404786
94.53816144001993 0.0159 40289.377401286525
97.10441902746382 0.0166 40454.12397825727
96.72610245587981 0.0167 40563.60405273904
97.15128092774022 0.0151 40412.94683916226
96.81390518731578 0.016 40402.98510453543
97.30921499558184 0.0144 40453.59251386055
97.92262163503797 0.0134 40544.62696349033
97.03465604198675 0.0145 40567.31834231713
97.86059811293342 0.0141 40441.14618168563
97.16407413928489 0.0137 40260.71643898042
96.99196278111985 0.0149 40547.438740906604
97.76401334323553 0.0121 40506.59417402166
97.96026696909802 0.014 40450.96037461195
97.53912351893028 0.0123 40549.227293287266
87.4715749486359 0.0161 39847.42914139035
96.1367303094907 0.0149 40503.367386416474
95.48788742321268 0.0156 40316.07079993803
98.23407664926535 0.0141 40710.11990054799
97.59474924314586 0.012 40399.12278827204
97.83198654510002 0.0132 40590.335055220385
97.22101139502493 0.0131 40351.371054265146
97.75147702966989 0.0137 40630.44691321429
97.65557236116037 0.0134 40592.00953183054
97.7101841713527 0.015 40441.73977026785
97.09685077878834 0.0126 40275.46232721978
97.5837495393653 0.0111 40389.82727647522
98.14629840280367 0.0133 40443.46423166508
97.67386831198377 0.0119 40404.97876327934
98.03617837940673 0.0124 40636.29425625824
94.8767769667856 0.0144 40283.360580175984
98.10254205312741 0.0129 40580.02073620816
97.46269135827339 0.0113 40461.31283238835
98.23279611710737 0.0119 40363.448540369915
97.80500006379974 0.0118 40192.87370930116
97.67091037857918 0.0091 40510.411740563664
97.55773558492237 0.0112 40260.71492731936
97.67426641059909 0.0102 40267.692869229235
97.65809380513426 0.0112 40377.46529555709
97.0565378850667 0.0123 40331.528544780704
97.10295494414181 0.0098 40186.60222745309
97.44252645325132 0.0115 40232.00142263714
98.17539206719373 0.0092 40286.8463918351
98.18698878051597 0.0092 40585.993566638695
97.85387948209612 0.0101 40561.98371361887
97.11831468952359 0.0102 39976.220055249076
97.70102125554027 0.0101 40338.46499270189
97.43145073701413 0.009 40286.30057490582
98.34843321715431 0.0111 40364.47277494387
97.28449143979323 0.0114 40182.372943852686
97.87801365560289 0.0087 40302.01877355768
98.21011415815056 0.0089 40358.46787465332
97.42841831777258 0.0091 40210.34863543573
97.7226861785998 0.0105 40328.200724666094
97.9470244695931 0.0074 40229.29615476743
95.88662875821753 0.0095 40164.175314412365
98.37147734548621 0.0094 40271.15590441506
97.10861999692168 0.0073 40414.60931541626
97.36022166803033 0.009 40358.63121756317
97.01034438342991 0.0083 40242.271877419065
98.09716944149291 0.0085 40466.75645840846
98.33694610441921 0.0068 40504.645836198695
98.37561946927904 0.0068 40351.13929919813
96.75293252530336 0.0088 40329.53326333387
97.51319960537657 0.0089 40344.28002401548
98.24735636278895 0.0075 40355.113733308586
97.17998697694199 0.0098 40273.73516149715
97.77804986687435 0.0084 40328.23022441097
98.15225092666016 0.008 40214.94102485967
98.18019212079207 0.0083 40156.16516174022
97.7387533716746 0.0086 40104.65764919973
98.09918011956285 0.0086 40466.10766165704
98.03465062933317 0.0077 40324.58068304546
97.60133616168386 0.0067 40170.39868080599
98.0636284686397 0.0077 40177.34492052576
98.33721383959623 0.0077 40397.82039616104
97.72151950388097 0.0074 40159.186398911836
98.2857238751069 0.007 40443.36611658674
98.24440997741202 0.0083 40287.48933497045
98.30144803957592 0.0069 40256.75614583106
97.90764683203113 0.0073 39922.266240041914
98.36464856174277 0.0062 40453.33594354923
98.1547874855024 0.006 40418.5294472761
98.13455675302735 0.0063 40187.98878660296
98.01878666901241 0.0075 40294.66043474595
98.36854380670408 0.0067 40346.68518719379
