4.342135402222366 0.0495 30945.44061242509
4.994495152523333 0.0504 31093.61913441468
4.887022156761654 0.0471 31082.49606628466
5.36378491425313 0.0483 31230.412868935015
3.968176322736012 0.0471 30786.388853559783
5.7974569042755375 0.0495 31116.785590898544
5.132924922087952 0.047 31131.23926921988
3.9278142789361206 0.0448 30816.87127185448
4.849333960076266 0.0462 31000.79274789621
4.360162029511973 0.0466 30748.794731091217
4.7362925311096395 0.0473 30848.287047867278
5.290176485644729 0.0446 30961.810961181214
7.472325437071011 0.0425 31274.269566650273
5.0255043851202 0.0456 30956.44513737404
3.7841439828006753 0.0456 30814.45246472239
4.9061537278563625 0.0403 30986.93547338808
8.24806870577525 0.0423 31393.68939456776
5.006588271846024 0.0413 30799.78264287045
6.425790193092635 0.0438 30974.90388618766
4.521576138217606 0.0434 30771.068905221375
5.227408605555613 0.046 30905.451604850787
9.217393764836723 0.0406 31496.24394451278
5.476980231848817 0.0414 30882.59913864064
8.954533963077047 0.042 31501.994641932302
6.383707855177288 0.0399 31076.166685871474
8.965373349239798 0.0378 31345.47486989549
6.113499039039082 0.0388 30871.29254918026
6.83416734897728 0.0363 31092.13057089395
5.36594316904407 0.0399 30642.433456243984
9.19777891136495 0.0335 31351.050253987098
8.65885882868164 0.0338 31203.885988665534
7.747724926599536 0.0379 31069.22616197968
10.425838354441064 0.0332 31374.812603897
8.48326556547223 0.0325 31226.773689040012
7.198569387606742 0.0362 30991.46329468963
6.259624099376549 0.0357 30802.861768542563
8.097659066524294 0.0334 31089.548062187052
5.968499170166027 0.0364 30822.714644896936
6.5275754161559325 0.0341 30734.93740481289
6.345775061225102 0.0348 30760.44359084035
14.7349734926653 0.0286 32122.332945116195
11.992548105270885 0.0313 31721.106966317147
10.431632780204765 0.0321 31388.68519346751
9.638151801091713 0.036 31189.874019175993
7.745989730931995 0.0327 31028.010092635563
8.3967459967192 0.0317 31048.114385463952
7.728025264128247 0.0316 30832.998756738012
12.057855605110099 0.0322 31582.010320630692
14.585498216241561 0.0285 31946.566949269632
9.42076887604556 0.0297 31128.801539534972
12.677044582224617 0.0299 31580.376508231297
8.4828118552266 0.0311 31087.543784886486
8.418084596167821 0.0302 30961.424866395944
10.26490725673361 0.0287 31151.918368673465
12.092857927470403 0.0299 31477.96753242975
9.87716205230185 0.0313 31134.078844763346
10.940771696131973 0.0277 31487.529413261305
12.720405248836462 0.0305 31760.2609475841
11.596057582864423 0.0282 31373.912166826056
15.669611962412278 0.027 32013.39941231228
10.31960590033648 0.0296 31100.26999377765
7.57582925602357 0.0314 30857.47712695655
13.298756546614042 0.0275 31687.57870746307
17.13320958346574 0.0257 32249.003734742186
23.229089131036748 0.0235 33078.174204677314
15.308849931702435 0.024 31884.535608875805
13.427470902569048 0.0276 31660.143534607985
30.729435935418262 0.024 33971.78193330371
34.74415141544939 0.0248 34338.808871914924
24.937809449977884 0.024 33372.635888942365
88.94637965165575 0.0221 40349.01504911202
29.685009494028858 0.0245 33638.914172012344
40.50948288707675 0.0241 35187.4305150212
15.166764731799724 0.0259 32046.408842496025
24.859711112393637 0.0248 33067.87401766766
16.314162610370015 0.0253 31923.439999463724
15.378869295437282 0.0252 31695.772706136715
31.079578104247457 0.0244 33926.55019131616
22.00748097829967 0.0238 33024.086925088486
96.82346940929934 0.0221 40818.080286744924
88.3476133910538 0.0239 40106.01993908377
97.30992749650044 0.0228 40972.04407827632
94.53737667279022 0.02 40689.40775061596
95.3825156266913 0.0225 40628.78611640055
13.4286987698113 0.0232 31388.501355170058
91.7622366069673 0.0205 40238.58738719001
31.139647125908056 0.0209 34107.807148124164
97.26909740511212 0.0205 40691.3121933462
97.31432691210746 0.0213 40738.64755790283
28.12850916596916 0.0241 33630.0852735043
95.59345381865714 0.0231 40766.14606149944
53.89501845394474 0.0183 36662.881640445405
33.11254516659687 0.0213 34250.637685175156
80.18131046211259 0.02 39226.37211671926
67.91165073825812 0.0197 38095.6244962572
94.63859174755561 0.0177 40537.465841170946
87.60357923039743 0.0168 40069.29058663845
93.10886566438559 0.0189 40375.652040043264
90.92421260155419 0.0196 40219.38335520092
69.48658906582212 0.0192 38054.46297025276
88.20613892333117 0.0196 39892.551411112516
91.07613064725432 0.0172 40137.233606814654
86.67549106626062 0.0204 39882.68522560455
89.35164335319476 0.0166 39897.29625806701
95.38324253977352 0.019 40500.365726990414
97.9710189054763 0.0182 40618.79472680846
97.94689892571017 0.0152 40650.22780989389
96.10785896583927 0.0155 40565.86072698094
96.11388454319895 0.0177 40297.61002474901
89.1407575160857 0.0165 39944.210956225535
97.16327191429758 0.0155 40582.090789082824
92.23669204836109 0.0168 40154.76599334181
90.35203840584018 0.0163 39817.6202301881
97.51801227411578 0.0157 40606.46879154858
95.5040891412901 0.016 40286.606411241206
83.10727995146605 0.0171 39645.616921952555
95.26719256959359 0.0149 40411.0265029037
92.89274780425244 0.0155 40304.26772527643
89.94583763927832 0.0177 40286.44642281574
96.54427842308012 0.0155 40481.38767352112
97.08657444400956 0.015 40158.79554427708
97.06019196984037 0.0167 40570.37399228981
98.03155471184529 0.0133 40757.02604191052
97.96972833262137 0.0113 40575.28859733132
97.94104820084982 0.0139 40540.70637761776
96.9790573224638 0.0141 40579.06709642661
88.81083391652088 0.0164 39731.60881897878
97.22002394328376 0.0127 40497.192200638856
98.20952436719335 0.0109 40668.97148921763
98.27688827989131 0.0153 40432.36891430526
95.50435536196781 0.0143 40255.897435726416
97.39392259811231 0.0123 40315.04493790239
96.83169232734811 0.0108 40357.81129834389
97.93468081898075 0.0111 40469.56004540736
97.86447460632922 0.0131 40628.85167423672
90.43093599349505 0.0149 39972.41680200308
97.27489817666655 0.0125 40282.563374717145
92.05512688424587 0.0136 39793.38594640743
97.39987622671902 0.0112 40165.41169415586
96.9344627592397 0.0107 40438.76621503309
97.9091564178847 0.0096 40479.42905550747
97.894385403616 0.0118 40450.75870179559
98.00279052741217 0.0121 40771.87278324874
97.26373100018662 0.0111 40749.51553868196
93.02225800838066 0.0106 40128.22195636615
97.7682001391534 0.0107 40498.567739314625
97.54317837475082 0.0131 40592.233812824205
97.67061538250458 0.0121 40539.266817124066
98.2721059001838 0.011 40396.876208437796
97.09015201857872 0.0119 40342.69739509409
97.83286893550209 0.012 40411.58871796755
97.52876052114311 0.0099 40467.27522630162
97.34818663163512 0.0101 40514.13289584304
97.1490926064857 0.0121 40510.0820491862
97.78085915815174 0.011 39978.87516353466
97.51074308197838 0.0116 40297.8802363093
97.2967522697877 0.0091 40159.02160155902
97.76514304750279 0.0108 40338.54824808214
97.8907227125219 0.0121 40394.04380887302
98.00357901702967 0.0108 40461.55481154007
97.73241853648568 0.0113 40289.22826886036
96.80158981248385 0.0098 40024.33712225359
97.92883256205509 0.0107 40319.248760774724
97.51379425903201 0.0102 40275.92069381379
97.47967376456799 0.0092 40228.49461356171
96.37044883099898 0.0118 40153.0151488643
98.03054929615182 0.0087 40238.73227839959
97.41139522035905 0.0093 40396.05341988158
97.8439282154019 0.0106 40496.274420484515
98.2641115873208 0.0099 40387.12348667507
97.95850306029014 0.0077 40339.65503199815
98.26385336382724 0.0085 40409.96101254491
95.82392773192669 0.0089 40373.17954652711
98.28572728977156 0.0091 40513.47839736129
97.48971120713105 0.0089 40232.37301841904
97.627151853898 0.0091 40268.33898146657
97.86104135791983 0.0073 40330.755107352816
97.76509553805892 0.0083 40304.55112913503
97.53056533177426 0.009 40275.66401406531
97.53366505045555 0.0093 40180.712742662734
97.91260505707324 0.0075 40160.14965779805
97.29518259310724 0.0083 40141.020925115656
98.37915522617301 0.0094 40413.33185335991
97.56953268609142 0.0088 40100.462910028386
97.9197899589179 0.0064 40292.7884200378
98.11079941061112 0.0074 40225.90545242182
98.05991213470155 0.0073 40302.488117038076
96.61201656969956 0.0084 40193.57381503844
98.35613370424014 0.0083 40351.12931986476
97.85586083042807 0.0083 40191.74450433647
97.94995569382405 0.0069 40292.79970353191
98.3729003811754 0.0068 40422.23974208242
98.22195237917829 0.0081 40335.50367634482
97.91544363767935 0.0076 40264.112232673855
98.36310145089858 0.0061 40008.984941559625
97.06345245166258 0.006 40084.457544815035
98.13237403496372 0.0064 40358.679681514084
98.19388114073065 0.0074 40312.57190763487
98.19313448466171 0.0074 40377.10293795552
97.99262375539924 0.0072 40304.803247300486
