4.242332050796946 0.0487 31171.447554746184
5.3521276918572305 0.0484 31273.327733683083
4.202483824160152 0.0513 30794.058968386762
4.488893161975906 0.0457 31035.38837515354
4.008970798197193 0.0466 30804.84064881286
4.7478842656697084 0.0453 30896.670600753398
4.687101973258706 0.0472 30995.605468638525
5.580293448687164 0.0412 31075.142374951647
4.518298161270661 0.0452 30943.543657248967
5.915309753321021 0.0447 31126.35718746013
4.915795738964547 0.0449 30842.981333768308
5.179964614045161 0.0426 30813.456270481438
6.515996972651818 0.0455 31292.388909960013
4.732263040731501 0.0453 30876.98540305445
4.949693381459307 0.044 30896.104427740378
4.795124474699201 0.0393 30820.91632623189
5.426711195076702 0.0396 30925.844276971657
5.655368088955004 0.0398 30935.065655606202
9.231056367795324 0.0394 31517.729082588903
7.4717900311084176 0.0408 31254.572479631726
6.666484860323713 0.04 30983.884512653
5.936089653370232 0.0376 30951.87629910574
7.051032657844985 0.04 31143.05991867338
6.612908632592591 0.042 30980.068279576222
5.466822624760311 0.039 30913.303587749895
6.950671790627695 0.0406 31062.7011369884
5.641964864254728 0.0408 30863.312479064323
6.392810042803534 0.039 31026.35115515375
7.085489279779357 0.0392 30955.917918516036
6.054270382576405 0.0359 30831.16215660315
5.541313725982843 0.0363 30707.476503370843
7.385985443459488 0.0361 30984.238194218353
8.28944677273917 0.0364 31173.09873875215
9.301180609821827 0.0339 31304.557923578992
6.308882013752991 0.0374 30835.962977097228
6.738424766823738 0.0356 30883.422673226432
7.581904521334113 0.0369 30964.445153394765
6.805498958092605 0.0347 30903.978163157062
8.688831497873453 0.0346 31260.17776590464
10.356436335841973 0.0315 31541.331468660832
9.252276395782943 0.0362 31411.78791546432
8.010319091778998 0.0351 31040.505454442588
9.520005625001371 0.0322 31340.12937279857
6.6787742391491935 0.0351 30822.41153256096
8.9526343980908 0.0326 31100.56871430837
10.884834141126928 0.0296 31467.051646477863
7.3833826010209505 0.0321 30715.19103977959
14.730605277972161 0.0294 31980.104207333992
9.711831505623257 0.032 31187.12367255652
14.555397944895661 0.0273 32121.535467000384
13.98359266711562 0.027 31756.25664262768
14.829178786870404 0.0286 32013.404183930015
11.297797481353804 0.0299 31415.75887439232
11.26321720173171 0.0294 31257.08271764621
10.022014446634525 0.0331 31308.540417089276
17.602464648997255 0.0261 32403.321128215037
11.828389850172687 0.0298 31432.964554771086
13.078680056390562 0.0294 31647.577403576593
13.778862645584427 0.0272 31820.8347487652
15.284493426602683 0.0269 32150.306209440827
12.774857618928907 0.0287 31521.802965251427
17.72586740117312 0.0259 32312.42547687023
9.784749857040813 0.0306 31126.492558936996
37.87041002834625 0.0237 34848.0247256187
11.976491529014254 0.0291 31329.312509360778
18.336146659752437 0.0261 32247.339090665126
12.610355399083451 0.028 31667.037346423742
24.500002588319624 0.026 33211.25342015228
15.701476822814625 0.0254 31963.87051707967
16.031047098835842 0.0253 31914.810992006755
42.40850285822194 0.0235 35568.8562886344
26.426516823688672 0.0237 33233.46444558515
18.056772711476857 0.025 32233.503600663953
39.663938977405024 0.0221 35049.296934196485
25.085274973991297 0.0249 33519.36294499229
30.155571705220318 0.0242 34017.58098805865
90.4756152243977 0.0225 40183.31556753391
55.05616614822171 0.0227 36314.922344000275
31.771866159238545 0.0229 34386.37314975992
25.461322516238084 0.0231 33356.99035235958
37.542875619327276 0.0214 34990.576683996675
97.96270421101622 0.0187 40900.28521356303
53.240592513556415 0.0207 36592.704168606746
75.39667404307512 0.0199 38857.980023653334
41.722969406548884 0.0234 35265.15212920377
95.38190725866187 0.0197 40701.008164356674
26.780142647535225 0.0214 33621.82357708521
34.44430155743803 0.0212 34761.440247433435
60.85079969106678 0.0211 37053.88091402798
89.10160636169401 0.0199 40185.49200694257
90.76741045080298 0.0195 40176.906319539485
93.45531859627516 0.0192 40485.62770436661
94.83444095468533 0.0201 40439.15033293481
97.39662842214366 0.02 40776.21902769447
51.904046761680355 0.0214 36849.354680475444
26.896830891458166 0.0228 33391.39175405388
95.01884332831662 0.0196 40464.22261798325
95.54057600609205 0.0188 40533.2967447185
96.15128748414368 0.0185 40759.42487001093
95.64583568910811 0.0172 40385.3960998088
89.4959470551154 0.0166 39838.61441815278
96.62338888651816 0.0188 40886.768462276246
67.16624453173392 0.0175 37434.66547074198
90.75661838235574 0.0169 40009.595338489424
63.44762981944558 0.0197 37775.92836676771
91.84032281794008 0.0172 40182.86751716464
89.35754250964014 0.0187 40118.36287050371
97.57680457508239 0.0175 40600.031263740384
96.49225430516155 0.0163 40671.734719636
98.14225670427233 0.0155 40458.578574085805
84.84360552511653 0.0181 39699.774205393616
89.42180751832427 0.0174 40177.03666042593
97.99582036954826 0.015 40529.60067075785
91.18234924329481 0.0169 40046.79018864858
97.95795707270636 0.0134 40483.28233410934
97.44906122270794 0.0156 40578.72521017711
83.56242374676461 0.0164 39172.5533736267
97.5498635499148 0.0141 40584.668604784754
95.61156957798924 0.0148 40668.08678019969
96.1725389883875 0.0158 40305.373849432865
96.54483711268134 0.0153 40456.4676809766
96.72083309524824 0.0132 40491.95659995314
96.30545401242334 0.016 40551.55144267765
96.68699461459101 0.013 40500.89026123422
97.23278569711857 0.0152 40437.122684996626
96.83266748852917 0.0149 40302.98384078055
96.77096496941932 0.0146 40438.70934246703
98.09746796430434 0.0132 40483.69841690543
96.02531858783843 0.0146 40364.01729923813
97.302891828973 0.0144 40632.885550964136
96.5790901289649 0.0122 40405.969415014195
97.10930148426462 0.0151 40694.310988522826
96.75714305267799 0.012 40312.84462129376
97.4262740249239 0.0152 40664.85709439021
97.25305989986434 0.0149 40629.13930193537
95.02110430875489 0.0135 40237.63348403332
96.84922915440303 0.0122 40576.785322723386
98.33132916086657 0.0112 40689.977700024596
97.37093314076728 0.0116 40141.338125367896
95.82214964612683 0.0135 40161.21706745924
98.16225905470137 0.0107 40430.02092369594
97.21728093262477 0.0129 40435.83573789707
97.60392893923249 0.0118 40629.53663175747
98.26317018390058 0.0111 40362.165362227795
97.05997928309871 0.0125 40388.97949695498
97.1120364670362 0.011 40131.71621618123
94.10230338210968 0.0116 40080.724789078544
94.50982868948742 0.0118 39996.041158542
97.49139884797492 0.0101 40505.57272501778
95.84113303473539 0.0129 40297.8390387054
94.28358058113774 0.0106 40272.66772848499
96.8502528229073 0.0117 40385.45378832963
96.82090188309725 0.0128 40544.44945874839
98.38891807380557 0.0096 40750.435270985865
98.17690045161034 0.0091 40487.96155866326
98.18152264554251 0.0089 40422.982501858416
98.37216852186405 0.0092 40564.43433202263
98.34397297742692 0.0104 40349.39367640964
96.93928415983484 0.0085 40224.96289433857
97.53597701239542 0.0105 40112.421907496566
98.03578100860067 0.0097 40439.10292031626
98.17325979739343 0.009 40459.10095158707
98.2166030728906 0.009 40193.0183044502
97.43191221718905 0.0107 40248.27674771218
98.16731723949361 0.0096 40354.0272143761
97.86879539977296 0.0093 40501.32744472717
98.36670810727993 0.0097 40186.36208164658
97.69858678930231 0.0088 40243.28761652693
97.81913338235026 0.0086 40381.01464580238
96.89317828813506 0.0083 40183.01526672165
98.27606287967227 0.0092 40329.20449560755
97.1033609853626 0.0084 40251.622168535476
98.19904331188415 0.0104 40365.95785839633
98.07844521886729 0.0088 40364.8372595681
98.27068536920876 0.0067 40387.65726792519
97.64028253640903 0.0081 40278.67425540434
98.16383291308205 0.0081 40334.25107715678
97.98832908981797 0.0085 39940.47785941717
98.17727285790572 0.0077 40173.84117961322
97.89770698145473 0.0092 40176.67540080752
98.15491607238155 0.008 40071.60855488913
97.86899476353696 0.0078 40422.59422039987
98.02972283221874 0.0079 40344.03523559297
98.16078482015928 0.0083 40283.63246441474
98.10088166854335 0.0091 40120.26269652852
97.89622985102669 0.0089 40297.79274033448
97.14636848286696 0.0073 40251.37040834538
98.27294028499875 0.0061 40455.09419557019
98.02016843415889 0.0063 40390.185575256946
97.8968674620933 0.0074 40101.38348388859
97.90021762354023 0.0081 40022.94271210103
98.37086981578622 0.0078 40137.25879005931
97.83040732880038 0.007 40400.179104604824
98.24169126769819 0.0062 40117.50512751554
97.90100302722028 0.0076 40370.71105542666
98.12702842216332 0.0072 40169.91961380454
97.44580021125395 0.0069 40262.57329563614
96.76174759249564 0.0066 40225.94886700814
98.10168781064642 0.006 40296.79780549274
97.30431429985788 0.0059 40204.619653535156
