4.189210846147346 0.0503 30829.207063369628
5.932323031398365 0.0491 31358.497993526387
5.201365014874017 0.0471 31089.226032061615
3.8371522869463988 0.0507 30904.12307508176
3.6470158845727028 0.0495 30750.478569747625
4.37836827515156 0.0477 30864.943966163737
4.998219704569728 0.0454 31167.332217058785
6.136075651879778 0.0453 31140.906592903266
4.197596319805707 0.0498 30800.010175494615
4.271720487685722 0.0461 30831.57590163384
5.680389702010091 0.0463 31143.96486856047
5.27798319100475 0.0481 30969.708235506467
5.333537816197114 0.0425 31013.075930955227
4.546942937497645 0.0436 30760.85143302598
4.76634049833144 0.0451 30950.53526662551
5.0997422127420196 0.0449 31022.851332785503
5.014617278871855 0.0446 30860.088637827528
7.228684921198478 0.0408 31248.910547751642
5.846197252537107 0.0442 30934.480201974467
4.874003669900701 0.0423 30892.0539464858
4.662432110210922 0.0437 30778.80811102038
6.813536736906252 0.0433 31104.136167796692
4.946583766759879 0.0429 30935.11144796419
5.396826205482537 0.0394 30942.242466790387
5.78451963980042 0.0403 30951.962161558135
7.072885352277229 0.0391 31113.335307583242
8.132497951248094 0.0375 31150.45235505164
6.521955199913424 0.038 30919.691689251664
6.342710272752189 0.0361 30960.171588047484
9.274890068813532 0.0354 31445.99478403895
5.771265111358706 0.0362 30822.91297428627
5.241395253742439 0.0398 30750.16962477904
8.364863390913772 0.0353 31258.08399784731
8.964602929918588 0.0361 31361.086391679994
6.746288572084492 0.0366 30953.581037593125
8.786179248989319 0.0342 31263.993170357317
7.589376797650222 0.0369 30941.054211084996
6.882603876830629 0.0376 30994.290326657883
11.943808314270354 0.0326 31676.29189901528
10.039888766899688 0.0335 31272.214473157677
8.745712629241883 0.0348 31071.88459273189
10.414125460788473 0.0323 31366.60579487523
9.780342963728238 0.0335 31269.61510909011
6.396857817685097 0.0352 30791.847162340062
7.090309145047792 0.032 30770.006422586343
9.000868681558659 0.0314 31001.26275286809
8.292943713283721 0.0318 30970.94229252508
10.505950778212833 0.0289 31183.243397260252
8.666836315158656 0.0307 30927.5979649096
9.910786440851894 0.0295 31302.772188668656
16.255040832696125 0.0299 32015.151765740222
10.287532172951787 0.0312 31322.15553988722
8.88209481511043 0.0309 31006.157586177065
24.259613905048205 0.0273 33275.75685241767
12.453474291283337 0.0278 31598.669913245594
10.79640840497495 0.0279 31275.67911186644
12.278922602993497 0.0307 31636.136223216785
9.489976048523022 0.0313 31152.560279754867
12.41905183496066 0.0304 31426.403157952955
11.705900917269945 0.0287 31556.79487548835
10.98182312698399 0.0289 31374.029904397492
11.134968860042425 0.0298 31412.297559528688
14.455972705802933 0.0257 31914.825914616893
15.712567481022383 0.026 32055.33579749729
11.729765523539431 0.026 31410.860180174746
10.213751553822677 0.0273 31210.858084513515
12.12548831115934 0.0272 31433.81745208408
19.840699855081983 0.0228 32467.10319512564
95.75455080111858 0.0228 40824.41745496279
34.817858419712536 0.0229 34933.48003862007
14.867094608598025 0.0253 32038.1712747936
87.88585609305764 0.0202 40285.97122721133
17.243471720241185 0.0253 32181.56765172024
13.870187200541475 0.0256 31619.98413596856
20.753863094098257 0.0265 32554.193125394435
22.362514929161605 0.0232 32885.34190660112
94.32831744281663 0.0221 40751.62530704965
48.39225945004503 0.0221 36068.91852413586
18.052025694020085 0.0236 32237.979832247074
31.715283184204203 0.0247 34005.62080331587
18.46947994796992 0.025 32326.85796255998
93.32788537735746 0.0214 40589.898574124534
94.42620208110517 0.0206 40586.46392949726
95.32234502663577 0.0192 40658.51738849537
96.1040003331793 0.0206 40845.834964478156
25.257163894536422 0.0218 33144.42578694813
96.85091154403501 0.0173 40797.87910592033
56.71292482012508 0.0206 37266.83731522586
82.85348111008008 0.0211 39698.75382371615
55.98322704815427 0.0208 36831.21025907291
93.08521473128958 0.0181 40593.67034117339
92.66223492051728 0.0209 40431.658472065705
90.4779015338812 0.02 40192.538844665265
79.53761218876586 0.0206 39061.34246759378
96.48628198260711 0.0194 40643.22623526164
36.70812078463063 0.0212 34743.247872938555
94.28152601056478 0.0166 40481.11149061648
71.00366660272263 0.0179 37996.385348110074
97.50649576026642 0.0154 40921.28063868845
71.63219857850689 0.019 38238.924530142045
86.27082493238049 0.0186 39671.41214995429
93.65170671190813 0.0178 40317.84828708018
94.35644053112833 0.0175 40348.9825709807
97.15325055928 0.0157 40681.726062606
95.57982730552875 0.0153 40456.501046154925
97.75777498257465 0.016 40592.478080814406
96.60931467073871 0.0136 40837.806146821174
96.76461052202507 0.0153 40611.862253396685
97.16409111202216 0.014 40422.59646664299
94.00173797686614 0.017 40164.83451076624
97.9782562337983 0.0148 40656.69515775692
95.86738454646421 0.0174 40437.3773025132
90.53251111335166 0.0151 40157.48274041495
92.51436744342311 0.0154 40290.954137432884
96.98710379741763 0.0175 40327.39132835174
96.00549500282504 0.0152 40473.76815752633
97.29467213526657 0.0148 40604.63584508829
98.0682742789561 0.0147 40595.38484996788
97.42594001416494 0.0142 40564.840620480434
94.8792992699244 0.0153 40442.12492673423
88.51436455461325 0.0143 39594.8587880604
92.95999920137237 0.0164 40282.916053217676
98.03341597418087 0.016 40625.86004264224
97.15301755277011 0.0159 40594.379032459
89.95086244842528 0.0148 40050.796248067985
96.01006549740696 0.0154 40368.53654990652
97.0325573009703 0.0153 40542.743846245
96.88264739418176 0.0137 40635.430199196686
93.15385662242505 0.0152 40356.729565937094
98.24485275154161 0.0132 40606.723164937895
98.22911720619715 0.013 40559.028984171935
98.19309419418163 0.0125 40520.28814585302
98.12088148393426 0.0128 40612.82482820894
98.16206196239014 0.0122 40328.144051438976
98.35853268873785 0.0117 40701.345757056246
97.63003137218487 0.0125 40501.3126623469
97.65640771146205 0.0142 40294.77550665605
98.11539916529425 0.0126 40376.535513306684
98.15158403588002 0.0116 40660.771447258194
97.47684676867358 0.012 40256.344248359914
98.12400209974005 0.012 40578.11243467682
96.23478470523564 0.0135 40209.70570449914
97.12318370824438 0.0121 40408.03086774625
97.04753532407774 0.0126 40480.32582905396
97.61290078455774 0.012 40401.559437782096
95.5044937282349 0.0134 40337.36643571328
97.76577526692566 0.0125 40546.10995471702
98.14618077202506 0.0097 40534.24974416084
98.05984418160722 0.0098 40337.68624697328
97.76001452810895 0.0105 40403.31562593471
97.88104791595386 0.0106 40399.86557509791
97.80838862085086 0.0107 40444.48367703077
97.51456315082312 0.0112 40245.03497294672
98.22827329347507 0.0106 40330.95910326128
97.84728524466738 0.0098 40443.99306273062
98.12441705152777 0.01 40361.95422371998
97.1864105637596 0.0106 40109.11927301326
96.93862161917426 0.0082 40389.871427002516
98.12040662455337 0.011 40262.57923726098
97.90258076489151 0.0102 40466.09614752836
98.3538431228116 0.011 40349.958441500625
97.28393139620998 0.0104 40469.42128746858
97.95131207098798 0.0097 40237.733131198984
97.73100033744987 0.0092 40102.06654632464
97.63290175066425 0.011 40641.48490881588
97.58190909211453 0.0085 40276.28481987712
97.53596088258651 0.0098 40222.83596345905
98.00106355683877 0.0076 40592.86019042674
97.9822091437933 0.0098 40391.686426857756
97.27235413871625 0.0097 40433.28377300821
98.04056731662578 0.0081 40229.4660189232
96.92178355675019 0.0075 40119.373336317774
98.35765771506159 0.01 40426.53250251436
98.23458525034002 0.0099 40252.648276137115
97.23233237798709 0.009 40517.45449530079
98.01190615671378 0.0093 40383.562768359785
97.51364808339234 0.0087 40115.63710243638
96.73752550466635 0.0102 40225.96191170595
97.73231779404918 0.0088 40398.14153068339
97.81034004313493 0.0081 40228.718847314354
98.19388190176954 0.0081 40401.370036160726
97.78712764277263 0.008 40311.06059881732
98.13966041820369 0.0073 40166.98314843966
97.04101849323699 0.0066 40263.54694416778
98.09231379841586 0.0083 40428.258800388976
98.20105437231247 0.0068 40391.68268929363
98.19168435148303 0.0085 40050.06545739827
97.61886929555997 0.0076 40268.66874566541
97.56320687835701 0.0082 40159.384035741656
98.16815745574387 0.0066 40269.367767536554
97.3589593371764 0.0071 40156.80546478672
98.301137656942 0.0059 40345.70211821815
97.52778615679604 0.0073 40351.58775803726
98.13982668160934 0.0063 40208.6788614013
98.35043954412306 0.0063 40311.147616041526
98.36990785343392 0.0075 40333.367750452824
97.91931063535863 0.007 40195.78229671054
98.37737181091663 0.0054 40217.83253967872
97.08426031779952 0.0082 40080.70578101382
98.14683600041641 0.0074 40488.745897168876
