4.490681402889321 0.0485 31102.55507437004
3.7392326307853945 0.0478 30895.89090116564
4.266598555833446 0.0488 30956.554006528564
5.383083637830549 0.0487 31170.93603144422
3.934990226044475 0.0514 30925.93345054824
7.068410540381487 0.0502 31443.287757765665
5.052230016475336 0.0468 31085.366608822067
5.339527300873172 0.0436 31067.57632425182
4.908841137431544 0.0454 30994.25124744211
4.6560431381334135 0.0438 30894.979504440194
5.754410888537357 0.0418 31118.475850073144
4.668799885770988 0.0456 30811.59019841409
5.5870019962984 0.0455 30955.56951304724
5.116331490512166 0.0429 31027.90420813749
5.78784552466492 0.0423 31116.620667099898
5.646823753044369 0.043 31215.170901027446
6.253079839103885 0.0424 31154.502381156035
5.084762775742492 0.0384 30861.12097631292
6.039819278650171 0.0424 30956.726057922697
5.131394026890714 0.0431 30945.132514391193
5.5493143752684855 0.04 30990.866856000554
5.957245739927237 0.0415 30929.472239057286
5.463659248005839 0.0399 30812.67742870894
6.736592459873596 0.038 30987.43453270848
5.524689052031826 0.0418 30874.09233323649
5.925029557000851 0.0408 30951.72037156828
7.004968481021154 0.0381 31104.503464925834
7.032774802391259 0.0389 31151.087852821194
5.879610797699159 0.0372 30768.24876047561
6.059570307607201 0.0393 30767.318383320267
5.3790335387262305 0.0404 30896.17588347591
7.81278297583219 0.0362 31194.397459669148
9.306379618141163 0.0335 31305.52070427197
8.488276518410077 0.036 31066.645078106172
6.69400734610594 0.0373 30954.83992751049
7.7551559401192485 0.035 31080.843548979883
6.7802047942258925 0.0399 30953.193244608297
7.093354650152653 0.0358 30841.04378106466
10.234789220783629 0.0306 31365.469998422213
6.903946144781748 0.0329 30874.711192553357
9.403785397527985 0.0331 31252.891270778895
7.206281083480182 0.0336 30974.847155832194
7.989403820680411 0.0349 31244.704935963277
11.835205401447963 0.0337 31421.490579948688
13.625771410099004 0.0303 31888.60794807966
7.937357130686607 0.034 31012.862645603735
7.5255280364064 0.0303 30932.96710989069
9.692645523615761 0.0306 31128.734175241632
9.47184246048739 0.0337 30978.816832559398
8.201132517667823 0.032 30989.884896690168
12.998594569575737 0.0289 31754.618947273142
15.23211665371105 0.028 31982.85125541201
12.066352474591664 0.0321 31727.22071923164
11.96188888904775 0.0286 31639.993317114546
11.094186628627174 0.0292 31423.557497545647
13.497444784804268 0.0279 31845.382090597417
17.171536876229908 0.0287 32346.01104264479
11.880201913774949 0.0289 31492.16828872887
19.43145119223606 0.0279 32387.110636969173
9.740809141418836 0.0299 31244.806767433754
14.36911110098833 0.0267 31809.666680398495
11.741946771185448 0.0283 31595.150239310355
30.273861793440023 0.0241 34112.78290494449
12.960276435854956 0.0272 31630.42590133822
96.79708039154285 0.0242 40885.09802188408
17.05169352568354 0.0272 32250.68068355888
13.785964044335973 0.0288 31584.773815382097
25.21277582452685 0.0248 33721.949798675545
37.826329304814045 0.0241 34943.31505307057
21.673829490858854 0.0269 32901.307543591574
93.28125942909169 0.0224 40617.395742912646
26.38696216621641 0.0261 33424.56579419278
91.32895271929993 0.0234 40498.51609598326
95.74212135549388 0.0234 40863.48340657158
96.23223835968814 0.0225 40691.401919200114
41.005643024260124 0.0239 35189.27322379007
26.72264441184763 0.0251 33565.38338057371
33.742502151688534 0.0217 34563.48931472908
40.04877362773388 0.0212 35633.38558079687
24.649823766530414 0.0238 33310.37713457927
14.911132935230277 0.0242 31670.40881555994
35.71723122649259 0.0215 34665.61581245906
25.524487377070816 0.0222 33385.49475385919
78.60456029093348 0.0213 38858.10190223091
23.188217226052966 0.0244 33017.456057511255
51.735040662864634 0.0226 36443.63822412074
97.06110359082668 0.0205 40842.59389261737
45.39293782710365 0.021 35801.2260974118
96.28111339373163 0.021 40851.99861160796
49.729258815254475 0.0206 35937.92988487767
30.352114205371013 0.0214 33974.64380008823
95.08198619621048 0.0186 40443.3761298154
97.21568845732622 0.0168 40524.1009286221
60.0280270669108 0.0193 37421.46146357249
72.18380960096522 0.0199 38641.06196761946
54.65101023169751 0.0195 36915.904614761384
94.52903698087856 0.0208 40477.00104420514
86.0763774948919 0.0194 39841.10944639677
96.98675671125048 0.0176 40860.23293156501
76.38483760709305 0.0191 38789.28156797442
91.90605840768261 0.0165 40191.49793716446
54.653508370110416 0.0191 37093.41276077496
90.93208735302187 0.0185 40169.51896413483
97.59189376050334 0.0214 40620.09374136573
82.04164932418477 0.0171 39264.384665921774
94.04589327116496 0.0186 40244.36262252238
97.80830490538429 0.0175 40758.76446886809
91.52691043831075 0.0169 40312.50733298251
95.92482485648769 0.018 40713.658263750774
96.04316562325329 0.0147 40411.72138257761
97.54611715393372 0.016 40656.37800190635
89.66069803665762 0.0187 40067.63916900876
97.76951386635089 0.016 40595.1846522678
98.08483298744318 0.0152 40760.454809473784
97.62612657073191 0.0142 40717.27099523951
97.51583068767891 0.015 40680.42090913222
97.55680962275031 0.0143 40611.06919028738
93.89153197107467 0.014 40397.317130693344
97.42460431442186 0.0157 40703.98877637004
96.89612616212219 0.0159 40739.18578725712
97.83466572273758 0.0125 40763.30527315021
95.30274009102601 0.0149 40396.87426509323
96.79809250257495 0.015 40325.72143252001
97.10796620856777 0.0143 40423.25764134604
98.01022876927017 0.013 40493.389960043816
89.60062649731447 0.0171 40220.879603429334
97.23760310097751 0.0124 40606.59054277533
98.1457367384898 0.0131 40592.95642043527
98.27323839824709 0.0153 40761.18394389786
97.24229858612166 0.0134 40470.02517771877
96.91566053269862 0.0126 40389.47056628665
97.08281529806787 0.0151 40537.0389758049
95.57623936101994 0.0134 40232.27679533599
96.00928252863375 0.0127 40201.39066264249
94.06416797253524 0.0148 40107.33381247841
95.47605607637657 0.0125 40184.76747886067
94.40214985092928 0.0117 40164.13999241416
97.30832256579349 0.013 40431.38712650709
96.66539218344843 0.0118 40295.96491306957
97.21432392631853 0.0125 40491.29683103299
97.61508376492772 0.0113 40120.861148238044
97.36616407961452 0.0123 40300.88690616945
97.59029620361405 0.0104 40540.178896318
97.91818908388257 0.0107 40495.46320910237
98.32771407647998 0.0136 40543.634814784615
95.3306195392157 0.0106 40280.93772784319
98.19079023024861 0.0103 40327.452847568115
97.19767170138023 0.0093 40467.99139500842
98.03705291467361 0.0101 40312.432549120975
94.51618933913781 0.012 40235.331094936606
95.67233256731264 0.012 40264.32376151899
96.26092989132866 0.0119 40387.74912696131
97.59123735098537 0.0108 40441.481097047676
98.28756692918247 0.0117 40472.49284321051
94.7951346399573 0.0118 40298.136138062706
98.37335092816909 0.0103 40471.11870318288
97.84567426083875 0.0112 40445.531824080055
97.96720466778162 0.0099 40399.61366749966
96.81014791304375 0.0087 40534.21493056697
98.34807748200176 0.0103 40403.09668558574
96.05245274070828 0.0104 39832.3281570167
98.19070184055194 0.0105 40082.463427729934
98.26006017347432 0.0107 40324.615694673084
98.32122283256108 0.0102 40374.28379943187
97.89098125612153 0.0105 40458.2762539468
97.81175664558411 0.0083 40348.26488607706
98.25428110241386 0.0099 40403.59521073755
98.00699097411292 0.0085 40290.433726973555
95.20518553831852 0.0095 40039.81741220108
98.0750878434364 0.009 40488.69583252718
97.49234747292927 0.0081 40185.00976640848
97.94373098225508 0.0104 40261.782329129055
97.00457003859076 0.0084 40262.69965999659
97.89632480215991 0.0093 40488.746864992
97.20781095191283 0.0095 40204.356924549174
98.35007421669857 0.0069 40459.90263276385
97.62471277989536 0.0081 40204.33769041083
97.91521358469203 0.0081 40267.40022595246
98.13107945377105 0.0101 40308.34196501601
97.91241238534792 0.0076 40310.621386121544
98.33925404010522 0.007 40413.72358972773
97.88019603539212 0.0069 40389.677652951774
98.15672523782213 0.0092 40416.14927960582
97.64056879496617 0.0081 40192.00979730152
97.38479545068577 0.0073 40368.5523999773
97.34483956066263 0.0095 40100.39548607271
98.26685977286601 0.0049 40182.787526080094
98.01658696055996 0.0078 40036.36793415989
98.14736623439741 0.0069 40239.30772335179
97.7824918634169 0.0087 40354.76318125217
98.2678055498952 0.0087 40407.01807565942
97.57862193713821 0.0087 40086.05324989329
97.93618805511527 0.0058 40340.680238690424
97.49332518439928 0.0083 40117.4206555356
97.89867432336389 0.0071 40143.769142346355
98.02402092420421 0.0067 40320.86322211858
98.10847129990826 0.007 40410.53630516722
98.14446899892687 0.0048 40328.86576801996
98.13757509935775 0.0061 40125.74710023301
97.96647249597 0.0068 40156.58707172963
