4.118477499054098 0.0489 30876.995171477687
4.249911980427303 0.0473 31054.633344582584
3.7001994461275562 0.0505 30839.602567771522
4.557664675303323 0.0461 30930.75772869899
4.772278906965283 0.0505 30953.807932831372
5.652123176183368 0.0479 31083.511806186598
5.0949531835395225 0.0493 30959.31809586771
5.334622973179675 0.0477 31111.22496455268
3.862361469171435 0.0474 30739.94460899244
4.9207733117571175 0.045 30934.045182363938
5.254465874154062 0.046 31041.855768117493
8.93182616909228 0.0425 31509.15342595569
4.4394292563668465 0.0484 30854.45788672291
6.212250415270764 0.043 31094.043576221567
6.089085034846822 0.0414 31047.818314661778
6.160430405490264 0.0404 30987.725685239402
6.435449918336637 0.0415 31053.563712923893
6.697300207774207 0.0398 31069.663685433432
5.605980897461397 0.0456 30876.71291640487
6.065621848691498 0.0435 30918.65361332817
6.375019807855594 0.0391 31064.657832205343
5.965441987820135 0.0408 30965.56488569327
6.145914395224127 0.0389 31069.13562982663
6.561368661890086 0.0394 31038.913694327457
8.022136855807236 0.0362 31306.020941330917
8.017562940227053 0.0375 31349.532902639836
7.00632309499594 0.0403 31109.872867002272
7.272448570426397 0.0399 31214.957301235554
7.222711147467824 0.0355 30995.153879598438
9.043249662396406 0.0354 31484.50243216648
9.937715884947945 0.0344 31561.8963434856
6.942125325155438 0.0393 31046.87190556684
7.585178726766392 0.0368 31164.91609750275
6.19449194690422 0.0351 30737.549234812814
6.308547150236609 0.037 30802.76172349359
7.317049888172407 0.039 30869.954854144424
9.722596031710662 0.0308 31508.68060729101
8.182163090700163 0.0349 31044.97934253453
8.241407992766765 0.0329 31191.867299938836
8.664649463551303 0.0337 30976.233224938078
9.128443239165552 0.0346 31200.20472281411
5.462052158436461 0.0354 30667.25927205028
7.905945438530791 0.0307 30996.784739450286
6.899402987815761 0.0335 30747.99317860568
8.182767361694069 0.0326 31086.310891886424
7.825338794786983 0.0331 31034.33106568325
8.293439003507203 0.0304 30937.266589913812
11.615199238381118 0.0299 31463.22787634352
9.918091850278847 0.0287 31151.11807148236
7.708782020762606 0.0326 30905.02284884515
11.542756185718941 0.029 31576.109387917506
10.028569583268833 0.0307 31227.691672617348
10.258979318643787 0.0295 31332.166988110712
9.75873346612607 0.0315 31187.716858879612
11.536602496049168 0.0288 31545.386855825684
18.22590678284363 0.027 32583.0218714916
18.535878707061755 0.0284 32490.722260539704
20.654952380517102 0.029 32827.48247888535
13.866116744341454 0.0285 31622.805360854152
13.219043961600905 0.0272 31763.87808210039
15.781843670480217 0.0277 32017.938947668525
15.627915736678545 0.0285 32037.389990283995
15.41912367320766 0.0275 31803.006690655402
22.667316749087956 0.0252 32977.21356597196
34.20269586303389 0.0228 34744.273741285106
22.07802178414509 0.0245 32950.10464988109
15.983333790612532 0.0267 31851.948545272586
21.577009789302938 0.0261 32759.298272231063
14.317836771108876 0.0275 31725.273393434232
16.477400845084283 0.0242 32094.09471346038
93.49026753305068 0.0223 40834.288617422324
34.92924290480512 0.0241 34619.52484314641
10.548014470967226 0.0269 31207.747452951484
23.916047518232705 0.0246 33191.951142779086
26.857145905743604 0.024 33562.13626886003
30.92679319457097 0.0244 33847.63104187494
27.597763136852045 0.0232 33272.041646001904
22.91859814436783 0.0242 32973.64517911055
94.8741042351682 0.0246 40742.87556910887
18.524451218105188 0.024 32261.690505030387
37.522617460486515 0.0235 34662.15504419205
86.80255360086427 0.0236 40317.060927152444
90.50191302591773 0.0231 40340.02819826881
39.0031279329032 0.0233 34550.50509919148
93.04935092965879 0.0198 40572.88956561918
37.33874493736385 0.0214 34419.125489321304
56.73007978229922 0.0205 36882.92332380573
19.246428737576803 0.0225 32425.76786645418
81.72425246945433 0.0212 39418.0217784443
97.11963775035396 0.0177 40795.659953953094
58.793612340474475 0.0216 37603.4958218419
91.02410300592749 0.0195 40252.78617264496
82.81629986996955 0.0195 39590.338139643296
38.306179422549775 0.0214 35194.41970578641
97.38606522942108 0.0185 40779.92872064956
84.58460434232742 0.0197 39999.40383488972
97.45358870824805 0.0188 40648.97584228556
93.92501453720189 0.0189 40508.09029022306
97.34296707726848 0.0186 40686.253292885995
83.25369273690225 0.0182 39582.25175834814
97.10918398000454 0.0181 40748.238215425314
96.58485650883907 0.0213 40700.81675115754
71.30717206305793 0.018 38004.60245008681
85.67360258782388 0.0169 39665.03005533435
81.05011734303086 0.0184 39228.31483992662
97.1458454492727 0.0161 40543.042702200546
87.20396643751636 0.0165 39834.42612851435
97.87084984103733 0.0171 40627.85178565358
97.52923226175449 0.0167 40507.6373447262
97.34809206891931 0.0158 40496.67322413212
97.46152312571225 0.0161 40673.79588348541
95.34226251773985 0.0178 40452.77664196856
94.01230252020324 0.0175 40347.30074230752
89.53105980397248 0.018 40019.24952689525
97.13339206169957 0.0149 40525.85227241527
97.63284145399773 0.0138 40637.501715178274
97.31050508964891 0.0157 40585.76075927914
97.60959007295924 0.0164 40581.68766195015
97.68700116618788 0.0179 40544.28980332474
96.86521800537521 0.0141 40444.980369152036
97.45548858650814 0.0166 40625.46624109735
97.53177785183365 0.0139 40594.65644672709
97.83053214044766 0.0139 40438.73230656619
97.61936390001868 0.0135 40511.06526131802
97.56737156565931 0.0134 40681.24450614744
97.59837052196036 0.0169 40602.723196385494
81.50616118970719 0.0157 39043.670146932316
97.7789106949663 0.0152 40442.20146569919
96.58095276587227 0.0141 40345.85723066956
96.98702219725735 0.0152 40610.913684708255
97.53810289770973 0.0129 40519.79822513385
98.09887750203676 0.0114 40614.43318675041
94.18460431033192 0.0136 40240.89187647845
98.3004721741028 0.0114 40360.370809521
97.66961070807726 0.0124 40444.062168823446
97.22696910850746 0.0139 40360.68076341253
97.45312288345481 0.0128 40618.14745774518
98.13210300436663 0.0128 40511.18237604383
97.8103143604355 0.0128 40392.516617636735
97.51279983798014 0.0124 40492.583637944845
94.0976287684025 0.0129 39895.007992275976
96.02234216995467 0.0111 40186.40666391905
96.60362575995201 0.0114 40417.28735065429
96.93506134577616 0.0108 40376.87336538688
97.20237943182761 0.0111 40246.35808721666
97.94682334168024 0.012 40269.40668977658
98.16488120156876 0.0124 40554.49524385036
97.12918753592596 0.0134 40099.033281634605
98.30257291142198 0.0094 40407.09114464511
98.08247038707975 0.0117 40476.911817446555
97.72315827642696 0.011 40447.18245333855
90.45489501038473 0.0102 39905.917201875534
96.99853504510065 0.0098 40426.374253557
93.68441575622941 0.0124 40024.71214890048
97.91898494479601 0.0103 40458.66710124216
97.88656457860714 0.0095 40389.86515948935
96.25538938060474 0.01 40366.0187617839
97.92249710114476 0.0103 40217.28167667108
97.11881344025984 0.011 40323.28206071948
97.56289556626643 0.011 40409.165684287545
98.3585538389873 0.0094 40364.45152657738
97.47985982373295 0.0096 40354.64321477828
98.00352018647345 0.0097 40264.21273043418
97.97108777987269 0.01 40618.049162964366
97.01989244232047 0.01 40299.56425797488
94.34533608496187 0.0086 40100.45107260359
97.89457355035235 0.011 40365.90294938574
98.06827892834924 0.0099 40393.38917714753
97.82063159773611 0.0094 40030.277578294365
95.25303162758858 0.011 40257.601222706566
98.37572051868612 0.0086 40533.32975019019
97.18314155949426 0.0079 40289.01939413855
97.92508480277162 0.0102 40204.00981526708
97.15362685927104 0.0084 40445.41139250378
97.93735114191453 0.0085 40170.07585986034
98.10007312454577 0.0075 40136.53167167745
98.36903054334059 0.0084 40364.46195147511
97.55916754373929 0.0076 40327.67391603539
98.32503845802025 0.0089 40354.576781494674
97.23092768492441 0.008 40355.13185578191
98.23094621254036 0.0082 40323.95998117293
98.05009543028916 0.0102 40149.59960016069
98.17919412021789 0.0084 39986.564259391824
98.03079206413459 0.0085 40406.79289010243
98.19017269649578 0.0076 40305.91569851358
98.36154697720758 0.0087 40417.177817881595
98.31149857583316 0.0091 40172.10139023836
98.0894460230125 0.0072 40320.74286503603
97.93826770074986 0.0071 39981.51635100917
98.17491820132308 0.0075 40107.91800367218
98.35568885249663 0.0078 39973.4361504479
98.16499756220973 0.0078 40286.89516145591
98.147476938566 0.0065 40353.3658460992
97.23092240634729 0.0076 40564.4345992714
98.19770807304717 0.0079 40052.29480263206
97.79128514815325 0.0075 39869.284399062046
98.32797944752437 0.0059 40516.88865180568
97.57113154869764 0.007 40057.84786999528
96.35965967702847 0.0068 40276.94211266616
97.94421891861326 0.0063 40306.207090749136
