6.174616518563353 0.0506 31305.613989858542
4.519256240378339 0.0494 31049.00953966717
3.8331343685787984 0.0509 30951.00988519955
5.656466948544467 0.0504 31002.100467375316
4.649056354264776 0.0495 31012.5201237719
5.339070288591049 0.0431 31155.338993870657
4.342796436025726 0.0456 30966.390881634023
6.242952569359511 0.0457 31236.236961315535
4.604582443689012 0.0459 31005.825634384717
5.312357133024514 0.0438 31096.257175728835
4.77705426285901 0.0448 30885.902904549577
4.571132500191676 0.0421 30848.7923530913
5.512928106146707 0.0443 31033.208892479473
4.633425610168758 0.0466 30944.241629484542
5.785056156543919 0.0406 30994.76309540638
5.053697575016 0.0412 30842.838715168564
4.851210834251552 0.0423 30954.09738521965
5.242357237580371 0.0418 30891.164795752058
5.604985436692812 0.0387 30965.61684045498
5.5303169788106 0.041 30903.085146125253
6.046277469537103 0.0399 30993.365764222523
6.1555439234248555 0.0435 30952.30593466953
7.342102144786128 0.038 31155.787776610847
5.949746476272032 0.0411 31096.98223450359
6.465282630355465 0.0381 31025.104639956207
4.629469880649239 0.0422 30700.755321901586
6.948133682029182 0.0382 30960.83661677929
8.007064708240822 0.0366 31234.021078262514
6.4822640038170665 0.0366 30994.056917010745
8.436112173052278 0.0346 31327.236215541336
8.320681804588945 0.0379 31249.224715567037
6.959351310654293 0.0382 30985.48013613872
6.629346581034548 0.0385 30866.608824809275
6.957890936926508 0.0358 30947.643076458666
6.558030894653076 0.0359 30912.0969939464
7.26005956121491 0.0353 31035.257047398183
10.280611483651075 0.0355 31525.396391316324
10.655145839471643 0.0326 31588.516694182963
7.396639224204956 0.0354 31050.628580217413
12.083898833157258 0.0348 31699.14541483901
11.189158685553505 0.0333 31576.301265966846
7.151495482894723 0.0362 30983.061061251752
9.970357321930063 0.0299 31208.150871643385
11.077908487487818 0.0309 31685.35554990987
12.248000818740884 0.0315 31687.293563838728
12.066738091831063 0.0315 31692.486025718666
11.87116483865424 0.0311 31614.4024462088
14.602809007947327 0.0283 32125.203672179025
8.990602688957047 0.0334 31165.032599043123
10.989623829924614 0.0307 31378.643173353594
9.662414379090238 0.0291 31176.43509360169
9.40177193455871 0.0312 31172.377811300816
12.998351341026384 0.0316 31551.975944959853
9.09441762495623 0.0291 31086.519356446755
8.867190060331778 0.0304 31020.002524166848
11.162595710572909 0.0279 31387.501495132958
41.604726405242246 0.0246 35543.91462379022
16.964124808393095 0.029 32337.76019166828
17.383696714016207 0.0272 32393.602702617343
17.232788980768415 0.0292 32234.413963873736
13.660436651166512 0.0286 31846.277727004814
13.04507544231174 0.0275 31515.92969893747
9.773257897491476 0.0281 31147.079862647744
12.817083866266616 0.0259 31511.366015147185
30.407014062391443 0.0264 33842.61516972433
16.337521083438745 0.0258 32071.284629096972
20.784643790232547 0.0257 32731.254600518416
19.07837235450945 0.0259 32333.08412829799
23.56294800313374 0.023 33162.265442366384
21.86240445180473 0.0267 32774.23696595028
18.055910017797665 0.0252 32323.54421034922
20.72608456355063 0.0251 32792.2764533861
15.722403837728853 0.0265 32048.797562693886
95.93201688641466 0.0226 40873.546769507084
24.81277808876995 0.0264 33005.1242894099
96.00143076858316 0.0214 40890.59592853996
95.00782618547059 0.0224 40587.41353708549
17.66720795383274 0.0242 32251.190901451933
21.212214579433486 0.0241 32903.98447592723
97.71859516569435 0.0202 40871.96723824272
38.3704016783411 0.0233 34931.763372785455
84.06719861927021 0.0205 39719.643149183445
30.490706199971413 0.0224 34104.565983145236
25.399987308738353 0.0244 33146.27333323172
59.79622268239066 0.0215 37880.46132231259
44.89050887210368 0.021 35497.76201247385
41.30502805508859 0.0224 35289.62617173093
97.26699192650915 0.0222 40834.71105141856
33.876565193110025 0.0223 34372.24066970325
59.43816447214808 0.0202 37358.23354692297
61.58211496485134 0.0211 37599.963599732066
90.80552346865963 0.0188 40392.9058041599
97.263296225061 0.0205 40819.886661014585
97.48145981843207 0.0199 40692.87299976469
95.48509823155784 0.0189 40527.4707186986
89.39875620183297 0.0203 40265.89248222186
97.76548922296251 0.0184 40968.4523650836
93.44232182919032 0.0191 40247.41089895138
64.08174025725403 0.0192 37910.70288231094
94.93253622499888 0.0179 40639.025696810706
73.75412698734299 0.0199 38580.21671390129
92.03769318725222 0.0177 40332.14005969589
55.72768720062289 0.0196 36745.31715820215
96.4431763647265 0.0201 40624.60617178492
76.78659186031186 0.0193 38929.89647460377
66.17636711406996 0.0197 37802.90042094215
91.1177006814372 0.0173 40231.160638821566
98.27335941498143 0.0157 40682.47165649778
98.00282202789347 0.0169 40599.343364011176
97.29750207087262 0.0158 40524.4674457726
96.57643769192381 0.0148 40474.68233184626
92.13495475524469 0.0169 40383.867732021165
90.74054812948727 0.0181 40166.628074113956
98.014962855604 0.0149 40463.263337153345
98.15630512495521 0.0172 40698.7090041998
97.28749584092802 0.0147 40577.04430028118
93.7772496124419 0.0159 40287.95438707953
87.32526271122929 0.0163 39644.38868744924
97.76852528971843 0.0142 40536.897840453596
96.29700085459153 0.0157 40231.08504268017
91.03593277561944 0.0163 39955.82812766819
97.89082509606988 0.0152 40557.485218819456
97.55551866343414 0.0154 40388.79090261833
97.82604028346843 0.0155 40806.59287506374
97.68672528056813 0.0154 40568.9717767582
98.1116966592584 0.0151 40731.14063681043
93.84535455360545 0.0154 40075.904756163174
94.25814542331221 0.0144 40375.95359268669
95.49407467767314 0.013 40425.93825079291
97.78889968602527 0.0146 40531.67466525238
97.63450836689803 0.0132 40356.20816729159
97.71752729703347 0.0136 40519.74818909491
97.09246720569361 0.0125 40341.78024474263
96.99253680980715 0.0129 40283.334938291606
97.83897035070284 0.0137 40563.91801088192
97.42657572155916 0.0113 40587.40501983288
98.07736732299078 0.0124 40484.3708812351
98.0063950132349 0.0121 40510.239433631235
96.83503024573665 0.0131 40337.486923190314
97.51913703954433 0.0128 40318.73546282413
97.5149833071965 0.0126 40505.35149890577
97.6814498693165 0.0107 40328.45340555835
97.96646632349469 0.0124 40435.89432581426
95.88954479123585 0.0137 40462.35332606257
98.19592959134617 0.0134 40515.18036965342
97.77489215746454 0.0099 40498.22799378555
97.54057142034596 0.0103 40223.51267250872
96.94751096273278 0.0111 40383.20761727878
98.03757867617979 0.0086 40291.870808813495
98.31962828578318 0.011 40431.552445831265
98.18896103415166 0.011 40644.473878637924
97.54417726321519 0.0104 40162.7534832664
98.11096047679192 0.0102 40358.18309918759
95.13696266440436 0.0099 40148.71150413439
97.46997796590766 0.0105 40360.07006679797
96.05920210587396 0.0123 40482.55441611182
98.12321622981156 0.0113 40247.77719437897
97.55204686314234 0.0109 40140.13449851284
97.61871479961414 0.0106 40499.17545478203
97.05982428953 0.0114 40251.261404031124
98.26554845338927 0.009 40381.19675976087
98.21990531075603 0.0109 40317.5065203886
97.76926770805672 0.0093 40280.43412862744
97.41893731219659 0.0089 40247.202574856085
97.95209680957645 0.0098 40311.57399307321
95.81498519284821 0.0104 40090.05895162412
97.50870237613931 0.0109 40339.87973983754
98.33341424651198 0.0088 40234.54660183053
97.08145548707239 0.0089 40292.93446023815
98.16211113754223 0.0073 40085.471504443296
97.41988101124454 0.0089 40249.52277332491
97.82136024269114 0.0086 40299.124434620266
98.20958994543619 0.0071 40219.91530900708
96.31082353634405 0.0108 40179.029029583755
96.38828128286718 0.0082 40037.80296814606
96.80965652882644 0.009 40364.326655840894
97.95927776661046 0.0098 40141.427294684116
97.76115556737716 0.0061 40422.814084618
98.17418528222875 0.0075 40123.188337893924
98.09004667255651 0.0095 40404.83852687027
97.94604715052793 0.0079 40313.17493718294
98.18334917522301 0.0076 40481.27271911017
97.82545115265128 0.0085 40191.54717591721
96.80531007728348 0.0082 40170.812093828616
98.13878695123154 0.0088 40329.40642796025
96.86485264932405 0.0066 40083.87528633915
98.3517406656765 0.0056 40195.579247460235
97.81629735526379 0.0066 40342.073529059315
97.81606356917153 0.0077 40371.96461960725
97.60911328736574 0.0077 40213.1720719768
96.89013200983047 0.0085 40192.28637341617
98.29500212988947 0.0068 40279.00368571539
97.85335852113792 0.0076 40278.01662240365
97.92133581881093 0.0078 40199.88945969988
97.19709275236146 0.0072 40115.603869989514
98.34967924055314 0.0063 40047.77742199963
97.58252033349335 0.007 39976.71269398479
98.33088856887457 0.0063 40210.96638773131
97.46218229740111 0.0071 40225.03705173777
98.21012710453633 0.0068 40139.587164346296
