4.736289633397198 0.0484 31099.749245365772
6.219535676791363 0.0451 31262.39348772638
4.276564075829752 0.0475 31003.778033611405
5.335037491698687 0.0437 31156.554068903624
3.6371583874360214 0.0497 30696.401830575654
4.016578388568141 0.0514 30820.790186036527
3.7452611528813797 0.0474 30802.655298179576
6.963277355303547 0.0438 31297.357731471817
3.943303708366797 0.0459 30790.008376893624
5.070803793017167 0.0464 30935.785865309175
5.315663348169915 0.0449 31041.912722494337
4.676271627905288 0.0434 30853.549945183022
5.410248649805633 0.0427 31037.399497835282
4.140647463468062 0.0463 30706.761438071757
5.623498745836485 0.0418 31061.431256286483
5.712983266747019 0.0425 31105.86592872917
6.496924537568421 0.0407 31050.001488349106
4.357359221591103 0.0432 30732.283981306693
4.722799569848936 0.0408 30758.75089566388
4.490044078376568 0.0413 30824.743746770702
4.848941803115921 0.0417 30835.735156753144
5.984639083984593 0.0401 30837.92568336581
11.937055685253066 0.0391 31899.87038873769
6.057869529183358 0.0434 30983.55379221072
8.483569200805917 0.0403 31374.662200829596
7.5699680555846065 0.039 31085.298429042068
6.256698383297955 0.037 31018.218290569657
9.01060257263613 0.0371 31281.488573938233
7.520531875076101 0.0363 31200.444003940684
6.160331575194302 0.0361 30764.35174004974
7.898624924563421 0.0363 31144.76810977668
6.734817190147275 0.0353 30900.994392664918
6.80513009154955 0.036 31019.57436779143
5.922257683942531 0.0354 30799.368463791918
5.915650302924057 0.0387 30999.174332891904
6.985476624798439 0.037 30941.011370078
8.060035903557788 0.0369 30939.108829500958
9.52454526273116 0.0341 31335.125480096973
8.537340445450324 0.0328 31089.627159291464
9.892089925862111 0.0325 31356.195841553792
7.067568833025446 0.0367 30855.18540970649
14.852899600845573 0.0355 31910.179142430017
6.194296841803852 0.0337 30711.496785651274
13.527069147938557 0.0331 31922.587865353114
13.189456523121297 0.0314 31904.618331671758
8.03358514499497 0.0324 31103.937924775433
9.091877881860324 0.0322 31248.545349625743
7.529668241504562 0.0327 30816.973807330312
12.196598930232794 0.0311 31531.77470536914
9.983206339360812 0.0326 31272.624452661206
8.375761627350773 0.0339 30883.931365244614
9.493449913975496 0.0305 31221.524769908156
11.727478186392023 0.0277 31445.613307493753
16.139553263598124 0.0256 32026.968006501273
17.836373663420257 0.0275 32328.3675770756
13.739130988900614 0.0302 31699.501091686045
14.825767850971928 0.0307 31789.152133828524
6.7319600012449765 0.0323 30755.672463651677
14.572139983914388 0.027 31945.97990932839
15.521326251351788 0.0266 32077.387331586302
19.782563960538436 0.0274 32600.60687845017
14.45583285943837 0.0267 31760.036781548293
24.240695121004336 0.0269 33180.72668233557
21.728539104150542 0.0257 33052.74131119018
21.253817981021076 0.0274 32831.531519099226
14.324809204151405 0.025 31577.796635982395
96.89420891416555 0.0256 41142.95412088014
18.874605134368817 0.0254 32378.010669086314
11.729504957661222 0.0271 31504.87531158358
15.256635727957766 0.0256 31740.300322493273
76.37524422146618 0.0231 38994.8264072369
34.92631162449823 0.0225 34530.294218182644
98.06199524329718 0.0224 41037.82893632015
12.945678845081808 0.0248 31530.37414683489
96.98797108647116 0.0217 41075.538535307445
46.019717601353285 0.0213 35839.7259879973
43.801767061070734 0.0225 35468.83154953667
17.458307884295024 0.0235 32279.64096791359
28.323002579403937 0.0225 33764.639661260175
54.75267352687186 0.0206 36908.34199559138
94.48680025657714 0.0212 40711.63231287919
94.68861813669564 0.0218 40706.12817643027
25.07443933391318 0.024 33298.066626762164
31.436940910712746 0.0227 34078.14834239569
42.53035642382597 0.021 35677.32205652198
97.22808009046581 0.0232 40645.03817994519
54.71917973852599 0.021 36765.30024710944
27.754695902264306 0.022 33464.92320903042
98.27356591380439 0.021 40882.25283832038
95.1723610324787 0.0214 40811.8848624899
71.88417277980415 0.0201 38521.3723205557
96.8615502759245 0.0182 40636.43604742174
87.02318438385733 0.0196 40115.15110118802
94.81411007559157 0.0196 40467.44954191596
98.14222817407523 0.0192 40809.782875582714
97.69399042844722 0.0178 40822.89996984065
96.56384093384533 0.0171 40607.65005293167
96.957460412061 0.0194 40877.684089557144
97.72938930808026 0.0189 40755.116171232636
97.8627913599773 0.0188 40743.169384700865
96.28171161801468 0.017 40839.834490798385
96.45294991433511 0.0206 40680.8258846924
97.70795523306947 0.0168 40861.92925115213
98.29146625132988 0.0188 40842.51127754282
97.06599882302456 0.0168 40811.92040118246
86.54353060434187 0.0194 39634.25424876162
96.88263705888706 0.0181 40631.32960533216
94.52235798696363 0.0186 40314.604417023664
94.71651365231936 0.0184 40533.62097223722
82.27799159167387 0.0153 39012.4848420293
90.86523707569832 0.0162 40246.40418057293
97.93666149512245 0.0163 40670.38888299701
96.46706833565989 0.0155 40659.3822423758
90.74420318732632 0.0174 40330.46108661659
94.25756202151983 0.0163 40386.256064323636
95.1735033952609 0.0156 40453.73182292148
92.97289442746626 0.0136 40522.171120445404
95.92488490951729 0.0155 40711.51893367067
94.45111264611988 0.016 40403.39610098674
97.77423850675748 0.0145 40432.376236435186
97.7485722138863 0.0144 40527.148283812225
96.4783540688814 0.0152 40571.16621671105
97.67612789388706 0.0144 40322.34760810201
91.81199899041717 0.0147 40060.665460972676
96.7588146857115 0.0161 40621.45193497393
96.69891364450196 0.0154 40396.696917453395
96.9894962541271 0.0152 40543.84040224777
97.35055949930624 0.0134 40492.2289476261
97.28719620515538 0.0128 40639.10198432325
98.14106015923853 0.0111 40744.037234562755
98.28250711424627 0.0127 40561.76017935725
98.13878611407016 0.0128 40563.70700009128
96.84122649271139 0.0143 40243.283671402
95.96097959198788 0.0116 40446.9979245162
96.485370229513 0.0147 40508.230347475546
97.72582229678014 0.0153 40590.62652377481
96.8850839441005 0.0124 40540.45720510054
94.95606128028662 0.0134 40221.44748819939
97.05609625277931 0.0115 40562.82528799055
97.08940797346827 0.0119 40392.434990015936
98.09384787746659 0.0122 40556.612771945205
97.90545821980247 0.0109 40472.1019926583
95.98810971924031 0.012 40298.685248396185
94.90513555531588 0.0124 39996.76892663983
97.83906101218322 0.012 40429.162411871985
94.2920800889782 0.0114 40086.093986850334
97.50468600051826 0.0118 40344.21778333315
97.37805794717757 0.0106 40418.41447265684
96.66642732312403 0.0109 40441.550546582796
97.94122797533055 0.0117 40429.69070321102
98.21238739574467 0.009 40380.619639663135
97.98579321040427 0.0108 40403.854404951904
96.18189730127295 0.0118 40327.90639572173
97.84123089044053 0.009 40397.375894787125
97.98562915609281 0.0108 40343.98823649455
97.6713101102346 0.011 40347.264590242965
98.09459882489735 0.0096 40455.1302963824
98.09911408958165 0.0094 40312.66923190831
96.82635536377438 0.0102 40351.43813161277
96.95601064421605 0.0098 40247.231650796995
97.82648420144886 0.0094 40331.5537123505
98.17988849512138 0.0104 40631.63106410511
97.63414413405808 0.011 40326.52160858211
97.7941084910724 0.0084 40424.941556411664
97.25656103939751 0.0102 40212.83017667263
98.00050627462217 0.0095 40034.43105375952
97.63066701417391 0.0098 40301.03936718422
98.10125334677322 0.0079 40202.09425614973
98.33104985354447 0.0095 40615.61866356117
98.34249002239251 0.0067 40148.406476831704
98.11538655235807 0.0064 40411.01754290725
98.21231563909718 0.0074 40305.455020869376
98.3030503597283 0.0077 40437.9917621608
98.27678014054524 0.0072 40479.33426914708
98.25553835852334 0.0083 40356.4713939525
97.46182373306392 0.009 40420.694385904666
98.04962942283619 0.0079 40149.59497032643
98.00072608172542 0.0087 40008.91323426507
98.22095204576551 0.0077 40309.810014487055
97.93072323661531 0.0086 40508.150610109966
97.7625976641742 0.0088 40199.680675003656
97.51369011153417 0.009 40258.499035193425
98.20677714155902 0.0076 40488.73660439592
98.27666496208377 0.0081 40180.48882799286
97.79391410039145 0.0079 40126.87364336834
98.19755451929585 0.0066 40392.3030528889
97.49324448300742 0.0082 40110.21638988905
98.32464616458311 0.0068 40295.15846731534
98.18095820399775 0.0066 40393.94360113461
97.92719478564605 0.0073 40195.30847067442
97.46302108607512 0.0071 40064.35461493312
98.00285731802964 0.0097 40229.32888948363
98.14674710661927 0.0064 40153.01165397555
97.7932452173 0.0069 40313.16813319193
98.34874150739172 0.0062 40360.02935015675
97.76220021029238 0.007 40188.89418347489
98.00374522221463 0.0075 40309.172304391774
96.80606967829453 0.0085 40295.8870817364
98.29402883473877 0.007 40261.22179238866
97.71506646056783 0.0075 40096.71807897048
