3.6710628703205352 0.0499 30901.660711966684
4.464093649150111 0.0502 30918.394155899696
3.8002044178722945 0.0537 30962.88809224135
3.899151579991346 0.0488 30843.229613787702
4.914552887220381 0.049 31106.433064379577
4.506922203305155 0.0467 30852.820815668154
4.543315140089061 0.045 30953.61514789737
5.13027839853738 0.0485 31111.06931047417
5.004845338891272 0.0512 30997.480113673588
4.236560400594346 0.0465 30810.850046069412
5.081064588212249 0.0439 31025.7712297013
6.154774446738175 0.0438 31176.624380641853
4.61339860951282 0.0466 30797.11124821673
5.451276590215201 0.0424 31022.064710948678
4.692669676578978 0.0422 30879.8593267302
8.059160826258774 0.0415 31397.227826197643
5.2720408096871445 0.0456 31067.665118860987
4.813430282956042 0.0449 30818.24235985853
4.601312039632064 0.0419 30711.36957724191
5.436496589558468 0.0404 30873.732363688338
6.045803798930715 0.0421 31006.546334653292
6.234413545838381 0.039 30889.991085358863
5.326844380816794 0.0399 30963.32014198283
5.872267359176657 0.0361 30915.486694049756
8.193949683996713 0.0408 31159.61536378332
6.3646116107430935 0.0384 31012.525368695646
9.187755413986295 0.0416 31421.12262805349
7.2574782906351025 0.0387 31048.1797085515
6.490554271853184 0.0394 31117.237291837988
6.225039374456291 0.0367 30783.64803417585
6.501285333298001 0.0385 30990.34721830099
5.914407422825304 0.0379 30825.709615185333
6.9849900916725876 0.0371 30997.755177955914
7.005995753961675 0.0345 30947.978977718045
8.094682989674169 0.0369 31144.934644938396
7.252393506800573 0.0361 31044.487361674957
6.398750691344016 0.037 30911.507455334242
6.397359204643746 0.0363 30712.103886754823
6.7197064104982624 0.0374 30796.828055521277
10.916560211562135 0.0323 31509.310781486558
7.3356494972547805 0.0346 31075.222089304898
9.96536919716812 0.0345 31279.428212240662
7.4439284178256075 0.0327 30928.121250058623
9.843786669451198 0.0327 31389.840264973936
9.260356408700048 0.0323 31301.28099592673
8.130995645677281 0.0342 30967.804133977614
7.977361504928267 0.0328 30758.767762287447
7.543596276173933 0.0363 31017.590995573824
12.721939301815938 0.0288 31679.14947051209
6.865829131665905 0.0341 30831.034633258114
10.43714438827021 0.0298 31404.049875907174
12.740794419263745 0.0283 31619.863864059742
9.141692552265155 0.03 31195.273313377977
10.35541191250584 0.0292 31540.179548699103
10.08590920792256 0.0296 31272.58403807513
14.449248958612518 0.0266 31931.042627539347
15.980610782962813 0.0276 32053.315817607785
14.182589727314946 0.0283 31797.582557847905
14.718534743571706 0.0255 32078.878905793856
13.267293403916582 0.0273 31672.263011665476
14.625411900366416 0.0295 31839.17628579748
21.687015600305127 0.025 32784.0269214284
11.078965164655452 0.0279 31206.507266751432
14.831489723234391 0.0288 31780.536566722127
22.84710860056186 0.0242 33083.6866997364
12.14225429226866 0.0285 31475.966410992834
23.043292647319664 0.026 32921.89117282064
33.84241227858205 0.0269 34094.5007196333
95.67828202957183 0.0212 40799.45398686921
19.61115343266437 0.0245 32361.28149121004
24.063738512939125 0.0266 33230.19291829464
21.612856542829352 0.025 32859.36555884633
25.149437328991464 0.0256 33324.186208373496
96.79021842599568 0.0247 40768.16853253135
47.92607981207955 0.0224 36265.460793427446
97.75805368675641 0.0254 41009.577114320906
98.1341122652584 0.0252 41039.1921798729
19.813742356926955 0.0259 32449.532703245484
25.801840916402337 0.0219 33532.524783716726
93.28830573298855 0.0191 40433.184354515506
98.11688953394805 0.0219 40989.68099610204
33.426604824648216 0.023 34377.833739899805
72.77553896991225 0.022 38392.29463309101
79.82829563760502 0.0191 39643.90233352482
97.61396184462285 0.0195 40829.274222796805
28.72557938748998 0.0231 33360.14016174847
53.95427664048255 0.0208 36906.73405669224
43.226641997224604 0.0197 35295.285108569136
65.04843892787326 0.0203 37515.4165169613
21.356360247737577 0.0225 32637.953248964834
34.1341605799873 0.0224 34431.140478563
95.96509648241972 0.018 40536.71413754233
98.05111948150527 0.0184 40791.01031470546
90.86735646546268 0.0198 40061.74307749993
65.02846307441524 0.0198 37960.50156862627
97.98610838491368 0.0198 41028.878914555346
96.80198438809657 0.0194 41004.893043835626
65.05656599339162 0.0189 37511.417934757206
58.082288059504926 0.0189 36700.1334378389
96.04819801302067 0.0186 40753.83173258329
97.59580868476836 0.0177 40761.007002733815
93.0056753981881 0.0168 40547.201433370086
83.83502068662246 0.0166 39624.937807499206
96.89979080792084 0.0181 40509.462599121594
92.96822962823056 0.0193 40246.15304716019
96.76547926853115 0.0174 40577.57386998145
61.235323907918435 0.0185 37446.026495026395
94.82091289017976 0.0165 40703.96970326823
89.61598200526656 0.0167 40220.6921922025
97.48225619628033 0.017 40620.17497948749
95.63282470405447 0.0182 40464.90364591411
92.43003149562028 0.0171 40271.011825215704
98.31664829527458 0.0159 40648.094188167954
92.83140990653122 0.0168 40351.704576592536
96.07071930524785 0.017 40170.87183273632
97.65934358345562 0.0143 40525.96280013829
96.19189398087505 0.014 40488.02693026798
96.94943393084458 0.014 40402.65791768264
95.95437451988961 0.015 40478.70775392785
98.01835068479025 0.0149 40570.42245461753
86.50955021236771 0.0156 39639.22621579995
96.82405136039263 0.015 40553.92521165621
94.5168907428778 0.016 40194.57208444363
95.23087746054952 0.0148 40208.152773125796
97.71609000268377 0.013 40390.05366238045
98.0026177216264 0.0137 40561.6910102468
96.09509824064978 0.0148 40510.35925717402
96.82728336434504 0.0115 40427.15326625896
97.53525501539089 0.0123 40654.97996149551
91.34132133789164 0.0135 39964.60090449461
97.74721730079914 0.016 40582.781477598
96.03846298014217 0.014 40393.74463132465
96.7463676086001 0.0138 40550.351566215
97.74102334830772 0.0118 40443.67859370132
97.25440237107006 0.0128 40485.90023913535
97.94821727824143 0.0115 40704.724496555005
97.32451602070722 0.0132 40517.949576601975
97.2730757433807 0.0135 40377.82859983309
95.70558618436586 0.0127 40333.68524808491
95.31823170003946 0.0141 40177.08114831047
97.31343057716896 0.012 40346.89740187137
97.92032989985269 0.0114 40317.0324258477
97.49254369024541 0.0128 40456.36530876753
98.31711018095314 0.0121 40505.95549953968
98.09472240444387 0.0118 40338.662013430345
97.41408929606929 0.0134 40413.854092210284
98.11907731323016 0.0091 40287.28348883533
97.80606955956543 0.0099 40482.743468066576
96.38087200366209 0.0131 40129.053799946974
97.81059092759617 0.0113 40387.23984206389
98.36598751770345 0.0119 40452.79876362399
97.86550061052758 0.0102 40405.184046110946
96.43770082217193 0.0117 40211.65787303297
97.56700222735373 0.0124 40512.74268962708
97.53241495267098 0.0108 40472.39716050934
98.18326328245026 0.0108 40546.16282397567
97.71017107183604 0.0108 40434.21108091426
97.85321022641995 0.0106 40538.82254846372
97.81994670078821 0.0098 40627.45186929639
98.36656491983308 0.0103 40266.69296513728
97.81541048594896 0.0101 40358.73007166103
98.1132012376859 0.0098 40360.0453689099
97.56917170132655 0.0091 40292.02641759006
97.46218370060072 0.0112 40095.913409026674
98.38240104030471 0.0089 40261.97976197336
97.31287798598123 0.0091 40423.793669258164
97.23282483565563 0.0101 40094.81578789192
98.08840362511806 0.0095 40387.8717528129
98.20024716115594 0.0084 40454.471668389175
98.17914984606612 0.0081 40226.824245034826
97.27282486066295 0.009 40370.69790710028
96.96991862584572 0.0089 40222.79363821761
96.61261580878195 0.0104 40149.15930570568
98.22446935534012 0.0097 40337.66401181518
98.017823435628 0.0079 40324.56747550814
98.02385181576784 0.0094 40480.20862681549
97.99986866006593 0.0066 40406.563825850855
97.81574962430452 0.0073 40299.22809751182
98.30329993062658 0.007 40336.362929448376
97.66455091458604 0.0072 40349.92612755774
98.17225322295396 0.008 40521.52333380153
97.88856419869298 0.0104 40077.253710651356
98.38384979402664 0.0086 40204.47571928284
97.72032460089012 0.0083 40245.37955703862
97.84998154120903 0.0085 40536.32464870101
98.21239850925262 0.0067 40276.581657606934
98.0800828029811 0.0076 40297.17176785165
98.1133396879203 0.0062 40481.90997548481
98.25120520549159 0.0078 40075.28299252826
98.116028355445 0.0074 40296.26647046086
96.2843549548035 0.0084 40056.116920343025
98.05525167838387 0.0076 40533.617897899436
98.11084409245247 0.0061 40343.17138858317
97.77773239385786 0.0063 40247.618815940616
97.32951606067725 0.0077 40351.969808842165
97.7782060906901 0.0088 40527.857655327345
98.30461180927901 0.006 40279.79460410297
98.08308167875056 0.0062 40215.954860841055
97.39730150230062 0.007 40142.02634875263
97.95778112313953 0.0063 40437.267819950786
