4.4823752410491196 0.0475 30918.83800412725
4.015202753658854 0.0488 30944.378144318325
4.883212145973427 0.049 31056.06364194262
4.153751307677567 0.0524 30966.165501550142
4.070040979850511 0.0471 30972.078438979843
4.764752505191591 0.047 30919.054252012113
4.570146964569179 0.0446 30887.427279939926
3.7128645583052187 0.0502 30794.03905858619
4.548164116831148 0.0458 30988.010227222116
7.551457102702379 0.0454 31347.197494638338
3.828131856525103 0.0469 30778.710241364355
5.519304903555057 0.0474 31074.679371724804
4.031782850401841 0.0487 30736.29686622407
4.700865720501075 0.0436 30850.754128984554
4.223093196800645 0.0448 30718.62153621907
4.639641862614178 0.0451 30745.65796054994
5.456440499238171 0.041 30817.83975639112
5.471192355180233 0.0457 31006.407082344176
4.874910409520649 0.0429 30961.0954458338
5.341209720379996 0.0421 30970.687341359808
5.946491828103925 0.0382 31130.07414337103
4.549357667703581 0.0425 30746.843121848
5.1247314137259306 0.042 30875.8470051671
6.784064295339375 0.0384 30916.296706449408
5.708271854911846 0.0383 30808.63424226517
7.1472914225270605 0.0388 31098.38552697345
4.490813090345831 0.0433 30567.802819887096
6.3127439890969255 0.0374 31155.48801251375
6.559083598141035 0.0387 30954.238160561916
8.435069724016808 0.0382 31367.65586868354
8.161419772323455 0.0355 31083.57060114472
4.4967348112198655 0.0408 30637.528688268383
5.798229091774749 0.0371 30760.337240725978
6.676863274690262 0.0375 30962.58554089475
6.926718165786206 0.0357 31074.534046370838
11.360004544583942 0.0341 31653.665465734477
9.85572308969349 0.0327 31286.706475246596
9.41857123150171 0.033 31273.15182342648
9.391864821562526 0.035 31348.23884538964
5.854619973516039 0.0332 30672.890358883018
13.919961548755134 0.0306 31992.18121867959
7.942084080461273 0.0364 31106.789435053885
11.492540473540611 0.0308 31518.42648447067
7.911104937555024 0.0328 31050.897299321587
12.087540222660106 0.0295 31532.75913490006
15.021887770289828 0.0273 32059.210863469805
12.368271818171351 0.0318 31607.700576123672
9.627424839306874 0.0324 31214.577559272733
8.575145072004437 0.0314 31054.07141700766
14.110457086567797 0.0313 31901.376895928966
11.86238276953999 0.0291 31482.22027109952
13.631949692632045 0.0273 31825.4058014988
19.32483190611159 0.0258 32558.50784795149
10.186944976230915 0.0288 31392.42919927024
13.017119600946792 0.0291 31699.131567370292
11.916967908501507 0.0303 31408.828745597
16.57080556242583 0.0263 32146.931814084473
12.874278813085526 0.0286 31564.145267902742
7.913160696135144 0.0301 30844.819148028877
14.356819789620591 0.0277 31868.840118623197
10.315557210202 0.0292 31234.673467887835
7.730300568467627 0.0322 30833.23362889823
19.774737451396 0.0268 32586.383966489015
15.585121516993933 0.0275 31911.760846056335
18.18393886911526 0.0258 32269.180964101968
33.84202175047427 0.0253 34149.26708238307
23.690781816202705 0.025 33227.61562799659
18.3389759035426 0.0256 32517.15304498226
18.23741979156818 0.0263 32363.961079991357
26.876747220750573 0.0232 33420.07375926361
96.11370158117325 0.0275 40843.92958102725
20.038550315746797 0.0249 32581.182000742134
24.08208462452366 0.0235 33053.27798188124
15.807090267681343 0.0226 31803.65362641162
27.845007655261927 0.0224 33926.83953372183
18.657579717372343 0.0236 32309.608609062012
20.226659037748473 0.0245 32669.449774304197
96.71927993771365 0.0204 40788.229839186046
17.690506986793856 0.025 32211.702754753045
33.89403320541599 0.0226 34156.618402075816
23.669534580629907 0.0237 32878.33447565877
50.553409953557136 0.0221 36295.351323941686
48.42160202770082 0.0227 36290.7163752999
31.590530021785945 0.0233 33962.25013524632
96.49848332243191 0.0199 40916.2465081158
73.91233908632802 0.0194 39066.28779132304
44.25854172973801 0.021 35575.64485934443
97.17954945734922 0.023 40674.16226250909
97.59897772669909 0.0203 41030.67114009357
37.31350115434646 0.023 34703.586254087284
66.84858222163163 0.021 37763.35668925703
30.26694207719172 0.0223 34000.67921360285
90.55547656696248 0.0191 40262.17056332239
97.4339821322332 0.0182 40632.631211175256
95.11146727461882 0.02 40845.29596279112
56.81470698666278 0.0194 37032.946004220015
85.85187219295369 0.0184 39938.67593557961
83.3985027931005 0.0199 39656.99814800089
96.32105984034702 0.0206 40738.490331473164
96.0237482526304 0.019 40350.928926302084
96.66719852923238 0.0201 40505.1590195364
77.82091169305622 0.0189 39298.35610524019
76.6205833456102 0.0175 38772.44925897195
95.7431817018223 0.0182 40410.22171101574
88.01410196148875 0.0184 39860.10276412387
97.94213805659739 0.0147 40620.347867639284
88.94177266657995 0.0175 40046.47032158207
97.33782289865341 0.0174 40783.45229882951
92.24485032062573 0.0177 40253.2658996236
90.32952570526793 0.017 40046.268545422274
97.64175950379813 0.0166 40583.310303633734
88.68021179255572 0.0159 39901.96724796854
83.26607812102104 0.0167 39231.12215716053
98.11572490753309 0.0154 40549.6476477402
96.92193679953355 0.0169 40556.179403633374
98.02703222912105 0.0165 40561.392668271896
83.36135182592912 0.0169 39449.85152864099
96.21734642808265 0.0132 40453.18487129866
88.87070543133528 0.0154 39975.24939370225
97.23424433061739 0.0148 40486.7305542825
95.20430878150555 0.0145 40587.36805888616
83.94015286358325 0.0154 39308.06840709682
97.52325133529928 0.012 40566.310451966005
97.6660697443279 0.0149 40435.908951636964
98.00958459334417 0.0159 40676.93233446035
98.13404191848468 0.0115 40518.724491989284
95.85560886223432 0.0131 40460.28582240445
96.59236201022605 0.0139 40315.5900104783
97.80599538628847 0.014 40522.40351092299
95.16269123674039 0.0137 40309.328253903615
96.75484984590811 0.0135 40436.041623267716
95.41700729109199 0.0157 40414.75808671311
97.91941056214002 0.0151 40596.981882375236
92.26625736492645 0.013 40114.491703054926
97.73228702645699 0.0137 40573.34513834783
97.33067137508299 0.0125 40462.016025342265
96.31401034754104 0.0133 40341.462942872844
98.19193415926858 0.0109 40600.42771457465
97.77575400841901 0.012 40573.22824586917
98.23282129454418 0.0113 40562.5598712294
96.19280133604198 0.0119 40486.785643476076
96.8060450619718 0.0122 40529.98469643286
93.91003459849249 0.0137 40090.58299446953
94.34484697001395 0.0118 40408.25943392613
96.61801622737632 0.0129 40088.20284800938
96.83506650026672 0.0109 40566.944716728
97.3584118408447 0.0101 40384.127043909706
97.874185540166 0.0103 40354.723165941854
97.65700444816362 0.0098 40370.22983307741
93.7720811775845 0.0122 40181.04480907464
98.04126756726376 0.0114 40320.49989247095
97.96085650123852 0.012 40235.11350064159
96.37767230565825 0.0106 40168.56930436628
98.17011265088472 0.0114 40487.07741150882
98.21003645920581 0.0105 40343.71004414986
97.166540418226 0.0106 40008.65878184256
97.1600970478782 0.0104 40308.44802062302
98.21706645879456 0.0094 40389.809443666054
98.33251570061765 0.01 40445.963490434406
97.49418920438924 0.0115 40341.1257822749
97.5616902123707 0.0106 40375.09064294204
97.92353193509496 0.0089 40371.03714498723
97.7712291779261 0.0078 40290.23639202904
98.3330683958922 0.0092 40508.50646123048
98.15584974277434 0.0092 40532.09224913264
97.67816991258631 0.0089 40400.577829476664
98.11499929139718 0.0096 40560.79172556659
97.17829136389476 0.0101 40237.53725784119
95.41915583510388 0.0104 40169.695892467724
97.47221846765024 0.0085 40321.14658436925
97.80875959268042 0.0099 40134.15842058311
97.99411740499986 0.0096 40369.27123853737
97.78441511286056 0.0097 40331.30504050929
97.4830986624957 0.009 40061.153213087026
97.58916450699066 0.008 40431.00778379716
97.8137445929516 0.009 40378.32304276399
98.02594447470366 0.0103 40236.75830705538
98.34733975043616 0.0094 40488.14379282157
98.17126762269251 0.0086 40221.84435322494
97.32957171080771 0.0087 40164.73261166819
97.73049882231665 0.0084 40458.869069873705
98.0479394059547 0.0066 40113.403404898374
98.24545797115691 0.0083 40447.488235272314
97.97497744073412 0.0084 40070.95845476879
98.23045500626345 0.0055 40372.858802590825
98.3835178092797 0.0072 40275.536359312784
98.35003295381013 0.0089 40293.271865430885
96.14489189951308 0.0091 39927.13557824286
98.11268176388486 0.0061 40290.42151533216
97.58475928097268 0.0069 40362.2780348867
97.74662142851079 0.007 40115.83774086262
98.14898516199942 0.0076 40565.10625185947
97.90323275198732 0.0071 40242.054892666194
98.15000353089981 0.0061 40297.357884527504
98.2022003691251 0.0078 40325.28658393416
98.26629364043066 0.0075 40324.63485390144
97.75525809885292 0.008 40038.325868301465
98.18497221579608 0.0071 40298.98846268897
98.34118119109502 0.0082 40180.90043173986
97.98457527012197 0.0078 40332.97138351966
