4.541510409984775 0.0509 31031.39121471832
4.546064227889196 0.0488 31059.88549705159
3.5874474299774612 0.0509 30844.035764067197
4.077649931430291 0.0484 30975.228229782737
3.8552281495448733 0.0498 30830.200077809815
4.386266004135501 0.0525 30875.24364518966
5.617181437904138 0.0453 31049.795982075506
5.5657456209530345 0.0453 31044.356395859
4.740859186744507 0.042 30958.076372322983
4.3106768019799135 0.0475 30807.236170090124
4.439107491592933 0.0471 30959.142451587242
3.3675312963431345 0.047 30753.719133448936
5.813923982996192 0.0433 31052.003895899354
4.400364417169938 0.0444 30738.65162660284
4.762192982142823 0.0434 30767.915587118536
5.555997955320839 0.0435 30946.024300879893
5.058672267895467 0.0464 30908.30851142027
6.551716695146692 0.0433 31071.76397264919
6.1947870582064715 0.0403 30852.007199780597
5.036833456581333 0.0436 30825.840797915083
5.769896380999961 0.0418 30938.863817022695
4.792078565630471 0.0419 30765.67406757626
5.3870335056125045 0.0434 30799.059076531757
7.3262992373793265 0.038 31065.101927444306
6.61635000550321 0.0403 31049.453070605425
9.837720317302642 0.0372 31380.535856753617
7.37710015342217 0.0372 31216.636361517958
7.149119545364054 0.0373 31012.566418120343
6.033034448965477 0.0379 30804.416792219083
7.781043474981704 0.0397 31219.993372573856
5.910659034138999 0.0359 30752.21621361528
10.820980253157828 0.0354 31595.66750980846
7.659731770677883 0.0352 31154.84925396066
9.006091943896488 0.0347 31271.66471708853
7.343036685822299 0.0371 30933.648203047673
7.618050258835929 0.038 31125.912655986944
6.980232956376422 0.0378 31098.572131304125
7.15006857523544 0.0368 31127.083267520327
9.148338283314732 0.0372 31303.7835108645
9.333295273832801 0.0344 31336.61622035302
12.11439679381002 0.0354 31699.48384493991
9.595580045733623 0.0322 31307.367484748316
12.655251542746345 0.0332 31857.56808485517
7.360524392031207 0.0343 30946.20960206014
10.042973354417388 0.0358 31380.086313282613
7.691732376024121 0.0345 30881.166559812158
14.697269030538944 0.0311 31980.233245196814
10.577734863101684 0.0322 31347.48868753333
9.220800368394517 0.0328 31068.578160445148
14.271886137947105 0.0305 31840.06928434483
8.762355249865394 0.0292 30976.520340573334
17.812937576864456 0.0283 32322.761129522056
10.508353594244122 0.0298 31310.075728921667
10.195173505932168 0.0309 31204.05707571438
9.973716712484979 0.0311 31184.80385758304
10.333211299914186 0.0307 31205.69793637106
21.40766824209349 0.0264 32781.46539350836
10.494837067984749 0.0321 31068.249719027706
12.134951118379853 0.0284 31445.23389186577
9.266640309296069 0.0306 30944.667824857832
8.913558149185837 0.028 31069.878143225917
14.572209418037945 0.028 31746.052456252946
15.481426300238143 0.0252 31887.292872060258
13.141988034545776 0.0268 31502.060878252007
13.881282610579904 0.0278 31734.28154628142
13.50019273434602 0.0245 31727.89302766962
16.8222596648675 0.0253 32298.103926854074
22.997595437167373 0.0267 32960.711313758016
19.738685668450493 0.026 32367.772105097403
87.9727051990986 0.0223 40397.10498007183
10.692248741626846 0.0274 31142.243802430647
20.697875505354013 0.0276 32405.881481445027
22.985720200986638 0.0239 33315.22482462025
11.044887351830493 0.0266 31300.24504277848
97.86747499242485 0.0222 40884.56037321365
20.63839741753569 0.0235 32743.504406202235
22.392681018827982 0.0243 32773.8519523471
30.949310724349623 0.024 34243.94349979083
27.045647401540744 0.0238 33369.10182581686
97.72438041178133 0.0239 40975.57672055917
89.97832878179587 0.0214 40201.23294363002
36.469457812218785 0.0218 34446.6582323235
26.379658815157814 0.0229 33370.025005045725
35.874589732695455 0.0219 34498.934145134044
16.693414763641325 0.0237 31929.35266470262
96.28548970903792 0.0202 40833.63645636917
85.7951914287227 0.02 40154.064412284504
59.473493429348046 0.0202 36908.202756284714
96.09924114764536 0.02 40509.4519561751
73.11052074119499 0.0216 38598.28668273708
87.87133544546417 0.0185 39960.08319893627
97.91330998103798 0.021 40677.33048801937
97.80757566481356 0.0196 40891.08385679209
98.09100748720597 0.0182 40817.83437887203
97.33502218046429 0.0191 40686.08046296872
97.22841509894928 0.0183 40636.72052658995
81.03885504273653 0.0203 39420.62404042314
92.47108315973028 0.0197 40203.67663104187
97.3724951227064 0.0203 40671.55906828773
90.53745496499664 0.0153 40141.20591205839
90.54379462086875 0.0181 40074.13244035301
94.8530149350878 0.0185 40358.684273802675
88.78370979372542 0.0163 39983.371026792054
96.15355668445078 0.0185 40680.63904154763
96.66959223054809 0.0169 40718.629497811424
97.19085937750353 0.0158 40670.62741785691
97.72712683085088 0.0181 40638.413566509524
97.40230746734619 0.0173 40726.269000729124
97.08503499631253 0.0175 40563.82925242782
86.3216888992708 0.0163 39722.84424469798
91.40815442192907 0.0158 39997.13094673952
96.13995362144591 0.0164 40527.875014178666
97.79628002973675 0.0175 40572.402713713374
97.20042377634965 0.0175 40624.981947516775
96.3592686830715 0.0148 40363.47448705031
88.1363723793378 0.0151 39804.642734141526
95.12177390282655 0.0163 40614.034874612895
98.28058691030225 0.0151 40743.522780382336
93.69508567015424 0.0151 40282.81774867193
97.24651281563477 0.0149 40628.633748334454
98.11822702867906 0.0144 40732.63621595327
96.82772742626618 0.0152 40460.30383904708
95.05344123553864 0.0133 40258.76461530279
95.05523133717718 0.0165 40337.54638060808
97.50503759957886 0.014 40500.124860543816
97.0407233266182 0.0143 40693.992315475305
97.42403245035796 0.0142 40474.87529653084
96.12782483974777 0.0129 40507.45092972318
98.15842550109754 0.0141 40412.32747285475
98.36508797605121 0.0138 40719.85985713499
97.53182780600444 0.0141 40543.41575837076
95.82390218523756 0.013 40140.603523573256
95.4656873872841 0.0126 40311.10346349952
97.54796693807559 0.0134 40778.42664356404
98.25057646237063 0.0139 40528.68895176722
97.49860829292122 0.0103 40529.1593547593
98.09212876350217 0.0132 40702.21266771132
95.40429875337803 0.0139 40398.30074560632
98.37154398882049 0.0116 40484.37487639188
95.7822063523039 0.0141 40405.18764274419
97.12899659297211 0.0125 40464.59884557414
97.50559567852366 0.0114 40407.8902513558
97.8300285625451 0.0133 40266.9783633573
98.16737319913227 0.0106 40635.264818528456
95.87377661923007 0.0122 40259.21159932942
98.05510362491808 0.0117 40436.66793509027
97.58231922985847 0.0115 40629.11099965025
97.17443861481534 0.012 40355.26776624996
98.29005664207394 0.0114 40468.157122793855
98.00828494984293 0.0115 40632.978631299535
94.54714551713145 0.0113 40170.49396858956
98.19617713429601 0.0121 40338.334717928024
96.76827694526094 0.0112 40233.89246738562
97.98433972223843 0.0093 40165.61838820058
94.71522934034127 0.011 39933.77723369638
97.66797801879106 0.0123 40391.12313571732
97.84037363632862 0.0121 40352.9426603863
98.12173688265224 0.0096 40365.122627410245
96.03592197182121 0.0123 40344.23973565475
97.07468163950857 0.0109 40123.9162528135
95.91473779107628 0.0106 40416.740896444084
97.54871959128904 0.0099 40331.357421081135
97.24734787040393 0.0094 40219.93689843885
98.22837485666247 0.0087 40177.45674986718
97.80072040497345 0.0102 40380.81831449715
97.82951055877348 0.009 40394.66101281286
96.76428589135328 0.0104 40263.83076679903
98.12867096855106 0.0084 40400.338253157206
98.36980409186806 0.0101 40328.922393493776
97.96843870651216 0.0088 40174.75994112162
98.16278449581962 0.0074 40261.51623322854
97.20493180474911 0.0085 40316.140160716226
97.06493956337103 0.0087 40279.08929242108
98.05517409017048 0.01 40433.611705240604
97.77498092874643 0.0087 40157.50399950179
97.92814005495543 0.0097 40283.79334834646
97.88283150387451 0.0085 40283.2021986626
93.63376126479862 0.0097 40090.10970081023
97.93353893258897 0.0069 40273.52366789368
97.68294987695342 0.0078 40447.81440073369
98.28813450781028 0.0078 40233.36898326414
98.24865858409942 0.0082 40126.15221358144
97.27610484204646 0.0078 40283.11793760703
98.09573783169637 0.0073 40234.1699371334
98.2350955692417 0.0079 40332.08267293866
98.02169502542597 0.0075 40071.574901272186
97.93578095904657 0.0074 40073.8032159674
95.83741133568591 0.0087 40296.78112447833
98.1488969578091 0.0074 40267.70556865003
98.15769451725366 0.0067 40090.642875532576
97.96682218753678 0.0098 39974.595336521365
98.25483862233874 0.0077 40288.32534541966
98.1207087789338 0.0066 40074.86509674941
97.4089810232784 0.0068 40243.4349630413
97.10659597033897 0.0074 40325.24128369497
97.96426719751408 0.0074 40439.60158687527
98.32039598988179 0.0071 40281.24949151795
98.06385969371367 0.0077 40256.93344903017
97.30098047988399 0.005 40177.35929964578
97.9028463166321 0.0077 40291.87861840744
