4.4105330534808385 0.0479 31073.121190342546
5.078954552319557 0.0464 31137.939223174246
4.749533104443448 0.048 31024.181818048593
4.584723189126383 0.0488 30941.16730496272
4.224502977367743 0.0482 30973.53437562448
3.997979447604852 0.0458 30910.98823681911
5.797912884635755 0.0454 31135.235143568007
4.28810582968848 0.0468 30920.993179264162
4.6037037311085784 0.0431 30978.31038492621
4.368688117491023 0.0438 30771.23416230842
4.248225686941857 0.045 30829.219580217203
7.210051156434259 0.0401 31322.006709369376
5.168542009888649 0.0456 31044.6477141112
5.955503315642341 0.0403 31069.973137870264
5.0491677633202 0.0423 30933.36055993594
6.634709600872724 0.0448 31118.965025334866
6.105663578229199 0.0441 30891.88534085405
4.977881988463866 0.0442 30741.05707149039
4.911425877203448 0.0442 30871.60537030381
6.401248511847278 0.0405 31214.323474903256
5.330347840575388 0.0418 30975.17327583517
7.629905075606784 0.0409 31032.732033889777
4.886940779217061 0.0407 30946.326435351195
5.452247618408302 0.0396 30975.855415109894
4.524371024802573 0.0436 30708.213409541746
5.364304185094569 0.0387 30728.673806993957
7.4228972038915435 0.0411 31025.732408051044
6.722433243262641 0.0357 30917.31952175306
5.298255500263297 0.0396 30879.659107911855
6.945346310733575 0.04 31024.84179986976
6.208239242652806 0.0391 30983.20636492207
7.003653321334043 0.0362 30912.85798744471
7.789820857525122 0.0333 30857.289583077043
6.7690840085302915 0.0367 30904.543792963294
9.36420563374642 0.0349 31441.671278841717
6.9291007516198135 0.0381 30994.50268371443
7.399635702530519 0.0359 31007.74556211944
8.116595190114865 0.0338 31116.252035507358
5.294207583207561 0.0352 30686.718309876353
7.88938340067608 0.0343 31022.493925982246
7.437946321619372 0.0326 30863.194781229195
8.055122565703853 0.0345 30955.582811151966
7.021274430760309 0.0345 30764.200514453663
8.614442179873748 0.0316 31200.125255468483
8.348329115284054 0.0318 31082.78766710771
11.102203567278668 0.0295 31481.38646819622
8.21200143182274 0.0338 31064.886792788773
14.025267244917757 0.0288 31905.72301655341
12.378695318161864 0.0292 31795.207007124554
8.750266321328935 0.0327 31028.13663596012
8.798078928073082 0.0325 31169.75080021459
12.016463540228415 0.0309 31402.872123959587
9.765701499514185 0.0302 31232.818983513764
13.301793589638017 0.0282 31812.86595908928
10.244830035582318 0.0304 31371.0589376401
17.029698270124612 0.028 32185.32736155871
15.789820970975153 0.0292 32112.02667718147
13.845085798897856 0.0275 31795.277444900916
12.413301274895893 0.0265 31501.28435878049
15.407699516668949 0.025 32020.007580890568
18.292907121193778 0.0274 32569.371234185186
14.044382982390156 0.0269 31776.01802968466
21.83494548825531 0.025 32804.35988124442
14.733977256333505 0.0271 31708.473486379287
20.706897305836495 0.028 32826.05008144943
20.30255228366599 0.0242 32818.38930965156
32.78228119151389 0.0249 34138.598212248085
48.324197768287384 0.0239 36471.20534238765
19.392136537193842 0.0257 32463.193697537896
22.448690039947156 0.0253 32952.79229938686
93.79806948599335 0.0227 40706.43850592546
15.702455443211788 0.0255 31803.47585151009
90.72833039201895 0.0253 40488.73224080452
17.756772122021626 0.0241 32174.08090233621
23.937051875885246 0.0235 33261.82145751163
35.87525267958054 0.0229 34919.91706824676
18.105142634067313 0.0255 32454.261942942925
17.939150604809033 0.0245 32221.278783972542
19.38946550245565 0.023 32345.04011561017
93.37015465580276 0.0223 40528.07629512124
96.88418323302972 0.0226 40938.49040604162
96.92610554163608 0.0226 41028.60477640851
29.8356307142511 0.0238 33831.98821311951
36.26821147985685 0.0227 34721.34197378492
18.49214249056269 0.0218 32277.377598383646
21.03970836215422 0.0238 32649.842638004502
51.56620370387693 0.0217 36173.664527241606
92.20034781118156 0.0209 40480.75458831386
68.05132430771164 0.0187 37881.074740556156
91.86613964082817 0.0193 40213.623925270076
94.99904525854699 0.0185 40980.794911917605
95.7727229360943 0.0196 40639.27643431889
17.38053051384667 0.0234 32066.69109931639
94.33774575828421 0.0177 40437.930382835926
87.48413348924521 0.0202 39978.247305186436
97.83128333798207 0.0187 40825.61065120346
86.94528890970777 0.0203 39816.39175405134
87.02900446820895 0.0187 39991.20449618584
63.85757226872363 0.0193 38017.67147960805
87.78456752474425 0.0215 39666.75890828701
89.30499361169608 0.0184 40108.961350459096
95.57301036936123 0.0159 40439.918382331656
77.68641786241979 0.0184 39077.95992551701
97.18415053031812 0.0184 40715.00580764154
97.9683092909512 0.0165 40749.83957497424
97.06694939952146 0.017 40453.03823271297
95.02965307963079 0.0144 40529.056401043796
95.03325756631145 0.0157 40242.035090891986
91.87609823340026 0.0156 40240.63342001582
93.63239758704682 0.0175 40229.18425633537
97.86385538446113 0.0165 40606.88448399623
91.6165998920555 0.0159 40162.935942464646
97.48926871288255 0.0148 40599.39330305878
91.93811353120999 0.0156 40203.68028907709
96.09026819983784 0.0152 40443.98721601532
93.50339413119359 0.0196 40269.78113545866
97.54059031391157 0.0163 40386.700346325044
97.13977236805688 0.0153 40421.31647903604
96.84510271591819 0.0129 40677.67246018019
97.64743950550574 0.0138 40690.867244381196
96.41101770117044 0.0162 40453.3326392615
97.13794819132863 0.0128 40574.61301068356
98.16620651446672 0.015 40526.23308807572
94.29213066309555 0.0157 40458.08557111614
94.45649562051202 0.0156 40232.26503207519
98.13147300607466 0.0123 40262.2586712815
94.04663398984634 0.0144 40190.01681337209
97.7358443879346 0.0148 40443.269494020045
97.6667307736232 0.0138 40533.963069480575
97.96651901002075 0.0151 40511.64806355216
97.95829828288376 0.0136 40401.81102224661
95.43593408629054 0.0152 40458.37284579859
98.01934416083094 0.0134 40570.91760025132
96.40569108627862 0.0119 40338.32664996213
97.24604617274444 0.0111 40309.765910044036
97.88718500903629 0.0123 40571.55482814864
98.3661433837943 0.0127 40510.741873584055
97.36163292276343 0.013 40379.399533201526
97.32677214233449 0.0133 40310.727017649
98.09503579760067 0.0126 40319.83923218768
97.50364760490079 0.013 40431.614993608455
97.44927907417117 0.0132 40361.92092568268
97.78801152413148 0.0123 40518.92710485141
97.42221268187633 0.0114 40322.529082170346
95.14360579999592 0.0134 40502.92092455433
98.31309962401258 0.0095 40325.42783664793
96.86329871535271 0.0129 40327.57578505871
97.84076980948238 0.0108 40525.57318879121
97.59089951212317 0.01 40483.142001781554
96.89377335910763 0.0137 40398.29307160907
97.60301196809274 0.0128 40349.95974381924
95.58200047207538 0.0114 40108.01835295443
98.08151895776847 0.0099 40106.072211104416
97.35915476915703 0.0111 40488.71854516447
98.07533558465937 0.0103 40395.733876778875
97.36182186738311 0.0119 40422.13922948299
97.88466067806253 0.0103 40470.956363365716
97.54810558490937 0.0105 40251.46614896533
98.16633846899798 0.0097 40499.13856591911
98.0458883377612 0.0101 40330.87188862457
97.68045302264949 0.0093 40339.91552338122
98.30700985250624 0.0107 40336.77170978141
97.29361124129214 0.0097 40254.60400793124
97.16366749158448 0.0096 40389.240597386546
97.87446181378077 0.0076 40258.05619633625
97.22354810541552 0.0083 40112.85883118701
96.8002631475826 0.0099 40237.29787694226
98.0672995003285 0.0088 40672.27866505765
98.00333586454913 0.0109 40604.446741836975
98.10617569432513 0.0093 40447.89824273332
96.02908191198767 0.0086 40181.27995979792
97.29192476433767 0.0112 40108.05007037114
97.5526241324632 0.0069 40209.7273274393
97.53198133782864 0.0078 40314.39842056051
97.12947774330361 0.0083 40210.478712671684
97.85353198965636 0.0065 40229.98481717677
98.1617148786259 0.0092 40276.06148570866
98.37905240073289 0.0088 40244.49575045285
98.36884862585691 0.0074 40328.92213395196
97.63346462802605 0.0091 40635.575618104245
98.33522623509424 0.0087 40273.984750529955
97.87363912124107 0.0095 40398.01580179997
98.04843097898372 0.0089 40384.11486435701
97.66775282087727 0.0078 40233.0799341312
98.19935295949405 0.0102 40272.64491614399
98.17694995596636 0.0067 40179.2416325096
97.35469652447665 0.0088 40063.73208966878
97.46599199254347 0.0079 40351.41192718559
96.57921231037027 0.0074 39997.89016107531
97.63782965073278 0.0073 40391.75315331625
97.93530559525401 0.0072 40074.31552841252
97.13914501061701 0.0077 40320.337160020135
96.74732159660742 0.0082 40298.23218466172
98.06970421871031 0.0066 40008.16640510273
98.38307834802302 0.0073 40342.199677964694
97.71978487506821 0.0062 40219.2454625044
97.66234357753935 0.0072 39910.40431799176
97.66906579747916 0.0089 40140.346456843035
97.9787976307504 0.0076 40238.48764471183
98.25123200350633 0.0072 40110.87068362852
