4.061789658606412 0.048 30986.194195089716
3.6236993825727697 0.0518 30739.964943632534
3.511114339432681 0.0481 30752.885159573365
4.240864649293376 0.0529 31002.331093505705
4.418145131503767 0.049 30952.13808566888
3.877825180183955 0.0524 30855.26204357986
4.755616950925094 0.0469 30978.020114724557
4.736837400372257 0.0481 31017.200024649283
5.10808198835992 0.0463 30835.283667013224
5.54518174536886 0.0451 31012.825900942666
4.726367794595919 0.047 30882.773099816077
4.081494867859268 0.0462 30716.00674547971
3.792495083918113 0.045 30673.014251288405
4.806226402702106 0.0439 30862.662948967263
8.372657985870823 0.0421 31413.346663925364
4.355658556562627 0.0457 30668.079466030544
5.154892195724821 0.0423 30843.31196068391
4.156578929400256 0.043 30723.548345773634
5.572071866607661 0.041 30969.64709041526
5.850666288219449 0.0411 31104.42087966735
7.188935007814621 0.0407 31268.98533734115
5.624321823127038 0.04 30845.496740528335
5.972717697653739 0.0424 30940.25412984812
6.391609280237208 0.0407 30837.434617916224
5.560248099291358 0.0416 30792.5380266183
5.418056655538361 0.0412 30784.510754069914
6.203745769541199 0.0396 30883.048821728273
6.862172564925754 0.0376 31055.20334918457
5.87586119464272 0.0378 30876.996596121273
5.683973331364781 0.0388 30762.53823970972
7.968296309769574 0.0381 31160.993936371764
6.0089013153022135 0.0371 30998.057155626862
7.332394229079887 0.0333 30982.88717847
9.275267397692886 0.0333 31330.93276834144
9.760531158235839 0.0386 31474.03566480129
7.831900148339088 0.036 31057.78758762499
6.173326819330322 0.039 30875.275738114153
11.603685546500529 0.0332 31602.368413201733
6.803321428315132 0.0353 30908.94047251102
8.544743586282541 0.0333 31152.968521938725
10.529868167780437 0.0317 31384.62194838292
7.971074723188996 0.0333 31025.65791228757
8.77513291741365 0.0312 31163.85994118402
14.005635299955514 0.028 31841.098476375133
7.547694973058856 0.0317 30757.475128139788
13.726904006613983 0.0286 31947.143096822736
10.126684125417064 0.0327 31314.57603610158
5.8755212606004195 0.0355 30697.870426208945
15.879837268929675 0.0304 32218.803897963782
8.958091869182882 0.0296 31010.13552748137
16.59146523428407 0.0272 32122.367018368266
8.424712170217257 0.0322 31078.597749621935
11.80458398159562 0.03 31522.00769092218
10.533546152808494 0.031 31359.464947487228
11.700258688181156 0.0292 31424.259186296953
9.522004522999328 0.0286 31008.255779845873
17.205340403805998 0.0292 31933.505690944177
16.8675984632867 0.028 32136.494153584696
18.36428743647433 0.026 32522.399063299803
15.196713411634212 0.0257 31810.023295302577
13.85040586966211 0.028 31781.653518916468
29.43012382166655 0.0247 34207.72948984175
12.780683461976896 0.027 31434.150631386514
17.97050516223099 0.026 32235.49258815201
15.860609924893703 0.0259 31914.481932251685
33.33239370667603 0.0241 34647.751369963145
15.683643761934933 0.0263 31969.585700595435
22.698060472214912 0.024 32877.4798098306
31.521749813578076 0.0253 34128.196551100344
33.07757616590511 0.0247 34532.03280070841
17.107296788670112 0.0242 32169.969490639374
23.68582219371471 0.0231 33079.36133399758
27.78217481029558 0.0237 33412.16214824781
98.0386386345644 0.024 40928.506015823266
44.87890085534804 0.0229 35408.3138199658
29.279036323638532 0.0233 33633.664368443344
18.32143528091546 0.0242 32157.872340059323
50.06946774036759 0.0235 36095.94441304514
28.539577251850442 0.0241 33645.43631735119
59.411330978545465 0.0226 37081.644070177994
94.83047941291947 0.0214 40635.16474853523
94.48066805646101 0.0234 40796.82153725796
43.795646813415075 0.0235 35464.720092534815
41.00791447278979 0.0219 35294.44850962477
34.45895291543112 0.0233 34400.96394055964
76.22572172926924 0.0203 38884.76330249494
20.71897223446018 0.0233 32521.00891115284
97.46071763614731 0.0198 40904.16922822535
35.22098896450383 0.0213 34417.09279305251
62.83801147273015 0.0203 37249.59082268268
89.0326639898794 0.0201 39971.87466379568
94.63106265453267 0.0208 40722.15873800093
98.03578566623915 0.0212 40890.339587236434
57.24241322783468 0.0201 36920.94378371472
96.66270256827367 0.0196 40754.21384739545
98.26334442377951 0.0173 40692.418683126045
97.77572934732592 0.0158 40766.545783365786
97.0344280860598 0.0172 40876.03951946259
92.91240288782308 0.0178 40391.35583814834
94.14448548428659 0.0196 40515.85270126384
81.6789132025219 0.0187 39301.999214267285
97.10698221003504 0.017 40651.66702338571
96.74528491558253 0.0158 40554.874309331906
96.70942944106568 0.0172 40511.04241296377
79.33880526889604 0.0184 39024.418025300874
79.21711254418332 0.0174 39144.596665031495
79.13664012608943 0.0172 38968.86299229945
90.3963168498577 0.0166 40307.929548379405
96.12397877007075 0.018 40577.33369296734
89.54274507536891 0.017 39750.30068909623
94.52138097197685 0.0151 40313.678991902474
67.54321308089841 0.0173 37849.72858387063
98.21960903393311 0.0177 40629.368202661964
96.57756539708778 0.0149 40588.941428653554
96.89505952443139 0.0161 40563.51937303178
94.78830619546156 0.0171 40491.8337810804
87.95427174031128 0.014 39685.61189357061
93.0300851968025 0.0164 40396.221531981915
96.72565333912839 0.0136 40272.0163819545
90.78115202891345 0.0169 40071.00617382977
96.76499406841036 0.0149 40388.65413824239
97.27579259509903 0.0143 40561.95165765913
96.70583085521794 0.0131 40432.89160114827
96.55300054626068 0.0134 40320.4089420657
97.65822911529953 0.0127 40376.40227387224
96.00060422700622 0.0146 40472.82405623591
97.72500027129922 0.0155 40707.68901440577
97.92267458173258 0.0124 40331.46116991437
97.81179976464028 0.0133 40505.63077364974
96.31075718286336 0.0141 40349.06813218932
98.02408759365271 0.0121 40586.97503136222
94.37987674668383 0.0152 40207.67524833765
97.30102035604196 0.0136 40487.87726843579
97.35742031563643 0.0126 40572.75183350452
97.8163589817801 0.0119 40361.0085509374
97.9943670917506 0.0117 40339.43744527316
97.97620554581822 0.0125 40303.59960021719
96.27713854741356 0.0147 40227.745077017214
95.5318846409926 0.0141 40328.95969392545
96.9909836512268 0.0123 40483.71125472137
97.87311351197266 0.01 40636.28715198422
96.94132383585978 0.0122 40308.35998392543
97.42233542149391 0.012 40424.1656774811
98.23712716700112 0.0138 40289.820717591465
97.86740458595614 0.0106 40558.49641646981
98.2959047465146 0.0098 40621.583749554076
96.61979136583808 0.0142 40262.15986767373
98.35307611441515 0.0111 40621.729836837745
97.26458760906885 0.0107 40378.987118018114
97.8780625560818 0.0137 40267.26236225223
95.28546619336774 0.0124 40169.08850462449
98.10097035442031 0.0116 40329.59155333232
98.13331883789436 0.01 40479.88188279634
97.94922591738545 0.0094 40406.53385564121
97.98506142659664 0.0103 40513.268621887975
97.74950309436066 0.0101 40518.328762628254
97.85807946282337 0.0123 40424.30729632842
98.37726364262114 0.0091 40471.02533932077
97.74050394848543 0.0109 40459.99610656977
97.24550276883015 0.009 40172.465954243795
97.73701567164679 0.0089 40326.66876270685
96.84460911168642 0.0096 40216.54113402448
98.38006849392667 0.0094 40399.92096979585
97.91894018043642 0.0117 40402.76242079243
97.99016956380488 0.0088 40347.76986935213
97.52390389861334 0.007 40390.10291583519
98.00108107624465 0.0094 40211.69547523984
98.25179076371427 0.0076 40466.69022583649
98.28868006418627 0.0088 40450.98081653781
97.71999086091822 0.0088 40162.53363105993
97.7976023710217 0.0081 40424.747627280456
97.42880825842315 0.0079 40580.19851794192
97.76774730934719 0.008 40307.17248429432
97.69213548483258 0.0087 40217.77707556538
96.85400385790703 0.0095 40120.45946001264
98.23658282893302 0.0085 40122.91412776694
97.60091018058645 0.0084 40154.776492081706
98.17473333651391 0.009 40282.910833394395
98.2609894349465 0.0082 40520.605657802225
97.7958902719845 0.0082 40188.412353028754
97.70573508950052 0.0075 40351.10120073187
98.07728538161925 0.0074 40405.273598680295
97.64025203591068 0.0081 40311.31360305508
97.90365956198622 0.0082 40169.74232317114
97.20433477828826 0.0095 40268.2186239635
98.32897253706162 0.0096 40347.844533025316
98.12369334317681 0.0079 40325.83317842461
98.16180127677283 0.006 40511.81045511588
98.0219566765208 0.0077 40212.86023421218
98.0446892615991 0.0063 40040.22187172987
97.95327523977076 0.0081 40194.738286843676
98.01991257937577 0.0075 40388.48830515819
98.37818566747018 0.0078 40195.61614125016
97.27166448298114 0.0059 40087.21297652271
98.32441903668536 0.0061 40120.129503901604
98.11079349549762 0.0061 40188.61790372597
97.77580676399543 0.0058 40015.24777003396
97.52806685566131 0.008 40371.14033015535
98.27240497369544 0.0074 40295.3524243185
98.17416935065425 0.0065 40385.711882841104
