5.6354577921361635 0.0487 31173.061930521133
3.6680434098833117 0.0539 30813.67353347484
5.100789911999537 0.0457 31239.09676385302
3.9114255178934925 0.0504 30832.26241587233
5.107298087109713 0.0493 31056.51687676104
4.264688467116807 0.0495 30821.08981181971
4.772849810839633 0.0504 30959.19139956035
6.030513309487089 0.047 31171.637373326274
5.553014252839431 0.0468 31024.890433916655
3.964674752735099 0.0467 30704.257008027933
4.578986431522202 0.0454 30960.79377186896
5.063322857007104 0.0421 30858.60412889558
4.941475578855191 0.0452 30807.902018549357
5.542190030247014 0.0434 30922.51943436585
6.716417752792678 0.0402 31035.021151515575
5.92527363917919 0.0402 31007.02153825763
5.68982480848161 0.0471 30876.633226248592
6.65817800441953 0.0391 31159.092110345788
6.1064560765079845 0.0434 31137.423508770906
5.873012907235387 0.0398 31123.796062382786
6.2831778191934085 0.0409 30893.828822198724
5.075285362102088 0.0443 30744.130284718238
6.8420369976693545 0.0402 31211.678289998523
4.697057490565837 0.039 30766.443638368957
4.730886640108236 0.0418 30720.59477808323
6.331956299901283 0.0376 30865.83199676756
6.1621194011860965 0.0351 30831.449951918257
6.160672266268084 0.0382 30968.5099455091
5.319730669904299 0.0378 30749.564202504458
9.099908862799536 0.0394 31413.168770401146
5.661947487461433 0.0387 30835.001386299493
8.63961269727167 0.0336 31214.444734485005
6.156677183813092 0.0378 30950.688907746287
6.48100601444021 0.0349 30911.54435033054
7.21430723060381 0.0343 30983.248159976996
10.927531589164666 0.0329 31602.301782695544
10.071979827784734 0.0321 31364.64078256061
7.583982568081121 0.0347 31035.977333891147
9.47994730708699 0.0341 31227.54238688084
6.643587043955771 0.0337 30866.352456683508
9.588129061787393 0.0301 31259.708607194196
5.408688805982361 0.0363 30624.859142413603
8.467827257892775 0.0334 31106.47850718287
6.939286696102997 0.0341 30768.430318850747
10.745072453386388 0.0309 31408.126219596903
6.894225928227471 0.0329 30757.40633649362
11.855343933157384 0.0321 31514.374984807873
23.149313054275627 0.0305 33141.907060333426
7.725548965763256 0.0309 30935.586395214057
8.713085319551201 0.0343 30954.79894153944
10.598750876708426 0.032 31400.663323457222
9.317803640544405 0.0309 31147.820463256412
13.439719262719489 0.0319 31689.982682429963
10.087980545684866 0.0291 31144.951174156056
8.987716735842065 0.0294 31085.308827275396
12.862770341726922 0.0306 31705.518882160868
12.787519526621795 0.0282 31502.484128886354
13.55136290871037 0.0277 31783.324912625965
12.231109066951923 0.0293 31492.78102925836
9.541749878924836 0.0299 31030.994784386818
22.866083269072718 0.0283 32938.51376163518
18.646490113352417 0.0268 32282.051293342236
15.42760655892022 0.0283 32049.724075916267
15.30528549891666 0.0278 31971.567446685036
95.74238068099932 0.0259 41106.82834729011
16.58581028116633 0.0261 32070.872105158687
21.795164002351143 0.0263 32816.17794407109
39.855576392662755 0.0267 34512.251448166324
94.44819189980372 0.0244 40825.34504644108
16.69269408559241 0.0252 32030.802131315548
27.52804902835696 0.025 33362.69186509205
22.50466508624443 0.0236 33003.685171786514
29.4433843986766 0.0251 33629.96139684675
70.51666638167659 0.0225 38640.18258772443
18.773318202934973 0.025 32451.19340189133
24.37094902171285 0.0246 32907.30362613387
19.375272234206097 0.0248 32396.40271004364
42.84769591829397 0.0217 35841.23478118623
20.420448563014858 0.0239 32752.932169152205
36.758237312800574 0.0209 35139.97449504518
17.492576352364523 0.0232 32290.012187531465
64.17540436894039 0.0209 38135.90945210382
87.69988635764592 0.0213 40042.50627061202
91.73287327350906 0.0215 40582.05473146772
21.90034986768753 0.0239 32680.497851607448
46.7436157084511 0.0222 36187.87701722475
23.201631379281086 0.0223 33179.065986092864
88.00847835014387 0.02 40229.9621773054
90.32451896452798 0.0195 40215.90278484809
37.22091584278594 0.0219 34918.63263486607
97.47824370284147 0.0199 40917.50225399853
42.21717991446996 0.02 35733.946687376534
90.95199971711374 0.0193 40222.73925014734
97.77302702009483 0.0214 40556.45258663586
96.62114797126046 0.0215 40598.28382833069
95.0573562440536 0.0199 40418.10881953093
41.24511775879507 0.021 35257.08532892293
95.53404026240088 0.018 40623.1349368046
95.04585374731681 0.0197 40586.52781636401
90.35102932638786 0.0194 40140.284032394
98.0228010887171 0.0174 40706.338960909205
89.00833726947613 0.0187 40040.54709696041
76.68210127119617 0.0189 39036.68697304454
97.56067967228732 0.0191 40654.51002132957
90.48319313261807 0.0166 40106.8260205835
82.16811783080018 0.0179 39395.367257886865
89.4792983906957 0.0178 39875.81337143557
95.7734930093535 0.0173 40444.330100703904
91.21942473764835 0.0187 40276.968568224096
93.45750194236253 0.018 40356.85150085012
97.6602639014925 0.0166 40718.588037893605
97.98826094412146 0.014 40761.198289929824
94.32898863975969 0.0141 40610.10048317657
88.18364082154524 0.0158 39738.5984017314
94.77783638846729 0.0173 40453.19574957014
96.54804503118204 0.0163 40463.96272033676
98.04756467610343 0.0143 40606.30073727743
96.75148958402677 0.0161 40317.039624540164
98.19700676913679 0.0143 40399.658397814026
91.85687620718744 0.0163 40129.642308196475
94.88002901563767 0.0153 40186.55539323429
95.12769366688217 0.0163 40344.241076878505
96.28713857035069 0.0149 40406.70370173143
96.93938035272586 0.0152 40527.27228387525
98.24619033991524 0.0158 40695.928959897305
96.26956497403027 0.0147 40595.155234240534
98.01332604151675 0.0149 40496.38582954399
95.51011841286743 0.0143 40157.9427482074
97.95850319134425 0.0145 40423.1804091617
97.26621784130612 0.0131 40440.851238856296
94.80905831785249 0.0125 40376.05485830668
97.90281152229825 0.0111 40628.82797631711
97.16909174363514 0.0136 40451.3090155189
96.93110364022208 0.0122 40433.80188702002
93.31656140529124 0.0144 40044.60979319909
96.0831424211436 0.013 40638.932595801416
97.70862352778573 0.013 40546.59693136373
96.54548778255918 0.0118 40552.89618669283
98.03996910048322 0.0124 40440.047067512416
97.65837362017491 0.0111 40434.89976958061
97.77459517753104 0.0127 40422.82451881172
96.99205104662514 0.0128 40272.186479360214
96.85618663564125 0.0123 40367.845950564
97.66204478605461 0.0118 40404.105175095356
97.61529417781362 0.0135 40438.294346301525
98.35313763343798 0.0116 40781.00127057297
98.14258993989972 0.0094 40533.548308022524
98.13505455734287 0.0092 40311.034941556085
97.6963345394246 0.0096 40511.243629526165
98.03696031244759 0.0098 40276.93294141256
97.69159299308707 0.0107 40471.7638557437
98.05952008484267 0.0111 40099.0133595762
98.24785092176467 0.0095 40302.370826956285
97.45818154830778 0.012 40459.56695980366
97.96315272694825 0.0104 40303.55247915611
97.26805192192084 0.01 40201.36507704308
97.91915020286073 0.0112 40310.32247225029
97.90984814011884 0.0119 40299.21558964022
97.40449024405731 0.0098 40325.96619677639
94.91269317502567 0.0102 40076.10398258693
97.86448179083874 0.009 40253.40785484577
97.04904411312184 0.0089 40477.28764529544
96.07040544973124 0.0094 40302.19675181297
98.19252572489039 0.0098 40383.656370382116
98.14419438948943 0.0103 40250.52557735681
98.20626405013098 0.0081 40399.60851603029
98.14013959269545 0.0093 40322.77854843918
97.62753327445388 0.0092 40275.28710759672
98.11195154471389 0.0093 40237.79475842564
97.75345319361298 0.007 40320.97512307137
98.1037478661223 0.0087 40248.339635090255
96.15982533980039 0.0094 40104.062548756425
97.98202913132292 0.0081 40336.23609392682
98.33300557757562 0.0089 40272.35681133519
97.3856378130403 0.0076 40316.85126059819
98.1890981151603 0.0098 40219.17387793529
98.04647244616763 0.0069 40165.18822194665
97.16798368103726 0.0065 40325.96662003499
97.93147025696562 0.0074 40277.34525510376
98.365723810084 0.0087 40106.7425965819
98.25147718882326 0.0076 40231.395318733244
98.23792192737731 0.0065 40282.55769841602
98.16431871717299 0.0096 40219.95860855667
98.09132120632266 0.0077 40048.523612640296
98.00590664669173 0.0073 40135.77563003692
97.83088596675725 0.0077 40197.71994136272
97.5427006292081 0.0081 40294.87971462673
98.26007178722497 0.0067 40365.56101174677
97.64303645063562 0.0078 40358.68716591188
98.37941370773194 0.0067 40208.73270484282
97.85630412434732 0.0064 40247.759351421875
98.05552349587794 0.0064 40219.878237704055
98.27337868643761 0.0069 40169.55775933702
98.35252409860784 0.0067 40266.173757321834
98.29115292053129 0.0069 40034.34999669651
98.24209379335085 0.0075 40301.40538713197
97.46927972568048 0.0074 40119.801847924544
98.20989853449744 0.0067 40237.09168422236
97.98223225591593 0.0063 40231.98065384762
97.94447187774239 0.0068 40145.695435057445
