3.739755493214322 0.0483 30923.57378162673
3.9371951257463196 0.0545 30920.350461080954
4.973888604338233 0.0499 31242.7258879047
4.9980623723278885 0.0491 31171.2060029734
4.573592374194007 0.0476 31071.237395101118
4.494016464875516 0.0509 30866.058545940625
5.417661065248442 0.0493 31042.771763991004
3.9448157029378503 0.0472 30871.657332852574
5.193906152119957 0.0449 31010.049592094092
4.334118520001951 0.0483 30813.477392584216
4.665043696381426 0.0479 30857.187540289582
4.539494091983724 0.0436 30876.18303468731
5.501394034468987 0.0421 31078.38975985858
8.042724147797907 0.0432 31298.783127363095
5.215083327360102 0.0447 30948.385098661816
6.2596079458885825 0.0432 31032.251225244432
5.846691438703036 0.04 30946.487974553034
4.799538207659623 0.0437 30793.12485999748
6.065933227849808 0.042 31004.549510717454
6.477838434183707 0.0383 31131.48231291281
7.094405996724579 0.0414 31064.918652191584
5.599860970535232 0.0407 31007.80808553222
5.094163096904709 0.0403 30766.845766869163
6.555167509307024 0.0395 30928.798426130925
5.516337689265158 0.0409 30839.29518042271
6.173841059025573 0.0364 30901.11282533128
7.464086236691959 0.0384 31206.72552240355
8.213176202227777 0.0377 31203.081052254445
9.089844260837284 0.0378 31406.59978058918
5.706148768788025 0.0387 30878.90456555485
7.613181693010918 0.0362 31077.041064682126
6.183557440730661 0.0371 30707.285819340734
6.392640627831164 0.0356 30963.611323946545
6.385721280300949 0.0375 30854.604476347533
8.151822102053776 0.034 30963.720810042327
6.569606582104815 0.0358 30756.231495125125
6.515505232968196 0.0347 30695.07768883412
6.057096048434945 0.0373 30742.483910874085
6.979731727809516 0.0353 30872.027611220277
7.216752606133408 0.0355 30965.733400485533
9.845141223722374 0.0347 31418.608588327872
8.032146401546283 0.0322 31034.328656447495
11.859409465871833 0.0324 31559.436706226137
8.46794901891428 0.0313 31145.730506672422
10.213418622154089 0.0326 31383.83890557851
10.030683359001614 0.0309 31239.77134196835
9.284782442945547 0.029 31214.22677885751
15.402524275093672 0.0309 32188.46980462999
9.54383588499515 0.0328 31273.85248054676
19.375753514106297 0.0322 32437.95981554816
22.460211490421436 0.0285 33000.023073831144
26.889096566684287 0.0274 33461.22626982204
10.303345894090489 0.0321 31225.63349678481
9.815005642095112 0.0311 31236.114373878303
9.872726857277916 0.0322 31226.693459122802
16.77658025629808 0.0282 32091.24142687498
13.754763600689953 0.0285 31647.117258673377
11.845242861909856 0.0297 31468.553694754926
8.906120052581487 0.0292 30959.795783803012
10.177250846842647 0.0283 31067.728979828786
29.498844660539476 0.0229 34047.19690770672
18.500836728330402 0.0263 32351.58994777608
14.287804917105388 0.027 31899.01433012844
24.870995675631832 0.0242 33247.69601689373
31.09987207295568 0.0238 34009.462749867394
15.685684290247801 0.0259 31997.237199030897
96.76784760511288 0.0255 40813.67370981418
42.93807069498206 0.0249 35551.242198133
22.55875578803217 0.0248 32852.76883283852
10.841544425565345 0.0266 31264.9054504014
13.981147586261457 0.0286 31757.271748167597
13.579173680994211 0.0259 31576.05778287684
25.083850570740918 0.0239 33408.3854691752
98.20978375421436 0.0253 40823.070649223286
17.417557637816437 0.0259 32430.39594655376
23.045762073965424 0.0238 33020.36907836695
97.26178351937143 0.0227 40867.104959617776
22.49532078801639 0.0223 32904.29098855724
31.429030025510986 0.0234 34166.85561422296
39.07763892759248 0.0231 35038.89089502089
16.849714726375733 0.0234 31948.67772784986
33.543775045517904 0.0221 34484.126692032114
30.92222315343091 0.0221 34058.83522176196
40.92033881383648 0.0227 35084.01088706477
95.2785489942785 0.0188 40551.13953582886
35.509935939495016 0.021 34831.18531690676
97.22659719121008 0.0209 40808.156651704994
32.05185017430542 0.0222 34193.02750860712
24.382041578948822 0.0254 33069.13183054611
41.69672019052189 0.021 35581.83383084553
42.84906165311944 0.0203 35391.831373686095
92.08111233830579 0.0194 40518.86022309196
83.18938794842539 0.0205 39504.81330776188
25.01604959347524 0.0229 33108.52643922295
74.42109802761351 0.0194 38341.639374626466
95.06868289398658 0.0197 40372.06299725308
95.98003581481993 0.0191 40474.508017670545
94.49020766627831 0.0186 40549.89700666093
84.12184335152797 0.0176 39899.77579392101
94.93007844253836 0.017 40402.07088856665
81.60271579887169 0.0183 39241.767616900834
89.93672074331643 0.0182 40206.972965669775
96.89039443288739 0.0152 40369.04835832198
97.13847303481216 0.0166 40560.203992836636
97.47053473171218 0.0203 40721.254354457946
96.98705933099959 0.0175 40546.23809286583
85.11507287503915 0.0175 39626.079061150514
97.07588739076219 0.0163 40485.36531277952
85.41240367928876 0.017 39892.18270083121
94.98492011640721 0.0163 40309.452364035904
83.1863614576245 0.0199 39358.26788646955
95.87522197229727 0.0175 40646.76084691078
96.86873482959278 0.0156 40490.666880197554
98.13920562313527 0.0146 40825.09933580173
93.44885107257512 0.0165 40403.880912589644
98.063532179793 0.0162 40778.9837265849
92.46293990791294 0.0154 40321.09486815209
95.69976640381573 0.0159 40600.391517213066
97.28344938909744 0.0153 40588.59026504483
97.36408424986868 0.0143 40457.44576027547
97.18248947401108 0.013 40430.08626102624
98.20844085543251 0.0141 40517.158146934125
98.19332263013058 0.015 40712.81024681084
98.26435115494483 0.0148 40525.23932552811
97.65605482078938 0.0149 40661.36289879802
96.81322587165344 0.0137 40160.00914158539
98.11569653601038 0.0128 40678.247757217665
94.36371468225398 0.0151 40214.24318392716
94.95333864467676 0.0158 40299.29287633853
96.15693915400429 0.0132 40535.09925809853
98.02282612048229 0.0122 40576.87808495121
97.89008375325815 0.0116 40671.95377711229
97.43631788214405 0.0138 40601.60271072473
98.06822521577976 0.0117 40603.013273105775
98.25699416091399 0.0137 40324.88206796266
98.36677302578526 0.0132 40533.170018538585
97.49315447832325 0.01 40238.314724572134
97.89521088663292 0.0133 40601.41801249009
96.56305064496745 0.0119 40287.57990921563
97.97414575393968 0.0121 40559.85408588464
96.61436250520791 0.0152 40429.1225759384
98.10103123861673 0.0117 40607.711488400804
95.79032349060239 0.012 40297.7586701679
97.57291314380078 0.0099 40265.197341696265
97.9451297937656 0.0112 40551.623569750176
98.11861498914591 0.013 40472.811614309794
97.43919789776315 0.0102 40554.096426743
98.04615163629448 0.0119 40413.24472885474
98.1579308887155 0.0129 40499.04285327759
98.30698092179261 0.0107 40355.305380476144
97.38235978151796 0.0106 40369.50970075344
98.08731676609186 0.0101 40546.5829324039
96.82971461954949 0.0101 40252.43463342761
97.96238595764264 0.0102 40441.43699012739
97.56590723283578 0.0093 40303.589645859865
97.43504600782059 0.0106 40377.29256716618
97.23493185095388 0.0107 40408.31699969869
98.33498347970448 0.0102 40499.3577372457
98.06756321525765 0.0099 40369.70210396484
97.11539990550463 0.0111 40370.898706104
98.36879519917876 0.009 40262.227142824624
97.5031540125158 0.0094 40079.445255069215
97.92999246911317 0.0107 40440.96552738747
98.11645744233776 0.0124 40546.284473318345
97.28347687995901 0.0092 40126.13755009347
98.06714702478628 0.0093 40237.0892532798
97.40274307652774 0.0086 40362.81682640201
98.099753789163 0.0096 40577.89547517365
98.08630397285897 0.0098 40411.00643681768
97.99948821920233 0.0094 40379.21692965282
97.0334064859123 0.0102 40249.9446452694
97.47574293522294 0.0084 40162.74183745963
97.88355826610714 0.0088 40320.77747081266
98.14448083239547 0.0083 40371.422925899584
97.20601972208543 0.0075 40311.50521112756
97.52370212357665 0.0087 40425.181958809706
97.84820165734935 0.0082 40200.0001679644
98.27763765405712 0.0087 40201.93691028368
98.1324202275936 0.0075 40243.15387485964
97.77339794354491 0.0073 40293.41889205183
97.8054858940841 0.0082 40322.90943636728
95.36667817443904 0.0103 40137.217781184554
98.32699492826112 0.0079 40397.28761769763
97.47521574677062 0.0084 40193.47898383299
97.64795065053507 0.0085 40478.40199550974
98.12296044991388 0.0074 40111.40867578419
97.7618344907527 0.0086 40400.84754196112
98.26379562803253 0.0079 40427.339935573335
98.13157449393498 0.0077 40178.76046744085
98.36489017484027 0.0063 40417.27449500618
98.16244111822422 0.0075 40369.8139093898
98.34444206051654 0.0075 40487.43691715557
98.3599547968056 0.007 40532.55094343202
97.15102821146311 0.007 40130.36584069887
97.77930815044749 0.0081 40019.681609196814
98.07599507482131 0.0085 40071.98457614022
98.37385338831085 0.0055 40297.81830238404
97.73501809483726 0.0079 40299.71887947712
97.95422830178835 0.0064 39909.93260159396
98.18248099899928 0.0056 40303.461308039805
