34680.42022395062
34682.93434913258
34674.32513375097
33690.94471754192
33521.13582452564
33109.941637857744
33536.057462191464
32668.12118321647
34501.93828257334
32137.211961125624
33012.82391060675
31292.567419535848
33935.55561296069
32529.270454061207
33281.49673213977
32941.21471233291
32779.831703824304
32724.51853952273
32018.643791512248
32968.9969387159
31574.069351386654
42103.5206820793
33389.90544320689
42342.70484768494
32502.9773833823
30709.45013431808
33215.43153899097
33654.20337835136
32708.99054272782
32854.12567014734
33247.03872818148
33761.13502005597
33761.353469539295
33688.80172626956
34235.123983727935
32773.30666866073
34473.709283331336
33722.01033067631
34112.66793204256
34229.76491489952
33835.69077241105
33863.88256407155
34625.639517513555
33109.066016801364
32995.846296620395
33494.62084336472
32808.5832924322
32244.97136940909
33521.55511320143
33761.406207498876
32966.37630461304
33203.35644023915
31527.987381875017
34182.82989208422
32369.714742955184
34357.894098702556
33243.71081967231
31692.64290049204
33699.32322175322
32360.964302245757
34145.63250170327
33457.26695770246
34316.36692072707
34074.67431487685
33361.8995827844
32421.030303980322
32883.315658068714
33022.661726924685
30971.391842668254
32958.660159507235
31761.7932772287
33235.109125557654
42043.46240512773
35479.61616428473
33958.611332605986
33855.449554883366
32830.334822316145
32494.826771832028
33435.474308908095
34125.533908842684
33215.71172846604
32012.531725589255
33335.217459362124
31539.158837621515
33203.890767450204
31757.61398843998
31855.36687581893
31319.25810257829
32101.698512751238
33220.90980357507
33157.487490447165
35489.04102141143
32548.17594499783
34521.678447381935
33597.25050362486
32689.703404057112
33202.86463869418
32901.61579012809
32069.299297483933
35844.544893038146
34109.39278481171
33854.637385966606
32735.792299771314
33206.28585685461
33297.19892671455
33870.672284663895
33669.869908489796
33266.00970700022
34422.1595000685
32864.249176519676
33262.72727756499
34951.92725673448
33670.886804100046
34093.32357797394
34890.90093352063
33990.05609077943
33954.008223403194
32760.39154732217
33462.26279008959
31400.872999895764
32297.075301820558
32545.63445802546
33426.876907034086
32719.52112482863
32083.096882128204
34103.828501862285
32860.192841613774
33357.35235730313
32529.97462619334
33370.70710363032
33526.91846646967
32033.120736989928
33389.04093697578
32869.0073334676
32839.23507883589
34664.02826738755
32465.24848002664
33750.20834770266
32593.868693574834
33530.08387111146
33808.83213686099
33458.67517465816
33804.22639774708
32220.072242259463
33633.57345270376
32145.9374893003
32806.83765099067
32363.674560027892
33119.63960478626
33082.79380759919
33600.04148359313
36240.92031158521
32169.01165955694
33890.49939001203
33432.90320890847
32838.77239544571
33665.74537590096
33954.88798834044
32666.14117415362
33195.984268628374
34577.10468471069
31689.852666004357
34445.930921880645
34011.08782715547
33245.915644608205
33601.25655257753
32727.560676484973
31873.587657449276
33624.79417052753
33359.98337154023
32833.11336498206
34791.46659451844
32965.01521168703
32318.324751627082
32393.543653114026
33527.489561986986
32271.440637760505
33017.665120320176
34029.84670410506
32307.26402263425
33775.59589577192
34017.93052927112
33120.69779921259
33620.11059862554
35542.49040453003
33057.33022707601
30452.16577968926
33230.89631264053
32845.47312517491
34365.89690141565
35184.99265808593
33358.210073431925
33367.00971173458
32212.465016542454
32679.121414299192
32868.64942416192
33778.21882475002
35221.06701028065
32778.654111234675
33232.394270211014
33831.256837474946
32998.60343301004
35046.41309962421
33167.468329662384
33527.43344786031
33921.64366119429
32900.292923724184
31505.22597642633
33522.55073277612
34864.54257707064
32685.771820412905
33954.52668033959
34510.166694498505
32513.15896102511
33168.08314421348
33487.16422189316
33868.73390683116
32600.783503547085
32139.006094255852
42161.732601836746
31935.612949454262
32784.06024565391
31932.68262383175
31183.079962565196
33804.595379753206
32715.375121756497
33149.54871732929
32895.67063914727
33441.30277036884
36005.3737379016
32240.750440101154
32444.969775685007
32924.51379063884
33328.57994003729
34238.80992004434
33148.241901948415
35376.51430038793
34089.27482942326
34454.52669867169
32780.2195864609
34214.92980328434
32902.32243511469
33564.23564474256
31636.60209864381
33637.622220109944
33065.91803915666
33799.194630166254
33969.00610724872
32950.56178204084
32359.98624843482
33282.104350093505
35700.534880030864
32771.781464915424
32293.23468730836
32206.421952041812
33560.4048905827
33004.86099053473
32970.10368309655
33701.95862149654
33502.668630738845
33050.36238879821
32652.072756049864
32014.513592168445
33532.19087812156
35127.498224806914
31624.681736034105
34770.45309159628
33115.4371068421
33034.28447462401
32279.32533722419
40619.651311243135
33866.74396930031
33310.24153896438
34140.53821381704
33602.99659447651
32601.131826305897
31934.545683655204
32722.559152332084
34817.30016124144
33317.30103170196
33186.981085242405
35060.01781115832
34411.419755020375
33840.30691721886
34035.66358606118
32405.280577888512
40798.354618872705
33681.93409502582
32871.41062428817
32282.577057415212
31959.083913730556
33263.0036865905
32318.207296325945
33811.56071514051
32253.059230597566
32143.610024906327
33847.080948862334
33029.007040499906
32677.737111649134
34567.078323791015
34293.133812669046
33350.16635127936
32877.10302787655
32172.239572932474
33584.080106325746
31572.28768301774
32416.49122484088
31801.411988855914
33024.58106657414
33497.18918408082
32309.703907597268
33496.21150379981
32110.426790720343
32864.95023021374
33839.99426929599
35864.12468937844
33207.635181466765
33388.29383080259
33932.324176565045
32396.55864143687
35158.03448712793
33992.10721437599
33031.25511087459
33223.20664877081
33777.83680461594
32613.12837795878
32212.08625635513
31980.813529438554
41190.84750052549
34120.9264121458
31756.803245922936
32187.002958380424
32464.392928260317
33141.188887075805
32616.110240999566
33122.38132843954
34807.66781641159
33052.267794463936
34452.1947045591
35046.713755635246
32978.7085792246
33016.15607797135
33315.18373506364
31766.100389859515
32782.32753267235
33539.74644689348
33629.00408229383
33349.07687808399
32770.00252400483
33821.65810828227
33096.60537854302
32672.59413370036
35604.41288320465
31192.308261101894
31887.68722253386
33158.26368475257
32296.386567128633
34212.47983306682
31348.393183977707
33940.11178050143
32886.921962777575
32955.30878171076
33056.28273941171
34788.75199927507
33014.59048615785
31752.43235476157
31660.36808437535
33837.1156736069
33531.35387434224
35865.232987752766
32588.690624067047
32591.801730430383
34122.654486929576
42340.170319726676
34303.44331506824
33168.203583354276
33544.95254717924
31547.700959822057
33005.29888348191
34015.8711105051
33641.67993824688
33160.26806454192
34521.20930984983
42146.979946271305
33582.12621176946
33794.03727948159
32885.04760929415
31854.643924635602
34037.49261468003
33166.017956044045
31013.280406958274
33360.0713942514
32639.327910395732
32257.452926068796
33042.788232176776
33233.352118223505
33214.45529538627
33506.92819639441
33620.0456510989
32788.30798963435
34489.02214473846
33609.319241310885
32802.30204177436
33588.16656095763
31923.272739232205
33486.66775402216
34497.63913702382
32391.81065868505
31605.6179283045
34474.35396541108
35772.0147647134
34725.232653193256
32631.740846082957
32823.57376203052
32437.403812675653
42040.48034265954
33133.205656714614
32968.70403814163
33792.157259267675
31620.39743074578
33730.48581579489
32986.16475229908
33250.80215093217
33175.753787544454
32173.556874197402
35616.6124079978
34997.74428725703
31927.16490184983
32852.59072210549
32129.984845739677
33333.98030105485
32886.08183890618
34799.319934177794
34211.6142167536
32643.59583167303
34073.52222291249
32690.093353716773
35455.06314841604
32577.81899100858
31428.139210682413
31041.759238914943
34109.38302002823
34048.78231920892
32731.449075290373
33344.697318429564
32588.55686541086
34963.273313717356
32799.30678672682
35141.45245499598
33352.72485755088
32150.865527463444
34228.49985127261
33113.40867027571
33146.190699817605
33543.228098825304
32810.484903496734
38575.98254410863
32475.181948168793
33645.00110185799
33350.167062969165
33683.91339649876
33588.686001310314
31798.115884579685
33558.80683336018
32645.781434813533
33924.990194677266
32688.347053425416
34137.664007512285
33097.813551181636
34034.72100739079
32787.34442595979
32610.732446413815
32988.736422051625
33973.04131380192
33169.78594827716
34126.816036367
33587.23864787758
32571.936263140196
32376.197806027532
41975.63469436925
32806.30964232533
32941.84473539474
32559.873570018797
34145.30038429827
33245.90596900718
33664.86832195342
34536.44221353726
34064.44433210635
33110.842222468746
32974.79044337607
33643.46541898565
32542.070127583163
32604.962626950695
32971.73997908809
32239.289608729123
32008.149261546518
34015.78279416265
33332.64201115068
32430.093656040674
32517.452014291375
33974.1745241715
32666.636738472924
32202.836708872463
33718.743857869624
32194.42482193475
33456.906391342265
33780.60909319156
32007.292486704082
32392.235722686917
32215.6537280848
34308.77491669475
33042.16423541163
32628.724346436506
31739.528095504946
31281.694382282894
32165.29573976128
32059.225824625613
32298.43860789992
32614.022647136087
32862.13414061071
32955.34717232208
32740.640634659685
32382.287746986814
33541.17841852768
31482.893120330584
32643.920323046754
33967.77559651958
31738.59857434097
32497.293135797787
33570.31996576938
33035.812418691516
33043.068227158816
34183.67557433154
33687.35103629477
33836.59998193009
32839.937354421476
33289.85824337993
33909.68426976191
31682.961808332268
33591.37257803642
31645.235893973124
31835.29914130834
34169.408687004994
33127.145987567834
33216.46366193942
33555.79813823161
33126.827157317486
33747.50607477881
32450.10172630038
33619.872672820115
32731.530211341764
33126.43898751749
31418.390719907627
32198.288947192086
33086.14693923663
34190.653513304926
32091.739622328514
35444.91545433269
31805.451102700838
33259.58367414109
33518.187305521096
35295.027179178156
33268.81006449469
32445.221563094758
33256.2461348762
33385.92729270721
32703.30515200169
33135.871747242614
34544.68859362604
31507.901206576524
33331.81802856033
33225.13163067127
31696.47450059732
32767.677854610054
31814.166697537217
32234.560228158593
33076.34260857095
32090.704018837736
32236.5724687109
32815.14785832095
32628.242689372746
32881.47382584719
33164.87163936148
33239.71187941935
34145.01308374529
34452.79040732854
33943.18205333722
33370.08268929364
33143.27599851553
33609.90584187764
34552.518068928715
32658.155037748165
34755.79044348819
33459.94365761385
34438.746537207175
34492.395767541384
31894.578498763116
34662.12162556251
33595.194273639114
32923.390312632546
33545.360171019405
33568.32923361003
33160.635348081196
33149.71505930649
33052.94701445683
32682.402302760802
31690.10909678085
33582.48543365491
32259.932906326492
34045.8295316221
33546.95742108954
33512.1019765365
33888.158775519165
32776.159150976935
31492.0867446722
31550.072999942262
32228.244482627662
32983.58988934531
33192.12081278063
31082.257328405623
35422.99421655642
34521.67564874394
33563.11763269956
40384.61497603378
35395.65506460047
32539.55133616679
34393.79877992096
33136.49573761474
32726.35188962256
33455.04905663778
32296.283537596315
32643.74149848586
33418.10801061921
41409.39328310392
31772.281540771903
34862.332389854855
31253.865290417816
30984.370137763206
34618.595795973706
32604.835357515924
32322.389273639703
34247.076206636106
33197.996215863015
34588.53584475094
33342.661126017796
32990.73552634347
33723.518665142874
33974.72094539913
33486.810480274005
41903.19034799852
34119.03202000169
32981.401575163865
33380.737683122345
32961.992077675444
33375.967172227436
32163.15938851294
33352.7278108819
33863.95317466323
32957.284199992755
34039.065422279265
34226.728133781486
35513.727637586184
34210.52817898968
31063.48414832062
34480.10836817539
32487.17328896857
33655.66099666131
32900.1284144589
36727.44029762906
33482.75678765965
34332.96572963873
31542.91307548152
31157.803620465213
34368.22381954306
34718.72425156165
32642.35976401276
32527.438716034336
32181.51076418012
32871.979933165945
37474.4082948521
32552.087367569762
33048.42479265406
34071.38714557636
33016.496679378
32778.59172826853
31826.33851675565
32532.143848580647
35005.95374787391
32707.101045322204
33386.21988070686
35480.903821697335
33742.1721959027
32649.89754582775
33231.320116765055
33591.07968489791
34344.93485375632
32977.16295991965
32923.67041943043
32243.34852838047
33284.45385332186
32068.04666074555
32437.02552381795
35227.46211634684
35088.62171594295
31959.870574785553
33737.8249632033
32750.704430274953
33700.62767023503
35094.28382351592
31637.60213820897
32541.874329197344
32623.688846772427
33334.50774547008
31946.21178483834
33638.844812737465
34767.317689694755
32440.253917373397
34087.68025563268
32211.83354589179
32995.946507706525
32152.68321030798
33263.768680054985
33297.2949192278
32513.802254812803
33038.37113281494
34767.66332103087
34174.97750726664
34863.27210759774
33206.151877484175
34436.863617493516
31852.848943350622
33270.48419012066
31716.93376722623
32736.705380031155
32860.20877092579
33388.11896154818
33109.619435116794
32888.280227674186
32255.5582555147
32559.46757130868
34358.401977332396
33885.380629089916
34417.801287978626
34560.77017843279
33221.73320972725
33100.65688665657
33087.50547531272
33869.899164538474
33873.60018616876
33034.95132817061
32735.605165412857
34538.6730032188
34624.71279579068
34572.48290733052
34089.518128575844
34724.58382103286
31861.01264149889
32036.81812830756
33385.762892763865
32156.93512809259
31589.721071619675
32579.294173888666
32227.129548073262
33658.494665969454
33263.396791766965
31794.387462838236
32382.854068924113
34616.91044965748
33341.75138980108
34547.95351732999
32414.75108990456
32666.60676581922
31238.630569045978
34612.234190249066
31737.21928547548
33506.28688845895
33782.85637395961
33460.20968275766
32431.387805274626
32984.75757622292
34040.7145725098
33425.926022040374
33343.160064980395
35050.154850455634
33684.27659286348
34001.96082822734
32477.322162028486
33676.416843110055
34565.36353698623
33623.74703498342
41363.773427314096
32915.522297088624
33413.33022095104
33155.17454676638
32886.68387440074
32189.75142718702
34661.277292847735
34263.08599409214
32319.143496636258
33829.46560353017
32524.65765693676
34450.81691679324
32323.557782738895
33155.82250081658
33631.54987298995
33228.80127681469
32923.67174156539
32536.605329475133
33268.985172140594
34067.10479731589
33244.17003952131
42035.25016881665
32196.74866390175
32751.586473928655
36053.47017320989
32555.93019993541
32560.124169392548
35497.40565065337
33715.755730620585
33455.19477956788
33810.83737277766
33503.536843578295
33185.35338821401
34271.07159118199
32246.588357714834
34795.20823066345
33113.14489775674
33893.48308182258
32834.64662332637
33333.38051641816
33402.05812708378
34443.843356678524
32742.703423755695
34037.76452596933
34152.19870284017
32803.03323019056
31754.230738758546
33666.83690294862
31514.684735033887
32797.86611472651
33824.738026815336
34055.49925780311
34028.6479060186
33242.389117190054
32118.272511222498
33367.76890666214
35328.092059074144
32540.15638530466
32890.739635412545
32595.972998913803
32916.5585707893
31958.100890151865
33203.49105692196
32569.27966415254
34772.15720739477
34404.25652954398
32797.08099903654
33559.66977520847
31433.323326727605
31711.69933237261
34714.120391969904
34145.312366658065
32690.147017221236
31788.504220758183
32115.495304591415
34130.24923826694
31693.777748965396
33679.44373103728
33264.58211700714
33439.426281469234
32349.080887257307
34193.379267872595
33515.157433818036
31957.92529125009
32409.619847445716
31675.202746062245
33274.16942341048
33766.53348688549
33186.8907739143
42138.991523623255
33015.27179473245
30282.528129075974
31886.137720772458
32852.52655598667
33436.53877686601
32008.28601281562
33449.44845393711
32646.12000837267
32444.456285375596
33495.92460175169
32210.12293343312
31440.963100281646
33626.26654754019
34126.81624448034
32384.085558543524
32557.07733964495
33768.059246900884
31931.439288348192
31247.134162254657
31994.54065362792
33575.80488050468
33649.53985096428
33271.49626230293
32416.72084005356
33921.616156812015
32301.806010741675
31933.129432098616
32769.9361245395
32708.757554031177
34682.34932775487
35012.55007737705
33347.531111286255
32470.343729335804
33573.14831512748
33535.504261189584
33546.25366791815
35091.55276226373
41975.729157549045
34517.91529876749
35471.79898888755
32914.891862884106
31216.536260022098
31781.86682678452
33894.08601107032
31921.034621239745
31461.134690224633
33607.974416581186
32484.66836681743
35776.6039958556
32660.689936918494
33990.968181856406
33585.602452788095
32873.534652127
32415.438899211753
32820.811431949674
34313.16742054282
35309.00853939682
33834.11828044726
31825.56492728329
32665.692323018095
32760.267843804373
36035.731738910596
32581.904197589367
35760.70439066647
33045.862351501506
33287.68234065728
34802.76757814096
34177.80554052584
32615.289918875
31754.46257649206
31888.905198385353
33582.98333060088
34438.69222417445
34229.12856058476
32285.614304116254
32855.13312786058
32464.739719493835
32142.921264270368
34724.73945066119
32596.592225281624
39700.793849682275
34568.63059204047
31960.375894066972
32009.634722452254
32847.90695844337
32466.592089685793
34403.49861833392
30928.347660620275
33295.92440606903
33121.72671732453
31255.637389441086
35693.767255609404
33635.287706721014
33648.40204581401
32475.462151348533
33492.83645570196
32505.609602011682
32942.47662830629
31453.50402636124
33014.91830248511
32542.79949120317
33963.86969687137
32791.76481032991
32669.672000506656
34228.93326756344
33137.87060730777
31869.45197892108
31927.137132600343
33168.96694360532
34253.67518212074
34003.587964147446
33017.14838703388
34718.62648132754
34085.502531766695
34972.325578825745
34486.63525859078
41940.12856310144
32426.09817275811
33205.94253588845
34879.041041085664
average revenue:33392.886871355535
possibility:0.018