38942.399999999725
39236.39999999952
39101.999999999614
38992.79999999969
38896.19999999976
39047.39999999965
38951.946746301364
38902.46500324913
39213.93481101129
39181.905125698526
38975.9999999997
39148.19999999958
39152.82391052742
39026.39999999967
39165.040139967525
39105.58998852367
39142.91601676645
39059.99999999964
39094.19020805974
38959.95940664897
39002.52363517601
39106.19999999961
39219.59999999953
39248.99999999951
39009.59999999968
39030.599999999664
39064.83306157128
38929.799999999734
39127.1999999996
39064.19999999964
39038.99999999966
39085.199999999626
39114.925272240165
39106.19999999961
39260.11450219679
39161.88645772937
39009.59999999968
39349.79999999944
38988.59999999969
39139.79999999959
38917.19999999974
39039.40049771527
39040.392290828604
39049.397154125116
38929.799999999734
38991.02588340926
39081.24312048704
39097.79999999962
39068.970151804184
38845.79999999979
39198.59999999955
39050.65864799418
39022.19999999967
38850.69242408379
38874.00493988972
39022.19999999967
38988.59999999969
39076.79999999963
39033.727364564
38921.39999999974
39204.427952937986
38879.403329882785
38971.33234816638
38904.59999999975
39274.199999999495
39069.39887396335
38967.59999999971
38950.79999999972
39034.79999999966
38960.86748908038
38930.36695114251
39055.8662743905
39096.87791252135
39059.99999999964
39114.599999999606
39143.999999999585
39160.79999999957
39034.988240656494
39039.05945198781
38929.799999999734
38879.39999999977
39156.59999999958
39089.39999999962
39232.23899709746
38984.399999999696
39003.99053948634
39186.681601403514
39122.9999999996
39072.599999999635
39257.39999999951
39169.19999999957
39100.15537246907
38980.1999999997
39169.776366829974
39156.59999999958
39085.968754661946
39026.39999999967
39009.59999999968
39239.279587479425
39118.7999999996
39059.99999999964
38879.39999999977
39194.39999999955
39101.999999999614
38963.39999999971
39034.79999999966
39093.59999999962
39017.99999999967
38896.19999999976
39059.99999999964
38980.1999999997
38995.59174411152
39183.47107480554
39257.39999999951
39013.95905254445
42218.46387700978
39117.707999999606
39164.99999999957
39218.78418625698
39045.89800129922
39219.803699800366
39071.58002802532
39299.39999999948
38925.59999999974
39118.7999999996
39022.19999999967
39194.39999999955
39059.99999999964
39038.99999999966
39213.01361714507
38984.45947169203
39164.99999999957
38912.999999999745
39132.48966874554
41763.61542280524
39156.947999999575
38938.19999999973
38946.59999999972
38786.42177804691
39043.199999999655
39148.19999999958
39013.799999999675
38973.33231570931
39196.53393026421
39009.59999999968
39017.99999999967
38778.59999999984
39219.59999999953
39017.99999999967
38669.399999999914
39194.39999999955
39005.59755920299
39185.999999999556
39122.9999999996
39122.9999999996
39030.599999999664
39185.999999999556
39144.45388974863
39169.569768509304
39269.9999999995
38957.17558200688
39034.79999999966
39127.49467736716
38929.799999999734
39230.94003270418
39118.7999999996
39127.64133258894
39043.413358157646
39032.80658952238
39009.59999999968
39043.199999999655
38980.1999999997
39118.7999999996
38921.39999999974
39132.75083692767
38981.744403370576
39089.39999999962
39362.399999999434
39267.47809444484
38975.98842625176
38891.76742625363
39114.599999999606
39017.99999999967
39248.99999999951
39135.59999999959
38768.61204633114
38947.49471969538
39009.59999999968
38900.03038453509
39146.947546289506
39033.892608055874
39143.999999999585
39278.42915806458
39265.86823149033
38942.58546961728
38950.79999999972
39097.9374567654
39093.59999999962
39181.79999999956
38959.19999999971
39173.437944530684
39064.19999999964
38959.798311441635
39079.50995316451
39075.05699309609
39187.23034269511
39076.79999999963
38887.79999999976
38984.399999999696
38955.346852514886
39164.99999999957
38829.41825961744
38908.79999999975
39173.399999999565
38971.98848812428
38917.19999999974
38980.1999999997
38996.99999999969
39152.39999999958
38992.79999999969
39181.85007034914
38909.17814935659
39008.280475441454
38929.799999999734
39141.21579798226
38932.88362325164
38971.799999999705
39064.19999999964
39160.79999999957
39097.79999999962
38837.3999999998
39136.228071175006
39038.96786345649
40868.71199632091
39049.44929002328
38950.79999999972
39048.21332978545
38892.10202252081
38980.1999999997
38793.05048469783
39005.39999999968
39160.94508503445
39123.49435296319
39127.1999999996
39030.599999999664
38942.399999999725
38908.89831160134
39143.999999999585
39009.59999999968
39091.972956050304
39064.19999999964
38828.9999999998
39073.410822497506
39110.39999999961
38971.799999999705
38954.999999999716
39061.167880555106
38889.29891278972
38904.59999999975
39169.19999999957
38984.399999999696
39156.59999999958
39101.999999999614
39005.82219169241
39149.26157145648
39064.365051295994
38996.71707646317
38986.44880933455
39038.99999999966
39097.79999999962
38980.1999999997
39185.999999999556
39139.79999999959
38854.199999999786
39068.39999999964
39028.57721394193
39169.19999999957
39080.99999999963
39131.399999999594
39257.56002396099
39081.94261806072
38959.19999999971
38992.94242692347
39156.59999999958
38898.563703356485
39229.86802975804
38967.59999999971
38959.19999999971
39307.79999999947
39009.59999999968
39236.39999999952
38871.20295289605
39112.37458807332
38992.79999999969
39034.79999999966
38903.66701581824
39282.59999999949
39090.334711898126
38950.13889564009
38989.69676854779
39046.76756003156
39089.39999999962
39068.519295504135
39132.97159142887
39236.39999999952
39094.91462875882
39064.19999999964
38940.76230744839
39156.59999999958
39047.39999999965
38938.19999999973
39013.799999999675
39089.39999999962
39152.39999999958
39127.1999999996
39173.399999999565
39106.19999999961
39124.22640947865
39131.38247786906
39361.09682763658
38988.59999999969
39047.39999999965
39079.84922618731
39117.05202293882
39017.99999999967
39106.19999999961
39106.51558085516
39022.19999999967
39101.999999999614
39013.799999999675
38997.27014940427
38992.79999999969
39135.849510734915
39072.599999999635
39164.99999999957
39097.79999999962
39064.19999999964
39135.59999999959
39051.59999999965
42071.638056651995
39092.888555262885
39135.59999999959
38933.99999999973
39261.599999999504
39089.39999999962
39185.999999999556
38979.431760291285
39135.59999999959
39009.59999999968
39194.39999999955
39022.19999999967
39006.66127254058
39039.579364055964
39173.399999999565
38992.79999999969
38921.39999999974
39051.59999999965
39002.708612883274
38905.25698456433
38841.599999999795
39120.508836827525
38988.59999999969
39001.199999999684
39127.56033709661
39234.027212509944
39043.199999999655
39127.1999999996
39049.14645857152
38900.399999999754
38946.59999999972
39180.38069393066
38899.56765293729
39093.647118224406
38925.65232725033
38988.59999999969
39066.66429204998
38976.068921010105
38996.99999999969
39156.59999999958
39072.599999999635
39135.59999999959
39185.999999999556
39051.59999999965
39097.79999999962
39206.99999999954
39395.99999999941
39072.80248117055
39108.307830262784
39182.63817898776
39311.99999999947
38885.07170683246
39055.79999999965
38908.38705313884
39011.089586395865
39114.599999999606
38900.399999999754
38946.59999999972
38879.39999999977
39081.51272485912
39106.19999999961
39206.99999999954
38986.88416609973
39063.0672086709
39044.274668123035
38929.97704320107
39026.73751963992
42045.92305571022
39081.69599999963
39085.199999999626
39089.39999999962
39135.59999999959
39001.199999999684
39059.99999999964
38908.79999999975
39079.96121143829
39047.39999999965
39009.59999999968
39137.82889004905
38980.1999999997
39123.18380518233
39010.97578574855
38965.13431398092
39047.43048400158
39072.599999999635
39022.81017715838
39005.39999999968
39034.79999999966
39220.34379289913
38955.652999562386
39009.59999999968
39009.59999999968
38955.043475528844
39133.34119004481
39059.172903878665
39009.59999999968
39106.19999999961
39106.19999999961
39223.79999999953
39139.79999999959
39165.01214346265
39320.81094809105
39001.199999999684
39137.6982516838
39173.399999999565
39106.19999999961
39030.599999999664
39085.199999999626
39121.918130401275
39136.604267795556
39191.69477513152
39139.87984886525
39143.999999999585
39013.799999999675
39261.599999999504
39110.39999999961
39232.32243983916
39143.999999999585
39013.81997929777
39226.17591084182
39156.59999999958
39237.64994996587
39211.19999999954
38908.95027438125
39055.79999999965
39085.199999999626
39118.7999999996
38917.19999999974
39150.656842805656
38988.59999999969
39278.78392956685
38829.31804483968
39169.19999999957
39111.80001647354
39060.006683611224
38862.59999999978
39278.39999999949
39148.19999999958
39089.39999999962
39156.59999999958
39097.79999999962
38996.99999999969
39050.98258988048
39034.79999999966
38967.59999999971
39135.59999999959
39123.72129661356
39125.49142219512
39101.999999999614
39145.03416793868
39034.79999999966
39255.663814918305
39122.9999999996
39068.39999999964
39072.599999999635
39185.999999999556
39282.59999999949
39038.99999999966
39051.59999999965
38996.99999999969
39028.26090564461
39097.843433958304
39030.936871159094
39059.99999999964
39208.63068425173
39155.18517617335
39208.09964064626
39118.7999999996
39055.79999999965
38841.599999999795
39219.59999999953
38963.84227376607
38950.79999999972
39048.12612418416
38963.39999999971
39114.599999999606
39181.79999999956
39190.19999999955
39097.79999999962
38786.99999999983
39143.999999999585
39156.59999999958
38921.39999999974
39139.79999999959
39097.79999999962
39022.19999999967
38975.9999999997
39005.39999999968
39030.599999999664
39131.399999999594
39080.99999999963
39085.199999999626
39181.79999999956
39186.96349915278
38917.19999999974
39013.799999999675
39152.102798824504
39101.999999999614
39022.19999999967
39185.999999999556
39030.585938757875
39038.99999999966
39059.99999999964
38967.59999999971
38988.59999999969
38992.79999999969
39106.19999999961
38912.999999999745
38992.79999999969
39144.77705124547
39097.79999999962
39190.19999999955
39013.799999999675
39034.79999999966
39223.487814910586
39164.99999999957
38950.79999999972
39143.999999999585
39110.39999999961
39005.39999999968
38954.999999999716
39205.87064964429
39236.39999999952
39068.39999999964
38929.81059720562
39039.23742910997
38989.1216481083
38959.19999999971
39244.83728851076
38980.1999999997
39198.59999999955
38975.9999999997
38967.5229516974
39072.599999999635
39043.83278264175
38887.79999999976
39055.79999999965
39038.99999999966
39227.99999999953
38959.19999999971
38967.59999999971
39255.558568453416
38854.199999999786
39118.7999999996
39313.52516711924
39085.53143972011
39093.59999999962
39194.39999999955
38976.25808880936
38963.39999999971
39043.199999999655
38996.99999999969
39025.091602621025
39357.424506739335
38950.79999999972
39143.999999999585
39190.19999999955
38896.19999999976
38925.59999999974
39064.19999999964
38891.818442369986
39160.79999999957
39014.28883542701
39076.79999999963
39072.81424914283
38922.63636087682
39017.99999999967
38799.599999999824
39211.19999999954
38954.999999999716
39010.81510396948
39206.99999999954
38925.59999999974
39269.9999999995
39051.59999999965
39122.9999999996
39120.59652321599
39107.89512646562
39173.399999999565
39134.41833125326
38997.695641703336
38980.1999999997
39076.79999999963
39137.01290768759
39181.79999999956
39072.599999999635
39055.79999999965
39110.39999999961
39148.19999999958
38980.1999999997
39001.199999999684
39118.7999999996
39043.199999999655
39089.39999999962
39121.65736082958
38950.79999999972
39185.999999999556
38862.59999999978
39190.19999999955
39150.83275159796
39202.799999999545
39211.19999999954
38992.79999999969
39248.99999999951
39127.1999999996
38970.33644673519
39068.39999999964
39282.59999999949
39089.39999999962
39026.435592239744
39100.24920510887
38996.99999999969
39223.79999999953
38992.79999999969
38925.931518205725
39122.9999999996
39024.72806687536
39135.24829994088
39269.9999999995
39026.39999999967
39278.39999999949
38994.616553459775
39122.9999999996
39055.79999999965
39027.07381519901
39059.99999999964
39034.79999999966
39072.599999999635
38980.1999999997
39189.010317858534
39106.19999999961
38988.691077551586
38938.19999999973
39001.199999999684
38912.999999999745
39085.199999999626
39227.99999999953
38973.40316875195
39030.599999999664
39116.01128313975
39074.56687556128
39026.39999999967
39295.58958296626
38942.399999999725
38904.73134762561
38950.79999999972
39101.570908789
39106.19999999961
39074.70951886079
39099.09820706484
38971.799999999705
39009.59999999968
39206.99999999954
38849.99999999979
38921.39999999974
39263.57228384979
38933.99999999973
38984.493562002506
38891.99999999976
39005.39999999968
39240.59999999952
38951.31049774049
38967.59999999971
39230.45123495493
39206.99999999954
39064.19999999964
39101.999999999614
39013.799999999675
39027.06209338342
39122.9999999996
39152.39999999958
38984.399999999696
39026.39999999967
39023.37376853787
39105.07273996646
39005.39999999968
39064.19999999964
39101.999999999614
39173.399999999565
39068.39999999964
39114.599999999606
38904.59999999975
38942.399999999725
39122.9999999996
39036.8308310714
39114.599999999606
39194.39999999955
39068.93677754085
39055.79999999965
39156.59999999958
38942.399999999725
39198.78068850394
39093.80011430358
39093.59999999962
39086.595583996175
39043.199999999655
39072.606699582975
39144.15556156995
39132.64650011646
39064.19999999964
39135.59999999959
38946.59999999972
38979.45882508559
39005.39999999968
38953.88699575205
38938.19999999973
39089.593644789005
39002.62983611221
39089.39999999962
39026.39999999967
39278.39999999949
39185.999999999556
39048.2022445661
39227.99999999953
39168.52818573255
39093.59999999962
39165.49661421483
38988.59999999969
39069.28255742271
39089.39999999962
39076.79999999963
39068.39999999964
38967.164735891165
38963.39999999971
39347.753500826366
39019.63730951148
39027.1836257652
38892.15300442055
38908.79999999975
39257.39999999951
38912.999999999745
39316.199999999466
38946.59999999972
39068.39999999964
38925.59999999974
39039.055925574736
39147.19784389482
39139.79999999959
39181.79999999956
38880.77187447563
38976.079367850376
39177.59999999956
39135.59999999959
39038.99999999966
38967.59999999971
39123.23997775607
39046.72340445053
39164.99999999957
39131.399999999594
39009.59999999968
39111.259351430126
39164.99999999957
39025.85084134891
39233.5766828155
38956.97739099228
39038.99999999966
39076.279794889095
39254.6011094046
39022.19999999967
39068.39999999964
38946.59999999972
38858.39999999978
39080.99999999963
39012.1731039712
39112.10342891088
39072.599999999635
38900.399999999754
39036.61224070646
39135.59999999959
38917.700353599874
38938.19999999973
38967.74607897748
39028.27843546258
38883.599999999766
38962.3938868937
39014.03887827612
39153.05488631691
39076.79999999963
38967.59999999971
39026.39999999967
39009.59999999968
39103.478321844705
38925.59999999974
38864.928032092976
39148.63872445362
39059.99999999964
38967.59999999971
38935.51483104866
39227.99999999953
38967.59999999971
39195.121435690955
39085.199999999626
39223.79999999953
38925.59999999974
38959.19999999971
39278.39999999949
39149.809096865734
39242.449993885544
39059.99999999964
39072.599999999635
39202.799999999545
39215.399999999536
39067.66222926165
39022.19999999967
39122.9999999996
38954.999999999716
39127.1999999996
39201.2592792112
39097.79999999962
38723.999999999876
39148.19999999958
39024.98821427645
39177.59999999956
38942.399999999725
39195.64507513915
38954.999999999716
39059.99999999964
39253.890706150814
38907.70572841321
38912.999999999745
39167.61098028413
39177.59999999956
39115.469882962956
39017.99999999967
39115.56506943815
38954.999999999716
39076.79999999963
39114.599999999606
39034.08889642282
39155.969431743826
39093.94812266486
39080.99999999963
39009.59999999968
39047.39999999965
39025.08634268258
39034.79999999966
39274.199999999495
38900.399999999754
39131.399999999594
39051.59999999965
38978.64724599724
39088.703279681285
38845.79999999979
38967.59999999971
39014.002074417884
39122.9999999996
39212.16249382754
39298.10207174328
39110.408738091355
38833.1999999998
39250.187957114475
39152.39999999958
39214.10490864876
39158.406514599934
39101.999999999614
39066.88364554331
39212.97286620357
39290.99999999948
39248.99999999951
39096.83697652923
38930.31553055088
39114.599999999606
38984.399999999696
39177.59999999956
39020.301300907726
39131.399999999594
39152.61583310153
39001.199999999684
39185.999999999556
38917.19999999974
38929.799999999734
39080.99999999963
38971.799999999705
39059.99999999964
39110.39999999961
38959.19999999971
38999.05093232276
39198.59999999955
39080.99999999963
39227.99999999953
39236.39999999952
39106.19999999961
39072.76164017364
39064.52583825408
39202.00200985395
39304.823107681994
38975.9999999997
38959.24722514556
38854.199999999786
39097.79999999962
38900.399999999754
39135.59999999959
39009.59999999968
39036.299883086926
39112.873157428716
39232.199999999524
39131.745571247724
39001.199999999684
38988.74868319825
38946.59999999972
39034.79999999966
39085.199999999626
39162.585460731505
39181.79999999956
39190.19999999955
39358.19999999944
39063.507216785336
39136.71761683887
39103.3859778662
38980.684298873035
39080.99999999963
39156.59999999958
38879.85928691093
38936.07603805719
39206.99999999954
39030.599999999664
38887.71954545269
39169.19999999957
39074.90352938351
39170.70358072851
39185.999999999556
38932.91251302725
39115.0725683675
39089.39999999962
38945.20430023168
39022.19999999967
39156.59999999958
39047.39999999965
39030.599999999664
39169.19999999957
39280.09388219749
38975.9999999997
39097.79999999962
39072.99579587704
38875.19999999977
38988.59999999969
39160.79999999957
39030.599999999664
38971.799999999705
39076.79999999963
38938.548730032395
38959.19999999971
39106.19999999961
39143.999999999585
39064.19999999964
38925.59999999974
39110.39999999961
39149.67747553404
39118.7999999996
39077.25835795112
39127.1999999996
39051.72304343855
39038.99999999966
38933.99999999973
39110.39999999961
39068.39999999964
39114.599999999606
38963.39999999971
38998.706644166814
39286.799999999486
39038.99999999966
average revenue:39080.321159558
possibility:0.005