33422.40164795918
33956.78708916369
34157.58352650588
33207.70435114939
33477.59760966472
33270.39295300708
33237.60963243101
31443.22629639119
32662.177319947386
33051.15519725828
38795.84514317171
32567.29257749275
33262.6421471091
33201.32925272924
33803.378643955606
32900.90609438595
32607.828210917578
34234.31978047208
32492.38416205292
34182.88228052174
32040.434211519892
33125.320846064315
33080.53702676975
32572.537096470136
33862.784887388385
33188.08360120692
35486.80280686427
33660.69041205536
32075.404027941517
33745.15438286093
35202.63403705248
32727.30042002202
35271.3144009842
33764.21970518814
33242.29528375854
32698.641489134774
34677.35945752945
32690.17908478543
32352.723670988285
33657.65060831474
34208.7330555632
34037.80214020829
32612.710517116047
33331.57781391534
35453.50172838644
33742.30310609654
34961.61462737774
32437.22287248641
32955.86159893578
34050.90004656392
33739.20777023255
34037.5115970554
32507.254804153297
33851.06306477571
33638.597364894755
33392.861210507544
34270.73194613827
32776.90395178582
34559.89191721605
31694.876488192866
33227.08745713993
32749.422868325855
33519.99499912257
34296.31764098517
34884.10507295723
32389.211875230136
32664.689265668414
34342.18320052954
32566.81922668624
32902.901112700616
32038.867548569666
32389.173365867482
34956.37285336242
32107.82136473103
32521.746939940345
33346.19151831577
32695.999065915974
34224.97214587199
32387.4236793635
33948.78794029729
33324.09833897284
32485.138760371425
34386.74008066256
32723.237596044
35741.21843723444
32827.854566162285
33503.543170294
32609.772345413294
33919.8225843189
33425.63543362086
34480.261286527726
32463.961686876984
33890.507638028575
31985.950363164968
32913.50754046243
32929.79035263284
33041.68952991345
32162.942068419692
34037.05330533755
33920.2218548457
33505.36263256657
34114.73804420894
32076.38732487139
32956.220055552825
34029.07905990549
31875.178121185283
33719.80219067912
35385.226076393315
33051.61369549266
35024.53709024507
31923.35696821787
33600.050762324754
32567.978994831483
34221.902368952105
35555.67433106943
34166.02399964654
33222.544287699384
32255.74578531686
35307.502376864206
32961.427790809066
32121.32100493544
33485.6712862822
33423.61571270832
34700.438291491126
34497.92897274746
33450.798777208096
33285.4763522794
32685.89287088256
32398.01165295356
32875.70695039796
31632.518954032614
34103.906494636016
33678.77164553721
33952.050618581976
33454.325310657696
34286.49564413785
36228.39483663318
33502.81940132879
34263.69062864303
32131.158789274585
32753.352976767233
34815.56470062131
32671.797944565293
35323.02128447539
32879.6478537723
33738.1389615461
33624.99539422838
33900.424778043074
33661.52154597916
34747.93119968458
33311.67599594818
33574.921432553056
33618.065029833975
33359.80500809075
33761.39556926616
31775.031277537757
35054.490567098044
32814.90442191842
33928.49337504101
32627.291462241872
32993.48476004322
33760.70960001586
31939.64058856624
33167.69159531065
33222.74087699575
33131.23882766997
31717.18741568982
32547.045679591498
32098.32794322814
33619.623055999684
32852.50520040382
34929.46469956053
34311.48844975947
34139.537102642214
32847.90673489616
35262.22091367655
33602.50978405206
34564.55839175835
32928.37570960516
33443.44678100931
33424.33870717097
33337.470094541764
33052.03428809613
34211.342965931326
34648.59939521899
33421.69572990226
33060.48878844694
33335.92929906452
34576.918111842904
34875.26302506817
35509.88939470941
33376.56556060783
33978.17337806265
32136.14495653563
33203.74566000527
34500.83119417966
32375.69335043047
33070.235583166694
31899.813630740082
34221.95310099413
31992.609775687066
33814.37688797036
33149.151266459485
33189.52953445686
32211.076655004315
36273.58103808326
31442.429120204473
32408.56138216906
33715.43539165974
33015.78110797057
33783.416336917624
32830.31475769393
34165.526005589396
33815.12016196053
35384.87109168106
33735.12077267529
34265.41716283405
33991.93883487368
32797.746596550816
34042.23973361651
33159.67380794646
32679.662178648003
32479.83342336021
32725.182321677727
34287.836056704546
32646.21980875236
33322.608324511166
33049.95243797241
32525.930935245007
33531.30904781544
36070.46874738186
32758.820963700426
34481.50886363059
33584.819746173795
33995.592182899614
32474.722195723145
33006.48819272173
31581.031070163917
32474.02953232655
33258.34455069898
32581.946133455273
35237.36196604151
34438.43148167889
32435.61886955786
33701.25640255973
34700.00458728978
34346.00315075264
33704.5110271164
32772.35949004836
34779.14116611091
34794.024348440806
30762.615038357355
34568.33074748853
34398.51522834782
33157.320560971486
34534.68766822448
34412.89326700839
34295.76188799866
34078.83502228192
33699.10861254636
35940.763184421645
34061.416406269534
34342.16465478158
34552.41578067191
32848.87881554163
34220.68988808943
32991.065924849754
34390.876196907666
32759.839707717518
31476.353483262905
33037.139755115924
33843.93715354218
33583.896354712
33592.265827540716
33758.91517333444
34818.03698554266
34274.22234516637
33859.01436272384
32732.676787937577
31604.439396417107
34202.10485346513
33813.3846379926
33868.70211557257
34608.00998653001
34485.138984122095
34391.33582883914
34982.146470875836
32893.074963587926
33897.11314611346
33400.785207154135
34997.58954627817
33648.954744695555
32222.79575292026
33486.87395166409
32708.741073730398
33762.36452268961
32275.762754679527
33541.85901714058
34197.54001695618
33784.88745997092
33866.07500928369
32807.79204532457
33576.34108359006
32009.376801869643
34109.13234291709
35851.9116786606
33611.154362777124
32919.149654623165
34131.74373690991
32628.399009659333
32887.38060551497
32667.148739456534
32053.011017460693
31892.482397352185
33690.636402470904
34458.02760151452
32522.665358319933
33616.71331151018
33133.66383646987
33792.61458046915
32964.725057347925
34010.3820381185
33678.77684615869
34143.14725231923
33068.73445625676
33847.48023623074
33014.97953450323
32967.753316165865
33129.899480664564
33472.70469200518
33837.698387406956
32876.56993851478
34566.66398469407
32625.49919511496
34120.68124787169
33571.04487415403
33157.75439882348
34521.27979778967
33572.556965915835
31692.69339787424
32043.640719424206
35266.82471898644
34528.59760155694
33593.01084888561
33336.29180155009
33241.44955326135
32513.790778301507
34101.85704057771
33747.99174363122
33619.55106112258
33546.70356847318
33246.70029298621
32409.133511173928
33533.029560040166
33578.546906236115
34883.41014725547
33600.43923624046
32855.31313758534
33712.989926814764
35474.041012842485
33811.89990516941
34179.48563624048
32826.03968767669
32820.2923861496
34255.645825696716
33211.298953970836
33396.57948626597
32424.285243508195
32984.78449199674
33565.245275042325
34586.64104481509
33000.84807524992
33787.691781875954
33668.850870759685
33351.18632131153
32443.360283763184
34102.857156486774
34061.26416519456
33715.42704900027
32774.60737755133
35327.1706860584
33794.74952407059
32646.503233680458
33239.365003764906
35195.23834803053
32807.37054270391
33719.73640028718
33912.39095236169
33035.60865237405
33471.61466785156
35262.97969267856
31573.002485831053
33428.639746480745
34376.107374988955
35132.18434586193
33216.42923700467
33605.89825695452
33707.05672604596
34152.19979494528
32934.88281186753
34093.35243602083
33535.08434948572
33801.75597134915
33948.22117084458
32416.04743954569
34662.66462658435
33859.417951721545
34453.61543993274
32273.458789408298
32608.272422841364
33906.85786968387
34591.02787683893
37299.49098815033
33855.66999598094
33699.89957304169
36518.09808964796
33117.24816181521
32965.73729200631
33387.365823650274
32251.83071810501
32262.572737240494
35193.01339003468
33441.14766755903
34380.42097457315
34017.88680458297
33263.73194906549
33277.27372945088
33234.10581820201
34620.914113832645
34961.26568786085
33418.94953306531
32817.860083367654
33790.82102423617
33176.94160005872
36231.85962879108
32993.75171128777
35775.67394707604
31659.35716869141
37118.21659504669
34212.73354209423
32704.400222479457
34492.786698278884
33097.5876747227
33546.292374968834
35140.42033800765
33397.44995951611
33513.08491117536
33008.184485357306
32657.019460747415
34271.30731955249
35173.798274317356
34044.75623447808
34079.345841975024
32009.464978846372
32912.61975360785
33508.74107661745
33370.233005109825
35420.472053593796
33630.29256378217
33361.84619279819
33945.69960154578
33592.65530667823
34380.03335445545
34071.72097491009
32883.0856216079
33563.978823348196
32023.394157076047
33691.831493614496
33148.12782394747
33205.42571225566
36245.91148343619
34542.343056668935
32981.37005109228
32691.643964474835
33501.78434340088
33683.559644906796
32493.96490124162
33019.39300751725
39086.57983637348
33105.15322513124
33152.62092212116
33209.411391101654
32214.17387248389
33826.74881045214
35156.96665405266
33283.291985715914
32678.119443572614
33544.21510109601
35525.17307018412
32771.06786598229
31894.67726739135
32137.21414687946
32916.000537257096
34052.07931941382
35051.31795160066
34060.23568167486
34195.52910516215
33970.806979628505
34910.00968974866
32634.43749598661
32697.624908681977
33872.836875057765
34603.17094180991
33474.80722330163
33316.41420812484
32732.19785933097
32899.304983824106
33915.65622708438
34457.68588842308
32697.070680559093
33606.952254132215
34177.582997413614
33684.12988270028
32995.05655606531
32540.1973524385
33445.679930632585
33026.63419428833
34259.15724119772
33021.38665031142
32941.63410317102
34198.92091671056
33112.703817085785
32876.114141629114
33819.779879298905
31752.9779429233
34620.34785802969
34446.72165256749
31941.925636206135
34146.32887264854
35525.95184911414
33006.539486436384
34588.965824164174
33455.89279133693
35296.91398876765
34678.355549306325
33053.88145010649
34123.557745551596
33172.10157519998
32789.46054905996
33365.870848298604
31934.591391225335
33054.114132497096
33294.06564481109
33833.12141100428
34889.652742593775
32394.490557224108
32093.920134193817
32535.99822007158
33278.70131201966
34820.120448457536
33576.60363054457
33641.77534152357
33979.39684335706
35401.92563461931
32554.690059585475
35056.506786057056
33352.521345300025
33030.0512481835
33739.86948896502
32671.30941241748
33141.24123840581
35503.95094722209
33641.16386135147
33432.237132221926
33288.903220641034
32356.264106036662
34104.819294104134
34715.00143063369
35228.840854541864
34312.555832482016
33886.66721265565
34884.36223175874
34107.884213479425
34891.48283240755
33000.845151745016
33753.05989376558
34786.746437091024
32468.279630306763
34024.73574640642
33809.27334983414
32423.28883886978
34032.15195197873
32488.375309041672
32778.82386807456
34526.4110450076
31967.99099652736
32958.804842137055
32054.795678793827
33252.41274952396
33240.20288907011
34593.008256226414
34161.04014232252
33315.56282750446
34931.11909412609
32268.259136345267
32656.083834032946
34079.39823711606
32785.86554122736
34124.83009792723
32508.332370958993
34753.55821856856
32203.885470849367
32916.32109540841
32642.57375517371
33517.33680471282
32886.44834867157
31953.459025053875
33450.97669346214
33920.624835182956
32835.29680423917
32453.366685946305
32313.82132716041
31697.59600300856
32297.25346349403
33736.32949002098
33082.371383556725
35055.192938467306
34240.73952950141
31361.796253263306
33927.3814911282
34440.539937966394
32549.222083746325
33058.92487924285
32869.99076593224
35264.01554767138
34125.40424871914
35398.65464218454
34091.47659832892
32968.24940254911
33422.42180491444
33079.01596159301
33061.22323242395
34771.973140877635
33151.84310903349
33683.20977168785
33657.64481346637
33671.74243494476
31962.53646884279
32686.11402223645
34703.0006068129
33120.610679687394
33612.400632299854
33786.066799454486
34929.524187156065
31946.127449360592
33433.90626033471
33679.90693291171
32562.67461921246
33407.09713868863
32480.088947107273
33701.784342786756
32980.39611895658
34180.593739088756
33468.815874159256
32642.56283230516
34926.07451222658
34736.02590577309
32382.433401445283
33803.08581570327
32564.691809551277
32975.03596929517
31474.361769221287
34944.663078961355
33303.22514096438
32725.21554911923
32984.49391055828
32072.746659041495
33407.471478721636
32954.023377742735
33903.715034799214
33499.917689941074
33563.93272167897
33884.90307306056
34102.24847925481
33455.76921626574
32364.628928148064
33910.6326308484
33960.75598283253
35039.24170279629
34260.91813021653
32463.626569512962
33297.457308778576
34286.34463213323
34077.767091334325
33030.939991463376
35384.23675170913
33707.324623887645
34209.60216020489
33732.1381355804
33986.514177061305
33461.68393061858
32914.07765040879
33485.00229739821
33678.89879003217
33908.805497884445
34092.570636247976
33073.96070138958
34001.31583394781
35618.99167828084
33165.09078281666
33017.95574428386
34112.44697035417
34469.12464291593
33015.456897254
32885.460083663136
35681.192466915105
34246.07463842135
34637.41490824662
34243.07081476952
35402.75633384632
32709.243288262038
33461.17723388133
33192.495352898404
33679.488018819684
34120.03838122337
32488.268578311454
31720.507043478698
31543.33459492651
32357.60680620356
33956.11919694999
33091.14699264074
33363.902589214
34536.11400214092
33939.3702531189
33725.092730320976
33904.896040169726
34380.2328954078
32442.442237301686
34079.9113143287
32688.259317540585
32566.621507947653
34972.76541832298
32163.67805772039
32873.507879517514
35472.36583157287
33229.52862372376
35291.43156323131
32513.344351098098
33838.83932306206
32654.42719141035
33560.750288614385
32458.20072710467
32767.508205460097
34210.60675828155
31931.757065970658
33834.65282201488
32764.83289078299
33421.06874447426
34355.49678558784
31265.98543090472
33066.962007690934
34465.34152712868
33384.50542714809
32494.20503002331
34769.40520593161
32662.21413788766
40630.316945347164
33527.89279518624
32565.459341558617
32531.888095892486
34821.191944172504
32590.0155734468
33347.24479059126
34901.72656359416
31057.411978045657
33999.58033236239
32704.305336470952
31750.871505232768
32867.98819777715
33764.29838421875
33625.95106055329
34220.44641724986
35503.34130834752
34133.68980097801
35427.023564336145
35569.61688944579
33301.49594020637
32065.209407945156
32289.4751720405
34686.19658861677
34307.21723178078
33873.47166688831
33680.69297879142
34946.85001673288
32451.00867860936
33832.92063144504
34026.55055942814
39978.18588422485
33910.57948188103
34310.96930370677
34009.40510835926
33525.210237585794
33678.61639943921
34054.906828267514
33950.498261676425
34614.729964913946
34013.14934795766
39721.96748655562
33583.27699369472
33848.78984031687
33267.18985357421
33059.303609069975
33478.82341988857
32827.01267268665
33844.51492756586
34163.73136256541
33678.0965415785
33069.190402889726
31800.977999402894
33579.30517534516
31964.461462807576
33907.90076240887
34528.00785023068
33238.30520319143
33924.45191405285
33589.01393675709
33075.9671751448
31412.123262693178
35144.891895971465
34010.29197745511
33102.08807065466
32474.11610803534
33844.12375998762
33696.37283158342
34597.84912934084
33869.2890740158
35188.95808893145
32718.61525039762
33347.69133965395
33134.28984809773
32555.327390016748
32923.486491499105
34184.46790869017
31608.855576086025
34706.059571622434
34690.55004514853
33938.51441832154
33464.7615198635
33200.12095224185
34932.512172276816
32373.77993021576
34352.98386468136
33766.72932497515
33256.01917962809
33371.884408996004
33990.73935774048
33385.57447552898
34774.583533579236
32037.761824558012
33928.50622667116
34340.216057657184
34154.12796734501
32824.62688997163
32556.778003309584
33077.342180384345
33892.0541454868
34603.39704304907
34344.60338049796
34378.55734140364
32727.83372056083
35736.764793198614
35454.82118719375
34711.12591717118
33502.066565691
32606.721525921923
34357.60350070558
33175.99953824871
34277.5676803101
33120.80889691861
31692.739705936307
33719.07163865329
33278.75274185669
32204.585670445136
33194.4909775759
33509.19805004207
33235.27832707165
33872.39934341366
33412.85223215593
32300.524778551968
33485.83078646695
33200.110916244834
33013.09023644541
32688.074781093957
33230.821315148765
32778.06422353656
32869.3822083063
32063.824740191943
32961.17576559994
34466.57606648124
33159.06690052525
33377.61409100584
32533.31653751985
32267.27871054288
33747.790773358356
33318.45472652119
33987.95462519873
34201.44181970452
33073.84653626073
34254.88529348547
33665.48229496751
32516.931690278216
32812.05081853689
33056.9214347646
32420.972754724004
34154.74062051436
34568.739714764124
33573.83431934823
34527.38177908996
34114.93299623051
34743.29392427451
33197.410629336664
32863.06104156991
34573.29299585549
33631.56752908196
35282.06290757112
34259.91264178981
32736.61458664728
31980.626956384007
32039.012732795458
34494.58816313799
32557.00059224879
34434.45112824098
38930.91272905769
33218.05456900189
32867.15893032365
32571.437405391993
32876.291992816434
32276.986131477726
32807.66272568191
34174.582443826475
34600.88940588236
34756.738766140734
32645.464989670963
33646.41565174725
33469.63252657578
33436.79167343794
33307.07913669411
33660.64681870293
33751.80687540101
33362.21875781588
32863.48547827682
32710.808270237372
31762.208276728943
34396.19727272723
32901.48924102868
33231.523405446525
33084.899286172316
34176.703669062
32838.280327105385
32533.75718080832
32682.54565489598
33904.2787174065
33604.27107090125
33126.26470948541
32613.804070772043
32799.213942544935
33269.42619338256
34766.26540795747
34010.228084252
33240.149019661665
32999.5978614852
34760.85525343882
32915.40262289645
33755.5343132446
34038.74879152796
32325.987675095606
33602.10223030902
33264.57469534707
33522.83219793675
35097.981849922435
32900.24784004905
34376.39122958473
33436.58995338382
32139.66256080616
32334.66953935951
33003.20329786291
34299.14805011527
37660.9339340031
34119.29304232098
34706.81080577755
35730.76682451006
34127.89272172008
33100.57566752118
35115.028196276486
32335.227235800317
32793.00663346419
33940.55664637105
33643.238570490175
34490.47239170089
32946.69330592842
33738.667122916915
34574.535664097675
41382.48012157584
34688.279906496
35660.70005264605
33119.980538337266
34133.349778749995
33787.93419823957
33436.80696351994
32354.96027614119
average revenue:33579.604889195216
possibility:0.002