33527.123133951034
34121.644181738186
32404.422194484214
33206.193635016636
34971.56367863152
33424.85170518737
34143.94554970249
34129.637458503836
34680.39926686703
32733.777566371064
33787.38036537372
34001.70939847277
33585.9771458521
33809.62230365188
34845.83280101007
34257.39988986475
32395.61301924408
34192.3624494803
31415.90768166825
34829.747747560534
33217.9752815849
32842.11508736948
34347.52324929101
33781.32288782274
33374.41863301504
34759.353564400604
32100.649459934753
32311.93870620147
33233.4824893282
32046.053997665196
32909.280571764735
33035.95278744259
34301.20505475236
31828.430982687103
32666.560508878836
33870.937867063396
33796.747833935144
33448.51579938637
33169.57249856622
33415.89674280319
35889.04350279869
33980.53704353789
33206.261940525845
32840.453050577824
33895.23463567325
33694.27568516146
33983.35692334297
32950.52179459513
33565.22296691317
33797.11603674599
32882.035852428766
32076.887141157178
33151.46171789537
33691.68265114635
31245.472275894434
33953.85199529176
34277.89153982768
34184.584534648166
32991.75615181409
35548.907393648435
32466.926812315298
31493.919148488687
32376.078149297115
33666.198030107946
32707.140167148766
33268.39108424622
35099.09677755207
31481.671179008645
31151.305213410382
34142.69033966626
33974.00790258961
34587.70045950327
31570.536150899567
31211.177765803055
33186.01807400571
31619.604412855602
33636.56109750321
35294.48599293256
33542.931497489626
32305.909216156164
32320.32385301496
35107.03848740948
34051.1819054255
32263.355285825517
33219.353666086696
35204.44304986293
32343.048276845355
32772.07291453903
34706.42009925745
34010.773352583026
33204.82399051918
35439.74935928956
32525.418663502012
33325.78755516892
32831.85057076517
33982.61441361008
34162.202387021025
34537.97527207561
34682.88169044213
33748.30548986409
33614.43760234404
32872.44800524766
34439.838339294685
33953.04932850745
33392.0287667766
32382.633413853924
41223.67809569367
33234.034166868434
32739.472271885257
31920.070467551246
33471.586871056905
32306.77424428555
32188.53659761099
34110.50253134886
35158.05583063706
33567.01438422934
33187.81702483587
33255.673895714484
33058.92714222351
32651.440373310015
33191.44594290078
33809.3272691277
32608.267624630927
33322.07672153505
34836.24753920935
33017.420467980446
32942.24203856381
34773.81843106605
33736.07830651836
32972.82310402392
32943.84047443968
33362.120249508895
33230.03611262947
31759.0990148293
33631.277197290416
33681.75562276813
34070.10764422523
33691.44851052151
33236.33709520992
35077.39650340393
33059.210210270336
33906.660254267
34120.66798108978
34121.394529183955
33303.34772586149
34135.656230781184
34647.927580651274
32407.657554579782
32701.562449539422
34242.40796273052
33516.881215893285
33597.42095275058
33530.26040251717
34035.97235573705
34927.068862242464
31776.601424068303
35590.7099936163
33212.07420365463
33343.64693711294
32432.761613616858
32470.58472855905
32797.87436827117
34808.81092665791
31925.252105088923
34104.49950777686
33048.56010844507
33227.54342532161
33918.31146795511
32774.0603680024
32422.241330174304
33715.99381643348
33647.93136334811
33236.45086371768
31088.215876583552
31664.195230561658
34052.02608657453
41860.903671427
33480.811185223094
32971.50950152115
32477.61855277454
31411.770003797446
32693.112458803927
32967.42727011123
33229.385046050425
33582.324453382265
33560.04480045278
34245.35006504537
32245.2384625009
34745.25577364555
33215.18178110765
33138.55527764038
33451.17063939142
33438.5311640655
33511.46526261317
32833.460156837114
33766.66760305961
33944.73776481191
33285.706702854346
33807.61840371603
31128.85261863448
33598.9526499942
33391.68215387684
32654.705743417693
33267.42730335921
32855.51686981468
32950.829193126694
34663.75446097672
32305.979787066186
32853.08095853548
34451.946721465094
33563.768045789024
34253.05573381197
33006.03271826815
31853.084263032608
32476.27972163563
35558.28620946367
33918.64049882026
32307.7875519478
34402.02546869532
33676.217994032806
31520.268895720717
33398.191147039564
35076.72656101439
32013.952296572916
34675.74764587209
34134.34354953842
33601.83022848579
33027.405247484516
33036.122160408464
32749.625621038223
33037.03979966112
31482.506938450835
34109.592869698194
33243.51794681744
33521.05584251782
34572.662368677076
34326.307617078
33117.74859131287
34735.041517414524
33152.303560916596
34188.37443125577
34320.14348939746
41317.92766256745
32956.10696806547
33904.67458265977
33642.223979924696
33285.384639265554
33904.25286585609
41868.47305358604
33182.09189535404
32848.30398241471
33033.47600663808
33403.38937001466
32800.95103031918
32179.627179193674
31339.8302436854
32561.77652271143
34028.091415245035
33461.90836411362
32554.335593171945
35064.464331250274
32713.81291858693
33705.03984644941
32907.14332016391
36348.033141982094
32906.93573894833
32315.816138864935
35244.91114450126
35157.53659040295
31809.164247911078
31368.696873357814
33221.830557326066
33408.65281104804
35132.782509486424
33931.99019044499
32468.185733060825
35561.072046906906
33517.39275661131
32603.546538560066
33975.41351473982
34736.96434694558
34618.53855741166
32231.523828483296
31624.080806295733
32280.56034941419
33227.09037317155
34134.94241564314
33209.33985744922
32517.37692322513
32448.794237555103
32636.38175734783
34265.113091817206
32173.104365904786
33518.755546766886
33829.795074384645
31643.454858468565
33784.49313549053
37972.13441952003
34208.84114563018
33213.64092042125
34499.30094518263
32386.282301972424
33496.069490543094
33715.428820481466
32488.994913387258
33836.21908303347
32443.843463573052
33479.993730432914
34611.65798201535
32053.5141727121
33902.51597542539
33095.51863688478
32443.211850182644
32811.829395362205
32099.254711948604
31689.54158692744
32957.558699650974
33348.91632986358
34538.85831549811
32520.399020985704
31183.860558858538
33955.41296453789
32803.90586907844
41230.31406750873
32299.582543353743
33237.98313610806
33064.334956507744
33509.120191155336
34719.24638277981
33696.62879752954
34341.21741742342
32681.71250045653
32433.213533814444
34463.0913270719
41911.849840857576
33192.291073404806
33431.90800614446
35006.41353873369
32542.36770937638
33145.67733885632
32863.45698944619
34292.23196846529
33287.22495738137
38065.685135092855
34117.881880889945
32920.546441367456
32349.975891249032
33357.38506917415
33132.406142973545
34783.47018416054
32706.307811729683
33729.96752781382
33776.57899752289
32034.568958664706
32470.793840186016
33511.7663274132
31560.123357769946
33864.16535121565
34842.56667740512
32627.82003475117
32759.75564291467
36503.60189749434
33831.76983992631
33796.02174149332
42090.896098018566
33244.702858413686
34408.03865243742
32560.23234332606
34141.82774908497
32201.6815393877
34140.699011785044
33385.97065979628
33375.735295815706
33245.599886747485
32417.3473463016
33307.787912753935
33656.20863770147
31315.951608293562
34583.29703154283
32148.738376511417
32686.403840788847
32968.94938764659
31452.808454432547
32525.894152288587
34272.472252694446
33277.69499356882
33258.900437429686
32071.050098257856
32526.4860060673
31405.831907283646
33758.33276023616
32655.458525370737
33214.039499575956
33761.83456047585
33289.437182551585
33351.61815152048
33563.157831860655
34380.16615281766
32752.014722284635
32449.920174542043
33685.3693726401
33198.562340812925
34240.50253671184
33004.28077719907
32992.216818924455
35518.027788991065
31651.34243850748
35608.748927222274
33335.870918127155
34106.32811415607
32215.413676797503
33598.60764608478
34949.83610770397
35287.44025750204
32705.921580647875
33786.069486382075
31294.02657699169
33287.07599345613
34191.14905307851
34146.54571727027
33102.211930540085
32284.26733767908
33599.419091429605
33227.20028671399
33350.804170378506
33281.16370783536
32612.528152149203
33430.77196535807
33403.95168851498
33437.69007567152
32510.543217885657
34899.961159310136
34180.95320255749
33954.27850229779
33983.64016533497
31290.64623383866
33286.635210071065
33202.56273442659
33105.99412571539
34148.3966568045
35214.97435617816
34762.46992354044
34817.486122911614
32509.28986928141
35627.68432319149
32789.85892752923
34210.335116192175
33565.550529701315
34710.36246750263
33663.43846658506
34063.130825704735
33172.15194022204
42275.096137710054
34227.08243873416
34233.01996084053
32651.35291040048
34443.75046514697
32454.51420439272
32746.325461560726
34060.85860192571
32102.24954828362
32399.921220309552
32437.199447188654
33859.44190223761
33812.78693821735
33057.716370852206
33914.79925468965
31444.380435174946
32268.90334889312
33436.88995489079
32775.85866101334
34009.84032460407
33193.49502279197
32687.322331540727
32874.612536757784
34196.14969559541
33627.37609405753
33748.94706216222
32278.194472436437
32215.18985020868
33222.12414650157
34022.96610212204
33477.783504841354
33432.317765858745
33980.30530725378
34017.271089353184
31760.04772768687
32007.872613310785
33653.085762776995
33124.36837767418
33540.11554897296
34040.64421492638
34178.768084617535
33197.11675168171
31864.35024628368
33014.190125447974
32549.766386869862
34073.838673992934
34159.43010843047
39272.08365360243
34437.5045066297
35596.24478353199
32814.32719854212
33352.82727439348
35662.52626917683
33439.62087548731
34413.79650275186
32463.29093373286
34110.27821019694
34958.16049855081
32589.105115981456
32188.60244493111
35022.16896455222
34028.45216297538
32628.538542398983
33870.1961230984
34949.82421601172
35167.05424208646
33851.582730161805
34272.384018371165
33022.455108290254
33297.03058648722
33685.15233127439
33524.551226370684
32749.73546596791
34572.62634400453
33928.64076266581
32805.019471971
34577.49446545109
32643.646199805607
32243.1059020616
32980.999817000695
34361.16756837276
32408.217827485805
33611.29551203887
32352.811048243104
34288.98628763611
33467.75413618355
34807.428497544635
34861.96036574082
34247.579263492225
32904.58779139868
33297.82481273576
32294.468166960494
34044.69415879746
34625.75423985097
35217.39464168253
32586.011973504876
34502.462007914786
31853.6473544639
34619.451414705036
32920.32920294225
32967.86926894569
33077.707743863924
32933.416037321025
33658.89610380165
32657.957588940873
32456.114382062227
33167.89298299233
32223.160129724452
33494.06407530943
33305.36749963508
34839.08112232324
34841.031897957335
33568.82740664698
33061.28134804003
32852.79212418196
33589.22914046177
33537.62373263406
33157.1729431324
32663.380057076785
33528.523326366514
32571.658774884032
35254.951926004615
33705.345079514824
32316.587373284598
32323.658223886152
31967.24639017913
32500.14475560383
32971.04091531863
33383.10598570376
34931.002097449986
33704.06758205204
33928.951181951925
35995.0364119434
33007.434240941395
33242.59220611883
34124.144965657506
33536.730884304394
32503.12879733425
33532.82028133097
34196.43657131166
32256.438062856356
32234.051156597314
33680.8963756312
33522.56466862353
32549.218695179494
35390.38719773906
33236.34660832609
33497.17786921947
35278.890073991366
34085.76985849586
33543.381557763445
32355.01316898289
33707.96092991928
35378.445264799375
35308.80939838984
33126.316139863724
42003.18511833054
33965.55370987892
34671.82453742022
33635.27557147319
33156.97041918007
33785.530307209905
33904.913700486904
34161.697880185
34504.38666321864
32907.71058604403
34647.437504807494
34404.91700284574
34013.69808740548
33771.72455140725
32325.81257303809
35302.04746233428
34022.51810256549
32707.312912205547
32193.99257472162
33264.239688876696
33802.87205586577
33452.19794187995
34275.230195858996
34284.598188824246
34203.75411993958
33624.28476974979
32550.693350656027
33262.07570774736
34081.856694355454
33065.89910598429
33079.869564339526
34708.82894269702
35581.55214434537
33768.77646292551
35053.58734404564
33548.00576414224
32129.69400357536
35084.89389851217
33531.62457004428
32789.95426577628
34680.32086058584
33363.864207780454
31992.110958233396
32919.005665246594
33221.27599935469
33467.253670405706
33072.34802668509
31890.663386328677
33456.192572649175
32408.61640837493
33511.713589942905
31278.48572112741
33529.92745726136
34805.94951129449
34006.92064382837
33091.0787696681
33948.64321074021
32521.65678067316
31675.66048302283
33196.20910077049
32303.580098017675
33618.059422824
34060.45652552488
33542.74559673689
32203.246142621752
33528.534252399375
34138.37597243645
33171.31976951931
33716.186569848614
33684.314462172304
33357.16383542696
33641.35819008409
31274.721346002974
41431.59572704607
34388.71746372977
33607.02725393606
32837.94125853711
33493.894827671495
33609.57157631895
35560.652719244325
32435.211040636055
32488.92103694449
33166.67748288816
32814.02121319583
33182.223540485036
33850.77894245882
31034.756037295865
33060.2306197496
33453.60189514135
32339.80276462572
32302.727859159135
33205.22262233104
34822.71169230748
34767.17321789421
33505.203836567096
32923.046813811015
33227.990828099806
33381.251895296155
33795.62425615208
33955.81675011979
33259.10637966857
32319.086039877
31808.80836996466
33859.81644488573
32862.59009416345
32714.920220367494
33030.38799867093
32744.518677537842
33653.65906713997
33377.61456218966
34861.77693012061
33982.81723518992
33876.591336836245
33029.669976115816
31380.561675118737
32629.895012550154
31896.845168660464
32617.052734500223
33158.02397163941
33451.95352883334
32791.46096706199
31943.907370736033
34254.497672573234
33599.602928474545
34095.69316691362
33725.92989796257
32423.342340090734
33484.540609142394
36087.31555861994
34267.621154378256
34892.64017708326
34369.06859622232
35842.84261690128
31813.99173750354
33812.26681943616
33372.08777015258
34274.878482762426
32166.180921172843
33987.06579889794
36942.427868422456
34916.156520370954
33192.001648581696
33259.67237589338
32416.785225478216
33396.94818008712
31910.494093333033
32691.25145100334
32326.68522453969
33566.856654195784
33805.805947993365
35149.01943518045
33468.61956191022
33952.88601907973
34807.59130948957
32690.7511767406
32625.7790007664
34652.06536249795
32365.18889066424
40169.347441829166
33972.68848106326
33728.239826408906
32886.99689710264
32882.45793372763
32319.52182421059
34358.51347790435
34079.269745539656
32885.581790501354
32612.12643921988
32554.13861223231
33047.00495978927
32381.417460837343
33387.38130309193
32514.514804997078
33724.541544807624
32692.700707748263
35013.369098570816
32318.738458570464
33943.98655308314
32760.869558142156
34838.14901046758
39785.341448110266
32345.735998560078
32772.86505839502
33200.71451116726
35128.90719197372
31819.929405986233
33469.84354075711
33763.08669291106
32382.248578054012
35275.1021334612
33290.92800832232
33128.381718862285
34668.436082940934
31911.431496215253
35741.06444575238
35789.82004893864
33779.06854620886
32718.728020897477
33013.59453279969
34437.896891280114
33095.50000884062
33137.91336075612
33949.33926406076
32765.283114594225
32713.46231025594
33896.99010469199
32660.167366576603
33307.542052747776
33598.782213649996
33909.81149810973
32101.69339199722
32093.01094530417
32744.427449022794
34558.29243858241
33120.06328748814
33009.58025629118
32790.43105906165
33459.14749082633
33033.011855443605
33038.459568693754
33463.733463015575
34117.97133805308
34213.72335040398
32751.63412746964
32819.22650234427
31826.07293126371
32507.415610794018
33324.86488013888
33807.43662914319
32321.94942979365
32465.085009420916
33036.99928218841
34578.83452781105
32479.977262769728
32968.07159201312
33340.38512842636
32371.218391225637
33212.7379740469
33279.1684646116
34019.07358214076
35415.99236807984
33064.614292106955
33872.79672987927
34164.25439515497
34005.66924674239
32843.906003527496
32856.64948180896
33134.62284233643
32307.759753084516
31851.748267898784
33617.2012920573
33909.13880794688
42097.28659200204
32831.282172543135
36002.743913203914
32003.84841725437
31699.875454574896
31746.76094043881
31929.13365453284
33019.650194731454
34245.59931082288
34352.00187024501
33346.96308229885
32183.886378921703
33735.68239120637
32365.343354353015
34216.994888351466
33127.18178299799
33302.110619777835
34048.971203899746
33373.56060668751
34016.18841620799
33085.48391287901
32897.92654939107
36151.41304690782
33023.0938277759
33649.91738791669
33680.19058396582
35995.93675031936
32215.34732509133
34594.47008482732
35830.32041606844
33492.71350262828
32953.29010749768
31089.690570086856
32995.88917998541
33520.95513822529
31763.401327736065
32748.29555331541
33587.701750254746
32929.423341934365
34972.13543002377
34766.59731193659
32723.1248448863
33317.35710773501
34206.8833499733
33345.22018170329
31197.657754403645
33714.037179605926
33541.790498160575
31973.159241344998
33563.469680032904
34037.808204620655
34590.638213338505
33556.538379004945
33949.77509850529
37379.03316195797
32157.403140329996
32613.35890717261
33647.13007961627
32972.11545977912
34936.36733450692
33246.951168084415
32292.822279632986
33102.49592197714
31966.81885053096
32959.04162107194
33926.93990426818
33067.179314399524
33862.89999429884
32315.897888421157
33567.9002222484
32611.143163372853
33146.0806789396
34783.947341299536
34326.012977803075
34109.29741673091
33458.885632548394
34168.9571187749
32295.318507201388
33433.15784959871
34580.55199658419
31813.840664279916
33433.21400744871
32934.79616438769
35159.286619916624
31398.85568905813
34159.43211828178
34908.39522995183
32101.13509230437
34215.43400462843
32722.044487156003
32946.51122651981
34806.60615345452
32469.155467352237
33385.45909446803
34625.58033916744
33489.838402887486
34933.073099642585
33604.83004807965
39368.104951327936
33395.62295556667
35967.37390379844
33870.174462430725
33586.59864523758
32830.11744648411
32300.481903447017
34479.42482189278
33721.34822091054
33234.45365006314
34274.088803967876
33933.36878621187
33289.69534989716
34207.13407046926
34687.975504202506
35625.2546900359
34736.74297258494
41932.36416406152
31134.987985183616
33135.49260299475
33426.96895034522
31894.85778965422
34721.300377417974
34425.53025430219
34020.29131704895
33536.50685364951
34655.55024701465
32256.205285038326
34272.92765667086
33675.77950400691
34019.31352153644
35937.34537577388
32307.81518994904
31744.561533240478
34468.087046344
32828.797584532964
35023.802454347635
33304.918286114196
34811.930772904445
32872.79079249372
34410.03502616719
33049.27018859197
average revenue:33555.26904633503
possibility:0.012