34303.89623785994
34390.10868268666
34977.66132284267
34449.65276702189
34637.177557820265
34583.139727084
33821.283871398984
34198.94111555889
34952.372220747
34538.450415508734
33327.91335946559
35236.72291864886
33974.45083517188
35596.69576812865
35380.855009581675
34776.576507617334
34705.00403635701
34592.523501578005
34219.43441374545
34513.212558368505
35559.38128858334
35099.042222034805
34933.47995250559
34495.95780379788
34617.58202012145
33779.9925281394
34239.83725681094
34528.45693863692
34892.49603037476
34297.3301302623
35349.07389566353
34228.35298444489
34842.441223681046
34650.10182849039
35842.91242716803
35668.356842395435
34676.879068097856
35157.83334797739
34315.622663045884
35103.63398704916
34241.15326219369
34927.610021302855
34366.09847951876
34460.43504375778
35685.635671060074
34455.46827793746
35134.79943972659
34668.842542029706
33979.60691355156
34269.777053742975
34154.938267546626
34540.67791312193
35492.861954109416
34418.6618898884
34516.458263117274
34723.87001818666
34410.69683408293
34739.15359138656
33939.436941080465
36093.37331744398
35795.88324248917
34208.96477155857
33880.63196733916
34297.39636391506
34955.247803908234
34284.406756908866
34965.73658838727
34018.73341311602
35052.20531204916
35460.32916851854
34976.77191188759
34316.29473759103
34195.96619879786
36127.17561827185
34643.305607956245
34587.143972600585
34407.62174162513
35063.936048882715
35333.51469051129
34220.83294234445
34192.98892226915
33974.0253669875
35093.63223337809
35403.32042273889
34450.05702572566
35592.94641871214
34138.95485591105
34731.94326227906
34843.51369869443
34723.745956067556
34731.08769424692
34197.794526653975
34412.3283620582
34717.90541026441
33923.43536205833
34587.707698552746
34824.995322528775
34969.04530363826
35347.61491024382
34462.715717095474
35078.20899089268
34509.312786647904
34176.20236218094
35481.729190021164
34502.308693163424
35579.749125061695
35197.08720445792
35348.851936854626
34837.509261021594
35237.03467005932
33939.19297278608
34844.86376328795
34345.38883310485
34290.10329983661
34505.607977309504
35055.92758400971
34417.09454250804
34476.30171048056
34922.07948069491
35335.32520225756
34921.44824936033
34519.39490190884
34375.42761698557
34482.81371279623
34777.061439169905
34895.17287692912
34850.720014836515
34461.47053308
34111.08330679088
34484.24110921652
34024.99303983651
34256.77305478158
33648.45881637485
34722.621302924585
34852.722243921664
34026.656243433725
34835.474013456005
34890.78791540127
35071.88140593426
34714.3524491704
34253.00753443385
35221.0388758279
34671.72016245363
34847.97374984333
34513.657417272305
35247.57010445395
35960.971863215585
35722.32672712527
33802.913061085426
34642.82119435186
34767.21545971668
34511.34128162781
34244.124148156385
34160.91810461255
34773.09327204902
34440.967431561374
35446.136838428916
34444.74879741458
36090.101169049434
34462.34557840107
35149.10481152556
34649.561558631816
35972.21539767406
34821.03128690223
33989.378514774246
35166.797210116514
35572.07902132674
35683.76093197466
34371.09951718937
34636.44692517936
35112.548742435036
35066.884080742275
34365.173750294525
35386.70721111169
35523.55286963384
35077.35402757651
33924.9850977044
34702.477935371295
35307.02963298514
34096.79304743759
34769.01815128768
33756.59510388972
34234.68922771384
33612.19853972163
34384.835542851935
34953.4106504293
35327.9670554251
35466.04486815157
34933.44515171246
35811.75176311267
33841.53264695404
35424.922854638324
34543.8891669153
34925.29042655298
34213.926342518585
34427.98997822491
35171.19253360616
33550.374373003455
35569.94783147517
34490.85787584101
34710.40374731402
34853.09200858778
34256.675760719685
33806.75797953149
34841.01224743361
34685.86945625518
35149.23322049156
33985.768728698255
34137.86844228248
35574.03591419128
34941.779083347494
34151.49329187776
34473.98899770912
34461.01734491735
34678.1897928291
34273.886392876426
33882.32111376861
34862.303117693365
34220.65823017292
34902.005501486936
35038.17293747151
33651.57393693036
34176.07992215047
34549.79061756578
35616.662179226405
34540.75552048705
34407.462228318895
34929.79379626547
35024.54251613055
34577.773364611065
36164.31217300132
34806.170814312914
35321.81458788463
35093.36119750059
35025.409112380665
34360.08137308556
34439.12585015863
34785.634899591525
34661.64498907483
33800.6577821486
34627.305830679994
34761.9896832444
35144.77367692235
35104.589551410245
34502.2675839788
34562.74344133866
34754.74902879186
34402.78360356166
34911.90110242238
34990.890049524474
38255.93357992845
33946.59382554156
35189.66138711334
34413.551016435245
35317.158807266176
33945.87851471772
35378.75064838698
34092.0150470367
34779.419636438026
35433.73530102669
35417.831042634374
34813.15648998419
35665.65340527473
33789.35809921337
35209.41247120284
36395.29037940296
35395.83937634611
34445.58836380226
34415.11061902109
35301.10375120391
34301.143854833135
34647.39860310564
34701.91618728571
34978.21957638724
34966.56590832673
34501.515451238876
35018.61466343814
34420.9428862561
33927.223075316084
35331.48024262599
33931.982256459756
34217.67671990311
34721.45482056738
34164.581635304145
35335.508101850035
34839.365279656166
34046.001846991756
34977.523261434166
36100.77733500709
34366.600629356886
34568.29405388821
34969.47921677723
35288.988848831395
33919.984205148365
33886.78753609866
34744.066666877145
34278.628930294566
34618.77398983091
34767.493618353685
34412.00943200959
34737.72962188234
33942.90369240454
35028.785033053486
34057.67269458212
34675.586426701266
35103.7587662053
34140.21896335327
34053.53537298537
35375.979872684344
35290.080531315834
34637.146763970144
34578.01274113485
34827.81895879964
35246.07750077443
34847.85796991094
34182.317098065694
34766.98140359265
34867.090058389666
34576.4876428943
34882.88772399559
34377.2456997094
34505.285585005055
33510.01449676034
34782.584484413
35114.2274594316
34413.11092677662
35414.31678148905
35406.1606724224
34693.96852088267
35733.82576607449
34391.5385424439
34344.38719050446
35038.44239997788
34878.47453666638
34889.52926677236
35063.13052712767
35879.391933854495
35143.48090742901
34824.86252961462
34721.02504775226
34357.04128871189
34258.63413195279
35067.40562324044
34623.63465421908
35618.224001454866
34727.5650258755
34074.11035374304
35756.317842366094
34874.41011936878
34441.65612182614
34322.980762398736
35758.76144880267
34747.90923963389
34460.01934880282
34503.79971361568
34186.35889141593
34651.19509566344
34796.127700972545
34616.006863674396
35805.54346875708
34645.295543609005
35715.54167240691
34674.990473756094
35015.499682193455
34718.62746680185
34545.4067414961
34297.05308517955
35838.004614923746
35631.40980244777
35196.297683860634
34141.12798759621
35213.37586415513
41028.47739443086
34807.2023384365
35276.37134870362
35601.948584456826
34574.02226713114
35199.70763042896
34651.863598744516
34849.71537987688
35141.1257133916
34623.38970288359
34532.43226320764
34615.96469265472
34411.28866057906
35720.69789134781
36221.12538404781
35143.124199461105
33943.32058344866
35245.5473414963
35228.26598900355
36057.81699883417
36069.16780190347
34405.414183080684
34630.804314329274
35035.721396719164
35472.01440695818
34364.40790697261
34945.242950028914
34219.40263919307
34127.159615952434
34219.56554066846
39672.986702486
34898.44057102772
33698.493042611895
34574.27436084713
34618.21759514651
35088.92362260386
35123.22222919458
34863.11703078146
34516.449404129
34922.85182619901
34658.296803819125
35926.91731341302
35099.158172594136
34850.945827674
34719.340530759335
35273.83990876486
35240.969837352975
34766.39752934085
34277.97606574016
34339.024312310736
35120.62819843472
34294.627309148265
33381.22225408602
35507.34087793914
34610.351639398046
35779.478934234205
34467.73089835966
33748.451970118804
34081.21334161168
35297.66663619701
34616.07885068556
34598.689852067306
33979.8293932992
34565.87787261346
34449.35131322624
34264.89918033098
33778.23874645226
34128.51336176901
35385.451275051324
34087.44753598763
34607.31767090028
35201.43312710896
35130.16831072345
34505.548494557464
34660.15284447698
33498.3867577625
35768.73485884158
33945.49995323179
34426.16147357161
34406.38589352146
34496.33103488101
34197.95241035564
34320.82469008055
34630.057925496534
34649.04189561251
35823.99280548853
35446.11581255624
34515.64103140953
34652.7846170135
34662.97551255372
35133.9872324899
34183.23423862234
35641.52132915697
34403.171175316005
34964.661174248744
35262.202398802394
34444.70561128352
35126.093025837115
34856.06293578883
34403.61411952531
33895.9564547389
34100.20699552158
34759.494510211174
34460.81526000219
34691.983361762475
34703.64996402585
34711.96980516716
35695.04230222199
34993.613934371635
34457.3502372657
34347.258216849616
34752.438408295304
34108.28787329889
33702.85156294106
36937.41443625827
34405.31949457617
35442.99384654554
35504.43710124573
34869.469016118164
34915.570812482576
35189.88891041866
34353.44856334092
35878.386485949835
34913.36770628631
35324.84195920798
34824.33921802417
34929.86471664602
41967.18827963195
34964.73905582334
34215.08347918927
34122.7841101507
34932.60804659651
35810.54941207423
34431.33476692061
34193.00319545226
34452.029963137444
34351.12363706772
34866.2299290363
35156.561366028545
35202.915299490545
34057.145076179695
34347.82831993954
35007.97964601975
33741.089053569216
35053.02443947272
34391.60342056468
35056.28971782348
34963.632647681785
34284.067145395864
35121.48163760561
34682.33825652972
34524.23125238186
35180.146891036195
35059.95640556459
34943.34430469787
34710.11848079738
34816.17479249355
34980.79329001291
34740.24040432269
34479.58654977899
34823.77893912039
35281.08927223315
34506.76814308728
35257.74763577983
35298.39295876986
34894.22059649383
35329.55657230469
35447.74640039231
35140.30411706083
35327.51310187048
35057.76033740492
35176.43357225484
34327.871204702904
33876.11267768514
34916.99288834569
34371.733023432134
35830.49839782803
34119.35713033163
34250.93473194868
34063.97231240723
34961.59601415045
33781.817723519525
35117.892525817784
35745.39334987395
35232.090425519666
35179.366295374675
35327.1025568836
34784.21381218878
34439.442812520385
35821.009854051015
34899.031251829816
34423.03823089148
35280.9329970379
34505.036992759415
35011.94765627637
41678.2116554127
35252.1795599974
34633.587045521366
35804.69659679436
34303.37037684921
34919.09923392669
33855.81094844239
34391.1069607358
34448.057406500426
34187.99392126772
35159.4916302303
34728.74983057604
34622.315131485746
34340.074115831034
35440.96012942536
35052.218695642914
33887.74080284031
34636.578558333626
35036.128814308344
35277.442709927345
34158.12404135331
35548.526817154656
35726.1877246195
34447.8618408863
34440.06790582823
33651.81638298118
35121.86647671368
33859.38791933751
33682.53618263679
34417.79104428596
34440.469473373116
35013.36489599074
34451.87977139872
34936.48112335579
33987.15627507891
35065.52328677342
35509.357431434815
34254.63215216772
34353.121096293646
34208.72601680881
33914.72148941513
34845.50441294382
35028.497065771684
34560.320955402356
34323.58742502545
34828.94339533801
34389.50833176306
34123.67089403859
34701.09501447428
34534.323027979815
34569.00782674998
33977.78665455803
34877.19071702816
34189.678333640906
35107.11567723924
34197.09288637073
35529.30412930087
34383.453443895654
35594.26996055824
35008.95734035948
36526.037444758054
35106.55793221162
35822.09225238743
35242.23014350758
34455.4806907563
34781.82515607111
34646.67760909598
34738.428142001525
34634.35309275304
35928.41775247389
35630.95019858856
34919.20024275598
35398.79321765319
34551.6512357179
34735.62777355793
35405.61077303503
34218.57341986514
34345.60975522239
34834.39601363191
34775.8506917769
34475.76553986683
34286.58362977349
34210.30790563534
34022.82211217155
34098.68603400282
33643.18844049926
34351.55235980016
34515.320572492645
35342.08051299862
34789.09985068384
35252.61207442862
33986.4536438881
34858.089072471055
34477.08765790597
34644.665488893486
34281.306468352865
34141.95407093056
34963.935288390014
35192.49262012766
34196.020713979146
34551.119849053925
34715.36868698645
35213.17113932454
34621.35325737637
34988.78351033095
34108.678679943936
34204.16380999309
34576.892429794716
34362.772677190864
34301.531440242616
35083.56658286185
34439.405925096995
34074.68183445989
34176.32418431787
34456.18641942041
34468.758600865236
34306.56601843558
34963.36000117461
35745.52332577309
34981.29991445191
35454.63563854717
34029.84239792331
33990.60313015443
33956.14519235806
34735.913545530166
34962.421924873306
35501.81696708941
35382.96996420538
34509.645062997726
34974.59569663772
35636.87556695757
35450.20479564361
33921.91612357971
34704.167627272196
33808.29711475153
36046.22297700474
34979.90287675311
34972.40807840645
34966.19629174716
36422.60492430755
34317.27781214845
35069.821190916075
33548.70642443533
34524.6748821506
34817.237286112824
34177.14864182952
35370.102722714146
34588.247062050024
34686.04926449619
34357.15952853066
33971.54494852048
34398.21366384571
34949.8472789265
34714.92923335838
34669.59247855896
34897.15599580472
34102.22364060316
34737.57076681108
35061.16115607522
35453.43443108051
35071.81965607902
35088.27486926973
35552.19627680518
35242.79600224629
33554.45372075229
35034.20106182648
35040.20403260447
34111.44352079291
34448.58747321608
35290.65206424055
34468.08315862055
35456.9621115557
34624.43523579409
35116.23667681086
34620.794783230194
34741.5761594768
34565.5291067492
36463.51260628824
34619.002621607586
35226.630351951884
34044.92147747772
35710.52626010975
34333.43561330928
35517.62377479538
35005.65760660445
34415.83053812926
35021.85097287289
34635.71744608007
35132.64303106807
34766.75084657619
34894.784551112585
34478.812119117945
34023.527495300405
33880.32415508589
34389.77198933946
34948.69185583035
34164.83942273228
42086.56059372491
34431.76736546716
35638.44353161534
34413.09335249433
35182.26672482362
34967.12495319959
36096.86235265299
34991.580315732965
34939.2302624411
34558.76646867218
33770.121687199535
34908.31073299188
34863.72145944979
34596.34163436986
34357.456713535335
35693.44796363989
34180.823318695664
35435.45579104496
33993.33625661218
34341.315018198424
34954.2301911271
34821.48886567877
35106.22682457704
35330.7508375267
35048.802456327554
34001.70569678181
34922.648101784405
35203.02590864707
34668.33921328722
35307.37561174251
34695.903215804
34766.378541825194
35177.080444061976
34131.614908882875
34257.84132906354
34179.395835646494
33827.38897450118
35093.29177880607
34236.07072537559
35170.93789180023
33961.46287928027
35031.31341913253
35740.66851598243
34244.416481419714
34246.89713183284
34470.24867872544
35012.52675073005
35461.463780880586
34993.60641237681
34616.05518710865
35687.72937291254
35104.757898439224
34039.808813687254
34088.674934719245
34667.91867082939
34216.0510277655
34344.497112818826
35352.47944815667
33926.56273804353
34659.47827310094
34567.81421951326
34993.206362661724
35419.570568398536
34418.98425879642
35277.3818991982
35238.972236654365
35205.79944942492
35123.82034772708
34549.77261745907
34497.63620651259
35238.55952469658
35150.01685493846
34217.556911084954
35216.997777261335
34860.29258527687
34479.578113318
34906.39686574451
34599.394892873686
34554.4613359204
34535.40862294864
34231.16581858039
34960.08665189655
34425.65855591951
34003.5543676695
42333.18739303127
34680.5237364494
34515.33647084498
35815.53113042279
34892.42421049077
34314.60142931876
35942.185424530646
34717.136717196394
34767.754299652006
33487.69476530683
34536.842623098855
34497.100533588295
34075.16907343955
34925.49334029521
34004.73986310132
34220.98962133242
34844.001369483674
34788.67592706507
35160.72527560167
35009.97839003611
36616.48213413001
34793.30690803426
34130.36302425551
34657.199587473144
35092.75386155506
34574.288922898086
34616.15112665627
35196.370859179005
34051.58039859765
35664.7528914355
34536.42915152613
33947.84478553296
34317.84002498955
35617.19379717967
34562.70728619456
34187.81568416583
34842.99869461372
33852.72164367587
34948.011696384005
35463.31725894092
35137.08104622261
34169.11637973555
34900.49487398079
37309.76693654331
34355.27290185644
35863.381504944904
36095.92485565546
34370.4325580248
34030.79064661371
35123.82200669201
34538.263482172355
35491.13195922809
34674.299944887556
35640.58820058927
35076.982946643315
33934.65761380449
34500.165547298435
35042.0786556051
34528.80967287585
34527.91200593012
34901.09859181824
34176.226326790005
34493.64900814359
34375.291111185354
34006.95698932505
34762.20094770031
34036.642414799484
36107.79901627454
35042.221128120116
34340.55363264921
33620.83864286303
35146.666236162775
34815.18951899933
34527.14912754515
34693.979815274244
36126.731731579595
34222.24069277234
34564.52326485532
34636.960716354624
41881.82750441868
35359.39670517186
34835.604703999576
34426.19034823141
33665.51332365173
35635.75188856218
35584.175320242946
34453.011448693214
35499.84685151221
35093.21486872189
35506.48673218846
34630.0032621281
35110.225644745056
33984.998563362446
36350.58674446226
34920.352595984004
34216.345239818496
34574.19498744301
35976.24891549168
34436.49039418738
34441.46571410097
35898.03491214738
35064.78301731924
34766.75499864373
34371.74409806814
34498.0391127903
33525.57904033235
34638.778071751934
34486.838308653714
34963.73111525465
34057.70582497456
35094.6941571119
35110.91457328266
34654.623415873124
34039.078779699725
35167.58264395312
34659.98497527287
35500.93749013683
34010.20155738114
33534.596819900915
34678.56333081739
33438.79910567378
35083.360131705624
34136.325572568705
35305.478420464395
34145.36069523689
34817.48691978828
34670.21700143968
33910.52216888197
34962.3611436316
34990.120387475785
34180.05920676741
34437.459656620886
35037.142970073764
35428.82325075579
34256.26171453122
34991.29255735092
34328.19399883889
34743.58365793949
34785.62025357674
35304.25591981846
34602.93890684354
33859.22063136764
34242.539850154215
34258.01285474514
34086.94035631184
34552.77870970265
34385.37653917609
34505.762085205184
34460.17685103984
35286.96000095731
34575.49593888325
34487.42855139468
average revenue:34795.90519665256
possibility:0.006