34606.93209584694
33896.00359733723
33007.10129776896
33863.60531474202
33055.40794227971
33501.440421152125
31767.597663384448
33726.176866050424
32985.016689976874
32349.716806162825
33437.43933454425
33389.12824331404
32986.79207649768
35525.17336015174
34753.36671158769
33259.27515401734
31773.626141980894
33575.02338027256
32496.911006551578
34264.644826240605
32979.22684460474
32499.042565126558
32833.285778837715
33046.73631919856
33007.04904756162
32755.379679981965
33086.911167768274
35732.058474714824
32695.96953994995
32751.692541180684
34241.94397555096
33154.36897418549
31899.65584991092
33264.443487638724
33001.35638816857
34314.284327985515
32133.24509140547
33922.76413247843
35538.50780830765
33220.34711050859
33998.032561776374
32137.315833585293
36063.76510597598
32743.45474861676
33815.11808397906
33489.425538842384
34713.81164570628
34234.56448988973
32177.939108921248
33388.67905103807
34227.44234140531
32742.94462301647
34244.96766665157
34033.139549682106
32778.3330524122
32108.83114865077
33382.74594418719
35277.5558046045
33435.24759131456
33088.07064846514
32863.25671974095
32625.756122243172
32877.27315771096
34031.396673922376
32003.10984481478
31174.792675312223
34498.34787952887
33432.08848716418
32386.29037168641
33423.13663501537
32721.76570657658
33332.28572657151
34258.2248996095
33467.047295226505
34495.84070025104
32952.73998993115
36174.71159664871
33816.72017729749
32501.80167020029
30963.382338686442
31897.021343356068
33423.71164357807
32732.325659653496
33911.0241376365
33121.424071386595
33507.011723164855
32631.600460656886
32869.259700456896
32292.563843658343
34729.1996215513
34616.60656496264
33394.45901161588
32644.560042968278
35561.39758493505
34072.26828279095
33605.42167207209
33433.734428070646
33134.273979911406
33702.41563504816
32647.79997535712
33846.355966597446
33527.551051195864
33821.842541885795
32607.898112176943
32943.13230488353
34287.630409233476
33217.24339893138
32715.26620159555
33473.14741202124
32609.4643586079
33340.05275047541
32332.36871961766
32943.54345970966
33788.061111400166
31176.81413865429
34062.73110956413
31829.07860109494
33133.32445794166
33644.157607127636
33482.51849649447
33659.72743884476
35143.776410201644
32779.35100594456
32510.588304144287
33259.68424569088
34866.83031715347
35627.88653237003
32043.557803299478
32845.61516721345
37535.87331690253
33767.44643781407
32425.363914151934
32378.127922694734
34005.70799205017
31560.123480470884
33084.61942536526
32964.04078976973
37334.73810119716
34871.54232973746
34425.546491159745
32496.794224087596
33138.569580093776
32527.12832097372
33725.97129084971
33516.21473624931
33157.7266610265
31971.71361636852
32908.41481110914
34068.9948509157
33651.94352096044
35566.024325055325
32585.257484094665
33578.77776185933
33533.87516412972
33976.90417065569
31933.02273368379
35290.82826570818
33330.229925761465
33202.91942590905
32838.947636554556
33829.60046555978
35315.60643697378
31578.29455736154
33736.264247991116
33865.87441969675
32285.38987125029
33434.083725533084
33989.251498362406
31752.52291974655
33471.089206667006
32940.11186985604
33799.54303063247
32857.265537047635
32611.34602040683
32467.604030218336
33070.207937322964
33350.520673372506
32424.831850637944
33321.673643960385
33358.74534895874
32918.95567020311
33469.66636794992
33172.58849214912
34541.14942881423
32726.824189298113
32726.59565510993
33751.62607707283
34413.7554811901
32991.6158640304
34880.730266758335
32893.85492629822
34075.553440675845
35790.12801482413
33678.2509514196
32361.84528252941
33531.313471832655
32470.97104453593
32585.30647328572
34043.349095046266
33021.969066635254
34156.20619841072
33030.038693920884
32557.19442993194
35520.98670340562
34048.8649121805
32567.912114042905
31521.187946908634
31391.409683022943
32228.36208523821
34614.97270734812
32410.216403556686
32662.382326549792
33820.16815476131
33188.112493096916
32896.60221550683
33301.86463357663
32750.18496946464
33045.07326419083
35270.56409780955
31180.32984953982
33076.38637113913
33563.326316210754
34445.05103125518
34583.48881588702
32969.20495882655
32646.897325691843
34401.62908120691
33356.07172626219
32425.71387421028
34021.43358669878
33148.09036930971
33824.27067719594
34151.499731777585
33338.93028455709
33639.68870014672
33891.951721352736
33734.208099600306
34030.72483478276
33748.00236367851
32327.57276584821
33271.224985856425
33029.64700958069
32454.176500518122
32140.0550243144
33409.55163839468
33576.65872695656
35335.07679665763
31808.456970786527
33495.37654715821
31828.086594897515
33616.82359201397
33095.96581023772
32585.608878812778
32506.9984817356
34996.147619794814
33820.11818605046
34062.75787754718
33477.19842024556
33228.17146779991
33559.22972944889
32977.42153739709
33284.89019544679
33779.20529494765
33650.81615796487
36505.57550955313
31987.664340748026
32717.99408728146
33687.902687851136
34440.19690856792
31707.276218095623
32390.553370044912
32084.369890535152
32599.17156493599
32614.355540531233
33315.85249900521
34928.91238147818
32978.751152474506
33643.048514827125
35666.114368795716
33133.25720240601
33671.09785200776
32575.78653705119
35056.36475120408
32693.41041929248
32761.390406534607
32785.36236468048
35434.05612006643
34466.64196856938
33934.39852878009
34798.74963557131
31291.892442687324
38349.810920001786
33612.50593179018
32847.77783365763
31986.596246228142
32966.962555823964
33441.11909407568
32976.73200511372
32927.49881169293
34027.498316668396
33665.02934260603
31615.983459205614
33733.214475178036
33005.69731581111
34065.84885611461
33847.31750034954
33471.27647481028
32158.17609078575
33466.52922175678
33254.62734076774
34423.76878638011
32105.891430983924
34301.50695066402
33130.31617966008
31628.829277998186
32698.74360893944
32186.223433152754
33519.14803356367
34086.68491613222
33336.96649840475
33563.367987952144
33423.44962150524
35434.77121258562
33514.45127829917
33433.5406467534
33269.66489995958
32746.98362955247
32920.61508735072
34253.66744116824
34382.36188241374
32964.08992991281
33924.71232785664
32625.848866254044
33824.089522931245
32702.23078431476
36418.63309505831
35224.45994330821
34772.574492969725
41998.940137396596
34866.45595602868
33086.05506676616
33636.83648032214
35592.05640477007
34618.73651795418
33258.705936763996
33303.863740578156
33618.48187747696
30970.849386889862
33359.13165609819
34313.94795494728
32256.455758912354
41897.76414341014
33062.573134483166
31657.16022002627
33006.048126058035
32964.92998126173
32094.889219390097
33287.94436994452
32881.73782128497
33434.80555310999
32007.706380678566
33525.29378104019
32616.24268861401
35012.18595726038
33454.56575925564
31836.131821289942
32738.602962475226
32346.239733953164
33672.74085521765
31820.211869549286
32895.10158568652
33501.819878525544
32583.925478018646
33678.89652571295
32897.19227394279
32783.11224392253
33433.10783641013
32889.903437009125
34612.36419244087
33438.001905923826
32496.60960944799
33896.94494572922
33847.88840752423
34057.89929379027
34846.94097558278
34634.73661958257
32809.540261653274
32582.977725425997
33157.23192522995
33197.505705159434
32777.414284257764
32210.60272958613
33702.42961303199
33650.105167855596
34397.03700531926
31579.63645410516
31950.506730804984
33730.041621022116
33175.8339790871
32981.40896471885
34390.034517238026
33863.709675506994
34122.69008659518
32448.257281077396
34022.93658168185
33080.65338962978
33681.43977866453
33454.00119779312
32794.03844888253
33565.8120320302
33426.150435295895
32994.66429898662
34748.61907399615
33799.029205090206
32530.85044894464
33561.79146857257
32828.24735474448
34565.157237650295
31084.368353841004
34587.3595332352
32489.292944250203
32896.964983632526
32234.23808188521
32329.989061334414
33545.902148595145
33792.896326923226
33597.20305705471
34644.93263992821
33550.30268895201
32680.293409963986
32558.687872631523
32702.727991915566
33540.88049366546
33461.77376189174
32808.298605701755
33552.1440048794
32916.15886693125
32227.336470581726
33461.12427064133
32091.589438461546
33305.98058778076
33205.62694811681
33010.54516908722
33972.829335405404
34452.909561811415
32987.194633555555
34351.85287209214
34728.14449923467
31798.272992045193
32307.058319453718
34278.36904800548
33003.50878883944
32752.450268343924
41897.37274239642
33756.721599194585
32705.29019219858
34437.33015793975
33611.133352444354
35513.894582577304
33074.46458978266
34060.494358050906
32741.891195511085
34390.14676532845
33851.22209577503
33457.18296691764
32843.32170127124
33114.41878682296
34377.84095251974
34005.86048050526
34578.65343360728
32819.20039747328
32087.704649876763
33521.692344580326
33397.10515528871
33044.016184571155
33766.97355319894
33640.84218238424
32629.34441439396
32242.15473941629
34440.03721220183
32905.50943594296
33498.164985056224
32894.530845085326
35172.244416691065
33274.173880042275
32989.96678584393
34391.382405996665
32554.661997110532
33335.886864514214
32555.435556627574
33006.183127589175
34710.769240081245
34431.00054539291
34128.536613441975
33884.13254571109
33353.462066013366
33261.09399700762
35181.6933064614
31633.395022925568
33511.48241024657
32909.436893774684
34465.35395467304
33187.53435855682
33628.17965550532
34198.834284490375
34803.36920567141
34229.23358816423
33134.78949977094
32957.58514161879
34578.354827775154
33047.41458204001
32047.16874128461
32799.16673514872
32128.09538895275
34643.1919640557
33342.68727173948
33652.07417672545
33370.27438202852
33144.47052451943
31735.565719922073
33569.00474409715
32977.75529923214
31881.519950963753
34578.13690097126
33890.51268444517
34792.04724539458
35097.09616105533
32647.315771912883
33326.260020970614
34975.94125848922
34138.38549877615
32261.536511021546
33347.30011525239
33634.90402467517
32906.6353941938
32784.90287453701
33886.6232018562
33754.281103101486
34174.822078943886
32602.829215941703
34040.10762662307
34023.763151368534
33154.31160027654
33570.93400567199
32880.55313498562
33515.7832667595
31981.922684394744
31723.465167599585
32095.273039872416
34455.90185146892
34038.885510873304
33579.81023180758
33453.7721128177
32519.692432496548
33293.2759174773
32413.672931534882
32415.75231119702
33608.00297491677
33639.56935900541
33065.56101645785
33426.66480131494
32524.720498638915
31663.381428542856
34519.50646562407
31768.736135101604
33284.14712450755
39509.66534365387
34750.7986798313
32880.33449311599
33785.81320811432
33031.12753878232
33118.00995023458
33532.38644719953
33226.56091081507
33575.16146044679
32451.7764860142
37100.54709216229
34775.86338705241
32306.89156234011
35559.666107288554
33602.37431300317
31411.119928927186
32981.76253487097
33606.56536675037
32973.4551222224
33715.81810768399
32609.848189168744
33830.62103834061
32673.161210329425
33685.11376164081
33982.61252980979
33664.85907275975
34776.69519247275
34680.63420776833
33334.65551286266
34304.44193180933
32686.9120379437
31908.54246660854
35336.90621270622
34014.55732005723
34665.381017911895
34172.8258265898
33387.5022968243
31339.516393615733
39203.874401680056
33687.59708457292
34172.64644436715
34669.74391235728
31997.224229390897
34305.44499660114
34646.650727770175
33563.08858433473
34663.47720862898
33706.38716691421
30884.02635778084
33406.65913714876
32725.13404118428
33381.98505392834
32564.697818786513
33658.286731936656
32715.306629600338
33540.11651485605
33541.815016338536
33464.06404278235
32985.443998474584
33196.136649919754
33379.94495760963
34862.65713444243
33819.217390840306
33901.32923253725
34406.95061235007
32353.03792898049
32767.152990302573
33203.92864409746
34590.15734620486
33754.868683296976
32388.49968141911
35404.648988000234
34740.95659520544
34159.64494601721
34294.06222398191
33743.961452735915
32886.58030860238
33623.85150642864
32722.302881759846
33149.25027958426
32776.6308361167
33611.82795155683
33394.807940969826
33563.925883422184
33166.17367034039
32979.85925079377
34194.32317248724
32251.52165350317
33903.73602342307
34046.471985656135
33079.57995147708
33350.24472117176
33749.60118418956
32269.104146870748
34509.99312373001
33321.668731445316
32936.50673819779
33105.57623389271
32919.99607784311
33596.135667105016
33598.74773621878
33428.382854396805
33550.97681982896
33116.352113318535
33075.626707780415
33974.241072010744
34328.44469533945
34781.52480078182
37350.579255721794
32984.45067376377
32951.0185465422
33897.81693990504
32996.68931260113
32534.976348565768
33902.86097604386
33268.358299254454
34765.268035668734
33495.27005133109
31923.809934141296
33558.805377880526
34030.25952771012
33335.21919159757
32622.416759133943
33417.78913155717
33323.576453043584
32550.114372975204
33468.261191376485
34934.290521879135
32285.14948188204
33257.887629768826
33575.522596120274
32847.411530098885
32057.6199317265
33358.6250191837
33299.94247164054
34666.91293871662
33254.1805127536
32757.011241229997
32492.06393073677
33194.53234386657
34092.320504454656
35831.519186071426
35070.90353776462
32318.343853037655
33715.15541063703
33782.917054718106
33176.12511902807
34261.02541109204
31938.758089178365
32351.07784391415
34077.551714421425
32408.689792997346
33415.99557304733
32401.09407824043
31861.98105341797
33085.4420687593
34873.97141336531
32645.4776724885
34493.191957845505
32858.15618941646
33570.80372082226
34647.26920521952
32290.97824567552
33129.62734592441
32809.04624128517
34966.42804842158
33580.62595403869
33264.69348224167
33477.50158037724
33931.80363692876
33006.26154899027
37157.46040891404
32783.04744814832
31126.5560244531
33289.37390524408
38787.09104340996
32470.163662939147
32987.96554172571
35683.045758597305
32328.390531793404
34002.36919266382
33067.51389683044
33053.12660768865
33448.09609327285
33397.772738436
33951.2376709253
35733.56183800713
31749.35114641414
33376.74077965349
33444.1601274509
32825.11958047676
33597.83657644367
33040.93582866571
32537.096838608173
32554.602799232704
31468.56374416267
32641.816674351525
32304.593713027272
33436.964201999566
34319.228161878775
32987.121006851594
34253.4084921954
33398.816252652345
36392.851655506944
34852.12347108908
33855.1954436558
35692.17520849044
32122.30147310807
33097.03493563243
32593.630704274037
32467.314810017448
33746.18729378784
33895.051005481066
33880.17440483491
32259.022828339963
33723.43559658066
33698.46887627872
34043.801868510534
33696.49998205767
33928.642454488974
33664.76530803917
32783.445168801336
31546.701253879644
34165.039898455
32103.193104224847
33633.55870843034
32533.22867843842
34642.158020138406
33289.214874947065
32810.98188512899
33260.165926648224
31720.6783292642
32271.958581749765
42212.8560155148
35439.94412152915
34508.00009201055
32631.09106985486
32102.38928192926
32465.181787774633
31669.585434667333
34004.90302785583
32555.02252539657
33339.473360937154
32985.361189869545
33974.99339142528
34087.47881258981
35505.82501720298
33188.80329087266
38082.35011028301
34196.56316278482
33412.79667231895
33157.989298727596
32982.749206578024
33865.6840229959
32709.113136135355
32933.08844598631
31995.598509704836
34751.48828145618
32625.74026016531
34807.97182889908
32878.698730872355
34279.99023085449
31588.37095104838
33975.55792611196
33360.7044877013
33042.394862460365
32254.218526563873
34436.36027250671
33929.13441316048
34200.12471644122
32718.132388441358
32226.973336607753
32566.825515364577
34019.816777656975
35022.66334374979
31832.948737263072
33938.232133382764
34798.61123876298
32496.588045336557
32668.189817277445
31612.794365144622
33225.286046815854
32516.743733131174
32973.94415549387
33864.67842410956
33662.977073579925
33692.82904506196
37211.71327958035
41767.01018611866
34746.01288386224
32251.94521082819
35200.40924335553
33304.2773797941
33284.52068289388
33999.156971477794
34556.78555029929
32721.063287096742
33810.80790934607
34319.330424103566
32921.00030814046
32753.677490115682
34453.054732475335
34286.55736592703
34223.710010903145
33386.550508693785
32900.17646075001
32961.992527901544
36533.82525499078
32538.6002194797
33366.14021091434
34575.966614214456
34294.77482528266
34946.51569863084
32359.618836170386
33341.91426709404
31610.961514733383
33692.70778645032
33330.93577290421
34065.90891935943
40898.421597026645
33812.824449490385
32093.18491483319
34072.07729668303
32577.20184117027
32180.36565907457
33204.10698808329
33797.39010575641
34545.70400459055
35538.014973191945
31932.610084504962
35676.736495734884
33255.664408040444
33018.201509564
32115.275177420484
33754.449449554886
34123.53133197227
33644.63744761836
34179.73015828927
34347.5738691789
32480.871486773598
33529.722568707766
32579.999149278658
32182.619601299946
32459.792609422515
31371.45510177539
34151.441457215704
34353.87847750178
31837.71380836325
30706.62555727961
32784.0038733582
32403.310380193212
32974.70254137534
34823.51399067543
34381.349906262614
35737.233891717864
33827.88631133809
41881.75482471053
32396.44250969912
33847.9986140239
33264.41821233792
32582.655102800418
32989.166053396766
35328.24438760647
33473.31567261353
33323.6196547852
33476.89824082175
34058.41725924003
33083.093972643765
32791.42612315901
32993.1079146911
32437.239679238497
34103.01163999947
31917.72864092523
34640.21169380136
32388.130770233383
32342.597286836135
33129.879121348626
34162.03927647206
31720.68557118147
34215.75973727124
32985.3525661817
32543.74329546523
34021.9135810996
32864.576626623435
34608.5858147192
32675.344285058298
34397.68693650653
33811.359193974815
34260.60979216788
38222.123248577685
34881.037743319386
32267.79171384196
33897.90897505723
34904.57122954121
32703.65556842839
31769.7405493423
34698.2190361572
32315.764802352773
33062.07780477568
32005.648333912835
32019.402857165045
34224.660731162054
33741.27964335573
33428.19224679756
34291.07248750694
34716.58000624842
33169.12666217965
34757.91130642627
33287.147936782334
34622.59517672399
32916.327471119985
33720.28789918811
33074.818932155955
33598.570796710075
34193.57700661339
34598.56875625605
33383.62803296597
33425.96331279857
32799.638351241774
31958.512913213384
34460.5634704478
33297.354090844536
33943.694523097336
34451.666052403016
33982.28377514338
34254.73584632329
34061.80039936382
32909.80968788206
31311.30795780131
36346.99633787005
33656.092203392844
32985.66542913203
31084.638071241945
32583.490039106404
average revenue:33496.60262300548
possibility:0.007