33779.2363819818
33300.778189430894
32511.659910806113
36118.591325003166
32714.86120118662
33505.86173385966
34290.060585322884
33443.52473938518
33442.17204519358
31939.057906941
32997.42611056538
34289.74273004667
34480.25390615486
32491.271963638483
32489.609866113024
35102.38569055254
32682.788162647837
32968.51350025447
33111.298860921794
33972.16949506008
37028.912394385516
33586.32085105934
34385.58905126516
31720.245152617845
32585.453087895017
33105.89714056457
33576.94730641052
34151.515260555694
33334.536873450925
32167.50434869246
31977.29901169699
34805.82261594667
33908.50190378893
33328.93769318923
33188.962178889255
33136.65464489834
30730.035647121003
33203.96711717643
32868.57635957808
34786.67069194934
31560.202499981377
32766.743120076357
33903.31367313957
34301.36176652365
32815.97035012021
34283.515142344426
35721.363190555625
34198.08885096182
33522.136496479776
32099.648667874673
33682.025563974836
32086.67905882133
33791.9913982019
32105.08334893688
35561.444176257355
33375.82568022909
33365.146195385685
32867.530039880025
32056.760998722228
33589.97185040635
33429.292778717034
33378.65152723905
31628.812707441753
34413.96908788496
32613.63634827747
33701.36409533745
32910.2735627559
33946.919465185994
35430.16856643961
35876.298918121945
32830.270608540864
34053.60132474068
33068.8504998352
32865.05560009087
34343.01513095767
32334.108433790196
34069.657321629864
31898.51791559339
33259.526193451136
33429.08932697557
31866.9966903917
31432.56848754925
33102.56147209683
34072.28869489824
33163.212811326026
31991.81023405986
34720.201916618964
41686.527670075026
33631.70216556352
35195.61060207846
31737.619125348123
32708.798372729023
32561.59897314238
33574.12688685328
32945.249205536114
32710.5202244826
32042.117434696072
33011.65176476968
31641.481662465318
31920.206044326766
32085.268463000848
33957.44795561969
40347.26688144821
33652.72723569177
33193.98616490707
32458.508453200844
33026.25435942613
32627.146445942883
33175.656575037734
32340.261235337235
36092.76353543287
37424.59320624659
33738.37058188816
34360.03120664467
32378.763979011223
32015.951578763634
33165.308290958514
34350.26777807757
31995.67168159375
34094.94359062747
34482.75962943193
32453.908864164056
32553.757868235316
31993.22428134181
32275.29274611668
32805.91933583933
35418.5939641945
32740.202104911245
33210.43500421289
33894.180770976214
34520.64050672611
31773.219735081308
31787.25692363322
32820.00047445558
32489.1587404334
33013.16909383193
33594.39468712034
33924.0158735002
32360.358676996093
33665.852203033515
33345.736574440016
34064.5877982559
33556.24004406032
33615.79054111217
32332.482009306077
32375.161513485644
32224.89675070161
33996.91294062577
31472.26051197599
34376.58036462869
32490.567770242345
33531.90060369182
32801.834065172974
33643.92947079381
32880.03612472825
33346.383952644304
32978.1107690347
33596.632616557064
34632.87172539068
32321.003133266786
33665.099778783006
33702.10212097176
34173.84450145351
34192.473105618905
34250.98617710206
32914.80400832076
33130.9173821137
32075.393830376648
36090.702751802375
32191.767801247977
33793.16213623142
34867.876207243724
34121.58160394669
33404.25111687616
33981.206906946834
33741.267017584665
32978.31804213107
32756.227249953165
33960.50935259197
33981.44018373103
31913.031456542874
32509.10654187877
32290.524409001802
34038.54095559325
33745.03391802439
34282.779559744034
33164.62672357198
33818.73974183509
32408.38262838627
33264.36374654065
32854.42247804653
33457.68579622666
32094.568369669934
33171.52432068878
32469.03293716618
33069.1307899364
33644.98812900645
31820.840535470757
33441.23638172536
32480.157613633542
41939.52268685358
32937.591817172266
34212.19679510908
32897.32336099235
33446.616179305944
32235.89016966679
32478.65795733508
34243.392990209395
31557.30163321747
32918.857763854605
32491.39336549053
34796.89812067683
32434.523112030696
33277.990063709265
32067.67991068152
35898.422588487774
31720.116256041005
34506.08520093387
32767.143961973794
34171.411564987146
34121.31850770408
34085.95486714012
31827.29877305886
32925.92459551163
33064.32452954298
32887.143139937674
31346.258936337912
34480.81042371597
41974.06214472426
32546.816114841975
32462.71351782798
33033.986893067246
33755.49120259684
32184.224211935332
32762.911944987387
32741.900189343778
32178.606465728146
32993.95167528309
32704.378529479185
33787.47141158813
33345.61068424189
33954.32285143476
31456.1363368823
33571.21693922153
31772.02256030216
32825.00830203936
33028.08351907028
33557.94644345027
34047.34350030396
32870.41456683136
33978.36378050324
32808.42177718895
33468.69070342811
31585.719503447104
31669.530119336298
33640.832383271925
32150.777807243747
34905.8725729897
33598.20411189742
32293.181928497288
33764.57549028269
32587.684373471897
32266.480341705876
32321.938904175047
32360.51303880612
32804.31627743874
33243.86865392834
33447.028071864974
32613.592598875086
33800.017556407234
34055.57532022803
33694.59335108764
32225.214713461963
32418.454335358878
32034.685723688912
34048.932191791675
31786.35036274199
33102.09205784785
32810.57638166128
33578.75731829043
31957.691864342258
34164.86959485186
32752.519534515042
31176.492434117976
33343.67796096646
32466.82081214297
32805.10644694293
31834.630105226293
35206.303849674136
33544.096708010526
33040.54681139108
33622.56118593967
33899.19194856644
32591.49143796107
32772.08573450847
32112.60581453314
33313.40858424234
32385.458358185555
32600.63945351941
36063.671219941534
31773.805434130834
33515.519340936364
41654.309929368275
33215.05432032141
39689.78914903045
33934.40717267917
33451.155465798336
34627.87997218279
32342.938927079867
34646.20533605805
35332.17549576745
35238.09367064079
34368.81484869459
32463.302917666755
33920.56285270598
34599.375882427674
32551.24165784813
33173.98372695982
34340.05805728296
34860.69747786556
32630.470619484706
33637.89937549656
33765.041159869405
32454.833860270825
33545.97360331251
33884.030138776136
32799.12370928195
34272.582725717184
40620.03330462786
33373.083608871675
33440.950306620296
32750.759959522657
31988.66370995681
34035.718530838254
32918.639233985916
39384.51717306107
32042.634285146396
33488.08004592913
33283.92371844389
32836.17275698122
33166.0374134766
34819.27487515113
34207.808360529176
32820.72433481728
33293.84304136226
32322.66193603141
31386.638179341637
32418.702021207562
32272.349216776598
36057.04296026318
31739.02107521928
33458.26598078677
33766.510868090794
33991.113545792956
32416.93020362696
33755.42479223432
32660.451437089447
31430.262446272114
34307.01305850334
32912.12564529124
35464.559927455026
34435.999669230834
31807.42628425486
32699.421840877356
41279.68268239231
36103.58299987055
33802.72312525528
34050.34343603549
32725.14558541022
33172.60237950984
34292.86471501617
32784.948767119866
31730.858815833584
32133.461980167533
33462.66800963056
34414.54392877843
32797.480957440304
32424.21556625489
32379.93624985719
32883.39543288423
33909.552469998394
34661.517794439365
32730.79999707755
32917.16771965119
33206.0728729152
33220.812123508185
32979.57693662476
33321.159289965566
34272.55458384818
33007.95770186108
32641.52257859372
32322.342549312132
32995.007545130116
34320.56640792787
33210.728346633536
38861.6896098894
32501.786081807106
35371.24085871311
35027.74934889313
32511.805004028265
33753.530286372355
35398.816173394356
34808.847278049216
33182.60279534182
34141.50730315097
33113.499834822425
33391.980296612564
32037.64052838522
34616.682504861004
33457.66387614986
32730.939769182372
32073.0139820511
33112.822887939845
32987.23075174757
33570.3426413465
32167.917553213334
33402.015041032435
32040.064584211123
34743.89690530319
32254.41646126138
31973.038544608866
33330.767187487494
31929.447735576
33745.090803592146
32988.01292026547
32315.14816717929
35400.52879890912
34016.7787971027
33264.71129830481
31657.875410411856
33121.76917346356
33249.32847430005
32068.282172731044
32655.340912234544
33150.145561986305
31755.647677625213
32656.57566992585
34445.30023468918
33816.902065544404
33895.1899541985
33725.7454345507
31693.09185544115
34681.5749119343
33037.49707544404
35777.57246749398
34119.23962943862
33246.44897151231
35742.49884557751
33496.241407245
33414.55404489433
33641.76165586539
32776.19161090369
34752.42604025657
34409.565867007455
32174.467842641086
31727.48404328656
31385.73666672499
32764.81111984863
32752.90148287136
34035.616699958446
33191.97892376065
32854.853048787874
34307.99810345954
33649.4373657447
31969.496777752436
32183.257000603106
32494.7702263547
33647.13535321387
32917.20479913428
31967.816852629483
32265.831588877416
33061.19050223611
32579.144201438365
34130.42914296503
32532.128421129804
35312.537277267416
33645.23813727905
32440.7400747426
32170.33990889641
32967.087830963304
31699.86543663537
33680.547888903704
34169.26145084416
32732.692218174503
33098.39437211695
31536.62954333775
34189.58346225992
32647.349237671682
33594.94318492887
32603.327171087934
31716.49011151915
33516.67364221105
32865.370418054146
35396.624569915126
33763.420693057655
32965.29549979647
33877.605670100755
32778.810364139004
35069.6004480406
32776.35663790872
32371.00267878584
33572.39707437224
34491.088860323114
34299.45302843323
32881.62711774019
33060.39133878905
34321.28980750066
32152.046804072743
34320.873107265164
33037.605754839075
33940.71476597488
32846.04395402212
34972.55874311289
33196.068850871394
31677.324422791513
33888.097426954104
33863.70265055525
32413.337206260458
35947.97886268564
33086.0625074785
32991.83171235642
31507.673773840997
32611.451810524617
32768.39390910804
33172.54942932329
32125.365697333695
33719.7014468522
33313.05810793945
32781.28245899918
33378.00040317933
33693.269868772244
31006.996449258262
32261.387483800503
32155.286283477843
33888.409633286814
33234.51251087313
35678.77025644155
33833.66578702947
32994.59493010987
33977.67588059577
33287.05065166381
32856.159143184996
32479.948067891157
32570.9288990204
33911.52950480453
32009.22608572831
32402.6585205463
33938.219032019835
33842.37860200243
33046.92813922305
32149.530338320717
34111.62165229716
32621.52177876626
33338.69299583414
33032.214622535284
34679.630823146195
34367.224041316054
33029.36462033962
33772.336273999186
32721.987507688795
31858.366944090212
32945.09859266896
32979.11761794202
31880.61281355753
35167.69258625776
33228.33475336361
31515.560950359828
33308.55200479317
32086.636377914783
33673.75714813718
33865.77924997657
32005.83152344488
34123.732691313395
32387.126303211197
33011.53766084526
33260.74297914691
32035.367807594474
32925.77490168257
33458.311856559245
32394.99004496474
33406.24626653296
33934.09060657121
33811.009489528136
34435.61946662615
32182.071285325157
33556.3408977503
31870.97300395541
34140.15680540433
32885.557003783164
32695.07471652658
32027.739898203556
34021.291747408715
33808.34780410597
32709.57396122215
37171.11357057266
32206.165749802232
34350.44852221383
31212.588847019146
34478.833870970615
34685.307094490105
34199.688545008474
33241.51599067428
32736.584770905087
34436.680357129546
33148.233538017346
32492.627657713372
34479.523717516866
32086.866377615686
33444.14197347209
33988.332173819064
31948.66979643656
33130.749025701836
31988.986250158345
34211.355318260175
33056.0777989893
34395.44402758613
32417.85610930245
32055.034788186
32594.800668984157
33206.64644265274
32786.0342041154
33789.725697309244
38296.36890995956
32825.78813830572
34536.81469640999
32250.86351743881
34249.56422940368
33927.236821100865
34925.77626893771
32052.20548697402
34311.7722056063
35553.7535602574
33708.744421574185
34364.91699107584
33330.47985603419
32229.06943740803
40896.78291994426
33224.058178560816
33142.29958552593
32781.6148397535
33156.5655861107
34886.056751778655
32857.2372793825
31497.7490754572
32898.01115122037
33514.79376795552
33065.91244310564
32579.21711221797
34413.8239422994
33250.56172555125
32386.299012281557
33245.65168058576
31553.088462123527
33744.29382549699
34860.101361002824
32443.305538545774
33891.238850311296
34209.81051065039
32232.12111855082
32638.13385710271
34241.329405503835
31751.46893552072
34319.948083879215
33270.355411958815
33145.664101060276
35798.92568221637
32105.634753680057
33313.88871656159
33294.12990055355
33266.81159848048
32456.98456133212
30643.700972024963
32881.574658983176
32973.405565158195
32825.352464078234
32167.45032995149
40858.50600948455
32580.092976207863
32549.469701179645
33242.273412754614
32457.324293092403
34573.26819575911
34039.48846229363
31931.469190088665
32380.8383060706
32112.188892944923
32027.494351475107
34843.70577622193
32941.71413028402
31227.27268365881
33132.5459739935
34360.38752220999
32765.49176910888
32056.616887705957
33038.91299126817
36072.00394514361
33054.280041988895
32449.691330716065
34121.0320354429
32064.569402555848
33676.838048181766
34736.991453635244
31895.615927285526
34686.966112303344
33104.54363216004
33260.539492921496
35436.68551405815
33709.20696797442
32526.17691124763
31435.185013233466
32653.70758843396
32358.89147767279
33085.97279485163
33313.30946560031
34159.26029031008
33297.95162186552
32702.070646329925
33490.328703043946
33293.982035336776
34510.975013988675
32696.641010113373
33849.90313062736
33253.11181036827
32164.61432779876
34522.433954778826
32652.007015790507
32856.39833788933
35082.00243133898
32459.22446340247
32772.17099856726
32864.1212575488
32308.784777378365
33330.749575743044
34041.9577421597
34622.0151836316
32667.34006736873
33846.46604189035
32995.11483808634
34583.29289633536
31922.51875520349
33552.162368712365
34111.43351155955
33647.535164780325
34374.22171175951
33247.483040269006
31728.530370560413
32133.704396147616
33317.364784991936
33663.89385294546
32132.85910692395
33731.074054014716
32537.56568466662
32149.569347533125
34562.222140998776
32484.695255622522
31510.910336408902
34092.7625183981
32816.59117986436
33311.146085613065
33815.94484746413
32829.43799933064
34297.873379386656
33570.577955460234
32299.757199839656
33842.02713008403
32173.950731530058
34284.07268631189
33190.759154741456
31871.72111216006
32731.194603951815
32785.9750983732
34614.994516876184
32916.458676428665
31951.917551309973
32925.13102766875
31407.56804540381
33202.13738837839
33729.137297794434
31923.72252834994
31949.770218038244
32301.082157599903
32165.23073868442
35897.794993943724
31407.036150733526
32080.7681823542
34921.88273407912
33554.34777715594
33770.162816095006
33470.9574437671
33117.36009908696
32753.276644650046
34455.15133795845
31935.38691055887
33583.61254695951
31681.763528067862
33385.6889783577
33114.97542321239
33076.74101199687
33473.98979923271
33305.69511981649
36371.232261050245
32095.204819832867
33210.67697276767
34146.028299990925
33344.186978494625
31487.54094230383
33575.53011164504
32726.04252386166
33618.64253942352
34541.5426825998
35588.548239788055
33612.11154953716
34907.28171569158
31921.89463600365
33271.04248382269
42199.10803026043
34280.19750239167
33008.32038859217
33507.172921334815
35055.56124965942
41976.133325231705
31080.5712992525
32875.19881229735
33224.383475282404
33162.02507610605
32878.20586033775
34789.290972216186
33281.00737329777
33594.55376505579
32772.33210104572
34962.733681826016
32608.381780324977
33728.72691995815
32968.37090320882
34255.12124252139
32384.696324394157
34933.735804314514
32391.31967242019
31460.162952568317
34730.936882288224
33750.20412506472
33897.86452728936
41751.00078550146
33080.18179922784
33246.08785369048
31658.71634997741
31842.230882423766
34141.80594082985
31491.17773706427
32520.588187048183
32176.059735386516
33136.58400664061
35932.09539977664
32564.166425728563
33464.700151730605
35156.210383302074
32797.1240073561
32849.30929272499
34803.22366177878
35435.52919018848
33123.925435510195
34549.183596521274
34892.20421245031
34082.476904911964
33628.048162961044
32781.75824708244
32790.91679247654
32493.597046400497
35969.10433828868
33219.11103577856
32828.1914305059
31910.710283307133
31373.063456007778
32886.53110705893
33099.5633218358
33875.07865481634
33498.77391769916
32754.440296381785
34444.88576976252
33195.7513065271
34484.87012728941
34124.913990892834
31548.912224761767
31915.22271330307
36727.543844684864
31960.03841844112
34231.80672448555
35000.518679502486
33377.73103147004
33310.958054697294
33396.14984472617
32713.831157395085
32890.388595123506
34731.21656327615
32239.44791428966
36405.891795292075
33603.05285201811
33166.450318772506
32794.45907847459
32162.581166331976
34594.94482404292
31362.12670962128
33239.65256462861
32731.34696796333
33037.33230781058
33542.8483097238
33245.263927777436
32690.884143218773
31746.516917041532
34138.23161139327
33731.3706656308
32825.54385666142
34193.67127453618
31908.554157413484
33500.27874135487
32381.948054990484
33204.379881304645
35652.01885161988
31778.07142889533
32528.948316230948
34563.93709991488
31401.183134382092
33161.92959479125
32984.00805604244
34071.82135191176
31392.84546236164
34698.56040279133
32550.7557568357
32736.68911103227
32579.67649914207
33173.84608458444
32685.516880138715
34364.00300664882
34129.0067615293
31753.611799148508
32798.61851400591
34706.90848885382
32792.23533609394
35478.08844721351
34859.200169836484
34436.95510984014
33500.72335856885
31957.812748752363
34033.2366056791
31720.579886198677
33222.71937887634
32144.12719347201
32117.772359477065
32926.74908856032
30627.49007116543
32948.39393896199
33839.17153903838
32286.092110273756
32071.31732627572
31688.800409801865
32023.922645983464
32887.21333238876
32014.817221695386
33315.30029275495
31823.48369280492
33212.3557181711
32141.707427261797
33421.08674210989
33360.83298181747
32290.037945404736
30988.649717905148
34340.91757942437
32478.095878755852
32969.39264792217
32937.7462928328
34059.91375884937
32804.10858780479
31920.605927580866
31430.82797649241
33868.367263664724
33971.79376524911
34077.55194006019
32246.445822992377
32806.7576855607
32076.60021844534
33005.526216072874
33928.620885522876
37636.37027929358
33902.88321775599
33881.446668379795
33121.33284130427
32442.833022040373
31979.947569178414
30971.313722933384
32439.32806527465
31875.62213104029
38523.17053993743
32348.238815424735
33569.56299477842
34208.5110076442
35480.758912273006
33658.06475612776
32951.06882051002
32429.727437962545
33328.54455449191
average revenue:33359.56575509321
possibility:0.011