36623.290578160704
36784.46464937012
36579.774763814516
36400.89056060786
36929.26655094517
36438.0458525996
36365.71347035714
36618.92206806215
36244.775496095885
36827.52026813008
36737.454837986166
36111.416566853004
37049.609637691596
36350.02261909514
36656.10036556999
36343.916299335426
36387.64227265477
36458.791734692386
36599.780389617736
36784.176958377386
36716.00733808125
36514.441835059675
36495.71729927823
36074.68961734195
36600.57645766839
36297.36059500091
36468.57295876008
36591.92581798384
36207.648579464556
36181.970134369825
36343.567522467376
36703.288055089964
36450.216055241064
36761.355621603754
36274.58802969825
37274.72872494415
36737.88298730474
36930.37082217425
36479.91924833664
36847.67385988608
37069.084186206004
36024.085532962636
36823.24733519692
36485.16837026845
36472.95952462846
36295.78342942374
36371.547265749614
36318.94596205208
36266.19849550044
36870.31647619913
36316.8608857642
36472.59493830081
36659.08831196396
36955.16563196718
36582.23290755796
36748.0568844161
36211.94067156083
37467.211946900716
36726.66906310597
37363.08864901162
36150.75937713346
36381.623449711966
36527.38047093562
36749.96632322951
36465.288157320945
36819.007399270544
36098.01481379694
36494.33009141594
36598.66673310897
37356.89378359068
36605.15914907713
36846.50272740073
36775.768982285925
36658.24352081125
36915.954655641995
36680.321687493066
36158.28232906618
41709.6758131236
37226.33340840868
36532.292595221705
36613.202170601566
36286.45072858243
36456.20712761554
36897.135552802574
37258.79939550261
36283.93595778288
36814.05710718528
36238.16988998222
36765.79925041971
36532.96920976191
37570.42675812612
36550.71428851565
37430.92225207097
36099.133366263
36593.67584785623
36567.68640462265
36637.11176392822
36508.132348732644
36183.45951758454
36766.281379858694
36123.74558005768
36581.320432554145
36287.5598512507
36622.89652274949
36866.80375824308
36803.358054023345
36353.16897984917
36101.52331579274
37211.562558110396
36562.99691437258
36563.49517108342
36702.71980268817
36653.58874458924
36611.559415881646
36434.010801820186
36785.82833849555
36886.45216562103
36564.87491089872
36523.15250510855
36421.84129109031
37034.683434753424
36677.88297594814
36963.07197370453
36285.213540270066
42163.81189746182
36882.31830738716
36443.44679673683
36408.50912970064
36117.43380458524
36580.25853391976
36276.60968131717
36657.23298683863
36133.66709529618
36353.358377330886
36149.39524675514
35894.65834299799
36399.29241247947
36530.975968247956
36556.692353189545
36359.12401351073
36474.5207058723
36770.92257254706
36587.34442719769
36210.89501097041
36652.198091015256
36739.18005456733
36705.23597442076
36466.65268473531
36354.299362997066
36911.81722198893
36671.386800971784
36354.65289698499
36394.96702312009
37219.13302873211
36811.97944758201
36438.59880964088
36728.838202352155
36583.75928071143
36850.81472731824
36390.327509769195
36456.130161747555
36479.14230453482
36760.22712440691
36249.4331826771
36991.46405821675
36893.70698882308
36273.82661010851
36485.585911369606
36294.95292648116
37266.39185139527
36373.3097076487
36190.81573270842
37140.552762463136
36499.31322410663
36270.14893017965
36647.565226134095
36519.262654576865
36330.52122500615
36293.97111436957
36774.36634405491
36448.46195199794
36769.77667626491
36739.66209819383
36734.043700349175
36494.73976708197
36326.84960552939
36521.63485864165
36602.31795510546
36252.71995843914
36630.69672002764
36255.089054773154
36391.91839688081
37055.01570454075
36788.76295157813
36568.65873650463
36440.900578244495
36587.74410865963
36691.00428537517
37000.41408249908
36332.13249452925
36585.6735605156
36423.80609228259
36636.909636702774
36469.640296364625
36726.50365819253
36669.438169335204
36160.525018026354
36460.57650242002
37220.30487332076
36731.48958510157
36994.10162990376
36411.839656678385
36903.61868288691
36575.93249138332
36959.15113604822
36806.180827301745
36274.81957541874
36446.51322266416
36744.20081340183
36724.12081545826
36643.27749531416
36273.764141795524
36959.401390445106
36896.49355152195
36306.81355278399
36609.328298916575
36371.46139530219
36354.626937323235
36442.50978506894
36265.67769716969
36165.88928134947
36633.93080280489
36894.0850008176
36663.386793326055
36707.3745645362
36407.86209910432
36257.51152710139
36641.86897028572
36731.697228251905
36284.855387103526
36276.01364241345
36629.91464694233
36711.44825764992
36564.47776424936
36541.27213720719
36658.77068476337
36321.08310520732
36821.422774125465
36303.57984799568
36173.03832944487
36609.86658376386
36257.52193515824
36325.34156360854
36613.9367336642
36556.70506835082
36797.74606932873
37530.89187184783
36855.93653251177
36038.44742060762
36682.79918793739
36748.35013026017
37193.93684544952
36409.430644494845
36613.49421630849
36254.736961708535
36765.154504817365
36555.75143720542
36696.71585616712
36527.47492432938
36405.998432468565
36151.861699727
36754.47366581355
36126.65836881889
36602.65887687218
36941.693834186815
36457.61198922723
36469.20742813176
36142.484322971475
36438.212732799315
36328.257714837404
36266.51241020775
36098.17486369784
36909.653427236895
36607.34774228581
36503.981053540076
36875.13385563436
36525.96874794002
36611.981125487044
37390.531654451894
36380.638626508546
36363.97776986999
36629.52245921076
36222.72188246523
36801.28819611073
36469.395295466726
36470.52157477902
36494.543523595836
36624.3063524085
36598.88574458813
36387.53334716142
36513.23096589581
36709.476200307785
36537.53354872451
36243.60059911147
37043.168866555876
36588.723682780204
36642.826996320924
36341.28412138079
36044.52331404564
36472.35143425587
35931.107019654606
36217.41109342806
36495.19054949468
36758.49577413961
36223.26721099587
36273.63899876179
36921.26482363295
36657.4523177382
36840.49500908271
36533.46997344974
36486.53083347247
36657.28876025635
36066.8937688891
36688.930135439616
37004.86407439619
36612.176355322794
36335.361693989245
36868.51035930371
36529.47544765623
36790.325029007865
36084.1283650323
36322.11320842697
36015.80837826469
37301.43720139519
36275.48917748184
36124.41389623302
36394.999587065824
37006.77199241733
36160.31594654728
37333.77429644514
36367.74044073276
36828.122379823624
36481.50246906213
37307.81819991129
36489.7200080275
36596.286545748066
36783.81061261248
41940.61893555221
36591.26192196066
36195.856633268704
37036.22055231607
36835.800965117574
36687.39081750255
36286.370562449345
36190.28689132534
36501.21928696539
36446.90095220313
36897.282947558226
38013.14652762253
36196.332889839076
36577.18213780577
36566.239220136435
36629.99229588491
36359.77124220909
36245.9189387676
36393.41976357522
36243.3832779634
36916.079264397405
37156.35829703039
36283.41530247992
36555.46471411547
36565.68734419799
36144.10013990275
36547.33796377251
36545.66933131145
36291.598857620964
36395.27477696938
36223.56120901002
36425.08627459325
36207.46311017815
36355.604322944026
36335.523379269136
36333.17545088958
36538.72605295533
36721.09447667554
36656.459669165866
37274.237358289756
36597.38558630909
36562.159153255365
36188.2819981445
37288.90152112675
36479.62022456003
36765.478471504
36893.95893067078
36549.91453538742
36640.28379772584
36489.36684775547
36564.4504330075
36803.37516511067
36886.97685307839
36746.54335160371
36694.73146262302
36410.98156541666
36324.78214077227
36719.44250752426
36156.07114511497
36211.99235574397
36395.50882818798
36071.84233357443
36448.422321395075
37058.62784110383
36835.604482832925
36174.43384476683
36642.42278982157
36832.6063210387
36666.28226228789
36301.97256405298
36726.99240606614
36327.175939312
36374.60398064196
36773.19691095581
36360.145616502334
36700.79661876142
36703.00098587738
36405.881608020936
36781.7620546332
36341.818685500475
36600.564576503704
36759.96231300093
36472.26336400513
36462.735718344935
36438.373755282555
36860.20653476013
36598.336480818376
36527.37670840427
36506.767295126905
36880.026871526454
36775.98185507906
36614.76693309062
37073.86238686568
36502.88688954193
36581.6273520298
36429.31258549123
36929.07249550915
37247.21838223198
37129.56561487781
36299.35662151122
36557.24388364581
41692.84302288586
36611.96581244569
36552.20560241028
36400.25952941984
36550.99787755679
36730.42370043142
36495.30564548626
36610.95677280982
36535.076515426575
36851.35877221625
37239.6030805222
36240.047496317566
36850.754100621285
36806.56078672362
36514.445574268444
36890.89572312778
36445.010094364465
36476.982631984625
36304.10524925029
36426.3847898279
36286.647047837505
36275.77359811052
36595.57067065747
36510.31507576217
36266.48145719657
36723.80307106838
36405.0275622696
36406.6830513841
36733.335583726555
36466.60477356323
36849.16723683186
37197.491200541765
36104.462214299296
36514.03719317286
37076.282222785325
36572.24317004155
36175.48130693097
36871.413278278415
36525.66249771209
36046.50567635899
36335.73680920144
37084.873438652285
36752.96733439218
36680.73019773126
36201.44229923338
36315.434166094565
36906.161111805646
36121.74270510165
36302.378253738716
36921.70248420811
36617.78276192602
36828.50003234015
36512.49925256698
36168.147110227466
36583.89859208084
36738.26748585694
36466.11193629706
36133.85853243866
36482.76187941465
36225.78233070243
36482.18667917974
36412.55287136742
36417.634367634026
36411.95737537405
36721.448547870685
36464.636117896815
36222.46440483953
37246.96413773694
36160.61870908119
36517.653917532174
36640.54891515554
36512.46938249284
36553.930239710964
36957.39718113626
36598.72966718459
36794.10766784674
36772.26422200221
36545.782178137735
36771.54986628965
36725.52138256545
36524.74823729056
36029.4667066625
36312.77414769491
36825.161171492735
36464.99214650918
36039.8788230377
36987.23386519653
36742.1199219633
36390.48633577491
36329.68644038009
36385.51339109354
36534.47104393164
36525.734277066374
36230.12638841618
37082.17655156543
36477.186783585086
36309.59304509313
36540.99204534828
36184.51927235722
36304.82290482679
36649.708565735724
36396.63341037121
36516.43143933628
36279.08980444204
36868.38672001466
36241.06869561261
36809.16167257783
36330.729162265656
36384.817693155994
36357.53357760093
36253.99384896634
36233.579161638125
36663.515813028665
36327.6436201038
36617.713319772396
36838.64980559844
36476.989569997866
37331.094644366254
36582.798662359244
36430.94972522397
37138.97892948549
36448.084109591975
36334.88064840005
36712.11638678949
36448.80322038879
36199.93976698126
36325.63900373347
36256.115912312634
36221.81550854743
36305.4795856993
36271.47335081888
36348.669030358076
36727.66339028393
36769.5932070378
36290.64969760614
37208.157905871856
36215.05823328635
36647.27928879491
36451.61938040607
36050.07642147728
36606.512985098314
36242.0025884095
36645.54568184432
36759.27041692208
36513.09631865352
36674.06320025321
36851.259143279516
36454.11457527544
36942.34832422398
37170.47144370084
36473.27359193608
36758.06558839473
36511.02688385845
36233.49197204839
37133.718451628774
36347.133725346925
36570.98459210022
36155.70811042184
36818.478284914956
36203.53907195864
36720.75190084409
36570.17662354909
36769.61483782122
36459.762084988804
36726.50350224311
36677.821660899936
36173.446476782425
36526.242449508034
36521.27535451688
36399.80235459148
36622.81342855448
37006.47417243581
36637.75899535559
36108.74589066984
36145.04911295412
36728.2026836434
36434.83546293518
36928.51983829487
37034.03949345692
37126.09644468856
36348.4104438065
36317.664097048786
36377.732103073846
36492.65438769682
36166.07643060092
36537.88635330042
36391.16036389724
36336.129208188155
36492.23779911966
36660.77614924581
36282.77518086742
36907.787379391164
36595.22524610362
36445.20213727525
36039.70382845218
36311.743876846616
36460.66911298256
36269.50103778729
36847.25248653658
36423.70306597454
36598.20485470518
36265.76871326636
36866.46370004485
36093.072382779275
36649.98776522765
36553.54138170063
36493.22766883154
36460.83899852313
37043.75161860302
36592.687638658215
36576.41638344325
36392.51423361936
36387.94551748019
36811.22198229721
36485.45275033737
37066.245184663225
36602.097143362735
36748.79520761587
36664.74524762079
36287.78658018382
36651.321586661106
36709.07244760029
36244.8837445991
41770.394763148724
36471.68497619979
36827.25084567021
37005.071100531706
36604.33588571884
36445.59502202967
36651.21483539466
36444.29913990366
36154.93090100456
36417.40048648153
36552.219643419725
36558.342293697315
36273.882839568105
36540.88345198471
36217.99530950347
36846.24264149512
36866.95020862998
36649.65384748186
36632.931120669884
36242.82847117812
36618.2257497853
36715.346485429756
36278.489598382956
36183.40446858004
36172.320118725234
36761.7960054898
36406.571975044906
36925.527214412905
36254.278450923084
36664.303889492345
36335.51031595652
37464.27137104412
36477.42061064756
36583.399144212024
36413.68891116994
36533.34376332912
37376.02702477261
37425.67992038885
36345.330327121825
36620.52295834269
37584.96997553656
36404.453282717455
36626.08559488878
36341.6382451225
36497.788913781995
36843.718561549016
36752.78734302653
36752.90007825863
36403.26743844833
36315.506015903804
37001.60732269095
36475.059325688555
36307.77209411367
36712.15423345061
36280.86685954689
36394.41614051572
36776.85483508768
37615.81413416516
36398.90226242928
36833.142974635404
36129.66573252762
36445.58088349259
36748.66921465439
36323.392263809415
36546.638064595434
38730.62810725531
36292.95891133715
37036.06070863124
36641.12282219829
36283.3730324721
36665.20189584687
36567.207689720555
36423.56091083933
36636.20469427941
36579.61387314385
36443.86249666057
36370.66019196792
36467.72362604087
36847.547789516284
36310.622965782866
36587.263274529425
36025.119828749695
36385.88421834699
36700.05769699822
36318.76073103139
36345.03699163521
36526.211094789855
36092.65722815633
36429.838911664294
37376.4415722277
36453.9651069243
37328.97903874207
36791.45616732177
36524.376525925174
36712.91839719769
36493.53468730712
36391.742375868904
36156.799420612646
36395.77949110321
36855.59172624462
36196.54950331321
36867.2609176244
36672.51544060968
36565.96355304738
36682.27812583298
36848.249255358256
36873.55619989971
36300.8237951311
36605.52306687629
36289.05874002134
36950.16656112483
36567.61849533902
36449.92139197379
37350.46414512181
36484.177103232585
36600.99237338769
36193.03361843925
36515.50007748829
36186.54584180122
36669.16255390982
36469.443056475924
42289.52499304279
36285.78478680515
36332.76104961392
36590.44575745344
36314.78094558237
36257.718808214406
36781.88428837919
36726.5049710684
36265.09993050172
36436.86380061775
36637.177482847444
36358.83761530958
36888.38522038217
37014.69651576998
36764.908815905925
36661.07039605319
36602.17877819309
36423.257388629725
36111.382845765285
36611.54579096711
36590.233378382734
36391.39905419263
36171.68374935303
37044.34952147489
36560.69124098277
37315.60931153852
36435.20056830335
36260.57157122687
36568.640653290015
36864.20664422837
36244.00878133811
36330.229481512724
36526.953796310954
36188.84494253767
36536.13542080204
36609.575833260016
36370.63433927777
36743.81452787315
36693.73342450259
36442.233789843245
36973.29315997595
36637.25940675102
36508.32026245175
36575.43305053648
36631.70503615123
36302.59934483673
36579.59994741889
36630.47786996985
36500.120498506956
37447.26738538843
36591.654234401256
36125.8468856523
36606.942447906375
36501.445097126
36259.84140947743
36348.9434069768
36672.69169648945
36202.5794761904
36309.63321227226
36503.3823637005
36160.53412579829
36330.99789173607
36714.52102525947
36819.14067078341
36568.47721936889
36506.6211707765
36612.95313453022
36522.31856690867
36685.32119424967
36897.53774187636
37003.35880599258
36271.29591200682
36370.791162993846
36898.22121270449
36427.203182917256
36356.86934821039
36311.08833058382
36635.383750203684
36830.03549748418
36634.5466718661
36161.565574737084
36419.793705710224
36265.034455659894
36754.91900414173
36685.185574166426
36468.542528384496
36313.95840904698
36711.06047620225
36275.256850267026
36552.64360235007
37144.13428510342
36412.846773494646
36856.85153365373
36571.993872930776
36461.68454186139
36508.06545385736
36206.07916344898
36324.38813838671
36120.80175449833
36647.24725098783
36324.221111784296
36519.23533181623
36809.424118170726
36531.212434831265
36763.31703637246
36366.621594760916
37319.66424768896
36646.419823392534
36477.622381069596
36488.62175320586
36587.40849894243
36774.290725866806
36744.250318780694
36994.140368296976
36458.37891945759
36072.40448919794
37659.99937247819
36343.70881397327
36859.77199381431
36197.01377211798
36126.222761455945
36496.85419047181
36682.696731123026
36475.79340012511
36282.62085237317
37333.47418384063
36612.730774345764
36255.04940370348
36649.69903994998
36877.22042855813
36793.88818540216
36159.81059882668
36956.47287384274
36313.208520458975
36713.545912985406
36504.04042881988
36902.43530379598
36713.885177705975
36708.28717269487
36616.08477504059
36640.08954568658
36642.875489287595
36611.26489799357
36306.3880590718
36455.912760307
36390.30279251023
37462.25022347693
36025.61024596928
36095.454621722994
37759.00232712921
35881.50112358966
36431.887013560416
36501.71116786916
36372.40086343679
36633.18333703283
36482.60053181817
36676.21739549492
36714.99917297179
36502.593431989495
37000.72884652901
37061.77163404056
36345.75027308271
37106.53669077918
36938.50757430557
36589.327219875835
36185.67597923837
36326.45425435326
36426.37895767271
36473.02746055363
36450.946986342955
36409.99280537128
42275.38829076977
36648.75450965667
36986.01130607204
36519.865161952956
37025.36325267724
36630.099344108145
36303.24766202674
36472.837387114676
36332.34806475212
36392.633572025195
36315.187538544975
36711.661296062724
36555.888549487594
36219.71146116271
36295.78858490659
36301.29187720978
36737.378911877575
36413.777302555514
36411.51312933755
36192.11832106708
37110.02900712132
36270.52893567793
36285.672604565276
37045.68343617228
36602.19135686995
36398.972571533515
36135.635477262294
36424.43084163158
37470.71150923968
36477.478327272045
36241.70601205345
36567.52267568782
36894.126006610786
36287.43374071196
37390.62961544763
36227.542918891944
36521.5081811592
average revenue:36606.20442846768
possibility:0.007