34367.92342233615
32737.02149337754
42121.2690002307
34999.8030939547
31701.069583242377
33614.637628192766
33486.564474220795
37654.515422230856
35379.379700246085
33073.87170925004
33291.52070343759
34050.42184619503
32460.55989336837
32370.594869334374
32587.09671813819
33133.033462433945
32216.395039637042
34325.22813421728
31094.586063443436
34690.25992267371
32954.3966505262
33628.82187109268
32985.30377663094
34261.143414722625
34864.07985770374
32481.161819482288
32439.35121563008
33493.13387409103
31588.517670693185
33204.4219192526
33894.670711884486
32180.371248478485
32157.730352360843
32579.614707732675
33898.01620218656
33662.36713829639
33956.002154939066
33609.603183880594
33680.596818185506
32245.95297881724
31672.006406523557
33796.276491852266
33144.37317351159
34553.6469023839
34439.617841623476
34761.26780157183
33562.803801864844
33716.03422575281
33449.3990398371
31785.94521199901
33131.20503083894
33175.94201506224
33454.610386998975
32868.50440426815
32878.58838007051
33531.13191245174
34009.3641423782
33390.44698194033
33424.30281436441
32999.30455770653
33360.192142750886
34225.61451316957
34047.61856579627
31713.169806420003
32620.248842399236
32857.41393763624
34154.47336401189
32894.071576633076
33231.0655577755
33193.48491238492
31843.5962688713
34782.254545001306
33603.418553870695
31225.27562556169
34354.370165550594
33298.012307834906
33416.15068638554
33895.66757377937
33024.80004518941
32139.35511371409
33136.197885393674
32662.433167277897
34662.10370793809
34611.30917106674
32238.511478458717
32912.62183600836
33170.124775701464
33110.02749533414
34239.440122232634
32728.19456203412
33793.976515585106
34376.02881348878
33587.557648188435
32795.73767220554
32611.051875383324
33007.08561082438
33861.40927192449
31574.580391960146
32494.144274525024
33301.13915103681
42174.14727759514
32795.631101594685
34158.48476623037
33909.83697805964
34402.21707942318
33781.95370888085
35296.07543909174
31797.612710772333
35918.67918650957
32321.794523972607
32667.373114886846
34201.14164663402
32524.22921366355
34145.510015480584
33797.02833061979
33638.47669298724
32520.93629647735
33184.48170535532
33149.53206629012
32393.666170315886
33285.39198722112
33314.70363262455
33155.24455673393
34105.86504773358
33450.21283089152
33922.548577634065
34564.21409297588
33574.59256454566
33605.59070432222
33222.85442386043
31980.1658188136
32538.95675426484
34327.3701807363
34029.77616180575
32969.70832553635
32667.17493780143
33591.83597799727
33926.26618668894
32493.772116493485
32464.08501526515
34825.68574569794
33379.023247115634
32605.921142750325
34199.832769869725
34368.91334950591
32885.70201790337
32418.697922922503
33688.18608981958
31833.3707962459
33455.654534953996
34347.030865320514
32469.771448720814
33010.627901499465
33680.181152502184
33122.5104101083
34554.90618717038
33290.98916000201
41383.972552959145
30871.781379876116
33457.18176892591
34085.09225985286
32555.738636273123
32524.405464669642
41093.91834525299
32165.58031760018
32928.897003911814
33450.646706627515
33391.19939850282
33478.21006639168
31876.460535025508
32907.07339421502
33277.13296377935
31728.784847931885
32095.808397212357
31849.97211031483
35732.762737513025
33446.11217789051
34191.55784574043
34116.738827145666
32631.92596768126
31481.561784138386
34503.999125051356
34599.84430183224
39065.371632317
33239.723100503135
32918.38507855159
33434.87312418535
34606.27094638995
33815.28752770781
34171.81992366553
32905.32677097914
32708.567195216605
34686.632482865665
31799.64550278048
34607.26501722636
33629.49503074753
32790.36088021892
33350.58952231169
33220.42468995742
33232.28332204859
31892.196795739288
33375.11340787838
33009.18379428026
32631.615178565182
34807.42570998913
33715.71051331251
32501.15035826219
34023.06789841537
32072.51722008381
32662.723490087676
32901.69449719139
32333.466682779148
33903.14874520093
33427.418432204875
31983.93356474177
32756.317655290488
32353.13155492497
33666.144808833786
34577.17856292768
33665.76909538657
32159.723492440935
33969.772804665634
33111.064890884685
33622.80029544352
34429.75502793374
33538.2978222678
32306.85572241981
35085.2068246247
30986.016831878474
33313.303465130586
34099.63325007032
33354.00068064206
34875.946074693864
33645.189594368814
34569.24418608466
33496.56001541021
34844.569759392
33055.95112446195
31925.263726268902
33300.85186688785
31930.511306135144
33851.14202325124
33673.21279915253
33817.05028933866
33566.84847237579
32766.151212450506
33631.72090532036
32419.099732980383
33973.6830720772
34405.71051291696
32531.41381304753
34424.08963641975
33203.25991772424
31946.3540218317
33094.057567168355
33879.451401700055
33942.87966467638
32928.94588239977
33969.427209056594
33779.00484409666
33113.03940112033
32386.470028114425
33768.47021618737
33246.22455744709
32731.820731351203
33297.613679983915
33688.91906286484
34490.50710555123
34420.20630406807
32119.228221290337
32795.36263044731
33277.86782639269
32741.046128260714
32351.31452787538
36201.14063186436
34406.050631062644
33922.972990967544
33175.07184233883
33970.03608249395
33435.20253257773
34509.02737653187
32976.96244493412
32961.12338186737
34188.01926618066
33402.85097606611
32830.04300887947
32162.956319088553
33078.13414485024
33027.3393974578
33877.484362038085
32036.94310506393
34014.41228196267
33650.09348143685
32238.129815379983
32851.015719333634
32386.867139653703
34312.37529629643
33649.56258391491
34371.60258311203
34270.627932303716
36048.836501740545
32111.155031751914
32969.770860396515
33069.09590622438
33452.79303802514
33669.475894292766
32119.857882182867
33818.50519467251
33029.76329050699
32837.68314625983
33736.68437810288
36482.695333879994
33129.18404353213
35226.92285620151
32716.22780821048
31918.74256172491
33779.22786238988
32819.888999968985
33864.12288581862
32581.51977191769
32327.394412061592
32299.988668238355
34113.23196485665
33464.57686364215
32828.73346196627
32206.953489734664
34837.33001730041
33808.80968208031
33122.831480806584
34649.56191543836
33246.411418772805
33683.1995655567
33127.25194127682
31940.495759753052
33054.46988991905
33949.22587332522
35149.57798249574
33706.50184670177
33550.96352936207
38180.578308577715
32179.70159952726
32863.025450175446
33213.32768583862
40742.409747157704
32387.542921315973
31494.78099492635
32335.250879480645
34099.92479141804
33268.852558467384
32294.126098964447
33816.63132976116
32572.31437128337
31649.152122597858
32873.64044389684
32633.975706319245
35457.118808058374
31752.04037677203
35093.65373682729
35389.361509298054
34096.283607389865
33802.50044527424
33853.39813252355
32817.14477754936
34601.13064268546
32536.470272871244
31338.94582770976
33410.9317972228
34997.96578087224
32949.1492212849
31814.16892085307
32324.848134524455
34692.376027878265
34335.69238070208
32185.838370789756
33596.0962730726
32799.237812567975
31398.333825405825
36153.169253975255
33637.699262168666
33920.23869875727
31175.94955925583
33356.54700182991
34736.848155438165
32333.631184100464
32722.506667459787
33493.70040121457
31986.732473580705
35044.81553254015
34675.958661753706
33634.05506349368
34175.287036814094
33930.4417892607
31617.3007880152
30648.98138109685
32995.10420198659
33437.87407637388
33432.049088552245
33574.70049515804
33040.86989508063
32833.38984439351
33011.73990696787
33726.93133453468
32533.18753878201
34070.17438282524
33808.44113785138
34917.012690537675
32549.230577628296
32682.029362392255
32355.83684866156
32683.400720726928
32774.97039074374
32854.16269845694
32353.262090301272
34037.59234142863
34336.71973979716
34102.78868314876
33086.8461940646
32201.388138624625
32792.27421083882
35367.91285554682
35510.19238920405
32710.023424671628
33461.815475818075
33360.6933774692
33066.35943627528
33898.749045791454
33119.76393976544
34252.507116735826
33188.732948371246
34720.54402458945
33983.91585305946
34864.071221749335
33207.146288130956
32861.41356200276
31853.96545994024
33277.82830878383
33685.21744285623
31729.178570421962
32514.974684800818
35002.74020128721
31715.057488505554
32220.909084832587
33424.637944815964
34496.39639275693
40771.536092261405
32404.210190569407
33847.968851897815
32959.476143432505
31388.761600570397
33134.80891941757
32803.35096516923
31732.215712806494
34697.68387055044
41763.61997324184
33447.743365157396
33640.316886583314
33442.85533915044
32205.387154677133
33469.71579204719
33635.324768922044
33276.12685018106
34280.31250559892
34918.9306632237
36788.05630914429
32350.2141421442
33455.53776101021
32861.642064703934
33982.34827926833
33943.91510133525
39154.899461454035
33594.78162379465
33752.201279692
32093.170151027152
35222.716838017725
34010.48260767355
33265.33196230319
32552.87490010675
34234.761463693685
38642.705454441915
34319.0967779477
34608.8549721587
33617.6714848422
32515.666502959717
33954.87177703596
33907.875068225294
32965.540780850475
34663.44440790658
32726.71131383696
33227.46941346758
32546.20389507753
33304.77650734357
33592.70915158153
33250.39937347605
31824.225230966436
33757.66631418683
33309.59935811979
32625.354402315483
33090.5909684665
35047.10199042809
33195.98787445213
34284.89220936047
32546.464416420367
32701.633512079028
33033.25239548926
32389.92529880862
31018.57616626181
33328.946271922396
36726.69667066407
33902.52412326366
34655.82569647596
32061.459011523955
32460.53147900137
34010.1806828561
32451.389420765994
32541.198223998934
33729.685040483426
33112.62756493031
33708.99443262567
34735.740151506165
33222.02910594732
35436.01923838289
33077.95647141427
31525.410988441254
33322.1103024374
33050.50575964067
32767.23772766231
33519.76265427803
33819.093050509386
31436.068460456812
33958.98031171468
38719.25025034658
34166.063852907064
32072.547404872723
33318.98520718772
33477.174251719065
32493.72317696365
33925.972508336534
32837.31071534904
33513.92263228824
33472.68174014151
34528.311487231906
32115.651906515635
31651.15023507603
33573.62344489633
34396.971263796724
32288.639720502724
33492.78009778686
42135.07617654037
34205.32106867553
31746.033803930834
33581.42231304777
32985.67050342525
32989.485797742476
33027.275152096656
35947.10487720864
33218.728073442835
33241.97075381708
32757.453823057007
33034.48438234318
32215.859716239538
33684.422909675704
34082.927566810744
33938.63756544331
34666.02514233168
32328.20780349581
32845.38434135441
34263.14617378078
32855.17942453522
33137.30640710689
32336.039496388163
33957.02455991953
32229.43535438258
34167.07025581851
32891.454763833644
33748.44063433328
33691.89643545353
33658.61436177775
35129.75312827487
34240.966590002994
32522.188386726193
35033.89377659596
31674.16153907342
33165.76414919195
32271.714167962473
32749.350685578964
32804.84274098187
34887.207211839166
32862.010969000534
33381.03984855984
32784.111371061634
33602.41857894527
32679.500089787904
34089.247121195585
34097.22408742287
32193.31573844479
34309.913532471204
33902.43930186158
36134.6988381707
32748.971296652275
36568.73400947705
34405.66650721893
33401.03505898449
33373.796690411604
32940.632752210724
34043.611111640035
41979.2584989167
33799.10256653911
33996.33693974822
32354.611895855636
33029.80508259802
34696.901916923125
33640.096631106855
34378.288954447264
32285.582627568187
33838.436833800864
33146.75093986728
32209.736338858544
32894.45367359069
31828.649779747655
33404.66097565058
34013.898051794495
32556.89378019583
30769.575512962354
33269.67383591616
32337.10244503533
32424.1169857388
33989.53799517874
32506.425789686047
33089.08067368864
32688.373268271393
33576.44712105447
34527.51809576281
32906.89987291139
33240.50355798802
34414.226972653356
31803.787881576554
33887.24923359995
33355.088905278695
33733.577715546446
32766.067066996748
31936.70566942831
32688.989730663678
33921.158779612495
33735.07180537518
33541.8893718855
33586.07066940321
34063.348485868235
32928.52524031031
32746.906766596167
32586.414230111044
30835.437908350883
33489.868708361486
34014.6104807997
34205.32587287101
33690.61814871058
33472.54809307235
32756.72241879804
33392.78127330482
33586.874381018184
31900.045405843714
34873.93829339709
33882.79787059202
34435.87347745546
32937.30451986324
42158.38391283783
34656.655250954354
32644.287250150457
32921.42833205974
32014.60386422558
33507.86843317636
42198.11672600209
32474.454544039272
31755.338103800394
33239.12242330489
32755.19152881361
31924.438307784018
34521.5969209764
34045.73409794647
31569.636259397164
31533.76139853569
32971.46468422888
34136.55575445095
32742.96841867532
31997.65804886579
32078.753419279215
33740.59455118052
33764.42594414149
32822.344645245365
32714.486393275285
33737.78087010827
33436.77952156844
31824.163730529603
32974.789970035024
34027.025286800585
32609.14006713511
33864.93664144923
34024.580218035255
35489.7671898482
34047.84147139618
33519.59891805616
33862.69385245861
33507.71852833609
33843.16226063266
32571.230895648052
33354.02626568274
33349.0524991609
33144.84391863312
35909.74728068199
32952.698357077694
33350.61186286541
34767.98832767935
33661.954362816425
35161.37996790807
34142.87691651439
35355.777535079724
31942.437064791724
34336.41299729061
32478.650725925836
33420.17108716552
32473.512938751104
34503.83463325389
32247.460115827973
33426.08002247853
32032.647004324877
34228.39625385689
32916.28205744963
34626.312052109555
35192.7681054909
31791.7572148711
42161.05245290775
32958.17183724169
32441.586582903004
33187.73535128215
33094.61752723324
32748.55962426213
32112.988100200935
36334.74073617124
32616.12415476043
33073.20457372696
34358.93925038766
33472.598078184456
34654.97726321208
32643.383832923395
32500.781672442048
35175.84794414971
33638.70382521106
31559.088555831462
33781.15426173063
32823.0950650276
30705.20175525214
32237.534036096415
32691.94763642958
33502.25995925592
33661.11473892152
39568.634904406455
34901.04909969038
32313.383150692098
33089.737839025496
33097.68733577201
33589.80997387103
34436.61312653647
32149.5306624958
33650.21944826555
34746.65526211199
34376.57989573913
31268.506068417417
34166.71746835346
33337.74226814964
32870.94649187678
34284.128548436354
33455.326023885595
33628.1968199437
33173.75586983652
41910.6338802651
33728.097211883796
33664.88539773519
33696.89211742226
34497.1276277607
34010.37488226427
33599.03595098508
32503.28973879845
33604.660610186584
31790.451674179163
32199.5218461536
34491.41809766164
32945.29407781546
33935.37291056406
32061.697463105334
32914.97768662949
33196.08886699096
33058.71530154587
33530.05881831534
32681.215949933317
35168.694348500474
32460.443687469317
33538.65910296452
33781.333219711945
34535.10363211963
33576.66682838735
32055.392449323484
32659.76953011622
33676.92937701063
32638.542799523533
32083.948114103907
33056.25391346112
32747.058348732568
32762.164571698606
39625.63238812324
32737.808658117407
33942.59971256966
41974.84574217053
33018.448749713796
31585.621857026585
34109.02772027053
32059.0095841443
35467.59342057605
34318.365318763535
32455.892394884493
32113.35019042021
33305.234804806816
31554.55141430754
31696.564158797104
32111.076725199102
34194.889406872295
31675.15806140329
33183.478008692146
34449.49940656372
31660.931847000975
32927.2282465153
34799.882461455905
32710.01957726041
34983.85126059422
34087.64555873366
33414.047277875616
33259.18660132141
33127.62774847003
34168.349610251375
31152.925300451872
30862.485303943857
33817.56083150761
33537.01171267676
33284.02589528616
32743.391689399814
34940.95000829453
37086.768173916294
33672.63717410714
33833.62242801774
33361.872114654
33563.70715108438
34822.645203036336
32321.621765302898
32102.01358632062
32275.003376443176
33783.198729245974
34635.395032218024
33951.68546242835
34665.21970114428
34344.07883158025
32575.67495112674
33799.90867398136
34155.07385361437
33958.73185909158
32690.49812506061
34011.26638547986
34170.149378503964
32974.130560837555
32724.965303974288
33379.36747486613
33831.231782975796
32018.710869189566
33001.88517326871
31656.12922121377
34037.49576015022
32989.53206993888
33859.55912610583
31926.146284149854
32224.487372290605
33305.47725855742
33486.12255573488
32397.327390662875
32037.339646704197
34003.48856467486
33683.01047362493
34187.27823073906
34734.06936880961
32615.357338583908
32994.56029273258
39898.57618730506
33959.34542120885
32900.06366001261
33147.58000843504
33039.38020651488
32746.606222231967
32246.495214114995
33037.25913848167
33778.19095295961
32879.53773288605
33150.71431254231
33446.26300137159
33479.089290682874
34627.54192922129
34538.39174455362
32607.559925976147
33662.16919780344
32426.246731246658
34270.8340131779
31921.264210987374
31842.16673053597
34616.47402029965
31941.344643104356
31605.10254010661
33261.26267862937
33067.010350459284
33734.00008724877
35177.44295149997
32203.87897084161
34129.8824803043
32800.51338976209
32623.7500396848
33576.46403641087
34017.85263401446
32428.24281734193
31485.72454917374
34306.230724505214
33988.854122223005
32431.090187812817
33073.85645716151
32295.02541367906
32251.467133636135
33642.26918894177
31937.947661378956
33926.189658047784
33066.78394116484
34520.72683382753
32436.76206839113
33646.39615592007
32219.963531179208
33788.92536015109
33516.0235628728
34022.86022502852
33258.67570232213
31605.97821335329
33042.14609309795
33553.471810610274
33380.19035500211
31729.345637310802
33073.63354794298
32616.477176692857
34278.47774101887
33470.63641374423
34478.81015607129
32548.515962788235
32869.458894967756
32319.100638934033
33151.20136286051
32259.31457391251
31624.766575867223
33031.625481261195
35366.01410084424
34996.315303270014
35377.924049590205
34562.331377101276
33054.36705409578
34952.90587227193
34857.532190747326
34416.034808367964
32909.56115284485
34312.64632276092
32033.378402043883
33733.614934163656
33373.93401040902
33508.66455685614
33340.38217234798
32603.20050117944
32902.26109677369
32051.91794813822
31627.88194136423
34247.878225442386
32660.24021351693
33236.205248002494
32882.18820506424
34654.04968123955
34822.3745889838
32971.75359295538
32225.74448985385
32410.86109339588
34392.66636011595
33005.47782568729
33952.684806735975
34237.574165434584
34026.981500817514
33093.49245412912
33822.393595716305
34370.42738380709
32911.1742896031
32399.72057298805
33489.22128753224
40650.0960708847
33216.39298295218
33637.43390647663
average revenue:33497.291595566676
possibility:0.015