34734.70190412037
32723.397547842334
34901.20937601417
33361.11589911996
33745.07728202184
34437.50913621103
34252.62318873367
34024.02532149898
33109.59994183196
33640.573909269864
33811.44738159458
33757.10027130311
33993.31054784851
34906.50701695382
34780.37200112954
35038.03175889802
34529.11474530396
34991.050286579295
32799.23304771282
34480.24418691397
33565.70401332726
32794.14223179408
33704.534796831496
34381.77761653997
33473.161096769174
33739.92923432186
32937.378182001354
31830.12194401059
39258.46912326453
32446.09940692983
32406.678863905363
34314.18175257029
33869.67075104301
32642.564644478665
33182.91078890317
33397.85111660548
35180.46962885301
32864.01975883154
34230.331596321674
32095.356690642133
33303.34384155819
31859.512564114233
32088.04027011356
33287.045612865295
41064.64047870161
33837.51220111972
34794.670798782216
33325.697393546536
33372.13594105301
35670.76737262771
32764.79838452056
33361.12191682988
34328.83296958484
33671.85071973764
36606.62201765939
33866.11503727882
33404.15389007904
34033.42931338477
33585.37484647577
33112.4955256013
33129.18874172401
33596.175167143665
32635.515442629774
35045.267823560556
34309.06681788171
32498.214154477206
33600.721615681774
35080.2876432287
34536.253787899215
33635.345491554894
33705.05394623084
34227.109642582975
35386.754868413336
42070.04946766925
35288.088938288245
33467.88130395749
33211.93311461463
34086.5486208862
34551.58441025193
33791.570028534195
34316.15278839452
34193.26906633598
34249.324027986506
33922.84046894935
33733.21163649221
36250.88050990848
32588.054060562947
33637.72778282337
32946.98675229494
32536.374238796772
38775.36287383104
32035.019374768195
33562.63435622919
34398.904590752805
32771.47473650495
32658.24528156246
34003.31058713107
32822.316213409686
34092.875869479176
33868.418991724044
34951.88046374912
34003.12806989639
32466.335957369538
35244.22417957302
34751.63248188595
33263.766346421275
32792.20763672645
33176.20264362338
33370.542683144224
33119.75821336139
34754.53738343511
33054.946487283465
33510.918097143775
34315.956244816814
33923.12474362591
35885.113745181094
32964.97015877343
32937.41827782329
33146.95136488885
33076.2253409194
33430.58628296565
35103.26653283642
34680.38564929929
33653.38586893606
32052.21866151675
33592.703912876845
34594.80723855431
34780.948235895485
34278.05831642581
32852.16588043958
33712.20875975947
32664.90253161313
32377.544051020715
32849.49503210013
31841.36494700251
33809.86678535744
32635.524123431314
32832.09193570882
34181.41462674661
33908.81347364704
34530.70435362881
34832.605497249984
33146.01646084138
35298.430996951065
32840.621388269414
34469.466736554554
33393.45305350558
33696.38554290583
34902.88837767201
32631.54625549324
34379.52911047984
33241.50401678325
34355.80283592288
33627.18561155288
34000.1713073046
33509.48536447657
32046.933046387112
34361.65933078089
35272.628392216444
34892.3482613567
34087.16050739343
33248.52471692552
33741.13202379553
34480.37150233868
35330.46922735325
33118.45196122878
36820.77792898131
33291.01560147199
33456.998424027435
33652.09723900147
34000.342442262416
34233.00570251915
33392.18546606421
34051.870166409506
33687.83914870872
34421.267107001746
34824.64555784798
32872.41841502769
33866.248165939745
32989.0283177404
34667.744720020906
34083.01843315516
33678.60868271483
34571.98268927981
34219.95972333682
34513.9798502022
33717.20078846718
33197.50723549723
33282.0437867292
33263.98489830005
34807.53824752531
33288.837612438256
34083.960430944615
34419.58012143791
33401.61439220119
38162.34178959195
33426.70655477295
33162.109994464096
33650.059305203555
34929.90363570842
32971.565495082104
32471.85028325766
32513.963552135603
33669.50780868214
33297.068179775124
33363.4539512007
34356.42665131252
34942.62238235331
33231.066161930365
33661.27569633096
32688.503299628195
34091.7671377052
36255.72937370766
33968.2466036117
34976.958249623865
33961.96275732652
35119.469542656414
34698.846283781015
32965.109294778296
32924.58258641641
33156.9264671684
34052.93701547842
32514.275510529853
34111.20182311071
33897.466284648435
32396.16297424475
32312.42782493208
35412.2296262076
33064.78038230322
33552.99248318166
34619.53887396592
32766.39499365971
34367.17640370945
32942.83359840939
33517.73358095451
34972.77511697427
35197.49947536804
33893.23340601439
33857.29317995678
34421.86342394123
34634.28876698792
32803.628792276475
33220.97070092584
32960.03155706498
34407.49792962282
41934.93343286163
33678.26875153507
34275.464495989516
33944.84931471608
34331.87362667755
32712.53991981716
35424.680903820576
33183.311834210566
35508.39519383218
33026.14691167905
33709.50036377412
32169.009756588006
34363.54880166569
33916.695854656784
33832.54418690473
33914.58614508751
33752.065531922155
34060.691519043976
34090.08496085295
32845.03722020217
34202.28852325869
33650.88645091041
33556.562748674354
33702.45339643839
35003.886965988124
33006.867143523144
33645.651212176774
34198.45930125312
35648.62302733152
33800.55882455317
32244.439340440127
32739.72965612171
33633.61660787484
34911.177127552066
33850.13148715144
34113.34713895899
34134.74896905498
33047.56079163129
32755.993805475562
33637.35052228962
33864.07666561774
34041.95359481208
33286.84463800774
34938.13075504348
34477.97408516266
33073.04580833295
33162.34004458842
32566.45009502231
33442.390888316986
33859.642908460046
33690.64087492886
35150.727471706545
32940.09098918183
32999.99539676223
34584.21706829365
33246.62883047799
32996.08270060649
33070.53765847906
33854.89316707663
33193.80746025195
32611.004324533817
33245.37597562224
32369.175353337036
35007.600580623584
34192.40791745086
34768.77387417194
34972.14794103659
32410.59617871071
33692.60605272047
33685.77277993783
35677.15828160301
33889.82043177012
33226.47335535236
34903.52691280111
32959.52416642981
34214.33425568665
34386.59247138757
32800.50343285654
33436.001304008045
33468.94939022777
32925.456455043764
32851.71696111222
33616.85197417618
32902.80180749326
34513.389939218316
34790.40685025372
34456.944413732905
32136.06178631348
33763.083172310486
34181.036234068444
33094.604337030265
33531.79734669229
34175.91564897787
33939.47540592461
32113.97197252672
34727.89736990255
32851.892746199046
32178.516204824347
34770.293094110624
33897.84463746198
34168.5773272571
33754.12644572536
33719.590513253694
33468.578717412216
33910.886122814416
33790.090241953505
33115.775976945544
34815.92232926783
33060.788935926896
32459.41820056675
33617.569912813204
34391.72180224784
33344.209499176715
35088.409921679406
33635.705666855414
33907.30044876494
34121.78670006324
34091.609739681306
33553.49889038562
34443.0428442624
33307.37780057642
33816.56914282982
33502.133742482685
33342.051180618146
34023.100175773354
34124.57068350641
33821.98346088058
33171.85585027112
33928.00797375443
33190.0276289605
33375.93349722221
33684.223511276556
33448.75175493917
33923.102000300896
33446.3260943623
33853.48549642569
33272.037120195244
32873.277256337446
32511.096087756167
34096.30833606904
34223.97304658443
33680.119581069936
32931.518304874524
34501.44124730976
34968.45993077504
34870.60762163994
32060.655889970967
33697.73731057816
34423.97885969053
34541.419716609125
32677.363687687146
34206.048368478994
34388.70387918982
33521.69411012812
33549.26718178585
33943.37582902641
32844.65208016695
35549.643221446066
33315.333593928895
34438.09650624091
32837.77022386165
34060.949322558045
32895.585197483546
33664.89375139756
34277.47611353464
40222.18058808753
34101.436504708436
33515.807475305686
33400.12852326421
33984.2164677335
32634.765548047737
32900.0759807629
34435.283253041685
32800.96018845656
34448.13332736023
33724.02990547941
34120.185771199984
33543.84318152828
33890.87346731813
33724.68267716943
33189.27303893823
33805.35172188515
34590.95184078829
33069.91638400395
34990.028309939626
32685.974461624046
32965.259990317245
34072.29273018661
34382.883387515605
33909.05766525473
34732.68652878809
33609.80301934742
34706.18555137548
33858.404132644
35446.41528522371
34975.06775987177
33912.556864208
33476.72888485149
33206.632545282744
33105.86585342786
33574.43530092838
33881.06023114761
32998.71570939636
33510.45290786487
34943.41817949863
33026.49982111188
33000.69708246478
33407.98526587143
33023.59093065371
32934.01255684078
34052.55891081178
33375.27230835285
33252.54368316925
33781.66706500311
34706.01564568125
33876.0114542993
33324.97899782576
33593.17396741349
34114.828278139066
33740.66118818012
34482.47216080311
34670.607893545086
34620.52105881136
32173.483568654443
33351.175477239594
33533.07645208541
34485.17277930322
33269.41130000883
33947.46978423079
35439.73727233563
33831.39591141716
33555.351624464965
33890.67832549402
34340.842203979395
34989.41926648966
32726.28454210322
34164.930305961396
33182.175931595244
32419.165961370276
34139.83756102563
33862.40748597219
42173.19880504717
33835.48666381213
34496.50583165244
33741.28682448284
32737.038599509626
33208.70494751952
33013.876621148025
33706.36838392686
35455.00587586746
34016.04190852915
33211.261114428984
32988.61368680305
35259.87133199333
34349.05031190906
34521.989077669925
33294.15205361869
32869.40317820988
34178.80801274786
33802.339632652045
34245.22695945962
33550.8029282588
32852.24444972457
32773.52578132145
33211.42086374396
34407.0076514412
32666.388235504306
34928.44995712059
32414.968123551065
33233.2581528061
33314.04604676546
34268.72848345258
32453.6105420285
34334.747441239924
33909.47987676588
33288.12006174341
34760.56582429474
34701.60499337517
33362.84397776355
33147.622911810286
33330.45469852811
33310.85595689324
33880.93627288237
33749.65388445907
34074.69966330493
33390.04503070512
33771.09764204056
33909.57063504537
34625.57879225832
32983.8141128662
33608.50373964753
33947.92266252918
33866.47748395404
34300.0683017656
34188.537775841076
34052.78631157006
34796.91421612108
34535.26478298138
33557.944797981254
33556.16304399138
33818.44020298796
34665.674772646555
35458.232128009724
34060.52057781092
34442.83334436436
33008.636009366244
35265.702071667954
33825.7734620435
34402.9803230764
32925.251077475004
32744.527340763176
33647.44797015804
34760.84728920752
34496.797440711925
34322.26797569881
33717.58785218291
34512.41124059941
33837.10920466473
34465.50971965518
33993.712628953705
34647.8560180471
34045.57593688763
34311.834011064915
34494.492544260924
32717.006170243185
33996.95585834052
33582.37185691925
32331.46579733208
34348.50473630009
33126.0104421354
34010.017814671955
33702.99753426477
35061.658941508525
33714.03887621187
36248.31207652755
33998.56911729203
34837.12329541244
33309.31140003175
34361.883018956156
34269.00490858396
32964.06997694887
34064.707958507584
33861.67797969811
32941.577429430356
32121.77219827842
32911.27151053684
33558.905135344314
33464.21397520138
34299.48364204208
33466.40256745329
34386.20573464509
33511.4095705295
32221.94872427841
33416.83424391262
34327.40568448746
33518.513729443366
33437.519330289775
33710.08875386341
34309.46598513582
33511.761913611874
34650.81505722614
33665.49762782961
35260.274944315555
33812.22707963581
33787.66446199537
33490.372726369045
33433.141830565815
33751.82895084859
33704.75240761591
33162.42510676264
32507.390849054904
33951.44719335261
33757.86716088857
33509.40869876368
34280.044652172015
34446.93056544494
34649.1401751506
36642.38108327169
34862.99626239893
33216.29791140996
34054.098432384664
33535.847875137864
33827.75971721988
33599.07644090874
32856.54633831493
34180.47629910211
32903.27623353819
33693.58436480223
35631.88980309289
32751.861738899115
33849.51809599567
34924.203936810074
33520.53508025558
32463.431871171193
33074.273199864954
32475.232504036107
34218.18732255235
33280.80248052095
34321.51173598804
32961.00264884126
33612.572575591505
34402.36592771412
34557.6309992611
33420.83122106382
34254.09072867672
34459.97481267488
33562.46038379799
33938.84445392934
34985.28554300525
32658.82373418193
34075.09641409105
33226.07114718171
34814.749179854574
32767.188420424412
33974.14855472108
34277.03551418038
35451.861974247215
35777.52309172002
33855.30937662241
34635.77980126246
32461.855228354965
33092.04397728882
32735.486110151538
34104.9280329971
35853.558111502796
34664.63914609704
34671.82284488013
33844.38772899152
33856.09550390882
34271.07042142966
32947.70067156665
34103.34226990396
32781.91248785421
34936.788816038796
33758.17393879829
33769.981824354145
33933.73178183436
34174.62329071497
34424.89733799657
32763.618912905986
35759.016380554065
34572.44498153918
33141.05038003955
33316.44865423816
33530.651627316875
34156.52345719807
33013.07295142213
37514.762871961786
33246.96819868484
34670.97665289177
32402.25365445389
35187.59119178218
33330.389428715294
34313.4156666387
33051.88228198382
32608.57061169278
34243.81294812497
34667.610803446725
33656.54249862988
33326.510527988656
32927.06276972286
33651.784811868594
33071.82985270802
35733.093298648935
33510.26670623177
33844.2145058619
35647.27666031707
33468.61980156321
34483.32928345538
32677.755600464585
33012.318722632874
34592.934852470295
34824.585782767266
33530.46075702183
34710.39325677712
33907.18104942592
34557.65842326237
33382.79091248885
33724.44734755856
35431.77684967721
33778.125542357535
32850.28938695291
34021.99350005289
34544.36611360482
34263.06764350151
32830.279047217766
33002.295528122224
32294.979279188
33405.18917547082
34068.299526238305
34084.58589332374
34441.99720373297
33702.989606567455
33698.124978510496
33673.32849595544
35114.330554455766
34465.55995181528
33642.46795429093
32206.305462012602
32755.1448023346
33971.28936621698
34828.61813567381
34022.592008037165
32802.15137267521
33174.78326173662
33712.74399107349
33038.12948778026
33476.41862932352
34807.83329596467
32932.55246651698
32827.184670088485
33122.6863119361
35078.23926180152
33687.048295640634
33180.767553835736
33213.28989266245
33238.77929260618
34338.06694910656
34017.69086403283
33709.85839387869
34212.36409966274
34694.35183697369
32784.07818711943
33144.81219559847
33762.66702851549
33284.16454347493
33362.64944325303
34393.09738679583
33091.104141450465
34009.42219036269
33985.89725704288
33962.47607789571
34321.98503944664
34983.91127590991
33748.558386935496
34628.35150696484
34071.36546654361
34108.90747030402
33967.44116940027
33518.34661058634
34291.51956142295
34881.7749533599
35072.21875946861
37104.363268480374
34180.09601819361
34609.93691251559
34705.2639930021
34347.70150720014
33625.17115215166
36289.84236220736
34001.07261351374
35393.054521073725
31939.79469450321
34551.53772067377
34773.06808592942
34407.9965221218
33770.30525680382
33566.38610988906
34130.4431848602
33267.63151803115
33145.82660889211
32751.87806323274
31853.958079519845
35030.0975050229
34614.104513393
31901.495519702778
33150.52888472537
33975.26469963357
33684.737063763714
33735.10809513438
33441.65924087134
33638.63112651832
33578.4017487577
33544.432342527885
33409.775702655206
32932.241982123465
34261.54269343726
34414.17394099191
33496.62428663274
33432.493109456314
32827.725552151154
34312.451757518575
32226.142757489673
33986.214289193806
34578.88556822989
34005.48675834626
33488.24409519247
33505.53515180778
35668.42793409689
34322.59662588777
33897.85144624763
33596.126221247374
32549.9652999093
33458.172073135465
32975.075794801225
33054.08752490621
32437.270475017067
33505.09213889285
32802.39886752735
33832.16696538924
36776.99459684889
34525.55239765786
33159.51472341935
32932.378741995206
32962.07795163364
33684.42385846399
35668.720490892665
33263.58658140124
34020.211870692576
33263.50122170126
34031.715532595495
33818.2884347755
33446.204876594275
34112.448606122154
33592.93355901926
33343.9547841899
33175.3805442319
34235.19475833816
34173.57878009971
33913.82185563515
33351.651471907804
32396.72469407061
34074.56495550986
33254.682425932966
32486.989891357593
35086.02610270379
34091.42860508782
33049.29232728794
36398.319856459006
33342.353675667495
34856.0272265111
34042.98498506913
33914.46577017658
36668.30480564172
33170.47085458571
32737.15462850426
34817.307995027215
33059.21830239068
33527.008609747645
34687.77294906654
32901.500705800514
34202.9683029453
33746.385402351174
36685.07692090112
32973.43410569832
33548.2283796475
33166.332513377834
34281.633986117056
33230.836201562146
34897.133529758285
33693.51184321119
34390.50934278785
33055.63033067818
33656.814816092054
33658.42655601892
34484.098742643335
33919.94620404616
33519.67531795112
33148.917454834445
34051.17016852812
33100.7757481621
33376.60310547729
33344.44374512156
33337.22561501184
34504.7445342577
34213.75814350954
33634.40544415184
33513.312323715734
34718.39777090265
33390.78930897506
34827.87756835693
33284.308301695346
33304.05744542149
33518.497291848806
34799.79050588867
33462.23105903654
34889.71322159843
32755.886248445982
33006.25476989642
33166.25803941381
34026.26857091636
34230.828165358515
33778.28008423483
33646.18174787362
33051.78069363875
34020.164816360906
33254.99611612701
33376.58369578582
34563.060670587605
33426.92713741357
33037.95286623484
33131.3227322351
34310.5961593545
33870.188927563635
32376.461900040238
34988.14031295771
33509.076650835705
34481.2228019417
33669.917153795046
34326.94012408227
34955.39466163554
32854.044161001206
33404.46285229208
34308.30014623193
32623.77721423324
33992.39626928859
35943.06578841334
33948.64139535985
34081.97435931428
33150.896500225426
35262.17422655414
34547.28988782338
34245.21388585484
32907.98741919998
33674.7175633312
32938.4090106526
32937.33759864871
34285.30273821498
32831.57737827135
33973.18460420059
32448.076097921574
33221.40195321126
34150.89104995857
33140.349614065795
33913.968993402734
33264.618479852106
32281.234682425693
34056.36071284439
32979.584868100115
32931.7405991255
35856.66906395159
33826.44230568022
32687.888570700045
32741.697612882963
34406.14556457553
32869.15006857498
33368.773218566355
33484.430369368776
34546.43270043943
34865.26840397363
41867.3144051386
35260.941722874355
34655.57031325946
33045.487042124536
33381.87989439515
34994.43209350566
32998.347657766615
34559.2597673934
34204.56498965523
32332.28069995048
33863.387226754996
33409.81739492735
34524.09144865711
32748.287411854024
33620.18825268995
average revenue:33860.10176696572
possibility:0.005