22117.178971149773
21324.612375140194
23875.798277848728
41486.25511657079
23559.71828205201
22154.330083686586
21808.38356988654
24587.413736550086
22545.784399908116
23838.877924222277
23041.23763168947
22350.975381491124
22708.76579589599
23485.690197270564
22986.451042709064
21922.8446712221
22134.13839682962
22095.52309241357
22052.21916473695
22538.134231765944
21891.608167051316
24644.414022731402
26290.38131041836
22589.720879524517
21739.91746247011
24436.32822177767
20110.665077452515
21628.99521830481
22454.928993194695
21055.082994583485
20317.358667785127
25230.36455595447
21239.106859684623
21671.705624541246
20958.93046066901
25389.417109792088
22113.19031743755
20936.028577737477
23663.1857624085
24124.27483901242
21968.93267435631
24813.993876924655
22818.204048002877
22545.45964084747
22586.95942301276
21849.276320946898
21781.7091885402
22576.226004351505
24198.536129307766
22460.805209243994
25628.46133138674
42258.154779256685
23876.66733150389
26756.490641687542
22814.57817909781
21878.610151711124
22167.023729093056
22866.804679947138
22070.924983104276
22607.804799712376
21680.865373239314
25048.265284465695
21520.890414328198
21299.508199209577
22672.665509698287
22550.303663112678
21756.53487844983
42030.21687006803
21578.323183496766
24292.493304009393
23550.11722269022
22474.384625862123
21954.78125063932
23957.180869836047
22751.171912274665
21188.96266016224
28161.621158444883
20861.348132828036
23766.24653356143
21684.120210572328
23411.611692119048
21811.53337853755
23511.82252165955
20985.81063714163
24338.318119648175
22365.137967352035
21765.898649030583
22565.592362140902
24395.08035643435
25734.793412644027
21057.195895189914
22508.754470020733
22720.265901986884
27733.741631419667
23274.06212260492
21080.11961198836
21017.03112044235
22476.2959477999
26910.00953255772
24246.52499607593
22864.013433966888
20736.291241710922
24139.10041067161
20489.240588680517
20912.88532016624
22366.701072851345
21975.151929858344
24522.491062755063
22246.318512163096
22054.640361072048
22662.33064465863
27622.52188168818
23347.605115032107
23034.5658387617
22778.480403414727
23126.72138868659
22270.60743733396
20513.394974503255
21804.040734578673
31824.84997002653
21281.44798389436
23170.39376179968
24338.626205487708
24710.17737522458
22576.198101073544
20722.508762660844
23256.000674756055
23345.18599107486
22762.05799373292
22393.29516108797
23111.269919942497
23460.34581699251
22171.45648401447
25784.31421858512
20302.940930872126
21569.787578854768
20191.359277890053
21484.17890623581
23063.66393572151
22206.583668304695
23608.454870650978
21371.81865183575
23267.441187341075
20859.41826200665
22484.098595673993
23698.809403360665
21143.218244567735
25258.861911768196
22332.538906115406
24168.08608164282
24439.472420274124
21748.52149742266
24753.094963866995
25048.962449671897
20111.3690336468
21590.246095169245
22901.340042045485
24852.49115726053
22346.450391641498
25832.091980492423
23109.989835388813
26074.150149145935
21992.87385407497
21067.03226069821
22557.932194664412
23315.800311261784
20588.914265516018
20973.369126031295
21394.013313416595
24051.439997986145
24111.18631544007
20721.17083506584
22992.054177510105
21212.52592891491
22562.826551911006
23608.934034086727
22233.253617599403
22998.326904296217
21647.061128568614
21962.5494678371
20128.954623500602
22505.408379728528
21977.486068845064
24276.376857993935
24764.267577887258
24445.690368509277
23944.14486938573
20680.578499147505
25853.903915104314
23888.16745834927
26245.226308239977
23960.375675446685
25526.71542710637
22985.62795302707
23511.459918352266
22440.957298154943
24716.213665887233
22643.643965386396
22752.809252737596
22801.033268988806
21542.22116531216
24302.186497386687
22217.428567868825
21466.128135352294
23695.780630894846
24777.566828889037
22073.52818155741
21564.966822321807
21495.712260773926
22143.779868494974
25307.74019640053
23412.668095719393
24108.76430772263
23811.211199783414
24965.723665144455
22835.240803985394
21702.04134939889
21236.483791623512
23569.82266837723
20148.86134783075
23042.82619652197
20983.324326010905
21262.63172986985
24015.99789194776
22128.35411304776
23549.060827058067
23297.331408813374
21292.170982414405
20266.161807721914
23369.0677565068
23696.6792649969
24166.511423579246
22623.776493816495
23011.19459939878
22471.506579066194
22191.161178646496
23329.796815121445
20860.81893461104
23225.422940746772
24817.04773058482
22177.343736231618
23880.8175462781
22344.992329431705
22366.637448688798
23438.394938916103
25084.172283295633
23884.313098708433
21461.118842969085
26845.977053074505
22290.358453394354
24617.215629736165
21390.98270301125
23949.491410220504
24214.34009962637
23487.84078369074
22024.649498517716
22956.295829652347
22036.15029217229
22739.758322898022
21560.938725614255
23141.19288674128
24578.515282223798
24882.039376673827
22661.580875003936
41700.86305841902
21464.217292789253
25565.032834672715
24848.074268715947
22149.69004426515
21370.632665772533
23851.077711149086
21640.685129411577
21243.508807432012
21894.087433434794
22588.579633701363
23722.517602573138
42031.91921609906
25897.977930912966
23919.967382815426
24051.681775922694
21561.737941356663
24252.02435891218
22844.423929679215
22000.37320239097
22123.352576134377
21982.346459342185
23525.253357164525
22208.478474626078
20446.223124899072
22316.088937536697
22961.84846177093
21047.932319451065
21647.35369920007
24429.454688909413
23405.55709884016
21596.19382679026
23431.24388790122
22418.784919031903
23404.688747388333
22696.791784459016
25836.448662633058
22645.972909444212
24282.121522508736
24574.02142711421
24891.92943320898
24217.048544286685
20939.483166855163
24496.742584806656
23298.26687627589
23238.33053459329
21659.82417838358
24129.20016388868
20621.186091099265
23802.941234134523
25459.449485093308
25713.401762800855
23243.048457550634
23788.609915938352
21953.140612749343
23546.78849046607
23143.576241636074
23035.097000296984
23635.915285801755
23782.506591200094
22254.66499492844
22493.30820551906
27110.918877119817
23297.80867134291
22356.09036992568
23670.451067995262
25673.73608925371
24866.05892992918
21546.93474509691
19839.549726875925
24662.79901240081
22860.12592219292
20575.21448759004
20938.083229945638
24462.288456976035
23108.505306514082
24240.670028357858
24607.868090668624
26303.369474309213
23244.159929902013
23729.514736694044
21625.060966390705
22387.36781782015
22906.247061173824
21098.71351775362
22720.879648643066
22137.12296769597
22914.239770842123
27546.549572745265
22989.546515537444
22920.221277527446
21287.88513262819
22160.854669002074
23810.1713776719
23396.61854334377
24802.67384324175
22691.290077062895
23136.28279157464
23961.231255063027
23963.832439487036
22671.05594526229
21035.210522423495
25100.656698438834
24310.058522948406
22494.509124416836
22387.95078943714
22755.293892027785
23607.729352904727
22666.739994160867
21446.28201398675
22362.87490478934
22696.945917943704
21795.771108251178
25509.751359057478
22564.39803247502
20778.664411976806
22601.0774197629
22632.810800687734
26499.520461261614
21544.78221634232
22093.0067383458
22508.805541551093
21250.905308818525
22447.915451504155
24532.45819216637
21418.66154428742
26602.950944998065
24252.691318365596
21208.973889110053
21460.810844136577
22259.349580775604
23004.11189468843
19743.293822126492
23422.552873281897
23845.84931983338
21437.37477210614
22440.119141427374
23195.67796045623
23420.66226539044
22919.1339741573
26187.953376157187
23184.658730849176
23512.988552624356
23196.387165716078
22005.78360466657
20609.114683050473
27829.812359842657
21788.20841138364
22163.183270892183
23892.861229729082
21526.431307070463
20941.132358283667
22668.391397232957
21308.376241642294
20264.872772513372
22683.15945026891
23944.642223184714
22637.60362048171
21551.88788622431
25363.275503758254
21946.439817814004
22278.49361520818
23426.178461837255
22823.891223415925
25822.434966635446
20819.012310400984
21605.050833160596
24981.114191148015
21313.955368782452
20986.341376792538
22730.772524501113
24415.536963514885
22660.996904243366
23848.259357459567
21807.64458476419
25323.343711817535
22580.967493798948
23942.344986449425
23304.515559252246
25049.36052636998
22333.677228376666
23407.220474083544
41651.98312793828
20850.603314110533
22741.55347560693
25869.74621539245
22194.336400807722
22032.41944147767
21619.082115668032
22100.320136833932
23146.00970406385
21985.134712495565
22630.36885296871
21914.044265542845
22299.918124586486
22380.75338852852
22080.487875491297
23730.886774694907
22777.978972111432
22930.45772050183
24807.55654561386
21865.835831107797
23335.313507450028
24796.324972870498
22270.960814787835
22221.574694026967
21145.160737755217
23882.06033291524
22807.187749122244
21858.405068634136
25605.956255672638
25120.209808919204
23046.509029839555
21293.85837639609
20779.628782823707
21171.03142317312
21559.857838827647
21566.463342247065
21607.587308606966
21295.893102418115
24188.84989719076
22400.379535123353
23597.617051028687
22008.00012423841
23647.067236404535
22772.971080417185
22771.72074583467
19528.754959064976
25141.494338511475
22725.405439991126
22075.493487409203
23627.14352089708
21653.26732213695
22712.54761022566
22373.2255827312
22178.231712397384
20916.071314561286
21910.979121471857
23150.794592746723
22286.05705970308
23845.03134769491
21353.47832973205
21769.56420698963
24218.05848807192
22223.22154759991
22250.940791346904
22461.468633004974
22350.891101101894
21435.41173387988
23475.56808686441
21689.31018088618
20232.15456763313
24288.370210009107
23395.09137579425
20903.74672601795
23424.314275292083
22792.112520150728
21512.5146239773
23814.383373460776
21498.599204617
20378.849594237065
21776.06399299869
22994.05877824249
23071.477985906415
22555.11108770311
22965.17989432719
27457.202275996613
22567.510093009594
23052.532520546527
22974.340046798283
20536.4457869228
22713.256383183776
22765.70205461557
24838.614275137017
22172.759075599843
23227.615940251522
22963.297243301346
22817.54027031912
25376.896726442803
41980.12693938899
23658.038660963102
23602.78062068466
25915.85680434677
21654.05379162619
22623.429812357917
22965.11433794934
22969.147691310016
22962.12390072681
27074.591512563726
23035.034881439533
21339.816009583432
24424.217225997814
24879.55155295972
21371.540007298507
31053.790342116317
22870.015595442215
22081.872084457933
19832.860715432373
30517.261844619254
22779.178697590924
21936.06639348163
21996.333647461175
25042.607810917423
24273.018548586177
22543.075237547837
24290.195255671973
21483.19870717809
23495.30525851973
25688.040638095208
24454.359066092486
23807.99693710556
24560.37275876924
24245.601263827593
21958.707486852145
20747.3592790689
23478.035209459907
26140.52456483581
21728.77846920707
21449.0641860977
23595.555307771367
22634.33339579865
24692.74953171404
24877.275722685416
22424.621597277135
21307.382941532513
24979.7254112408
23534.372562083157
23343.217479619532
26580.880034495032
22565.776765302788
21571.14896882628
23296.358362668674
24618.003964506668
23444.45261352576
23601.80290783977
22413.3901056096
23799.617168716628
21431.050894782642
22396.365867441466
24803.211320986804
22330.68603697481
22864.089616421716
22302.94628570281
23295.576159005665
23698.17628740818
23585.62190541512
21877.003946004636
22815.27182406773
23528.325533377953
21477.862306953117
21070.210672879453
23222.470021067154
21830.61880745217
21430.993610851172
20638.747326832312
22874.34105349962
22450.095281554994
22640.188849888178
21266.005011337955
21326.367839414743
26303.799529243435
21414.259650483076
24551.792143637165
20587.412071475337
21682.778557853035
24324.186021687132
20662.56060026256
22620.638280017927
24453.207083725967
22477.378088612357
22372.340917805293
22175.96690250425
22088.22523035876
22853.561120407638
21607.476672926136
22700.468132630718
23941.365206786304
24484.81171331764
21562.830896214153
20363.24153704755
22109.127765468475
21036.78887959821
21728.55671824776
21278.83144834813
20619.078704519598
25921.08030731694
23091.998854131016
21339.48019851471
22844.14746336862
21654.471618029536
23634.177881237363
22391.09150078984
20940.750803093684
24975.112913264733
20324.99766454904
23407.987826593806
24202.17672464253
21558.86358027618
24530.02280763547
20794.555116275784
20312.70206064079
21908.14251626653
24687.40677069125
24403.080108060458
21497.149248918868
21643.508997307184
22730.06983218685
26282.38698104716
21698.07408064796
23345.656020503717
20711.223359100062
25472.04316374062
22896.00366140563
21410.635883418487
22110.71700978146
23728.486294324746
22902.870237692863
21339.96546429872
23309.55881771489
24752.126424320515
23749.3101088991
21268.625826443065
24461.45929507019
21998.463475451135
19866.824348777718
21838.455772583966
22179.96546323335
22196.15575310252
21786.0022299125
21333.402424566582
20602.897915041278
25354.132683967473
22415.072138115887
24883.236413527695
20865.617811142864
21232.35124224065
22744.15128406752
24450.481853130623
23498.262438400005
21846.847038165237
23004.22700681682
23816.461632590297
22681.11127711053
24630.968294273374
21850.158385598545
21633.675118256127
22596.340668029974
19939.18280753575
21789.714376838347
22665.185679567625
20711.195254163686
22027.094917498507
24970.505176558392
22008.920641024677
22499.21189270248
22555.01010252554
21860.49360274274
23104.134912253194
21597.602254326717
25422.681850958856
23895.09029478097
24683.080518670828
20397.542727709257
23592.22373749591
23285.932569930865
21438.43848788559
23810.446177122896
24190.52955635299
22113.909073204788
22533.797331733167
21771.26958973432
21849.82423823286
21699.674671758894
22748.174724744866
23292.251482396598
23313.33505443139
22177.672027250705
21582.63367524336
23730.71164962047
24798.692623968887
25043.090871247197
22862.460869440532
23356.528225161335
23125.85644800596
21605.025344398982
21561.198342235963
21838.80003919342
21252.67214258348
24564.93202395371
25234.827590647972
21356.133533990735
22579.705223083154
24174.09412451627
20704.30235903433
20714.388617139874
22351.072398923683
22679.562317363896
24742.20100020551
23565.206369656822
21017.576375819517
21732.359604422432
22038.519739666077
41816.996057029246
21603.586341484912
22918.141957907046
21707.43578332793
22625.78232207215
25379.823856004445
22623.59316004912
22831.747525822226
21175.635035628988
23692.667824397584
22945.380531816136
22969.194041879407
22080.32707134011
20541.469099248658
22041.302942201655
22735.009791947705
21044.15222352821
24175.957603462302
20386.56078211276
21801.536483308788
24033.605894688288
22421.892027289603
22774.654268182363
23978.533347496163
26587.688943459543
24646.317791901187
22080.36253318973
21959.71615657849
22429.697298841125
22796.732913573458
22247.20212863616
21143.55604108991
22140.810288712644
23273.628421400223
22264.59888653477
24817.275622725887
22526.911389997298
21795.34073476842
23321.17457357169
21959.436025155355
23077.32427662785
22003.711876421505
26830.098259799983
23155.207643714897
27878.30014239094
23069.106592
22725.135628902794
23119.103473815954
23112.02269915135
24051.730642800165
21590.376490953007
21763.70776302061
21582.477439014976
22654.88123998563
22781.165428499204
23591.608740839558
25286.964581423967
22407.796096119542
23150.404521010536
23019.174377549134
20564.564047326614
26370.73913481238
24030.09948798176
22341.79083549313
23970.578177083724
25518.598112036
21450.522721370704
25262.451395256445
21961.672822851004
25750.019741768523
23992.24431407624
23708.75584847788
22447.379481059146
20767.562996851353
21201.676354760595
22214.915101994782
21397.953952759595
21474.15225168329
23894.436883013903
22685.561794434707
24403.92421818073
22819.399638087078
25384.789596624578
25420.013833501896
23528.37708030813
22509.192590900755
24168.802850749245
23204.517103303588
21641.12185568704
22265.120204733645
21763.35406200442
22058.38591718745
41950.00108617899
21436.395819511654
22797.55057549381
22366.72958338717
23735.790802156494
24547.950371278803
25040.724174943305
21704.572376000637
21565.922141539842
23890.04758947649
21288.121784520004
23098.803535566964
23968.55199015972
22963.33516167422
25272.714659143454
21528.70624041858
22084.388174168456
22908.16122004865
20527.605336010358
21106.790931277144
24633.605614328677
25709.358427119023
25266.61069324064
23692.016182187344
24567.543987431054
22793.668087472877
20963.24598129207
21888.814100477743
24658.62749508121
21693.982046556142
22465.42735174317
20609.388900139125
22700.385442425308
23196.74608439045
23852.149921714637
21478.54042915243
22572.89399023056
23039.717956138324
24804.280193883853
22010.342737000283
24648.30275840121
21193.79874117
22196.003177161765
23713.14639424278
21304.981193825333
24946.186548183057
23071.272672476658
20662.196337089936
22373.386288768845
23441.785922712716
22148.43805423738
21934.38143716337
24533.414023031848
22447.539597434446
23812.222584647847
22681.3708949349
21248.96877729465
23103.21816225066
22799.901953733824
22571.777636848015
21025.864372305343
23980.614262482533
22562.710423870973
21171.83419131266
21348.361308512387
22353.94284511624
24125.372861386913
21931.969159669177
24288.41263578724
21815.879263831564
24222.160613754848
24089.285248641496
22613.43686300943
24554.574218278303
23335.30640028175
22390.104431200052
24205.200538735084
21741.924817796888
22178.010450905713
21681.088463846518
22676.27499735878
21532.58068122104
23005.24555526734
26677.14697592037
22191.851831902903
22619.520795242155
23206.464635286142
23904.33673793261
22866.264568139988
27173.861333167864
21784.307980932037
23104.125803006234
22382.318860213145
23607.661873044613
23569.645708596305
23205.131475994833
21738.441996980855
23674.209142961226
21948.617462351485
24671.530785344265
21929.131741012854
22045.34658879805
20994.154689155424
25584.02080631883
22769.655696883507
23970.158577411054
23382.147648223683
21480.249815887528
21298.304287524876
23374.366387427435
22226.58875552806
22964.30440819518
23229.4709448733
22003.406550196974
24035.969598149226
22811.496279557286
21757.44271177576
23240.779541670563
24017.071337265807
22245.521125759038
23915.160318436145
23674.0248229977
24651.424676356895
22869.064394487512
22576.615381828415
22721.295817235507
23362.59796755511
21635.87917015186
20750.717716157033
23446.600549384115
22309.993156398326
23210.414356044883
22469.5127506455
21608.319594417047
22261.841298730316
23403.76011181195
20424.51695676033
22143.775746830037
20696.197745184523
22836.793090464897
22887.261970467818
22380.449077043635
average revenue:23063.715447271745
possibility:0.009