28696.544684372024
27449.53698473581
28409.595296562376
28143.208337125823
30085.394880169828
28377.970740090925
28045.025716468368
27409.718543601706
29732.060298549422
28434.73131887644
30210.08440404471
30015.916211417305
29419.999682261918
28374.103781092726
29169.45974799466
28159.85813399909
27327.650325354658
28683.28783517897
28405.37882457445
27637.436463697723
29030.199487766808
29214.10192947851
28165.97573500919
27123.227750491533
27796.068393478068
28584.565361496658
28483.325845324074
28838.25171368793
27518.995871421026
27480.41473932563
27763.163159138876
27513.158518234104
29048.962548046205
30176.62704904305
27404.568629881684
29092.019799121805
28743.879197763876
28196.76916092199
28590.675690345586
28163.569639001
27693.382174225007
28628.09832606348
29149.27437994413
28587.34512462332
28256.305456456248
30893.937497048664
28820.944341269675
29934.41729336762
28978.239062055378
27789.45879004681
28551.37117650743
28814.21627577862
28157.23127606103
28061.396317586703
28156.02458978049
28217.844666490662
29009.711999949846
28162.972778096027
28147.46879056978
28159.104766875127
28273.92763398449
29008.946653316063
28054.20672876507
27938.253093397758
29105.463261895464
28774.093741987548
30229.351448332163
28174.54127824643
27614.39361438797
28310.07292327108
27728.195531528934
27959.376614334262
28122.30359707183
29149.37365571889
29338.8134610829
27842.532304089495
29276.563617162512
29645.3819715987
28225.227173034553
31073.138111748078
29196.385395303318
28345.218266200452
27418.5447305642
29074.552477248817
28363.357529087374
28294.613404285712
27826.14748627863
29152.51449762594
28803.294037521686
29665.694191557188
28564.758825852754
28635.680915115496
28868.06296331477
29477.30601929252
28430.528217544306
29396.00392934631
28730.675797486998
28105.986035444974
28308.271848659104
27912.096696866796
28705.329287998375
28362.92358548089
28264.432301302186
27324.334757127654
27961.40981066916
28014.49106786971
28308.001025922895
27920.076891954326
27606.062916167222
28797.055422759007
27543.496940562338
29501.109734284717
28379.85757350649
29552.10491040356
28028.132500224092
28270.699703971863
28680.635739879355
28467.299662961534
29069.49615945485
28806.476931955996
28241.92010583891
27502.18720230733
28543.843811797764
27410.594009955345
28752.6569339198
27760.41918876603
28043.493960655185
29066.219666696623
28846.20669973005
28452.420641358724
28247.5107929877
27732.998742670112
27779.607417502393
28320.400809154024
27765.171764138617
28725.31818686724
27938.01707035798
28945.40471073957
29615.078853913346
28427.893797623987
27855.504174626767
28416.299450846953
28382.13607288324
28296.755033803565
27985.069686472245
27694.722734902043
28787.490612606372
28604.075859070843
28042.979178945134
29344.493198134518
29974.19933928045
28702.52896814512
28469.810985091393
28537.989237358885
28769.738554356423
28590.300913033563
27323.038382464252
28204.25858194728
28301.041036489405
28305.507685330867
27850.872755829892
28930.208653103007
30053.01229106415
28063.709860095136
28194.246711473745
29036.393377232325
28153.48833795591
28322.694093837257
28174.652621371933
28520.719685657343
27321.58319677019
30002.865987187663
29432.155515600698
28392.674843791527
28682.850291235547
28504.95884718374
30219.49188527343
28085.429781181974
28087.78588871481
27981.136670163796
29172.91543513002
27562.78739458788
28337.736243411608
29037.704619787473
29691.293436450913
28992.545619927947
28320.609021208344
28727.977462141098
28578.478277834784
28995.176543048627
29250.002557779484
30364.410897103706
28836.05571430787
28278.297798014068
29140.943080819306
28732.245773404382
28253.94238289524
28199.666266099517
29011.879690480608
28397.021931645217
28821.931417124804
29116.10241254453
27857.928589265306
27551.142141377033
27824.018058554386
29730.78935515814
30124.235573250484
28206.94171096149
29960.866622636713
28415.66356809753
30565.80580503842
28416.70749530098
29003.194110112105
28947.669005154847
28293.9881748497
28697.571739270967
28837.69404170032
28107.36601153264
30519.87158545884
28400.24375111145
28394.717096589495
28600.576332591485
27437.40787772368
28224.79123519217
29634.786834046496
28500.82161440284
29935.82311294444
28318.22579805209
27281.507111253803
27563.349480289344
29222.227547755785
28895.482963752205
27678.438489705528
27474.407273671077
27921.098331242236
27250.05210812436
29049.47825376848
28906.189599896574
27722.133365831756
28315.670739696492
29778.062905608112
29107.709189539735
29997.320949692457
28140.926227379532
30764.751128222488
27767.077501997854
27777.71827175359
30118.29364872148
31513.36909350902
28233.003113821876
27522.136220753007
29712.288617152713
28156.30826217758
30599.692801411835
28157.396540767415
29090.549996706988
27801.038289036518
27899.409447828144
28352.940111190488
28668.043035056504
27906.658332894593
28927.799747669334
29003.868566857913
28976.271152469173
28400.178295512036
28213.444117305735
27736.487298347685
29469.215928849044
30384.847843593958
28802.9327685826
28946.783633230825
29405.980797752047
28065.47590475901
27755.681033880992
30798.43644405158
28610.913330227555
28795.494433125063
28125.872902619332
27586.259312489103
28409.55458052923
29534.50281848166
29669.099550223404
27803.204992200957
27909.157213141825
28241.46230580737
28292.276822489137
29040.109281162575
28074.821572738598
27982.75293725737
28821.12545707923
28114.19918505146
28046.230441504853
28816.157202347058
27314.575058896844
28937.235834338375
31652.09917162734
29180.388176961318
27485.62443619295
28886.590769351522
28913.650375935704
27828.109256207837
30778.953004257728
29205.978270311654
27995.753162926216
27862.588141468685
28172.482280238015
28297.33772148186
28565.09644685624
29234.5005749292
28566.529906272346
28148.836519262895
28204.43814729253
28560.655888842473
29327.339903812608
28351.100330686073
28439.182146479856
28104.45274320113
28180.6729708767
27897.9839189884
28258.113153587503
27605.40487822919
29780.720974643522
29942.60078645506
28725.01072689486
28088.247292724478
31337.621784100564
27805.796896430707
29411.353576681002
28364.984323209774
28533.580327427364
28580.899154785
28411.76399654261
28789.321527659133
27835.05905562258
27882.067883498174
28229.20699157749
30451.854752385756
27464.674519221437
28727.009154959473
30111.2967426067
28152.1694617913
27720.943237834235
28388.506872592774
27846.641311138465
28645.585272348402
27395.492581265673
30916.667884364233
28355.538000246845
28195.318001225776
28188.554703137866
29398.80746946379
27822.337421454733
28548.33512498683
27825.593170409615
28477.90337348892
29315.473867497134
28165.14841643145
28278.236674941625
28387.56895083353
28606.080999204692
28497.47051618818
27594.885942786033
28501.61565649601
29737.010162749208
27891.675194843323
28068.954798837134
27585.021084719152
28166.64545515168
27936.822145851787
27216.55160802768
28081.840803933836
28002.534932830356
28063.243789565782
29060.86283814743
28642.0331538141
28791.73813595053
28260.617920650297
28153.05086923968
29837.3235305498
28314.99440741995
29013.178723094617
27779.992753713886
28288.138067205156
28614.618870551618
28453.64316883543
29988.33341679678
28155.686215654496
29010.05905093778
28150.957953714347
28009.206508048817
28327.346812840413
28528.797788294305
30735.487113514442
29841.649113497337
27796.074625447378
27961.624620872986
27308.806584936152
28595.262781707945
27649.647690428224
28461.063641379584
27835.83609147308
29266.63326662378
29653.905686856502
28234.504017650044
29328.2216020438
28878.227336076856
28898.585469434463
28096.551626263445
28335.40476938203
28736.14671647406
27611.294554099524
27707.338915948087
28020.73100899385
28042.443709564264
28461.67486562699
29423.38888633145
28605.367014378215
28373.383592812617
27996.1001431168
28591.209229213382
29133.323253868588
27677.000187144506
27846.64058053476
28187.047024969565
27712.59168287725
29359.413477070437
28102.981616804132
28079.266627795187
29191.450695242973
28582.4007403426
28982.265115858154
28415.345789228064
28343.560784967867
28027.981398427528
30425.16042042284
29983.017701664023
28215.72737687681
30766.016227953132
30614.046506959632
27717.621410576296
29301.201424683815
27447.961147733546
31314.753436820305
28905.802312020354
27764.365495402057
30151.400435394047
28527.081347953776
29426.008558824862
28077.316163413372
29624.818172056694
28426.287642985062
28450.946073258037
28687.716698190794
28245.594365411154
28284.029567721613
29645.213205111148
28601.412830762965
29072.20233571609
28580.76903895684
29201.88093644412
28290.482398503555
28010.10110539977
29015.131833627132
28942.688143212144
29278.15105264843
30013.240725020394
29237.610470725787
28411.345463537255
27097.55712667421
28470.464414339185
28813.66717018408
28223.895317799368
29791.675160718267
28931.33112194797
28123.414869326905
28277.781289504735
28040.05200845242
29956.655305444143
27765.055334067354
29725.356231025613
28525.835558658404
28641.885148264962
28149.691689379724
27793.255704898416
29222.35201422517
29504.83625826475
28629.78005780867
28390.810104774977
28071.92836325372
29224.076672316445
29006.851695037913
27708.26000405968
29070.429028343002
27645.65280986246
28609.216150288714
30812.983782781354
28595.93109214215
27844.035657475604
29215.30924724778
30835.90516478863
28033.054167232236
31526.626686877444
29102.443308244776
28015.1740965485
27974.0218711499
27984.864911028155
28707.191170733742
29929.716210369872
28307.672544457422
29484.562819788756
29605.87874044586
27802.927368235247
27771.38480663054
28199.733398218672
29851.19633622671
30599.789115344647
28461.45888470792
28162.073084124935
28801.570340802264
28378.013884606564
29772.797389346255
27621.193082362584
28393.34287789761
27838.130357518923
28435.482355285636
28532.76432953416
28336.110744666825
29168.43385741905
29621.689338537337
27356.329258261863
27681.517889946164
28913.193114108526
28859.0532516281
29003.344525826866
28339.317136268714
28222.69071266504
28024.473417142326
27741.280207020085
28629.0868490419
28114.056003777612
28750.857562531946
28041.515783714458
28089.097279578855
28745.66223109268
28312.818940293906
27665.680770903742
27742.7128322139
29734.254551433747
28199.401941581575
28208.877132283702
29860.198628759375
28013.0186936815
28335.03191655948
27679.365950128486
27871.36235443524
27860.780549605308
28368.208927997952
28456.358539857727
28478.993837063612
27957.618737867982
30604.985614458557
27413.546612276186
29413.2054213766
28021.05613429515
27304.54262592328
28587.61288681523
28184.115118788868
29672.298213705537
28440.218085972414
27568.18226223605
29372.552423725734
27650.762790648045
29307.10830930277
28364.536181775355
28824.220743009824
28592.042178771215
30795.524212093453
28778.999082445658
28606.546021782295
28229.28137451955
27880.5977305591
29114.889850432217
28001.171473677332
27974.092569220313
28052.394155178674
28172.181518740923
27919.033635239353
27891.82824020403
30139.394771397678
28213.221077546295
27767.77304374837
28621.72041103467
28328.288060087005
27783.415140945996
27490.079470267807
30044.43731288311
27853.44998319189
29239.682024754446
28089.341066078858
28235.704116709243
27615.775706225053
28157.056976283857
29191.9195744334
28311.808095062464
28630.16645760663
27854.223618446027
28101.78183881531
28596.00114093136
29417.04425849814
29269.901447939952
29218.302718274364
29515.579002854734
27799.47639371564
28319.698537554425
29664.82488966611
28173.630100999388
28042.702053164387
27705.60743474244
28745.139259082574
27752.58716470969
29004.82993936763
29484.767132726494
27672.43735334338
26973.61896667021
27852.534065279175
27740.04611767468
28057.25611620896
27843.185494521604
27595.561603065657
28691.858788181242
28729.668330149885
28293.69607375517
28461.09258733342
30375.625370335772
28188.222115449742
28483.30178189947
28461.33848014127
28420.461227645035
28535.86251673817
28763.361272530135
27054.11724948316
28593.287584127953
27958.161372854993
28263.88812031458
29148.165069123635
28418.13926800034
27997.453956931862
27536.5846816658
27506.797128863713
28716.7267904575
27909.546770286695
28531.550186309665
27833.267689789922
28622.54860696143
28126.056719136734
27753.483291060507
28283.449664530126
27492.35231903451
28277.67543738991
27868.532131858086
27667.297330338202
27610.86754720369
29246.28913293009
31362.574632012307
28482.023060252952
28462.611836627802
28152.081852957992
27997.059276270385
28570.163565815157
27959.817305512624
28901.606325572146
28042.406901447255
27727.170702030366
27703.683318983854
27483.65790979426
28531.265948026736
28134.13063540664
27739.27635627712
30164.154109889165
28042.02734662666
28634.386923152895
27570.738876662785
28002.15410127893
30144.564069445052
29395.17935834209
29203.808259975394
29742.977884744818
27607.801376335854
27762.07780229204
28033.988349220002
30117.067647910535
29306.089650538313
28321.770332617292
27958.240871250448
28018.45045154768
28527.206234849964
28688.401725915097
27915.18640430094
27636.794325804898
28027.721788863488
28478.90030827722
27937.653747833134
27853.84083270891
31467.14756704153
29309.967460659187
27498.807517766996
28978.024772652174
28262.829051270455
29316.37489337963
29403.22312517419
32548.128366772835
28300.74457682311
29078.151458808083
28634.583818738618
28873.703417450808
28142.67385840551
28027.32439595648
28514.773991826147
28751.21159930179
28799.754486892998
28418.862474465684
27988.727645091996
27388.000375086405
28001.31682299134
28048.54678412774
28339.018514196694
27138.35427906103
28202.479406399576
27359.440957026767
27768.93174250157
28279.652676707756
29850.555496603236
28307.709986164806
27833.72582301676
27438.384924185862
28306.942156120833
28438.34016617136
28278.04706574799
27941.564764805098
27951.398598407293
28222.240466809377
28016.005763446396
28366.51485675091
28372.523053587687
29081.54906922247
29677.324041932396
40546.219920014606
27871.26598857812
28891.137323014067
27506.011570958108
28610.406948472588
28344.319162630785
28966.03118179127
27142.681728407853
31224.761463678435
28619.18790388626
27605.18524789314
29388.170258563987
28435.64569290909
28294.777200133358
31055.70936327393
28496.943300104565
29384.831161371952
27788.481267653406
27491.25540170058
29033.91818919318
28527.085006200494
28883.55950072855
28692.80075798688
28583.48379230334
29945.83603311274
28815.890073655934
27795.901166191354
28042.301259771368
28135.856528928736
27392.05699171482
28061.64571827698
28019.18062966688
28885.112795184876
27551.151439404817
29368.604517036736
28504.916500857013
28760.271719021395
27822.902928803698
29568.028601074184
28560.718665333286
29579.10759189707
29115.277133267286
28256.798301457766
28930.886276421454
28463.36309130346
28151.52314418558
28706.460852893575
28486.026681065574
28795.241036904263
28462.322456954982
29754.39620010097
28218.809459042513
29154.287016644674
28346.77647019636
28039.363168042575
28218.14585135571
28358.440382501347
28557.892711548466
28591.838168104856
32990.83906301476
28084.025933728306
27937.935347386127
27502.9350223317
29878.2345635851
28612.142963416616
28570.08335169876
27446.94556286094
28942.148022177545
28602.837970138364
29778.377383977346
29093.433983778068
28158.54329845237
28191.55274395133
28833.522491968033
27582.444985356276
27545.73186788205
30711.9155492469
28821.81700022573
29102.33596920585
28686.907892467712
30246.344557031058
29425.493156394823
28404.058000233366
27897.259978324284
27151.973712310002
27597.523392925614
28547.028218043743
29526.57147484923
27811.963689299977
28777.58114566798
29530.10322893062
28611.23576517801
27969.232530291934
28589.859060594626
27575.993071140907
29496.94480229311
27474.22907493662
29025.181642835512
27207.6721234922
32205.313249872517
27685.835961447243
29505.813522233202
29061.96931531803
30261.91086278
28768.45268100712
30867.265336791384
28685.337581321455
28063.462535432755
28650.356750185554
28057.311255322427
27608.97578529644
27937.33428637128
27575.361296852832
27566.049295864428
28136.07150578403
28368.2183472166
27345.565181773665
27502.108573654525
28734.994413199238
28636.286563290414
29087.95156919386
29017.750510903104
29740.958081669585
41831.25113041821
28208.38427404471
30358.719298126445
27497.054396034942
27943.019489300197
27956.31865663559
27692.551508159722
28687.382059973796
28571.21659077137
28039.58457904054
28141.110518983372
27635.470013925133
29348.783607688787
29424.19883589141
27542.235699397956
28691.43440289621
28227.47785248954
28317.417533379667
28358.795510837434
28127.860102831244
28459.75503555843
27532.025165269428
27613.300201211187
27925.55946083609
27997.03295762155
28304.157693544683
28755.284389393648
28978.94680357839
28581.39197730716
28172.07241870887
29248.571610787592
29513.941905039897
27721.517474101496
28734.565962463454
29016.776507364968
27168.577269245354
28727.50269778088
28218.608184120436
29832.931339422154
28330.922578582096
28026.4306160764
28448.21486552558
27737.622493989205
29395.8791207848
27594.6337627945
28795.1330943986
29807.300316396453
27291.691370738987
28608.125155100348
28463.465455384005
28429.02047851079
28576.743331216127
27716.649763986705
28000.79324900113
29056.26919071392
28795.28323928138
28598.54832329347
27142.303226209136
28708.348584515305
27603.430784369815
29554.938463323662
27988.73438921629
28244.244284040717
28593.047672135515
28668.88867383116
28144.696274644648
28011.456641449477
28115.0937683617
28042.237340915
28409.406424570552
28541.99195513098
28361.365493925106
27782.12134954955
28867.24030018727
27664.45231634643
28267.014707320654
28511.663710806843
28431.036685283114
29275.2851987215
29023.672499547574
28547.866320740402
27951.189034812403
28391.172907679156
28151.605397629784
32530.187675264024
28042.750385490723
29255.578415210068
27456.390698151412
27993.356855965263
30691.39649108219
28054.34983355727
28440.775987649737
27508.296171881648
27798.95351662313
27465.7068214611
28653.171019227306
28185.410902034877
28221.055287084913
27617.195585383466
27924.34288617812
30075.835628279
28922.39716936555
41758.131802141506
29347.322376718348
28262.595339283267
28441.04700784581
28012.638979571275
28049.08612183226
29322.413996391453
27418.435991841005
29655.123732178352
28506.565110871896
28577.897653369746
29941.580145107724
28866.20258001642
28919.60515713851
27591.918449890756
28841.216127669155
28422.018473972592
27962.264017407142
28916.166070089865
28404.567517755175
28391.18284053495
28565.702873627677
27803.53498904345
31709.270635443307
29546.84240416546
27569.95908835083
28585.120730948045
28137.59794448656
30173.750336575125
average revenue:28596.38871843496
possibility:0.003