23765.30712289126
23597.122826055227
25484.809716890293
24355.11284740243
26748.07114477675
23824.297158343452
26759.138466953806
25079.127804376683
23584.827999887282
26167.59316690479
24413.197490896822
23304.895025297592
22111.915574505474
25419.132996909935
25110.180124616752
21964.198268952026
23946.437413561853
24382.253438359992
24244.05925701919
24963.579533841825
24782.39181296618
24739.456951219938
23373.372319778562
23736.303654920815
22470.3062279671
26007.715313636298
23335.704631627785
22774.467015649156
22794.253771840828
23067.806117927477
23493.63601455111
23819.657401797733
24160.013581426556
24481.481973373633
23476.199454332796
24019.243524608348
28232.573187210444
26594.815538394007
23338.113205210637
23407.794021226557
23994.06727392795
23340.839287627463
26016.182322270997
23933.462818159853
28171.217311788812
23734.290807294692
24738.70735548278
23358.22853104036
22290.175435687863
23944.774984907246
23306.962788055724
24560.947097127457
22978.241430216676
22729.569980866905
24918.502379467704
23686.44840647263
25595.36898140594
24634.939111385076
23092.224472506463
26419.107485860015
24500.512887064728
26077.726573125045
22952.564167897643
25043.078879435445
23293.486259351408
22677.059185647526
24547.75459470339
23387.966873396414
24784.862353985332
25125.062559538383
25894.911892632736
24133.272722134923
23955.328136454533
24649.054028512477
23299.21490009936
23598.1111671566
25851.487435653442
24591.37221390843
23580.9852825723
23499.146827675522
23442.24860644993
24802.541235900622
25668.530490011715
23888.59027250212
24987.362290038818
22536.643103012295
25128.529809446376
22873.747794382296
25210.365205488848
22389.03153669321
22863.69950388895
24465.633216473667
24632.663934920067
23974.360428337644
24278.391020888477
24685.634703715263
25181.984019430358
24509.155445530807
23652.976783116796
23641.485616336024
24283.85343446696
24155.594346581638
23671.825079740356
23955.590279260734
22351.923703146964
23589.80676851281
22861.8545073332
25579.20966488772
22564.467264930216
22833.054874144815
24035.944968353222
23535.661896176465
23314.05204184439
25377.37211313648
23744.133221834032
23420.764654084738
22922.803210223366
24306.006172724137
23950.934538408423
22967.45247111641
25412.686451704558
26549.747576355257
24030.005371899988
25396.026854098625
25363.682755514525
24207.16267613205
23665.702994241263
23762.56198969234
23635.378472718563
24936.42206665728
25805.648857172506
23064.699611001884
23968.401427421482
24222.40751711521
23029.898437945816
23640.65628034169
22615.8361991586
23985.700549595742
24493.204446776235
24572.363656177902
26543.666199162682
25173.17513644739
25538.531011117688
24299.007766285496
23344.72682236033
24398.868038153105
22538.58490399219
25805.09208387401
30743.497349385856
23937.617284202428
24057.932761153756
23078.244321066268
22979.130353164357
23354.597582554572
24554.729405991126
23967.63831491323
25273.338416435316
24829.847663698496
23822.221961478645
42031.47414278684
24029.93902160489
22445.41352712608
25312.492605708758
23679.11079325987
24221.558140981924
23391.805568855452
26721.70318691471
23988.373968348333
24529.480836592433
23086.837918964542
24768.571524261322
23645.946472440555
23307.518569637083
22810.20609636316
23738.030919638622
28284.835605047607
23061.298600175494
24582.562909624925
24018.06733637858
26485.42943669415
24768.725397480277
22854.163270126683
24556.38301738101
23530.20463351215
23460.801486104967
23105.999532488007
23656.839976114366
22998.349154023963
23871.836067146367
22659.827581383754
23765.81401142326
23355.129985295884
25121.87946516381
25621.457599707875
23470.574461815475
25663.588238710847
24323.858295432976
24223.022718983597
24194.578337027408
24471.672404160574
22238.03590680752
27553.973704552143
24924.706616907548
23145.298413591063
23501.077576906493
24544.06662240344
22311.119653991176
23781.25922372878
23405.277003841442
23992.385646776034
23027.67689634418
23335.24559419361
25406.475571048584
25460.162783775788
28598.52408760856
23129.59808818125
23806.75871699424
24784.513782468486
22709.760211398298
24064.19934931619
24804.216110809673
25340.882271653598
23963.19802765487
27771.321728670562
23984.947718365853
25122.074579654116
24480.410551142406
23682.116733925755
23547.26017047969
23060.08129616262
23331.94336358922
28273.88943300741
22337.98426468576
26298.796495602113
23232.068771003727
23532.17100074005
23835.07369849351
23304.567057274475
27366.62640271518
22955.02568907188
22444.965264253973
24413.54913454934
25609.430919694496
24727.375290773733
23171.413003476417
24913.463377542357
24303.871499534853
22311.320836098435
25876.067402023025
23409.82842255906
23345.3978737103
22874.273440440134
24320.795665634607
23563.144961761845
24042.890029192393
22354.80176721459
26143.957416489946
25650.5534877539
22783.60952080444
26059.924123148157
26185.082248780556
24320.498857387764
23919.022921197313
22803.230791215978
23882.52344116943
23720.444041564402
25627.507837997386
25207.128442391764
22697.441583984895
23798.710994363657
25107.303096777236
22425.926355250416
22992.157242742473
23244.892084747775
23693.089458364913
23000.79459170651
23953.914878465086
23598.819460685718
24382.037948044745
23735.039293118356
24260.853637914108
26297.795413636555
24759.933977955425
25213.847240367966
23235.498977658288
23073.160438591058
23994.831295610613
28109.026263493648
23378.641040608138
22903.116417608406
25055.005026616927
24108.54566306225
22846.93894257615
26453.08284027815
25676.30162202569
22890.876038236413
24245.53090216045
24667.890957070736
24063.55419598279
24804.158817288906
23387.95430694544
24854.72616334833
24571.50213136799
21546.128992344227
26110.77694922026
23349.568148160604
24521.43728365266
25026.729795847554
24089.87648192883
25097.687586602708
22919.727473690677
24459.966271865145
23526.91949620821
23796.98949280835
24405.38681070319
23358.096337467192
25263.547941399313
24590.142008210885
25979.795505093065
23656.537547974196
23940.66471276352
22276.40620969038
25478.125615777117
24012.699570012493
23760.08233930757
25218.80838962637
26264.380938084847
23528.31221130483
25274.009757331383
23977.71376406706
23641.526015307914
25194.226652726953
25161.515148408096
24933.67015248854
23368.240804436005
28028.856316792386
24642.087901347633
22654.445460095165
28900.641520566314
22231.293735073446
25007.307886127375
26395.389706439197
22042.579163652197
24387.74764274261
22916.695038165806
25644.92348889815
24460.492314188945
23094.941662172747
24263.241158360463
24243.640376143758
24307.002702062873
21539.654457661145
24183.667086082078
24353.24525460702
22284.71893264174
21749.507643212743
24641.68326993488
23811.2890475339
24501.927516556476
23395.96451994794
25781.145721133456
23780.32020438748
25433.292492047935
26000.120406160808
23159.22070950117
23213.714814076586
24820.52965265067
24155.8882378701
22658.224655188485
24668.95406504995
22151.06392510362
24461.445316316585
24178.596551437215
22634.505404567903
24179.228451257746
24064.909288798757
23074.777161386246
24507.975339444598
25215.197772273244
22431.128900738946
23353.042702998653
23374.328156582324
23542.457138023965
25554.978913971576
22733.625400227476
24029.55979186871
25034.98628579069
24802.116252336145
24777.8266584283
23949.5778133967
22995.23655424889
23466.123250546287
22499.65459266419
23066.460114460504
24230.51114314524
24591.336205612275
23339.446479724964
24421.951153962695
23063.593701350797
21998.276926152135
22184.87322467316
23783.58913536869
25295.600405167912
26232.441143426982
25743.572986016785
24265.031879158636
23355.854561793767
23225.28188394823
23470.26102862129
26300.790498587852
24537.39018967703
23393.05571855295
22780.83997601271
25263.81973349922
22231.37693039221
26956.974364523645
25189.035765921595
25172.885358339016
22516.27378123742
23903.197615040277
22283.986950311224
24573.255574122926
24297.73681672359
24477.502287482923
24806.358891644708
24117.345848638506
22192.780519097083
25208.532866456724
23224.759965285586
23731.748126750146
24127.158019039267
21939.856781895876
25764.28461558507
26768.91797003506
22799.55963734209
23795.422175865875
23396.926681536374
26366.466971360453
25224.49513129517
22442.380153853963
23528.31973502543
23000.110293446975
21671.811855685974
22618.86693770361
24234.75648211194
23738.5034176743
24486.453813563647
24606.61660867252
23139.854736719673
22663.236772642507
24886.85128905058
22042.713434432142
22488.12364322898
22789.362588528664
23740.887082642177
22180.28822991566
23215.379310197502
22368.51838317805
23480.57658236265
24694.496643175557
24312.66292625891
23935.932268745877
24362.17704799866
24295.771806106306
23600.22651891149
23656.629862924943
27020.405492490627
24775.825403445524
24197.28152181713
22907.89711949599
23341.783046473196
24099.19257263612
23271.299512464324
25266.56068393578
24232.164371857845
23345.163508742764
23685.0833695398
23540.488299472032
26155.821269432385
23375.042655983212
22436.48036722715
22906.858938087433
28322.278275276534
22335.81173766672
25608.167734617946
23607.289929527527
24489.784350652895
25703.814627462296
23811.400677140453
24225.530817814946
25495.21901361516
26353.858664036412
22442.16326773143
25566.815538526862
23647.472712326424
23552.276139241596
23452.93346267759
25045.4497749308
27238.01776479458
23390.297586598906
26541.18288328737
28482.02651608972
24269.430483901117
22932.980691130557
25000.716600027845
23155.16054050913
23472.150824568787
25514.34866008469
23006.791552332892
22763.70517771693
25464.896194349538
23383.19204386161
23535.606036416055
24245.41160627397
26182.564273534674
23191.479523786318
23504.43103553051
23085.87947284658
22987.568732120097
22919.81252592743
24554.82779681367
23334.37783206342
24672.787154889877
24905.731135559054
23544.03480507763
21545.591572720925
24085.10998868519
26689.801519920777
22371.725641673638
26326.294169444725
22758.443537021023
24138.351063911963
23088.92420313521
24178.42855766463
24077.781898593057
26680.737721832873
24074.21102590775
23534.72072667441
23968.734199806324
24347.313053440113
21527.69167096713
25144.319554696125
24942.714232679813
41998.3537967417
24541.20851339115
22226.78633319589
22828.96931873325
23285.48255052009
25724.121024078773
25041.29877828027
22252.471795966718
24737.693899922124
24704.9033088307
23277.487548757188
23597.02875340199
24391.29488002868
23581.01071279049
22420.21584331017
23149.49687292755
24771.03831249406
23197.92993164633
26306.098996178145
24662.97993318051
22666.901470933488
22872.17488156162
26494.274552997256
25385.754713353228
24905.12370888557
23454.686377485486
24088.586425732014
23068.538029343115
23506.498106877687
24934.873092607246
23064.43414829521
23275.189109255836
24061.32827830159
22250.62523410401
23611.312261760984
25304.73392126762
25335.268962547878
22143.9174435069
22897.365752609614
23868.985545143532
23938.93590118807
23720.78049877146
24044.058947037858
25780.110836382006
22253.35760829885
23442.088402532576
23091.917041928697
23804.517600494084
23391.886040468886
23851.716533179577
22791.098954128152
23263.900807846167
23953.409463713888
23079.87127242164
26619.19061740969
23582.809784611476
22744.331220391294
25585.171245290978
23328.36868405022
22400.87807483118
24051.224430833285
22406.650654860434
22078.77086456899
24460.460597464895
23057.32054241042
24184.815137003738
24281.92662833864
24874.480390514265
23547.81174338902
26419.271061829455
25041.646381565737
22982.752153376412
41589.8375215293
23749.86644271843
23851.23350403691
26571.053868363288
25519.18550018455
23720.821822039794
27085.637326516055
23677.281252325556
23775.850874637184
22426.916646513513
24464.336397776606
23118.087746574907
23786.761160710474
24423.42808207584
25376.899900206325
23260.436095084006
23079.89519449129
24868.809004825504
24285.478166440746
24333.27573710759
24213.09513017929
23375.50003495626
22960.18584946894
24765.416928541254
23734.871772988754
23921.223981294013
22912.771405269545
23691.937780711953
23965.996161786017
23478.237948057304
24168.171752665698
22866.99403167369
23726.754565931664
23433.87309521237
23940.894259959394
24347.18523346821
23716.291589752327
25876.148736396368
23687.76318536761
25866.6159692037
24346.483752201915
24401.11071317622
26096.521222718857
25071.671648262218
22578.910196914992
23474.899616880313
23998.73983661024
23135.387016926736
24913.089105007424
23355.71846282768
26557.144396223517
24902.77969429
24399.13970620583
25196.995728881135
24719.77109759949
23015.136575425666
23287.69193270458
23967.332302470575
22989.99082271709
23760.433575963718
23221.459572659624
24602.941867563793
22902.004229468395
24458.27429303246
22790.385358021387
23964.786658004115
24376.921066861094
24188.13938625753
23767.824850609002
23404.371649162946
24131.59171208441
25708.587015463847
22693.781692046272
23991.4655614856
24493.762751547234
22101.741983624906
23063.84959790317
23762.233513046613
23205.90442754865
24149.81271936951
22397.23031664481
23614.57214124109
24127.689784504262
24182.660930825536
24576.501278616826
23410.461457830974
24864.928897353893
22909.066695812613
24202.06603210772
24122.633687385252
24865.165519125534
24158.16467550023
24384.649304606264
24459.71968814565
24935.648851122514
23048.44394517639
22876.688189444634
24507.866356827675
22940.891391607147
23988.091117782224
24803.2941824199
23346.161764577704
24447.39330204515
22291.110873053425
24228.039468289076
24367.042567305736
22921.2093754317
25629.650717294764
24039.632918375602
22833.776394453685
25296.5275603352
24757.985910566378
22174.48191661457
23503.48761114865
22887.004510294315
24765.885209471526
23855.514190684327
25066.01448513453
22919.379668909238
24772.523710677353
22882.953216938684
25058.28763835936
22134.24909054301
24021.95557727854
24874.25982188086
23669.687804305635
22548.002739576703
22935.911779064965
23202.649483258923
24284.0163857719
23984.079212313394
25159.81419483024
22756.06265407275
25033.35563070813
24848.65414800152
25083.115728132692
41656.67151142617
25724.806357939666
24496.73095137267
23262.767495042113
25552.453564832365
22611.381026852443
22274.70449675138
26760.985295767463
25949.673828851275
25981.559532860418
23417.633240699364
24178.45651268963
25375.887938439442
22503.66730006461
24517.074232353254
23205.04782298806
23766.820566277067
24389.356323304884
23808.86432749825
24326.103780609115
23578.422775048268
23281.359036164507
22853.950098289548
24238.825431143785
22623.980755854678
25469.872638095436
25029.76906718122
23006.657416904978
25520.682424890703
26732.001947280954
23102.21055020166
26282.55963343039
24721.55731537086
24881.019191668995
26686.139457676352
25174.561537804166
24880.993720992858
22699.93448486414
23067.190519474498
25362.53859145161
22632.960768109722
23887.281348271797
25213.23241131871
23786.302041136805
23066.238530697727
23312.670487951356
22746.019093167248
22757.910617236565
24126.574038100523
25015.006317887277
23309.745550983524
22729.6316206248
22733.231858538573
23551.83888824106
23932.722784881815
23003.31015834894
22413.5335063195
22400.124448062146
23632.93284579864
23140.99916381351
25420.13524379388
25717.505667901867
22562.455606562333
24910.193223863236
22924.204666205627
23536.03384278655
22966.216329792525
23922.53651549791
42061.61277900083
23887.65538973779
25225.829607393258
23652.03833677063
22325.419158190896
22452.96788665068
24307.43998843028
22823.901245722474
25299.100715772052
25532.3868566737
23708.52482598976
26316.359162615954
23372.40747395848
26009.372391902383
24343.449592456247
23918.858577443356
22361.780819173244
22281.436929798798
25287.53165749029
22894.864337099105
25024.30742629453
24555.17743048306
22562.686498011873
25318.87375791135
22345.866655699396
22603.019517728324
24462.835268967734
23455.510763276012
23866.418234308236
23039.67821233296
26241.76590083616
23010.094393877695
22484.00529238062
25704.951502635366
25492.081486738054
25474.25521064576
23275.45160050003
23574.236631514465
23889.681188848637
23704.664736807747
25366.829637048846
23622.835201825426
23579.59335489985
23343.33243468798
24597.366004578085
23829.852272373726
23204.551492174716
25423.768422660352
23730.54192651086
27114.70605939736
24453.52532709176
24732.517605205896
23530.30273546016
26461.45764505213
23099.79149526133
22956.581282578678
24690.483956389
23430.203313103895
25620.598420916933
23018.246519960903
24177.628360578317
27583.23897372093
25408.323444114154
23370.874535078692
23566.612086389116
23571.326126249085
23740.47918140868
24267.661984513456
23718.169049009033
23867.330360368513
24310.215619239905
22934.930839652352
24036.94833316645
24624.234098258363
23396.385485290506
25470.399466531522
23724.408800539975
26095.743547702346
27537.011307907156
26214.437444041356
27257.029892845003
23908.97051211054
23847.669342400008
26972.637630327245
23921.671067270145
21835.50353057024
24026.347255654087
25473.219605570048
23865.195159078754
25624.138188632314
25216.129130801783
23288.533997002163
23527.622396249888
22698.052512898958
23148.03856623812
22687.457886282627
23999.674141675154
26312.186066776638
23697.75102944681
25834.05389618119
28761.40564713269
24858.94092488746
23789.68354677741
23080.47392490541
24515.57171001659
22993.777543342872
24548.38684152611
24086.820054063206
23911.9427052044
27346.03272675125
22799.385253272856
25923.001471735064
24550.157709332354
25810.43535266564
23778.816388178795
26324.839980363908
23666.496021756055
24078.51094477832
23633.77957920191
24275.143099578792
24847.538810041067
23948.124570674692
25680.852472372957
24822.06898532265
23743.371982697892
23210.17514285698
24137.84823555603
23142.17345303942
25131.166553236737
25178.75217241128
23546.85895985651
23134.139010748648
22619.205254327386
22890.706645878774
22820.200734632548
22967.56309783202
24297.993724843924
24547.7653725562
23544.857706741073
21910.747763206567
22871.562898283923
26423.911412437512
24924.252822198694
22889.432599617387
24117.16433249595
24115.224578666235
25272.81411070773
24583.604539112686
22577.463434063277
24768.483130722914
23805.48125863474
23191.67474216751
24385.022047252754
24667.941415037043
24353.20750344624
21975.23878568871
23912.122360414305
23082.407507800952
25545.106290009222
23231.55656473175
23309.981653124116
28505.91162503727
24846.151097301095
26069.20842903961
28032.636146432244
24353.559450712106
23238.78907688599
24004.495179479934
23467.829026904743
24860.767305463738
23522.086110501594
23623.205710321585
23992.731060258997
23034.13074451089
24872.82374100371
24774.128023432193
23298.635210902074
22760.178639351027
23934.944170675673
25058.616354259564
24397.397232965286
average revenue:24214.337974619833
possibility:0.005