38649.45645413013
36308.202529880764
36402.94254339085
36543.44912126224
36460.59083060104
36302.02902990448
36346.490197357416
36537.52141163168
36358.48385177025
36368.449954994794
36731.30729644792
36445.23849105153
36650.12510116358
36306.01048579322
36295.45833093966
36611.9353550308
36400.28457719471
36655.945984322214
37105.60139485947
36083.183553161325
36380.744616644624
36305.98554902082
36771.55276640731
36254.12684190175
36504.59991421194
36676.16197558509
36630.89839806202
36390.30694595711
36387.23873821038
36705.366819357216
36686.98900232805
36293.101698621256
36635.5969014441
36161.027579698006
36272.61735767745
36368.46295946535
36172.930728839594
36705.02780078938
36267.599465705876
36473.11834379829
36465.97709421626
36480.717301510136
36125.89204277544
36469.376792573894
36866.076174814654
36447.6306598286
37151.5092276416
36657.53523271964
36424.43886845624
36094.20274056142
36263.589585254915
36606.43126967273
36610.12745719489
36497.14336085871
36206.010437992576
36680.99942533898
36161.49306139852
36235.76642546701
36231.26754875711
36623.7863239845
36300.58853824281
36621.11718535739
36323.2376550164
36140.122658393375
36433.02237682958
36731.95428161469
36427.413449249994
36170.03647347985
36433.32890760729
36588.303089491375
36521.781674581594
36370.26976754525
36419.05559947091
36620.68860218392
36457.843545428106
37016.60395232662
36328.98818253028
36559.09749944368
36476.98096795753
36326.23756941914
36427.68731049777
36212.09979654082
36306.824512427585
36432.1115281999
37126.094325421385
36357.63401276935
36328.38263308464
36518.692575931724
36416.86415720807
36217.65012431073
36309.38616466806
36243.22324010775
36348.4114990153
36309.63963368805
36440.63306122642
36289.76242679124
36551.26473926005
36834.67360811537
36140.022656762296
36455.60236573872
36632.19753824644
36423.2900039656
36448.43905898746
36319.76025824446
36304.018365982294
36224.785475393044
36951.04703094558
36111.9967447745
36295.128579331824
36427.65939868282
36453.17618203106
36614.811920683605
36851.81987528084
36364.866030734825
36389.68342292422
36536.59637384188
36195.34785493878
36364.902617054395
36434.62274687991
36391.788567705255
36295.684138375094
36240.37367752473
36743.39180371516
36531.27585350146
36371.438519838375
36198.56677986139
36253.04018257772
36487.002620907966
36275.4865592003
36394.31539954405
36830.62723480694
36321.406498082324
36584.94451637142
36360.50607588196
37058.946355285785
36363.51005066064
36457.783354659085
36380.092506762325
36425.59928616436
36379.06475170538
36846.38464773085
36092.37299386817
36499.47522666967
36493.568612694435
36531.595499239746
36228.83925583577
36200.72767321161
36403.56698843438
36425.07425978565
36275.15923555842
36667.434516738795
36616.40051490212
36656.09548944915
36595.2425919647
36703.32051591116
36334.378807136236
36652.23724721346
36641.7525611443
36110.107924171876
36440.08299651351
36143.80185115611
36180.756307701275
36627.34614515781
36355.992617596276
36226.224372556346
36494.21962255171
36517.3316614977
36712.545855424665
36766.614293229344
36622.66450794085
36232.30073783538
36347.421797896335
36612.216942889376
36335.06181141302
36494.522227378075
36756.91287425225
36463.60675502939
36351.37990115516
36260.49941519077
36531.28670106483
36246.002044759996
36669.7020107424
36232.23715076167
36176.87475788529
36128.48234233167
36825.70832838707
36365.09767339912
36705.69280815017
36174.247608767495
36181.055913641445
36311.572439585194
36719.38542534409
36362.49682128655
36441.09960999719
36198.6311399325
36615.86898882078
36186.75165233957
36375.07244510766
36365.34409269744
36560.3989400057
36319.520780994164
36549.01373325769
36206.646529392885
36639.326896587794
36477.8750695137
36362.52071191825
36251.29414964646
36402.964415511036
36422.01752954731
36639.11275722548
36632.636647374784
36311.51175406748
36743.85590046312
36160.010115287645
36191.60793989378
36117.91859407802
36351.132071457076
36446.86838544509
36295.044686089466
36116.55766730718
36166.256374538876
36356.19183768332
36400.9039090652
36885.44217325836
36244.32536355328
36255.96185671742
36516.23189956093
36331.32596567875
36561.31553551485
36726.09928501338
36796.45789324491
36166.582748141926
36314.15956010882
36178.64118528545
36221.41253095641
36498.10280167773
36807.47870649461
36378.122599207
36299.63213470007
36467.009392203465
36414.25599384804
36405.48082331612
36502.626391692436
36486.80149683677
36393.4929645499
36234.080385588386
36437.76640781528
36132.89439022186
36269.38926205133
37005.47027103902
36363.05548629038
36411.170841219726
36449.0981228907
36344.29206986549
36446.551351168644
36563.552698594365
36389.80198567785
36156.725907529624
36459.9947699937
36084.561001497736
36596.99276182632
36647.53772195831
36534.20412348992
36272.284931606904
36406.23980455568
36798.45561228323
36724.41396590309
36459.08886563167
36403.07245213382
36284.86572367826
36284.785016349815
36197.89724270926
36346.07597774916
36876.412918682974
36366.9168067571
36354.438329818244
36483.53518765021
36497.162309393156
36366.92626644149
36049.28994248308
36748.17511598057
36933.09354642029
36377.14549638159
36231.760611634374
36436.0941775878
42176.140804406976
36598.8525582217
36620.60395628209
36244.44894581297
36661.6685994323
36776.308998319226
36105.164954585336
36537.25226725706
36419.229500093104
36096.74768835313
36342.13388223927
36644.713088600445
36579.58079045365
36469.640488989
36175.28851138349
36212.858572035635
36447.81993870611
36354.23046812914
36565.04963527292
36516.36014980793
36318.401363354176
36491.5834435393
36290.0514558411
36977.383033944796
36171.5311802482
36716.777590261976
36476.08671805626
36497.345008521166
36405.609335019646
36323.18714680318
36259.52892879554
36314.297061870566
36463.21038126011
36680.73600777242
36273.98539330956
36448.85663616364
36673.35812769452
36285.78599550096
36825.37079754257
36465.75061055431
36303.822680350524
36381.32691272762
36258.47531874827
36338.2223434203
36394.730289795036
36098.514731675394
36687.187646044564
36665.49390507941
36660.077230654046
36763.25521895401
36952.65078029435
36415.148195721646
36672.72780152831
36522.087014826204
36230.577118410576
36357.47971708837
36650.72663899679
36514.758303178736
36509.006482660385
36427.163625148074
36588.850876951656
36766.56146572125
36085.57148738356
36495.67885227527
36165.78209960991
36811.26459410679
36528.00929448196
36260.410849144406
36535.92154813722
36488.15273656031
36374.141186154986
36112.04375007223
36350.77528840854
36355.44069409999
36201.18089200073
36439.07597453994
36555.54423026263
36360.23759383825
36469.63863154586
36325.07885688593
36468.761725996694
36613.33089291908
36416.05981625848
36394.944513617935
36606.06672494925
36811.3018806743
36728.64732035576
36341.37333494021
36566.064588539324
36238.85266827851
36419.174729699174
36699.24210017712
36265.50361451374
36930.95922327012
36345.0410410431
36465.535283461344
36423.45860144127
36484.00779229978
36366.61124788113
36231.44453453041
36594.33800283129
36563.30817797551
36244.53502052448
36390.34869556232
36298.09681923379
36499.539830690446
36677.22108327742
36435.06588734601
36305.46561648086
36244.1128920886
36299.164109939964
36204.89700638699
36244.62855915579
36407.031678067164
36415.16898669835
36359.913333588716
36413.36753318699
36238.6175034616
36777.926879227736
36466.86344113321
36372.79446205454
36451.55224101364
36447.72520161866
37341.43566160926
36586.77138340081
36732.456080145086
36595.96686897686
36420.03446840457
36551.19962335413
36477.428677934615
36257.3260842758
36191.17288322341
36310.41003057092
36544.421993518554
36319.062585556945
36535.27051718359
36371.53906331457
36806.07241973302
36376.57365007144
36355.03552704366
36560.853523201724
36331.540591827885
36218.05220003997
37246.644627154485
36405.44236980534
36378.71713848622
36359.97161781387
36270.87363247819
36312.1032156645
36126.99920849227
36474.09346431724
36273.93823379652
36360.13960231875
36551.925575726214
36341.7001740084
36501.6026205484
36795.99952285705
36441.642953845534
36400.99435331208
36324.6592934617
36135.497030622886
37217.49073404502
36561.50927571522
36456.793222413005
36442.81077961381
36639.57415974111
36496.86488156585
36222.33640974087
36873.41818856335
36248.30530387414
36338.48594506015
36544.90264142458
36410.77281978539
36328.58813082279
36593.09137770095
36382.4072027035
36293.6201919263
36522.727161267336
36373.87734897093
36354.52623885443
36452.40388497498
36453.10750521832
36467.39240113516
36340.598218508705
37009.28202338227
36443.35618979643
36826.623362967184
36388.45360436698
36737.40082767719
36341.327972378735
36661.03947576999
36396.137461544466
36639.71205566179
37083.50639900222
36319.65233314181
36574.67963895329
36467.79640113863
36188.552270646825
36410.4186704946
36233.89112849046
36218.15654313066
36306.05100738173
37540.608706791674
36269.92785785447
36807.61854718775
36475.19514142219
36358.876851478366
36355.10262698084
36205.43648804558
36533.367765289666
36275.579513435165
36350.93900047714
36311.88325832833
36347.62053300027
36793.441691630884
36651.22542355142
36756.631864201816
36717.019624560824
36626.29603977306
36963.4075993057
36663.3100657552
36547.3329127962
36308.27633683403
36228.106981427816
36714.69782070166
36466.38069620068
36317.433734365164
36495.14449317866
36390.55548283518
36440.86006807884
36736.099323057046
36557.77132276061
36250.04657903219
36306.13157249307
36320.62912794286
36342.953034469625
36633.17364961526
36624.552443195214
36837.986520811355
36165.77356291846
36286.9488417296
36470.03635361904
36327.83092743444
36322.93875231068
36509.27390910018
36124.49315481874
36422.88386788242
36868.73332721479
36311.51499635668
36283.11209067933
36228.08996930199
36095.25345902359
36499.35017938843
36252.86193544953
36636.00475447726
36289.3297427395
36379.165342703716
36465.19921827733
36625.052616533314
36233.65459221475
36242.97705475445
36395.864535898836
36069.62937718207
36387.371986206286
36690.01826127471
36325.62325452917
36442.72866904616
36439.4931199305
36264.08896778562
36433.55276784524
36371.63770664711
36606.458720054296
36492.72331097176
36309.67117685587
36396.004459214266
36383.246553938945
36166.176115342845
36575.49715074604
36409.93070552822
36461.18251074616
36528.85698428893
36306.21856864894
36798.44060220854
36388.914060283976
36400.89293837815
36611.32499149978
36335.806222553896
36615.03896791248
36717.09750650632
36329.99489698015
36397.44926412013
36497.40043195316
36631.05141814021
36203.58987273695
36560.16731335822
37113.62672157132
36466.51147113817
36603.256604325856
36474.76383698828
36753.83515548656
36260.28312700399
36717.39970550881
36547.46009844809
36710.221801715714
36358.61516585155
36609.19676599425
36371.49449505553
36622.868409827955
36327.2328176974
36439.63799239724
36640.07514362226
36955.92917408766
36671.47885567859
36440.436707248526
36252.620301413015
36317.442374489285
36342.65951066524
36489.98085149909
36310.28942316223
36235.8014802865
36445.714628945716
36283.303498823916
36327.04669775595
36580.566954313166
36546.650975646844
36231.62236315705
36609.150248126636
36715.024997338565
36401.125860414846
36361.95984170183
36458.621895483586
36501.3756126391
36270.9749083653
36399.32155777683
36491.00439206202
36539.86623766621
36965.15304904071
36256.33566627043
36719.03001516469
37040.63980802397
36364.4398172558
36659.83243375376
36124.80782977873
36297.79646729789
36608.48576033898
36284.17342248852
36578.817423879664
36706.91081482442
36448.41456730612
36401.793145290314
36426.366201058976
36243.344483551315
36361.87042651326
36302.87546585594
36356.39929928437
36322.23521436463
36298.7777332155
36157.830418480655
36368.34775131613
36289.14304426675
36568.442357761225
36319.11052832996
36265.58607139043
36548.09607823946
37076.71367713063
36559.04275555609
36538.92981702297
36247.73528224736
36299.13992053553
36536.168458450615
36466.95940053587
36331.93362343709
36681.026014759176
36409.86161139146
36515.28260444304
36630.33310576935
36373.424007629124
36714.00786031314
36701.21881949591
36731.25306400954
36319.137695367135
36514.78505490952
36691.990752928774
36367.34946112193
36461.0353208233
36376.03885660663
36335.97617486261
36270.91104098326
36507.24437972562
36542.94292128349
36148.109331380736
36551.232975131854
36308.507767135365
36289.538741534496
36332.34696112034
36184.83244468257
36295.445190601735
36597.07372669139
36447.14879977249
36808.03307206791
36292.230428119954
36433.49248158299
36167.65767371296
41987.67314847703
36348.26306910176
36528.00215297932
36276.1632002435
36618.12297285081
36686.30942777693
36623.24060946688
36566.78547863664
36015.31098426105
36247.714286302005
36496.95708806262
36361.323899309675
36557.706429917744
36649.532810699195
36193.317099481836
36368.971941440395
36363.96325355929
36582.113154708575
36897.46565246675
36491.7704958647
36253.347900336805
36360.00729208789
36264.810158865606
36273.35791694743
36271.69863221041
36193.27553056508
36769.425236832336
36777.40148816197
36200.0188605526
36341.17120467494
36426.900500829695
36175.640376567484
36567.055186239275
36594.4349152866
36640.00012406557
36438.81496996174
36432.30442175362
36146.40633511932
36362.2043506082
36316.09556800501
36453.96459819443
36510.217011612716
36764.886303794425
36956.798126930094
36670.194403908135
36592.211723657565
37737.029212958376
36498.47705195739
36402.95044281407
36481.90130430822
36359.05747998402
36425.754537129105
36457.2710906161
36179.84030045198
37373.06090140212
36211.49125797372
36464.34652685212
36149.97900752153
36379.4286330171
36428.32081290404
36763.141781043414
36756.669800537886
36654.847749565924
36623.95961029398
36319.74493666923
36159.83008502347
36340.895084713484
36459.323802484476
41838.065528180116
36540.54998299819
36456.5445829723
36296.42537407633
36380.916928256294
36449.61574707591
36518.00461275263
36912.21072687218
36640.53388570743
36631.13270750668
36697.097604730545
36719.33401721252
36152.43534735635
36512.07088565818
36311.67945295488
36309.597236824964
36297.713027332895
36449.76604860197
36368.28903681805
36039.00355487824
36784.023733806986
36092.5399321563
36171.15834789024
36449.27781483891
36582.30981082587
36142.80614246437
36380.75035492329
36240.42507907984
36220.32900639369
36169.3929879454
36298.945708152394
36266.89891583805
36379.272643015174
36310.74146759063
36384.6199655536
36626.63580887198
36276.58684800552
36486.88219855253
37000.03737973162
36316.89358503616
36325.33690227689
36422.56069806616
36434.39091049481
36795.74839710563
36734.774959822535
36661.80236174961
36224.12836726422
36214.57315323254
36277.331156873865
36139.47819658008
36223.422935588205
36671.26928525155
36513.762837636175
36392.10193907263
36659.59401578799
36593.34486141593
36158.282058831566
36356.08473649805
36325.41924030396
36068.94319252561
36361.40614459189
36568.93280611087
36409.59083214205
36181.51182287675
36389.41691291921
36353.748803650196
36645.70757607459
36424.145676990585
36828.19991865578
36271.7949040371
36468.538437084775
36274.503012638736
36361.753439995555
36125.47397433573
36493.5298647601
36264.71686497052
36045.01552087167
36430.31822644907
36167.24692639621
36254.86924990183
36559.87623596802
36229.144846173534
42282.16425720727
36396.486658269765
36467.121972679684
36164.644805326316
36468.15405057192
36606.04566417954
36209.26707904192
36412.951314394726
36200.20473158251
36496.31942575473
36419.83604735848
36333.904438417056
36442.155454994405
36429.05668669383
36407.50942878346
36526.81305856968
36323.231937180026
36261.96896609036
36616.76165422151
36190.56255800501
36244.49728164868
36547.918227196715
36332.34308234874
36489.77846559464
36356.85007328702
36551.405300309074
36664.888279461215
36378.868946729344
36350.692603437215
36839.54900943147
36684.60779025862
36573.07870596465
36070.22202537084
36797.25069046698
37113.366795090136
36572.30366369294
36396.19973340374
35937.41403983958
36368.22113926216
36640.4617517333
36414.12193518365
36388.80371028987
36298.14230043997
36401.80509827927
36305.63317133433
36566.642524661394
36771.27900211162
36235.99944657422
36303.634149761056
36309.404065516464
36311.16178242713
36081.40471595619
36663.57014244947
36419.087158701695
36115.53996741058
36327.20412877657
36286.348119295486
36448.18312371506
36347.90448327617
36295.2038199875
36640.911842943184
36201.1892705267
36333.79805782436
36862.17134443557
36520.39707863045
36582.6361627917
36559.674997211034
36614.119749056226
36079.254995808384
36224.91072077507
36413.24657893951
36362.33637188545
41801.455235056994
36405.795757979686
36510.5227405945
36474.442722158405
36420.07788619741
36101.730026196106
36559.79040599617
36499.752784269236
36007.028632752874
36267.61416015168
36476.196401432055
36056.370340813846
36647.22495471047
36442.45458336862
36194.29172266997
36117.51751821344
36497.7999180753
36474.44990433871
36301.69096509709
36163.31356008266
36496.75315647364
36579.381138140605
36542.73315650122
36492.90928867953
36648.5132664915
36444.998751274645
36144.802334986714
36595.723038938326
36163.15463868864
36532.58918410986
36157.37975078309
36573.290757660325
36372.77285859802
36482.23652434671
36493.3107023744
36465.04788835204
36676.52317556371
36845.421318725865
36332.71019900343
36337.74078974585
36482.59544785751
36263.43349837908
36097.62511865316
36256.32100325143
36407.03778078504
36416.93441537558
36317.690032639446
37019.01508448699
36325.569699227264
36241.12613517032
36046.985818493966
36220.78576063176
36289.9954567629
36266.302022615906
36289.00769013112
36051.20776774142
36345.42082479081
36724.01338956111
36267.77854369356
36360.73874552802
36309.17626996545
36344.87615567855
36171.91847763001
37078.74619287842
36192.78459260655
36568.49000908327
36243.235180903284
36636.33105124541
36788.304574619724
36503.69801390519
36305.25852767452
36357.79879632173
36391.934897310326
36522.39702006846
36948.151311292815
36244.64200032524
36254.654751077964
36216.32225726202
36906.81486030207
36322.405834118494
36462.28216896114
36276.78884864427
36329.59818562623
36537.99270696828
36426.69843486914
36456.892386308224
36222.27203592805
36406.26563058101
36396.15218903009
36260.75752676314
average revenue:36473.75307055393
possibility:0.005