39136.33568210897
39059.99999999964
39034.79999999966
39034.79999999966
39596.466146704726
39034.79999999966
38984.399999999696
38938.19999999973
39114.599999999606
38803.79999999982
39169.19999999957
38896.19999999976
39097.79999999962
38908.79999999975
39194.39999999955
39143.999999999585
39035.536468360704
38992.79999999969
39307.79999999947
39050.36950687972
38975.9999999997
39009.59999999968
39009.59999999968
39068.39999999964
39128.82812669018
39064.19999999964
39110.39999999961
39082.46206693424
39051.59999999965
39130.41831522305
39190.5999867498
38946.59999999972
39047.44737229111
39079.66232235842
39046.47270102329
39017.99999999967
39222.844000776255
39013.799999999675
39097.79999999962
39072.89840194305
39169.19999999957
38831.06927486798
39021.0432727221
38887.79999999976
39038.99999999966
39038.99999999966
39133.16793346929
39085.743909110475
39102.20093700002
39089.39999999962
39081.05490289515
39139.79999999959
39101.999999999614
38929.799999999734
39181.96276394946
39118.7999999996
39154.693455287306
38980.1999999997
38996.99999999969
39194.39999999955
39156.56800060519
39243.43683830435
38946.59999999972
39114.599999999606
39013.799999999675
38946.59999999972
38967.59999999971
39131.73411811512
39139.79999999959
39068.39999999964
42217.156297509435
39152.65015665804
38854.78706862789
39059.99999999964
39161.81890425469
39064.19999999964
39117.674478755005
39143.52003695952
39215.399999999536
39153.926497835324
39049.249031669664
39113.530712020096
39145.42823794802
39214.31003389664
39064.19999999964
39223.69621922088
38925.59999999974
39290.99999999948
39026.39999999967
38912.999999999745
39030.599999999664
38824.79999999981
39139.79999999959
38992.79999999969
39442.92938065602
39022.19999999967
39303.599999999475
39115.760068278236
39050.3814283922
39244.799999999515
39156.59999999958
39035.92377802441
39166.02254670192
39135.59999999959
39067.47538237113
38870.999999999774
39076.79999999963
39034.79999999966
39085.488134664185
39009.59999999968
39104.61154224088
39026.39999999967
39017.99999999967
38971.850269473114
39211.19999999954
39049.73537766211
38921.39999999974
39085.199999999626
38958.81422023456
39118.93545756438
39140.18482975556
39139.79999999959
39144.04108956225
39101.999999999614
39185.999999999556
39194.39999999955
39093.59999999962
39143.703397889556
39110.39999999961
39261.599999999504
39068.39999999964
39033.37485698561
38942.399999999725
39068.39999999964
39114.599999999606
39114.599999999606
39135.80655002364
39076.79999999963
38992.79999999969
38948.258416559824
38902.73782113905
39000.819337601366
38925.59999999974
39194.39999999955
39152.39999999958
38855.351274336266
38988.59999999969
39164.99999999957
38996.99999999969
39111.241329612705
39030.68840626312
38963.39999999971
39198.59999999955
39026.39999999967
39079.04836869382
39143.999999999585
38971.799999999705
39122.9999999996
39179.835110357664
39169.73030089104
38925.59999999974
38988.59999999969
39164.99999999957
39127.1999999996
39093.33805402876
39030.599999999664
38964.04294335109
39034.79999999966
39038.99999999966
39194.39999999955
39106.19999999961
38928.51771800103
39047.98961830384
39009.59999999968
39043.199999999655
39026.51869979264
39080.99999999963
39126.911754275585
39169.19999999957
39073.08018964465
38919.102308752335
38912.999999999745
39022.19999999967
38946.59999999972
38912.69979629598
39068.39999999964
39211.19999999954
39064.70743711648
39085.199999999626
39215.399999999536
38997.96878852061
38824.79999999981
39182.4494432956
38990.20131164873
38917.19999999974
39586.19458607232
38976.31512042978
39055.79999999965
39026.4958770226
39262.6559996777
39148.76303527535
39007.72707856982
39240.59999999952
39076.92243983927
39148.19999999958
38984.399999999696
39132.097412209725
39060.50884030773
39230.16241841106
38833.1999999998
39156.59999999958
39173.399999999565
38942.399999999725
39135.59999999959
39131.399999999594
39076.79999999963
39068.39999999964
39126.54995789817
39064.19999999964
39143.999999999585
39224.090535995136
39106.19999999961
39236.39999999952
39093.59999999962
39039.70196794297
39035.21891603005
38934.18641949175
39141.336875312285
39201.59104836477
39139.79999999959
39034.84235396251
39188.92685467395
39152.39999999958
39022.19999999967
39132.750390686335
38996.99999999969
38922.875728532454
39080.99999999963
39125.050624983654
39097.79999999962
39085.199999999626
38950.79999999972
39072.599999999635
39068.46610220397
39202.799999999545
39022.19999999967
39028.14386843709
39164.99999999957
39160.79999999957
39034.79999999966
39069.82053775413
39102.2759153908
38992.645325085185
39085.199999999626
39017.99999999967
39030.62890546283
39254.86210659472
38933.99999999973
39173.399999999565
39096.28279857882
38935.170762175745
39096.26657350636
39000.814084474594
39059.99999999964
39013.799999999675
39152.39999999958
39037.06299587456
39085.5127043855
39059.4613741633
39064.19999999964
39059.99999999964
39059.00085426497
39058.2492051089
38938.19999999973
39097.79999999962
39051.59999999965
39064.19999999964
39160.22183834795
39042.36495409525
39085.199999999626
38984.399999999696
39009.59999999968
38963.39999999971
39135.59999999959
42276.85592106541
39147.327154878665
38955.05517020665
39030.599999999664
39025.06357921052
39125.226200836994
38883.599999999766
39278.67975469497
39154.214132090776
38977.08869044514
39001.47517002428
39245.23158074667
39085.199999999626
39119.68396917234
39206.99999999954
39085.199999999626
38995.6255340324
39022.19999999967
39114.599999999606
39098.39155484001
38925.616804586454
39097.79999999962
39181.79999999956
38941.18519124549
38990.8398911708
39143.999999999585
38996.99999999969
39402.69223510018
39076.79999999963
39056.01875164287
39023.75864378257
38980.1999999997
38887.79999999976
39102.037892587345
38912.999999999745
39160.029365967675
38946.17936986867
39169.19999999957
39173.399999999565
39013.799999999675
38963.39999999971
38975.9999999997
39190.19999999955
39057.70771717682
39097.79999999962
38980.1999999997
39173.399999999565
39198.59999999955
39025.87668815714
39169.19999999957
39219.59999999953
38954.999999999716
39093.59999999962
39181.79999999956
39148.19999999958
38833.1999999998
38980.1999999997
39114.599999999606
38946.807910509764
39122.9999999996
38883.599999999766
39068.54287110361
38988.59999999969
39265.7999999995
38952.31838202791
39149.101283485186
39097.79999999962
39127.1999999996
39047.65879127823
39118.7999999996
39135.59999999959
39047.39999999965
39169.19999999957
39068.39999999964
38858.39999999978
39162.839485808625
39781.02687400827
39034.79999999966
39034.79999999966
38901.316020537466
38896.19999999976
39148.19999999958
39009.59999999968
39191.78996670036
39227.99999999953
38975.04713621871
39094.51310068639
38939.163679103694
38959.19999999971
39017.99999999967
39096.174917324
39038.99999999966
39009.59999999968
39114.599999999606
39034.79999999966
39148.19999999958
38946.59999999972
38967.7955951665
38971.799999999705
39034.79999999966
39076.79999999963
39061.63447660218
39078.36734760023
39148.624772857795
38942.399999999725
39047.39999999965
39219.29071157703
39017.99999999967
39139.79999999959
39127.1999999996
38870.999999999774
39046.26101403283
39164.99999999957
39045.45969843213
39039.98026578403
39219.59999999953
38896.19999999976
39104.884987199766
38971.799999999705
39197.47722051631
39001.199999999684
38849.99999999979
39198.59999999955
39101.999999999614
39100.272747079754
39198.59999999955
39135.59999999959
39106.19999999961
39022.19999999967
38990.8028770278
38971.799999999705
39227.99999999953
39219.92310959916
39038.99999999966
39258.567723870314
39089.39999999962
39202.293189474985
39038.99999999966
38967.59999999971
39036.92011177402
39120.871250187054
38833.588173875236
39649.73844269152
38929.799999999734
38870.999999999774
39194.39999999955
39072.799305907
39022.19999999967
39080.99999999963
39110.39999999961
39043.199999999655
39170.385277349174
38997.00826917813
39265.7999999995
38950.79999999972
39085.199999999626
39047.39999999965
39135.85102937554
39005.39999999968
39169.19999999957
39093.59999999962
39286.799999999486
39051.59999999965
39114.71911589996
39093.59999999962
39081.04483290038
39152.387627603624
39064.685451384656
39095.561966019086
39068.39999999964
39009.59999999968
39022.19999999967
38800.7930135065
39211.19999999954
39184.763491214755
38971.95816769607
39009.59999999968
38996.99999999969
38950.79999999972
39051.59999999965
39047.48223717037
39127.1999999996
39227.99999999953
39190.19999999955
38917.42512916236
39173.399999999565
38947.64305931519
38866.79999999978
39433.799999999384
39043.25189857374
39260.17178441238
39160.79999999957
39089.39999999962
39022.19999999967
38950.85195257764
39156.59999999958
39362.399999999434
38959.19999999971
39173.399999999565
39110.39999999961
39253.19999999951
39225.48060460937
39080.99999999963
39119.3877307699
38968.287220962055
39051.59999999965
39083.95215971557
39112.420388518076
38950.93092851987
39135.59999999959
39106.19999999961
39059.99999999964
38883.599999999766
39118.7999999996
38883.88844436428
39057.8081531128
38912.999999999745
39044.49207865996
39177.40398929981
39131.399999999594
38933.99999999973
39068.39999999964
39160.838687203985
39056.965809846115
39008.251508822446
39114.599999999606
38965.988388132864
39043.199999999655
39110.39999999961
39043.199999999655
39156.59999999958
38870.999999999774
39152.702661436764
39038.99999999966
38996.99999999969
39106.80920020679
39076.79999999963
39078.56753929269
39265.7999999995
39055.79999999965
38828.9999999998
39013.799999999675
39131.399999999594
38912.999999999745
39131.399999999594
39164.55541217545
39106.19999999961
39089.39999999962
39017.99999999967
39110.39999999961
39135.59999999959
39089.39999999962
39215.399999999536
39061.39373764612
38907.02203956597
39051.59999999965
39072.599999999635
39060.08877849526
39093.59999999962
42187.98461647126
39123.03158436745
38889.069165336405
39223.79999999953
39197.03805725861
39143.999999999585
38893.6498390006
39085.199999999626
38828.9999999998
39085.225395686924
38996.99999999969
39034.96562837495
39146.96795250938
39194.39999999955
38939.61952075463
39209.61709641765
39076.79999999963
39002.0214816849
38984.399999999696
39097.79999999962
39029.353888044614
38946.2341497032
38921.39999999974
39125.33695630991
39053.369862852385
39038.99999999966
39124.29710910956
39194.39999999955
39055.79999999965
39077.124869204985
39097.79999999962
39110.39999999961
38980.267956754455
39211.19999999954
39017.99999999967
38917.604773559164
39181.79999999956
39097.79999999962
39274.199999999495
39064.19999999964
39064.19999999964
39160.79999999957
39100.6558481107
39047.39999999965
39263.67022896708
39365.01598432191
39311.99999999947
39143.999999999585
39105.35530624999
39081.58774997801
39161.58835826861
39103.36724306165
38946.59999999972
38957.38357877642
38849.99999999979
38954.999999999716
39047.39999999965
39158.09540798168
38975.9999999997
39160.79999999957
39080.99999999963
39030.599999999664
38986.67259625657
42213.48358194476
39112.83599999961
39047.39999999965
39085.199999999626
39043.199999999655
38992.79999999969
39166.37610614845
38965.8283575486
39219.59999999953
39005.39999999968
39017.99999999967
39265.7999999995
39080.99999999963
38782.799999999836
39110.39999999961
38952.72622391354
38900.399999999754
39034.79999999966
39139.79999999959
39324.59999999946
39032.719821320614
39080.99999999963
39215.59859515764
38870.999999999774
38833.1999999998
38940.26141283705
39075.27869752241
38887.79999999976
39219.6928570974
39017.99999999967
39038.99999999966
39152.39999999958
39011.28092387511
39139.79999999959
38883.599999999766
39190.19999999955
38870.999999999774
39068.39999999964
39089.39999999962
39219.59999999953
39117.72832331274
39009.610907815746
39030.599999999664
39022.69015190903
39080.99999999963
39150.45068464836
38938.19999999973
39076.79999999963
39085.199999999626
39219.669001242
39085.42942991768
39274.199999999495
39064.19999999964
39211.19999999954
39153.49837200679
39059.99999999964
39148.19999999958
39009.59999999968
39084.944375617306
39181.79999999956
38997.9900809575
39244.799999999515
39190.658844890626
39131.399999999594
38994.62679130278
39165.019454987
38971.799999999705
39139.79999999959
38896.19999999976
39029.54185865032
39139.79999999959
39180.70480613713
39156.59999999958
39186.21071641495
39071.593358796905
39085.199999999626
39148.19999999958
38908.79999999975
39059.99999999964
39211.19999999954
39005.65048110602
39177.59999999956
39079.93534026302
39009.59999999968
39013.799999999675
38996.99999999969
39017.99999999967
38967.59999999971
38988.59999999969
39034.06520424661
39001.199999999684
38812.199999999815
39152.09879205101
39272.77037134573
38984.399999999696
38992.79999999969
39034.67463201554
39307.79999999947
38933.99999999973
39007.96899566729
39131.399999999594
39186.81915728699
39089.39999999962
38887.79999999976
39143.999999999585
39011.48036284402
38954.999999999716
39102.25658610685
38996.99999999969
39282.59999999949
38954.999999999716
39089.39999999962
39082.77493891478
38942.399999999725
38931.18432237025
39152.39999999958
39051.59999999965
39101.999999999614
39076.79999999963
39085.23744170574
38934.32028419853
38954.999999999716
39047.39999999965
38841.599999999795
38893.547876465214
38908.79999999975
39085.16391929228
39085.199999999626
39110.39999999961
38975.9999999997
39170.886260830965
39226.50717626149
38929.799999999734
38862.59999999978
39051.24083286562
39269.9999999995
39028.60159564512
39018.18063527194
38896.19999999976
38820.59999999981
39110.39999999961
39013.799999999675
39135.59999999959
39115.65843464366
39080.99999999963
39019.82421237344
38954.999999999716
39006.76997535878
39034.46430874277
39005.39999999968
39006.82018504963
38921.39999999974
39240.59999999952
39198.98044635574
39139.79999999959
38885.982034913075
39106.19999999961
39044.646926617075
39375.06605200012
39194.39999999955
38992.79999999969
39169.19999999957
38959.19999999971
39143.999999999585
39219.59999999953
39227.99999999953
38996.716963572544
38933.99999999973
39110.39999999961
38950.79999999972
38854.199999999786
38965.2373528783
39142.196711874494
38992.79999999969
39206.99999999954
39107.12917812261
39043.199999999655
39257.39999999951
39097.79999999962
39134.11898689813
39097.79999999962
39206.99999999954
38883.63957304648
38996.99999999969
39261.599999999504
39135.59999999959
38988.59999999969
39115.212292052114
39206.99999999954
38942.54026350063
39177.59999999956
38888.50972818969
39081.10462242521
38816.39999999981
38967.59999999971
38963.48493189052
39236.39999999952
38891.99999999976
39076.79999999963
39059.99999999964
39110.39999999961
39143.999999999585
38980.81034652959
39038.99999999966
38874.46159290718
39059.99999999964
39022.19999999967
38883.599999999766
38921.35031333379
39424.921389853385
42208.340913136686
39178.51813251776
39117.138168371566
39034.79999999966
39152.459766364154
38988.59999999969
39046.13443911272
38988.59999999969
39255.06860478762
39016.66161653137
39029.87008919054
39013.799999999675
38896.25688104641
39131.399999999594
38929.799999999734
39140.75419018658
39017.99999999967
39064.19999999964
39194.39999999955
39047.39999999965
38976.97417248738
38963.39999999971
39118.7999999996
38955.46044350788
39118.7999999996
39076.79999999963
38938.19999999973
38946.59999999972
39202.77246409469
38955.77337125976
39068.39999999964
39040.57701791243
39106.19999999961
38841.599999999795
38896.76537574696
39211.19999999954
39122.9999999996
38883.599999999766
39051.59999999965
38984.399999999696
39038.99999999966
39143.999999999585
38976.79990582765
39114.599999999606
39089.39999999962
39051.59999999965
38934.637725235654
39003.129357085105
39027.55397428391
38963.47986058289
39294.43022674847
39089.39999999962
42065.651197865394
39268.68072989848
39118.7999999996
39080.99999999963
39064.19999999964
38925.59999999974
39093.59999999962
39014.57698035603
39139.79999999959
38944.498933806215
38963.39999999971
39045.4457656539
38992.79999999969
39110.39999999961
39094.15860069019
39021.552239753975
38934.31008870454
39047.39999999965
39122.9999999996
39130.02461717851
39055.79999999965
39022.19999999967
39030.599999999664
39104.390620703016
39202.92113615221
39097.30833923216
39072.599999999635
39002.93599385697
39238.11521476034
38984.399999999696
38846.34616165277
39064.19999999964
39013.799999999675
39080.99999999963
39228.6798633947
39101.999999999614
38988.59999999969
39164.99999999957
38970.52560346543
39054.75780102695
39101.999999999614
38963.39999999971
38963.39999999971
38950.79999999972
39194.553373020804
39198.94394537389
39290.99999999948
39035.8428247582
39038.99999999966
38965.48623602051
39058.21566464608
39005.39999999968
39156.25865115114
39062.88800126949
39194.39999999955
39110.39999999961
38992.79999999969
39115.38472695981
39064.19999999964
39295.81150108816
39100.41006945811
39055.79999999965
38975.9999999997
39133.146273026745
39097.79999999962
39043.199999999655
38942.399999999725
39135.59999999959
39024.98012681056
39055.79999999965
38946.59999999972
38973.92075106403
39116.66459369374
39072.599999999635
39173.399999999565
39038.99999999966
38816.39999999981
38912.999999999745
38980.1999999997
39080.99999999963
38852.43843390036
39022.19999999967
39181.79999999956
38942.399999999725
39072.599999999635
39169.19999999957
39139.79999999959
39072.599999999635
39127.1999999996
39156.59999999958
39198.59999999955
39031.27846042128
39262.562395768386
39099.41980353177
39078.23584082932
38971.799999999705
38933.99999999973
39097.79999999962
38992.79999999969
39185.999999999556
39226.85843455734
38963.39999999971
39001.199999999684
38786.99999999983
38912.999999999745
39138.09928327316
39059.99999999964
39093.59999999962
39064.19999999964
39139.79999999959
39152.39999999958
39085.199999999626
38891.99999999976
39059.99999999964
39031.92463010188
39072.599999999635
38870.999999999774
39005.39999999968
38964.72540331153
39106.19999999961
39118.7999999996
39131.399999999594
39135.59999999959
39030.599999999664
38992.17965421245
39097.79999999962
39058.02364296571
39172.82707827501
39190.19999999955
42035.367910960245
39104.41199999961
38933.99999999973
average revenue:39090.518920740185
possibility:0.007