23639.130145905932
23444.86053632092
22546.452705195934
23520.97816547389
23682.14368140257
23135.09132923468
22683.454820259536
21723.06415254484
20881.15980677016
23428.901444664523
22789.690401605643
22495.34676429343
21537.36636450421
20926.791826154004
24492.514399907082
23111.5932498282
19243.849593772058
22398.22928671693
22173.583230750057
24764.135292878764
21243.43906520266
22451.040834765507
20502.756567386805
26088.608471209624
18998.845605173876
26083.225558385395
19714.32454172981
23054.113079878345
22390.473293397004
21735.728737481495
20912.586076113977
23179.080307961885
20436.65000712148
19225.49824431277
21864.660843934264
20643.28431937004
22547.19582976948
24532.84548365002
24816.075551045054
21846.276859500445
20880.941527713407
21022.17301084656
22622.402451480342
20558.2879125839
21341.11430039445
22547.992296944034
20179.75996965796
23761.35767096068
21830.402672000982
21320.03698605516
19730.233294768736
21603.19221672969
20876.318589651364
22371.691920487712
20648.75708090596
22397.112048534553
21182.60780196936
23968.62988208613
22285.18263975458
23118.333924496892
23901.78767438187
23045.692911974395
19317.706681923908
20806.833736437384
21515.836164758886
24145.390390320445
21836.65894754445
23635.595392722986
22943.04340575842
21178.845849423138
23422.67180065397
21567.362103830783
22650.812713938558
21586.298803063004
23517.893371577826
20421.319889678165
20544.569415090144
23802.08003344352
22657.10317159665
20102.245727400856
20452.71234779596
20537.725773581846
22542.073695087794
22621.88125978055
23135.90001189008
19400.436555461874
20010.098871913106
21124.58957557731
23530.514590367857
21383.322146075865
20253.89673210399
21496.13532593063
23068.155352320566
22849.048032142015
21155.76162386355
22255.089432714587
22582.883611450245
21051.07997410205
21220.143526182117
23688.622394556736
20104.9165409779
19948.835261790453
20124.843577364958
21341.172928297467
24806.584917739376
22008.533708319155
20558.029694345598
21685.526699706053
24759.48834675859
26266.514797261858
20433.421696027344
26972.207524680707
24196.568802922415
20779.713925879238
27847.88559104387
20909.095851130372
24879.299416963775
23197.287436862258
23347.006292416707
22802.56642034863
21931.582634781815
23216.2445706112
23236.580603439277
22135.597814546603
23475.454544918866
21376.19001370772
21387.12209330711
25827.46722874082
20913.3472391877
21262.909790730562
19341.22951599618
22343.780764721545
20401.49744747031
21964.170147924222
22811.282883539443
21557.492049444692
23138.365024637304
20341.870485043422
25572.878763512923
22785.89283245404
21120.706987214726
20624.98364995999
24922.641153213386
20879.50485886748
23155.376857798277
22365.919692711694
22827.463258059382
22232.09350839422
19405.541183712925
21049.470702172825
23691.08720232341
21303.904849258593
23687.702861554004
23743.225798514777
21577.05068503505
21037.36585490872
22150.27832065934
20228.001490711315
18806.50626923046
21658.490022624363
23860.55251100276
22618.556287770854
21740.867522229164
22857.226631484173
24796.319670262896
21549.99885346874
20591.12041143342
21915.699288431017
20012.35001309737
20886.42626251328
23773.674261520995
20463.616939781234
22633.791960889048
21413.086391440487
22262.727750175374
19922.813829140967
23264.757674277636
23424.039320461303
18776.033006203543
21392.69537226746
21180.717871489425
22519.426444478682
22307.313433340616
18966.735230291913
24493.27421414785
23137.66634883365
23515.760087331473
21605.24174312931
28050.50740980819
21006.333098050367
19265.41804066655
22069.37490393242
24610.156000113126
20876.786367267763
21307.50969321253
23438.93624000855
25968.938811468022
19418.361421684913
21558.269614671564
24042.244114408193
20938.838535037703
22466.305535734493
21871.2729390047
20036.56434417128
21566.967800742852
24218.927986275146
23077.62943805671
20015.496382629644
22849.15583996204
22021.328206240534
22456.733861988614
21411.535726886163
23668.983007411734
22811.130346378934
24650.21113997611
24967.367638482952
23214.40497872111
21738.72185513974
20466.256664497727
21840.83779709217
22555.636374088506
23512.284844875314
21431.29199754029
21231.156223722763
23597.74715814826
22144.317652369118
22120.22494650827
21699.609113053757
23355.52803574375
22004.104358986777
20657.793650115425
24333.898023360398
19836.087000476644
23293.265432915294
24378.604340168386
22794.843863481456
23848.909880507133
23884.512021686496
21773.793431455815
20928.818863324625
26240.624026755802
22761.849675474554
22180.508840135873
21014.969033476176
20204.29445990078
20666.256771443594
23691.59787638664
21723.331898542325
22407.85571028248
23057.54242848785
41860.31918110797
21599.492183837272
23767.28039288688
22407.589988422285
22865.97727646726
23140.888844775778
21939.10830457247
17661.265768762525
20577.072264812978
21503.326931493048
20630.27149524135
22254.477467663168
21432.613917713654
23298.984655302545
24532.38908233692
21273.2456051508
20666.472239320534
22338.225428095666
20611.080247269165
21022.38507070008
19093.697580984015
20016.882594678063
21311.837230575275
19849.71134500942
21477.46949742089
20691.164773538578
21883.400873208317
22731.68662009185
23033.68313629028
22183.96607437562
21911.68831004489
22867.43851963955
23113.985787978712
23485.371224809456
27295.34936991835
26450.735426429976
20841.687741707712
22825.174062038473
21011.603363699553
20656.239864451476
21846.748054470347
22315.355231970545
21290.28622192279
20490.565155123957
21352.808356572197
21962.60890771344
41609.08073488339
19851.400797603805
22345.428349396832
23707.9736238489
23292.060455422277
18995.383575134947
21292.333814103004
22623.33427324282
25300.065879473463
21716.067621604943
22430.482555983082
21990.354634017564
22511.181576867013
23040.38251564044
21462.275090256586
20318.340081087812
23975.05714457293
22027.359631315077
20057.306371232993
22715.940474089944
21262.47700063423
23269.65744023702
22932.31547041283
25327.92763451881
22955.135122493597
22166.070025857895
22870.23427795126
21580.786293170542
19492.239249980004
21559.49635633634
23147.57046708365
20180.694460329723
18197.92861750118
20655.627154506983
21347.126869429292
24377.55077367518
23802.89879667884
20752.506088340517
23004.428554736776
20741.55298578293
20275.062911407378
19786.954922872286
21860.51276690018
24728.71459982667
21158.75270799986
21905.597874973784
23021.36631475978
22319.357870913347
21010.013686436538
20886.29697446134
24088.110512781324
20680.545724721705
21782.84830058694
23655.842665004042
22283.286888834464
20018.17113501841
20985.031167993176
24132.735108954188
22765.13620527709
21932.43646995181
22642.853763221032
23533.21784518722
23620.520137279465
21517.508550860835
23836.59692937172
21093.514552577715
20711.284334301203
20873.547766994212
20625.49476253219
22434.3632012141
24760.942313981035
19755.468199805575
22510.43443125781
22858.867849090864
23451.61284986207
26667.323615866502
24764.41920811164
19905.089164919074
20825.38962698168
22933.970653283373
20588.885578510228
26328.74433191122
25699.29835981138
21738.638271632844
22640.95759401759
22480.748629622696
21758.357240196943
25261.695655606065
26005.42153583715
23577.355187109017
20172.65862017237
21485.236826870336
21729.89805046641
22054.855380731482
21134.013027464098
22910.877667515386
22213.881289628753
24125.986121569822
21314.692904272157
22353.220742329802
22305.142127270625
21305.90240957782
20810.424401957236
22651.16194147165
23265.43240938496
21175.760190762765
23270.713459781586
23063.90150769076
21472.81051325674
24624.428962478178
20563.55755855254
21861.47954367708
23762.88168793683
21950.717950406182
20558.514274849796
22032.82574184785
20323.9871643802
20421.32812500873
22645.61565462217
22928.12852058951
22213.186980323288
21666.857968391705
24281.84460979128
19970.758858444253
22236.885083553592
22350.79825741433
20482.215862664056
21850.43970823801
24478.427648959994
26577.426802023434
22565.706014431318
23556.234382514896
25398.728416299
23295.722582134604
20690.13734195883
19429.86258892972
21411.660176587597
22394.28165768152
26184.526898332064
19796.081902357917
20818.045753834027
23046.1414812817
19235.954977657097
21939.830988363934
25131.88666939615
22995.119217548567
19623.9497670175
22208.215820271846
23161.69599289087
26784.36869550752
21659.289727919237
24727.70967348369
20744.865426376946
21233.20799709247
22230.848703402324
21490.15726242015
22469.2277848753
23761.717580749468
22060.31199089943
23119.576814500266
20509.763729293845
21584.621240522636
20642.193423680677
21889.54310420493
22583.12431952195
21682.786972111044
23436.81866264164
22875.98570135561
22942.52926306732
22614.500081772734
23558.62795962829
20285.688521258657
26131.352543274472
21556.295192001242
22476.69462455471
24612.49368564893
18804.687576230972
20119.844047323902
20784.19370810762
21874.338245240826
21432.99078657931
22756.72520868641
22889.796610085778
22274.364072245517
22947.230437399
23594.0296213304
22774.088953467115
23565.924138985054
21778.283555756734
24476.942969441498
22179.295973641245
25576.911786362452
23145.16992005964
21182.60148454462
25955.067997062557
21945.354739302245
23460.33514905454
23017.203446798838
21007.573919928316
21441.005309762164
19638.82872152058
22741.192492404556
21785.066062483398
26220.50076044164
20159.623690425593
21753.254053708013
20502.052735808895
22167.272001238547
20062.981937397588
21673.310405071377
21867.501384799354
20924.379831092767
22094.872597573663
19628.33012371583
20207.7974690336
20933.117933715672
19558.199407472268
21272.16957266042
23365.30426350569
21893.722615958275
22632.260409307142
21936.33409841481
19338.019047058184
20717.17591614259
20176.999002447807
20120.18342738222
41920.56670627092
24502.17712754797
20393.482009453386
20402.425860413558
21164.12149285909
21920.361828526617
20091.879409133646
21901.337673980477
19075.859569597065
21461.557794160253
19455.05489013461
21097.15372086943
21383.137134862634
22619.97857993175
23207.88089452629
20201.24264597034
22309.250925327502
22418.10893095198
21982.46849627697
22773.61766230004
22378.588355339318
24398.889670942626
24006.837371956244
24032.08040561222
24117.347499998465
21271.488691123486
21806.79070756545
25365.07306891553
20535.30250345216
26155.22935768582
20857.090352368847
21986.6833577488
22679.150005876407
22996.37538783695
21769.28976747129
21510.642954670606
23771.920497615745
21338.681946266857
21111.15549173214
28776.62421331543
18753.99221615755
21848.95414755116
22467.652703961434
22686.987074070687
21023.955516670525
41118.344525867855
23687.3857910485
23278.91536816211
25731.102955980383
25018.264327205456
21241.59393042483
19605.873015543122
20006.937981121286
22346.075932526957
22760.602746239918
22366.730654761574
24300.467516655026
23471.228329154903
21750.162560784567
21846.490820814113
22825.0971502598
21564.055191908443
22360.84883766285
21239.80642911982
23968.359006067556
20813.315346615465
22700.328980951097
24209.350511638582
21924.83641298546
22525.564771332287
21513.431890036627
24327.84194123223
21680.50080724545
23401.078309327702
23244.237289993667
22403.830871906157
22460.45062070051
21876.300936183485
20488.208308920417
21737.16764046728
21031.244358215135
23512.619011163544
21271.944553540605
22374.822637890953
23105.152924417845
20303.284432722576
21619.950686966706
18316.857504868334
22376.413496291494
24046.517593389668
20818.812601388836
20190.825257660956
20971.604806390245
20507.52501360788
23392.118082000514
20144.52597550414
21775.54193310412
25211.924161918087
25508.453391529074
22998.193301229865
22003.66560371715
23872.783314947075
22512.122619242826
23071.919028789976
19479.855064434836
22341.669673871875
22451.153551103358
19956.93543543433
21245.20546640807
24586.078691175437
21978.004933240336
21330.7979163629
21162.75962362367
21253.149881384645
23689.465843812235
23165.42834842081
24876.813425482454
21619.54018028511
22888.226591482657
22955.070706556766
20913.55801707708
23431.245179637655
23000.167068647894
22097.47270804594
25971.15883009582
21623.750298934185
21472.54274302694
21049.29370402306
22066.415316137107
22373.66670984748
22488.107926143886
21635.528762517493
23907.48514460003
23137.165828865604
19103.571903356602
23873.464396245887
22055.079620564346
20467.454388210866
21653.069536186835
21379.958038229546
22750.058126623808
20145.039221072584
24318.70896587996
20842.33979659032
22396.007667278303
22338.87676190108
21580.840715557926
20246.722323010392
23309.455493953796
20524.91638025379
21659.254019212804
19772.912658278856
22941.39083796602
20371.577985334196
22374.40078440119
21175.473653007102
20027.971964995784
22513.972506549406
21755.64482754599
19973.641218651435
25938.015419813368
20635.70113597851
21126.57553194062
23193.141015440324
21735.30628679403
20913.513720501596
24449.33497774797
22557.215117669613
22864.951263911116
21546.463097487547
20952.376852952195
25383.160981273926
24203.857719276442
19409.17775823908
21250.779155798286
20851.913088074612
21499.725643965998
22216.96266476809
23295.135180181325
22795.340881042917
25572.389779076308
22664.32981499981
18914.868133199612
21656.911183197288
20109.824500150993
23871.22452396089
22409.874049676655
21738.654688807645
21708.1130323565
21770.183517349393
23397.017187534137
23065.096643251873
22065.808258190213
21561.534362020735
20773.758585307693
20125.50577359427
22366.494752063005
22082.020052342443
23424.031033053074
21919.142626784494
21521.423361375168
23437.491264665885
20917.34386836628
22585.088858550112
23570.53856962273
20733.857034562836
21678.391376583495
22835.68309182114
21990.680326021928
24657.116347368996
20497.16651869856
20946.148616177663
24005.767863534264
22802.069893113625
22079.801317472917
21708.339115232942
24806.92115258013
20709.485893959674
22722.84768377797
20045.791333675654
20123.244514705337
21145.276284993626
23042.696014744655
21558.19727481159
21850.28918055164
20936.099927911506
22023.393799773214
24309.16693971945
21998.60433161837
20277.22681371629
22019.793140895425
24385.771361231462
24986.128774319386
18089.859288181375
23207.818375416977
19461.33775552652
22038.72754176189
24015.550747477933
21264.72561464287
19616.15229686352
19658.393509565663
19723.91345869472
21623.697218958205
22406.621179457816
23912.537371535196
21067.263250363325
25072.81682972707
24466.557989219316
21414.261207855347
24515.35773199356
21066.38337044678
19525.67495994152
23143.434194350386
21423.875708032825
20988.814418738388
23694.655978483785
22655.5308461554
20567.829815670626
21638.554773305445
24188.161539985816
20513.758324822436
24018.445081267106
19318.882867534365
25747.487590878172
21673.33592014996
21382.913971517562
23018.496480579666
24400.288661023827
20252.6155431355
24259.732896047943
20517.489930491924
21475.073612368677
21234.506171623183
25602.91627560582
20283.539684299405
21899.643058742877
20712.631808046743
19715.79459531384
21396.34785261284
20755.043637759765
24488.09775868767
23824.850255347545
23926.270203925746
22507.481817805943
19647.554886343776
20487.933561170667
22381.67367521528
22123.606168053317
21766.778007788173
23601.15277092182
20505.01224349989
20461.566786443967
21656.389601781208
21989.991797230003
20491.073313848523
21788.308962090065
23060.399713793726
27145.212245721108
22760.71933953079
21022.70921747971
21720.938287623263
20659.54342109929
24272.9105326728
22558.546530360512
23048.872498457687
25993.413097942215
24251.123092230682
20916.93858008537
23252.58679709995
19777.93122335101
24803.206822034324
20951.617030917136
21815.668705705142
23320.748366212458
20266.553923893924
23767.925623710442
19521.180873687284
22827.668487775856
23241.450689777135
22249.396908660452
22948.688155043536
23716.800453632626
25847.98832176018
21559.321153099037
21138.95460318744
20699.57507074404
23867.7784524097
20697.41624572177
22284.462775749496
22539.93883802833
20859.58320790842
21368.379870835284
25399.919461770576
21865.580563986787
20883.45065672491
22845.034503390547
20690.11178095601
21366.795935143968
20898.70500109392
22807.01908434973
22503.838596509762
20738.67495303602
21954.289071825882
22217.959786500236
21854.582876987104
21882.095287608518
22716.309838688325
20206.754172627538
24395.471968415543
25510.532531487104
26099.140282983557
22263.844476463317
21282.86580792246
20324.83796913156
26952.501202170202
21909.72916999884
22342.061616382874
24268.648186251834
20531.24080239509
24793.892558457897
23276.208108017257
22991.440704862758
20786.853206604726
20787.558440063454
24429.608365679956
23062.428306225138
22228.17946807306
22698.407599544316
19798.889916245662
22185.22609087698
21773.651071072978
19793.008706885605
21904.52145061772
23370.717931293657
21556.290316356233
19832.81621702076
23645.24490949844
21766.19002355279
22572.455104480086
21819.820140276843
23810.179220818936
21633.89961090023
21988.719968645724
26176.01504377729
22883.641014333898
21277.686853590574
20810.211961640496
21267.46669793417
22077.35661483437
22608.13162846267
19233.897850749043
20104.97490356563
20500.325276906897
20698.765027783673
23614.20719684609
21403.930203984448
22663.76155016956
22544.710139543324
19288.92557848142
21226.673612943476
19774.747334005773
24172.431590650267
23206.152275139037
20350.312850137583
21069.41038677549
21256.844772846947
22750.40788932633
19959.063889261364
21336.603225063198
22454.8261241085
21385.52334039444
21643.69195907971
21393.369731850948
21551.825654153836
20788.879957282203
20970.313111143547
23102.818764939704
20871.342481315267
20282.130903062727
21629.716093941483
21387.823250883786
22351.07613322527
23633.215041835923
21150.282408402232
25025.550792138703
27562.59553148489
23577.885911937603
22602.818082595455
23496.029634625982
23376.46477983445
20449.645238037418
22206.458621312297
26991.174379969267
21268.97066123082
21077.694252746096
22274.735384968822
21343.82809740489
23181.043993759264
23053.280024662636
21964.808360711773
23387.393269850876
22123.47964247804
21660.84728008355
24598.3120484841
19937.245686363032
20057.56864917392
21479.7797614044
20950.42900796724
23013.801251943667
21859.546275927736
23321.78772654707
20102.186629550826
22523.169999124744
18820.882393827644
22738.775228693274
23010.69383126259
23474.101356999057
24173.861691845534
23888.013134895253
23354.812468092205
20833.137009140002
22033.08450195752
21803.980636730674
21527.18019876769
20899.153961702643
23477.79948428164
22335.448184679604
23599.613842383416
22936.899570145582
22643.067100905802
23104.95752535766
23185.858043004726
23319.49990715367
20734.791859463494
26075.447293631456
24663.753024943555
20712.806498387024
22801.91945010602
average revenue:22259.090678970948
possibility:0.004