26067.37724447841
24993.681794575496
27989.33804087988
25482.81424165295
25678.9566146061
25147.10916268206
24976.86652126997
26152.133452955015
26546.611842172737
24671.912822265633
26146.479123529032
25570.01550957396
27988.16219776894
25387.382616646315
28387.13258724167
25128.715388931214
25131.81002825935
25705.998969306213
25600.675106721006
24943.04636975019
26176.70409899662
25276.697701980847
26431.137103603487
25284.45184286256
24769.126945392043
26198.80840746645
26053.633722017235
25611.14399481912
26535.83832868704
26215.111091763283
25504.53614219039
26136.089044943143
26049.642734568493
25129.800414130426
26869.841084014308
25612.21801823844
26373.09066943315
27383.22007555352
27356.68919605849
26117.76232162124
25796.26159708059
26296.38927422969
25421.155478447192
27209.1881003606
25555.803466946858
27497.35180727857
27882.745764995594
26292.115522255157
25674.457712319283
28175.6650027307
26390.79175308303
25609.834754029092
25691.347731820424
25233.87507209584
26057.621034730597
27133.87902090961
26519.053414717204
24743.26229492107
26322.282883094616
25642.88649683417
25666.19889033453
24252.362024614682
25632.6500343954
26046.70795168992
25699.16783381801
25964.82625699152
26895.59742742265
27488.887115070058
25112.375438497336
27202.385440968934
26148.15504300282
26211.77208571807
25657.925700839176
27042.311994884316
26818.35041039539
26255.02319838947
25660.08386587546
25625.96254926949
25854.99340918736
26544.40002133919
25064.783366822732
26401.18249642524
25471.73649182244
25481.569595317884
25180.76953976413
28339.140081619757
25874.736398467438
27712.482599509345
26284.59855192231
25114.564304509735
41801.06267693733
24861.8890039019
26473.449248585002
26943.743527171886
27008.975172355542
24819.44468819317
26314.415684507643
25263.527756701067
24671.473333214177
26310.186429329595
26065.378940294268
27016.488098588226
26265.1141888353
27667.22193674845
26060.183161412697
27231.872963426482
27779.725376287348
26628.492035399384
26311.957170511414
25587.734861337172
24830.735045619924
27547.904369707936
25313.399009115965
25259.580580384267
25941.928250283698
25698.06389993641
24347.872106175506
25036.610901212498
26436.52444340369
25217.952095141016
25387.443160593048
27088.59903236429
26822.599280335384
26086.359070455463
25103.554422513847
25688.44254963373
24890.99048940602
27846.370837663075
26132.100122498443
25774.012682768953
26714.07562332026
26707.623745808585
25801.27516226196
27543.94898026192
25851.232789480142
25705.19575118687
25946.59249792322
24604.316388279734
27869.13160290733
26145.223599451718
24776.54866622786
27726.523007932086
26054.787409713463
25288.724715167704
28631.815548664435
29402.667612028425
26568.71372958687
26170.50263913849
26434.808784017452
26789.35403474367
26292.078449581477
26201.1880501291
26100.398449573415
25530.86543949876
26782.081991084444
30944.50409165477
25015.479021101568
26377.713928168814
25875.190898456367
25848.153247189934
25271.943068665776
25472.887533613328
26357.446802475333
26318.640998371935
26688.94451454088
26528.82934120438
30804.587778408793
29709.097397690028
24390.207696916725
26360.796840853352
26151.311486741655
24490.154555513865
25513.00566466396
25357.46200740344
25681.652358753137
26657.72463721177
25908.623182179606
27503.65935353036
30354.12961500862
24924.963210300037
25707.13100741124
24993.710116918777
25922.720201596163
25332.88450734339
24675.924398299558
26201.616943569064
24927.29344606986
27381.857246146523
25305.051127576997
25482.969962484192
26093.60464086222
25050.237117014156
26523.863870954243
26315.24410279065
27281.288477604943
26890.621289713676
25542.719095310273
27084.164490874777
25897.041478415947
26503.316047485223
25772.62577283134
27731.727672720604
24946.745246626033
25784.61324777484
26729.46189968716
24926.66764198373
25792.625851529254
26102.670067706327
26808.210249594227
25388.741115161705
25295.52370119258
25812.272251694812
25497.12785817964
26731.8782008996
26489.160151901782
27966.89173672604
26252.751015107075
25220.154843076678
26734.189366439477
25963.91458982773
24627.556872035264
24792.472689131213
27102.31813818568
24896.762924173396
26774.086303081574
28499.63287452484
24679.96683181276
26631.510410531064
25201.839892979002
25817.22748991813
26308.66106061133
25733.78690213681
24817.589618511854
25539.30155904302
25678.95812553014
25020.668844272644
27555.603242244273
24734.032703831203
24840.671641240493
26269.756906257113
25570.97342513985
24947.36502437182
26794.978330532533
27649.527440102407
26721.990655104633
25324.303874284113
26278.999752911597
27268.18138071285
29253.428930442067
29041.570334966473
25421.790235454366
25971.580283961106
26092.868349311742
25022.355662542337
25999.75589462308
26247.65068568246
24580.6905069809
26229.121091512912
26087.895244453324
26101.899816181303
26311.87588580311
25561.76215544722
26836.098706067365
25300.881970672486
24758.69367794084
26609.335919056117
26069.824842566963
26248.952439370467
25446.857358886948
25488.840366302007
26413.262839273382
26027.633247199763
24714.777302495924
25188.24347541339
25697.09551068316
26051.263796656287
25535.94502371797
26109.014674783542
27448.289240163613
25507.565683500372
27310.961878065562
26031.317817230683
27535.320264931604
25415.615192570524
41826.092722385394
27305.906538884417
24829.471663142165
26866.643928617366
25918.18392240582
25293.27263952399
25453.51696672672
26232.673367794225
27112.2887024066
25760.73019971203
25178.51446799064
26974.049358437165
26042.382436041866
25212.955288603414
25211.15990161861
24973.48748162286
26511.837609796712
26733.88940643313
26072.115547484093
42001.656866694204
26154.278638477197
26288.794708055426
26705.903802140274
27372.308926342812
24967.021484669876
26827.475380302036
41884.98605539141
25385.234408737328
25753.022978799043
25869.375150049545
25660.99725478894
25185.789108354278
26042.40843629063
24973.779555929636
24813.1599828991
27231.36244646052
25519.022156000705
25445.558252459814
26577.241059757893
24777.782893189178
25753.106400930166
25996.735455810176
26617.388297583402
26664.455838308924
26102.911373177725
25329.76936690568
24696.74593608365
26170.157846805985
26935.252496930407
42046.254347661976
25789.483246221316
28016.16956951884
26463.927053239866
26880.18949435007
26944.469450765406
26241.69059121506
26473.777845922115
25867.74301941385
27336.526248717248
25106.156845035846
25399.84369676814
25984.07123312259
26381.157730980485
25908.985414702896
26766.523845678144
24775.23618614111
26099.386202405556
26360.018643900206
26757.72191450666
25770.675367101703
26776.17839942043
25694.35332690127
24879.96552354482
25259.914405786236
29505.976812713445
24979.509298244833
25824.956343325342
26492.804644046904
24713.57242617028
25664.61908853918
25923.507481604414
26048.942646686584
27033.448076803918
25970.31296857742
24859.559718239067
26073.88993937784
26696.656067167864
25181.257866344007
25661.524972120416
27094.11205261861
25681.639744514818
25988.12654837507
27263.04274845431
26838.989822117645
28087.57132189889
28851.53360215373
25207.24769884767
26675.97442171796
25722.341163989135
26730.881861482234
26139.05281828962
24845.658432727116
26220.383949484283
26129.167450476238
26176.217936077406
26064.64802870577
25397.431709826124
26069.439751222864
26585.702013904538
25047.565653079124
24809.95533324326
27821.52168386973
25135.180849080905
26427.153667156334
25072.80334990063
27164.82158423304
28360.02983963274
25971.5999870383
27017.493349642646
25787.21554114717
25827.69522281643
26432.229912145274
26994.151546438894
27187.69401193361
26520.23728901114
29829.27764125035
25609.173936909796
25832.86301401144
25325.65231297782
25236.11487695467
25763.523653900786
26233.20240987806
26511.20183938992
25465.286443669556
25738.872322964755
27108.651593247825
25932.232535892374
26216.93875542689
25819.08064510973
26147.50655642222
26201.174600597962
25049.271263611237
27160.792133705974
26378.78490744108
25048.977177037184
26270.6421913561
26076.016660244997
25989.715683377464
25505.56500373842
25180.48607367654
24824.50475269954
24730.222519137136
25287.021379519236
27620.800363384715
26266.10799187926
26142.46084548325
26037.94141680124
24709.126750201125
25137.966534354684
25430.373989525455
25797.42361658009
25265.40117052851
26108.95682277655
25990.680596310965
25757.895332679593
25853.130171073695
25862.941283269298
26360.622735567846
26941.607523943305
25835.280143860866
26390.044902154663
41367.967643931115
25099.341924819662
25998.533689412456
24952.953174742976
24443.735660160244
25883.36156523282
25971.121197607925
26596.03269097924
25936.621544969345
25310.355600854695
24717.063860716997
26433.929926858527
25578.383299986526
25366.92730219404
26271.136851727955
25237.870693793706
24893.572203635093
25495.426266442875
26731.89607249671
25095.032024560187
25829.900758263222
28436.594216626192
27251.392934927455
27869.585940719255
25633.621152262895
25450.457306860928
26913.731790107886
30498.851951613742
27794.33929563656
25369.385524704332
25439.526506016613
24547.37449989686
27448.24095587698
26182.980734771525
25362.39519682404
27707.68969060371
25615.53494268516
25810.60396534844
25229.972554324424
25027.831607960612
26977.070368915567
25350.454139905218
25609.55301032336
26567.186712944364
24871.003806114884
27072.89629278304
25608.849320426714
25245.886234566617
25845.439789277283
26152.398121633276
26799.439136112527
25101.10850024395
26056.835028654066
26169.70659349501
24945.36569114858
27437.178814615294
26547.006879731623
26241.68865375885
25544.116619857374
28276.07729439658
27495.301711286513
25301.48852139671
27538.758271923467
24968.701889777323
24912.35782528913
24028.8223662645
25755.21162979471
26017.28148132886
26422.9855134375
26719.652206835886
26360.40757664464
25706.065776348198
27207.60629218204
27008.92924393191
28052.55690174985
26891.05045308889
26127.97002543264
26029.63941669304
24639.717982253642
25592.758552435822
25629.608709643344
26416.404589083184
27126.668596101958
26171.004741169767
25874.278723180272
26217.940622541235
25262.40712704715
25605.845438003384
24768.729088577646
24875.9882776258
26309.842212909178
25799.29219125433
26052.392215081025
26957.84827294023
26035.31350663853
26262.03507768777
26393.52218518783
26000.565998620434
26730.7619210735
26303.67886038925
25663.661055857352
25911.958694689438
26552.148126519012
25837.241366528466
25069.751099256904
24722.124193727184
26063.494332713242
25911.75790506349
26410.26537103224
27122.55241022454
25963.119789873886
26284.407530779732
26665.68102063305
28586.76015550082
25750.583444361735
26126.904657402305
26246.03678331855
26054.504545861655
25601.528668405466
25039.94548744876
25775.46234648997
26861.779927494976
26538.167588804798
25384.258056198174
26909.71872753657
26328.090138354106
26066.170259367078
26572.20323227011
26445.10065370486
25332.079040055774
25666.808651319017
26517.328780814456
26959.889488889014
26347.821706970717
27990.112930634357
26747.498032407653
27872.568341655544
25220.810672994125
24913.49232732998
24768.372910531245
25754.853120747888
26090.330036161307
25998.938217645362
25490.024308776538
26370.261744225234
25849.262444254953
25160.481648003508
25468.00622103722
24991.44494969842
26901.418424985484
27938.38745996439
26772.703966662197
25540.644513911586
25744.97233357859
27170.90984041048
25138.609568359196
25887.617087496208
24323.169141884664
28297.600667410316
26966.202972994073
26734.608363322357
25579.546628457072
26491.528467064123
25374.39276678903
24816.81951334235
25345.43437014863
26716.075809651138
27388.9101048
24959.196541752088
26749.546759493875
25188.872478551806
26259.708664347283
25942.53868763591
25376.385395126235
25569.072900582734
26368.002236806988
25470.068628373607
24819.843899056832
26782.267414784797
25296.676307712525
26995.974860080107
26351.238738066197
26954.51549641528
26444.459730141236
25452.45702759122
26262.729980903892
26649.43300243134
27494.565214812726
25649.6928035614
26372.636806101924
27842.755435997602
27196.282770688802
25593.976032042563
26579.349993692456
26683.931239966136
25505.21337766857
25374.047841681877
24889.490303972736
24779.510345186205
25716.571807871558
24450.534886621426
25487.29416771166
25916.809085701425
25777.754503550073
24978.8980527678
25683.77206753552
25755.09090247545
24839.442577287075
27824.99766670485
25151.526873495226
26315.33617355224
27149.36529974911
26455.980935669366
25168.141004070734
26155.777571956925
25948.84299049447
28147.342314058846
24861.68351981219
26270.168059078333
25970.519309061925
27370.213396125648
27934.063177636912
25650.363516727622
25657.85925085803
27578.65900560473
25617.27846237901
26286.266335255936
25892.346396998797
26365.75552782388
27768.414064661094
24841.022894063233
25866.02877937368
27457.18242481629
25451.119369674627
26024.898602939367
25218.609145950395
27016.932459782733
25268.949607671148
25256.93806189594
26232.576330909527
26372.41447356452
26836.131913251113
27207.400327181243
25214.819289797062
26242.729006918664
24968.075614020425
25216.829548658498
26651.523844126288
26253.596812182444
24656.85037848791
27819.02403155201
25467.413707629592
26017.178915758013
25972.2570763296
25528.87196105906
26253.002997956006
28163.237884711896
27780.016352951487
25545.697385225816
25511.00444252766
27425.378730847962
25348.532852811844
27169.148313681493
27224.171916178315
26209.678835550407
29946.965619601968
25982.627949395184
26983.998068848916
26362.317083326918
29998.22367586163
26381.6867641706
25311.18212182347
24899.465341921317
26546.95068934049
25810.489971763644
25711.68031335827
24355.98516412261
25408.76581938399
25494.188008269397
25573.635479615612
26875.587093753697
27929.761002357434
26037.376941662325
26576.68770574568
26034.906153837877
25996.409021709936
26010.299207171436
25875.652151530747
26626.638380379973
24712.590299288404
25998.839639390724
25357.63063534428
24642.11462994655
25830.347409671154
24813.99714599908
25583.41421565431
26637.389625441185
26018.146248831556
25881.812606549243
26413.66698030911
25472.901252413278
28413.13134896912
26739.030032398878
27016.324344810415
26222.207094730402
27431.297376506776
26906.484740374774
27266.48935697215
25736.07251657262
27008.956895886437
26051.318792119066
24836.415955170993
26784.405493419545
26806.961051962717
28758.333462751532
25948.841435581508
28465.288130360223
26430.18233406802
27013.141646937635
26304.913972486742
28324.277034050945
25432.566486615557
28293.995931730704
25951.40703137034
26136.95242741119
25124.298833792618
25486.46535085451
26338.782688254134
25900.05821892494
25309.840579174528
26140.947750898493
26459.770753676945
25364.050958130396
25704.292245384102
27808.79745254946
25513.828199708267
25987.008026989213
26020.487334908685
41911.0365329048
27850.434925581172
26621.490885590534
24940.872661994697
25577.306733890873
28357.043941604483
25891.311723010043
25938.193123268622
25279.31886181812
24933.737907895793
25650.187509723644
25648.295742632792
25934.83604607205
24653.506561940325
24795.86282968526
25306.899453002126
26060.034215659507
25861.592017158953
25963.06456628956
26122.24805378
25511.58327664733
25717.320551439567
26031.51785201908
25517.006347278028
26085.919102441323
25826.84766880328
26740.608602617816
25908.3049321177
25810.31751503303
26237.75388974934
25171.05916922776
25536.227983622517
26134.775199396474
26342.052683852668
25854.471192319586
25203.462567071634
27083.80879283112
28001.771976076405
24808.73144994402
27791.042903481204
27663.455925009155
26722.54060050672
25601.718455176568
26795.814093815516
28173.239260304617
24792.99667353668
25076.47873196502
27982.763027890298
27663.373354595806
25399.88824096694
25675.062563606753
27398.69895625233
25575.44519080839
25365.0616062183
26234.25581783271
27504.716273674963
25575.875240871497
26359.591632391042
25452.209923436774
27128.08445864017
28004.042099188355
25638.130035826896
24652.064119012342
26415.475216533494
24707.887164387863
28836.522924555487
26263.17874669222
25654.69197483508
25412.115171941554
27506.780856954978
30706.228141412612
25211.350420737548
26802.720114966887
25862.10155142813
25626.930807977573
25176.023304610324
27082.910551700385
25654.082041783928
26660.21758287135
26528.02258906662
24828.62618396972
28573.50884259766
29330.37323427542
25688.165162015648
29176.607697488787
26463.3889024978
26023.61313107698
25719.092155561455
24865.507857727684
25002.841757178165
26041.32014486018
25568.79005537759
26370.31821416617
26191.456476279316
25857.480524103394
24584.189068678363
28481.71123345768
27292.64875312075
26171.525529162107
25029.21087365394
27757.31455818849
24715.51211778952
26535.309898065054
26233.11237557439
27139.65064471453
27284.844488196246
25303.598191772337
25999.024882928705
26517.38289275531
25085.959203147035
27219.7343167257
26336.719029689048
26008.194293236233
27412.321443530334
27010.811418224283
26225.942925555104
24741.201092142455
25254.116633540743
26281.212064887808
25906.6456383973
26691.358735325553
25859.94549040847
24600.09698344542
26307.919137823923
26184.142400765388
25879.9011929944
24663.255503344928
25340.270193919143
25277.381205683294
26075.583442902214
24794.00432100693
26735.313462232432
26153.747573536977
28503.254031691955
25252.12358657515
25866.858032573044
26393.13186469774
25811.241679503564
24746.80424618511
26824.124031855725
27181.278515289723
25608.800000657968
26070.55149565603
25794.48866986796
26288.754926041824
27251.56874387698
26989.975837708957
27624.712833082125
25644.751097835415
29017.723792312132
25320.20145273706
25980.33981124753
25452.450052990425
26081.311771240955
27362.723471720663
26703.99329780665
26296.75063247312
27416.120793702292
25651.472545416345
27038.863430676753
26293.06816332723
25078.882867758944
24484.46487115029
27758.242589723846
25546.988951820935
25374.211708257524
25307.868882585284
27036.49262399936
26400.105262832873
26865.798284127533
26800.05410367354
27182.466271284266
25464.894612154858
25552.807451770277
30095.92532412634
28989.90575568793
26316.32209326902
25508.36020550783
26610.09960870913
27839.97468707663
26223.087658476477
26133.317562351767
26094.882075106638
27107.36520010472
26004.26073363492
25267.87095002524
27482.462923995416
26981.340667133678
27151.47264653651
24806.6456797906
26428.644840655954
24235.733198556587
25667.198937541696
25319.46917097041
25411.896050615647
26365.52943200419
27465.893410622964
26054.790284193743
26356.068109270152
26081.598742134658
26491.503831185622
26726.290978181652
25866.143365607
26224.380531008694
25986.390822253685
25450.17106849635
25888.615032209156
average revenue:26263.29619276751
possibility:0.007