22032.814080940025
21854.49827399219
23272.68384599268
23870.25713052302
20869.91601377493
23333.16071409381
23685.697094600077
24812.535735444275
22711.21982418482
20866.504724521106
22222.71784937587
21490.683235170105
25393.62291650623
21911.83956131405
22190.29374938297
23002.41460684585
21610.158636807857
26592.24589965569
22459.593701863017
21777.71705754246
22495.951930742835
20362.136265901052
22869.70391761455
21037.634373650344
23079.148076057074
23212.327216330115
21376.258246761598
23288.69805219184
22614.55542781763
22896.06421241715
22982.26994063012
24376.833533710742
20753.60108545295
22904.69108149508
21171.297396806352
25154.2191950032
20208.55732024582
18941.759353623922
22073.06411966577
19102.482631503914
24461.124129568176
21959.267631797826
21951.819709426887
23089.726925607392
21422.420202725334
21545.71368351659
20300.18122678987
22552.910440457305
20770.6758838011
25276.606354721804
22839.56880479782
23316.75659410294
20363.09804399559
23078.267707662453
21122.690717734687
23413.649105011285
21006.00750422371
23992.72982266228
21199.098472172467
23444.12133295625
20452.91759569487
22238.63329002317
23249.95626383068
22043.57977150356
22086.22376524972
21438.311507759958
22703.35374468045
20619.210573238102
22314.427476165045
21352.43776534139
20368.022405485648
20470.231836173072
22079.63865098269
21587.63349998366
23509.62219364479
24397.95413064512
20428.73359880656
20757.802944836185
21936.98847388595
22580.292836377193
24450.969128465455
23963.77397381926
23743.65420725539
22103.66885151238
25869.09911828364
22481.11047637057
25355.070796598808
20930.30906056624
23029.88167025063
20261.47558846824
21550.059526718356
25097.16884803841
21617.115342915826
21379.429100704278
25594.275323280537
22130.093271632388
22207.51976384697
20075.696263947415
22416.136518241194
21376.65679860184
21805.246034030253
21368.873444754
21755.036377921373
20486.46841501731
22727.10149806456
21937.35796401807
23016.87211587568
21264.284062255818
21172.527235752546
19807.255480870997
22434.92601648325
22626.958467459794
20457.843297496755
21172.683381922045
20960.434175577244
21216.126595319467
20464.44177082447
22718.705845603563
24701.72376296573
24146.229296634818
21622.842789455404
21580.940685776164
22271.135138572397
20056.247299205905
25622.190849950668
24446.833627619733
22935.535403883194
19963.836978785526
19494.32558354289
21076.073297078226
23405.308975646538
23224.5112500103
20510.152903342918
20736.792867595916
21080.848975127992
23330.86227930583
21530.5529943508
20428.308274512354
21494.335421049003
23723.210431033778
25490.333009410584
20206.69304757168
20791.54377104974
23150.90826941639
21132.758919196123
22155.759063402398
21338.953405785487
22262.06833446053
21496.369476449647
22084.76831737761
21412.484662811814
19534.395659282487
24136.781098078227
21540.591731479024
23400.591364852873
23425.94828087081
20306.148003542763
20581.5361321651
24308.080884497354
23589.532418325423
21808.44599806767
21510.525915198425
19486.476645379782
22190.894549292778
22684.812101593
21824.887966810144
21085.787025306003
24847.079793609802
22192.765576627487
24156.67905094947
19682.752470830914
20828.25082752416
23859.610269954403
24767.83632690576
22258.430606545146
23068.80851467106
25918.55189919076
21081.069693447
23163.840908316135
20999.691337664437
25964.546141021056
22324.298028582554
24130.590597996677
23281.82382279374
21295.06512346436
23378.869367722407
22844.810104208955
21305.335201611426
25158.28685583518
20548.787543554146
22410.07498990946
20040.989908982825
21332.513338098233
24583.462910481612
20160.441136852023
21859.60573847341
23098.45786529595
25160.828779363666
20639.676965295323
24938.764739267972
23417.246321607487
23416.336756138993
22197.21368725431
22936.216441062057
19511.59642059951
21539.766959423534
24642.771695808846
22136.989877744865
27495.413476482212
20934.013613044954
20929.722762731762
21868.070497477718
21670.685870219593
23932.28923753441
22573.106962373055
20527.25219268706
22153.333790372908
23516.39538450558
20925.312001578233
21338.89393175534
23070.278933179714
23434.439529196396
22872.08425318923
21268.792543146537
21553.766189209487
23543.793385899542
23728.087392001777
23223.26938338398
21303.465317460916
23717.97726192421
22162.497619152473
22983.121504412346
24621.676605180284
24358.54924094464
20307.962668049455
22624.127771630163
21431.293308949116
21686.533724852023
22078.24789698411
21523.499018442704
24285.630540394646
19312.048719725342
22792.54807512262
22047.810440644786
25321.560222062562
23430.006204703524
19892.003147609015
22072.083719656475
20863.141941010515
22997.25229452405
20039.10477274524
21830.00438945552
21480.130814639033
20731.81206851607
23519.948706198258
24973.06792179558
24876.24203904418
20526.738010431014
22506.50196711631
20671.184226080964
24075.67799953601
21445.931006095216
21551.95039923224
20896.483839437922
24255.373368465996
23573.064410023588
22155.1517355467
25699.379319006566
22554.791528831636
21973.714863086647
22076.74548331282
20219.820587927046
28039.70477933713
21757.06192512455
23678.31322786024
20260.893335893932
22604.47726454989
21340.601418455826
25062.754261715054
22600.85959615366
20943.073031411066
22012.561852481216
21870.800142110358
20237.864694940352
25773.575584367813
23875.1196341095
22735.140390964647
20630.45819010843
22004.81545525295
20907.711019167
22497.13967741461
24442.165457070987
23061.206355289778
23209.82662380701
21283.273587279007
22921.428320997733
21023.746499391815
41477.045347323285
23056.808033411085
21984.531587479916
19109.51668183173
20630.150760487842
19860.921236764865
25551.596058791903
21644.713058298832
24210.07960245054
26111.218140918787
21050.990262029736
19650.945224986215
23822.72286176186
23862.687938871084
22963.388314669824
23788.32267038493
20802.283624334916
21167.338922581133
27430.05342121551
22996.950897578732
21882.072354491684
21023.29041707835
20309.219930442807
20334.1140837004
19977.63810407649
21586.747098743137
22975.03840758552
20812.803638939477
22627.4880559951
21933.84678020898
22200.339919027218
25018.478022876076
22912.574341674732
21574.75066061501
23315.2467975678
21871.156947145995
25138.19546775535
20770.369569455706
20834.023065131005
21889.098549462695
21123.644732659188
31733.92897555301
24189.274277475804
22129.366664203255
23738.253285662562
20060.63600876568
22205.062012088034
26809.86783795054
23650.795806113238
23621.688514589237
22642.208065350438
21160.99724975733
21650.56878784758
21925.81827562179
22663.077976894343
21329.23350136536
23371.22081074149
21896.2188777867
19683.61628952619
19085.87443208352
26389.21647463005
21494.173422116233
22540.248762517313
22017.274149715828
22188.754043130375
21410.102009424016
23710.193163176107
24149.797625692016
23542.336578120055
22042.491872060167
22644.067137854832
20472.795019151163
23825.559777028415
21233.438217731193
22897.97789298623
23010.92292824231
20364.93122434451
19472.89185728433
23075.506289367047
22089.58033433912
23010.238458791016
21214.37669120645
22960.671644619866
20938.06004121265
24065.102573038712
22778.183534410964
22690.44008403357
23119.900425607088
20269.951835627304
21594.992707608882
22807.444069527235
20035.607180628693
21793.636924507733
41862.251713527774
22243.701295116847
22230.01889536903
20868.13574333253
24781.363311833687
23449.55268910163
22599.576987362114
22235.77179630278
23638.690916249525
21792.173980698968
21153.924929390632
24481.94225912449
21948.811324324048
21424.624578064617
23557.307611416603
24675.44541841416
26596.073771633764
22434.523134132458
22518.875040852367
20697.213459612773
26043.874258790787
21803.352414061243
22404.526096910195
22436.273629032377
24071.558043160585
20599.482519736135
21132.241637162715
22765.43372793506
21838.20764373963
21484.910840340483
21512.00139945499
21560.324494645007
22414.207499014574
21535.64903184751
23047.8363066877
23060.959282827574
21083.831853612242
22901.32255071729
19705.957833344255
23448.738508875398
20258.29626497577
22251.006686485787
24949.260150524635
23164.50549998189
19828.92302381309
23279.14349629497
22761.642564095793
19633.214983882695
23374.911060092112
20432.132057511844
22685.33619088617
22311.18431201216
22013.079668060087
25466.736346419468
19298.91123071058
20380.335167672816
20319.827229538372
21653.014962039248
20468.345848816014
23656.46411607583
21058.987371960684
23154.98919056298
20824.718729524877
23159.568116153525
24166.89067068732
19592.393419147636
19600.186278140078
22494.97120924527
23732.261874438
20762.576442867212
24985.158411162818
21601.350569705635
20170.56478130191
22821.31684038809
22151.651189898595
25286.92050877597
20964.841086901262
19982.2703546096
21186.309246047567
23515.501952955947
18901.09535588415
25486.410293695844
23784.33183815249
22083.296231056334
20573.942433511667
26293.513132684977
23875.169347578438
20740.20239958921
22506.345383031403
23485.60176558049
21478.152672505137
22847.909996153714
20732.82287396321
22350.521672163948
20267.602542146262
19800.28308432839
21754.520736025766
22306.454775824455
24457.866851045314
23800.700772172142
21354.270974066294
20149.590053328873
19685.97651470922
19038.160188490932
19637.062309729652
23781.6595349678
21428.48386928067
23885.75216008269
23934.355536134863
23414.011512179837
20695.98613045361
23807.9377326057
22108.857553314734
22285.165881429675
23478.682449073225
24389.96433968276
24546.136593185936
22539.968185918202
22207.31744637153
22964.74715465398
22035.500788422603
24808.270619040148
20030.388427972357
23404.038444243946
19456.811547064182
21863.218917909133
23782.99168265056
20375.71552396105
23609.944798716548
22392.371092909
27487.864517520826
22176.721753350168
22281.3881854965
22042.705127500853
24406.47166600424
23563.296769982746
22150.881142491344
25235.01855713582
22783.9252056838
20263.615284322714
23372.496404271722
21080.124947909866
23878.82309911343
21152.669763270536
23691.850827068884
22017.858931849547
21162.36781622697
22583.675344448427
24472.98478722161
23833.10494486236
21482.24853892388
20687.025073343964
23520.304259929024
25297.75524980618
26697.172275003708
24283.31114863836
22049.58511424907
20264.977521047014
21269.526872626928
22125.666731383153
24822.12894024463
22437.198476652116
18889.44628725526
23023.65920075391
21281.128235735876
21173.305149974396
26726.237915418787
22206.998512320086
22009.302090510027
23226.278042279042
22961.590146605864
21410.743077654686
24653.307375292196
23980.76936207956
24643.916816386525
21493.862912297365
23389.28089547031
22983.47859404225
20349.192215947503
20460.67814563445
20387.90763170496
23853.39560333143
21651.078835147666
20935.502781887055
22951.737722030466
19481.35459013859
21205.193527362397
22895.87224495248
19620.907793078437
22738.58044268256
21555.692579157327
22281.848623777954
22550.43126581023
21020.758507266546
19778.702067545077
23376.305016694747
20906.609737084007
24323.12890235825
21335.25296423481
22403.30348844164
20537.452418925597
19459.8060747278
19852.171140130882
20688.98818955284
21182.70603288686
21594.111596248564
20722.247060631482
21863.99910359553
21739.6663243471
24499.742260686693
20882.6255942289
23854.867298892535
21893.596571454607
24625.073342076434
21096.92147942474
22201.10701475793
21872.297389304542
21532.84623098188
25514.14881146729
20426.138806094703
21809.995186215117
23434.643654267773
23913.762094612805
19270.123337131332
21710.097880800215
21627.634222938483
23847.6727437346
21617.330827778573
19863.18178105497
24252.722528976752
21100.845868362543
22762.47684301711
21194.5635467897
22825.55203820889
22831.620843239114
21179.922570181938
23343.358706495732
22076.755892033958
20575.526198780746
21422.128134891514
21705.353462648483
23454.702066607726
22275.158395765182
23275.39091459549
22294.68443047795
21602.271596653005
20980.38530224692
22746.549115419188
20008.60695627354
22361.263906308686
22611.32720936763
21629.46322735245
21237.97951703987
22603.3511888025
24290.41786346649
22223.06466341735
25940.92833598231
26200.80433981666
22230.78101971605
25832.910834456285
23590.75346900402
24630.43238829575
21420.785833402184
24299.964104209892
25418.800895196124
22842.07515974176
21696.303550758465
20279.197990239038
23275.129883215777
21111.241422499465
20591.716792367242
19919.44616428443
23416.2305964931
19983.42960251918
21421.944337896704
21716.58048185995
24031.793783143414
21093.195990664688
22375.965555050312
21276.863473385616
19901.15910858766
21387.796600409012
22627.25914547523
24066.939858959635
23334.440268955255
27372.58086501476
23102.926214706516
21525.52402095486
23856.98527619996
19386.421107570044
23505.60616866264
23703.29730795578
22814.889620858787
23891.57168899684
20940.458366128463
22845.0445008437
23617.86005468764
22286.878234839238
22819.528936856423
21635.0738230334
21500.35931658597
21374.726081030745
21419.656101476154
20013.96922452206
23697.31561207661
23096.10155586605
25478.271969115984
21241.28406458762
22658.60515236648
23733.271002785987
23604.384845851615
21223.532873620094
18520.76412253537
23331.853333981056
20489.203160148914
20550.672179967594
24274.849334583894
20348.053324735327
23169.521090663744
20882.91807054291
22356.126316619462
21996.395675153177
22358.48484044481
21902.35217645837
24872.071721619246
23454.947989791322
20876.203017303418
20316.317165521614
21810.136612589264
25020.165824492928
20712.36707700469
20354.276363264456
22905.892880589534
27332.464142616398
23508.50187085321
21314.81068849432
21842.082192590045
20770.057076732824
20112.50918367478
22697.24015084304
22348.638904548818
23752.764743773398
22589.052480218426
22273.00406651138
19991.35212075957
21102.653395787955
19934.491373064942
25588.841733121986
22922.88192585886
19969.727480377842
22588.87038745557
22724.416894111888
21178.663357040543
22688.972582273258
21533.319873166474
22989.408333625313
20483.13262061007
20174.781736873712
20685.56579410399
21828.52812276778
27064.585791671947
22384.977172080697
23115.244703446697
24079.7102634493
22151.17137199589
23097.423627593467
21841.564061543548
42086.901613645714
24453.82356035281
21722.711125487684
21624.203911147833
21773.322355691023
20580.403560317918
22832.6254003443
19925.59125869549
28772.100714348904
25709.083334744417
19861.613693463554
20788.019952599745
22860.20673539221
22256.29033675577
22411.51094932404
21551.546498581243
20903.111926347174
22306.49749134376
22517.002462379915
19207.483405939747
23407.44255572321
22094.836297567945
23856.237988182016
21918.333738061694
21799.90836748915
22441.352550518484
23834.415895244852
21172.237995413183
21811.10709279428
20878.170187742453
21712.28314951331
22664.073642431915
19758.596047647567
18502.172933572987
21349.05268103122
23002.311710908467
20961.363716773336
23183.769839828914
22223.842761366668
22455.297407914677
21272.188286169323
23932.150222876207
27818.3714343779
21286.307486804024
21412.057553539962
21013.596982782343
21970.946253659455
25554.786095020645
22134.543720950533
22289.48034664124
24595.119985522
23265.52748507637
23769.807676106993
21185.735057326845
23081.433879820223
19409.115196171457
22358.52201781434
20438.526615435498
25900.319334588883
25197.1728909797
17769.961221942132
21604.74439948878
41455.762339024244
20890.080488787768
21993.706820321862
21900.724463225244
24705.83452484842
21732.405883079828
21985.413055318226
21116.202502134587
22017.19727762553
23162.16238415484
21307.822293003854
22200.320122517474
24153.24602519894
24034.960053078674
23509.283759113918
22000.916083313125
21304.567857661146
23117.001181268868
24639.246055072927
22251.202647566923
21358.568335071086
21444.634644879483
25318.77556906849
24131.910373755614
20702.807327210263
25126.424115168003
22590.93257125519
20698.795770391884
20033.599944420082
20628.123683352318
25412.64337334213
19682.86759386969
22166.33763384014
20848.883906212814
21807.81319055167
20049.753171390323
20229.256827444155
22303.311769013053
22976.181027522027
24518.002622834978
22969.332145859258
22380.041386377234
21777.945754766395
19981.409291267228
22739.121654057362
21619.9033744257
22143.60996656056
20280.024756152357
21772.272220890925
25364.367591106966
22792.19222312093
22257.882686460733
22603.248267326257
22502.759166627322
21701.914504292457
19960.68297661716
26641.55329675648
21759.797729413607
20330.007224261244
20089.04010387138
20643.70414249821
21789.35679949918
22123.02712303469
24909.805251166817
21979.68160859852
22755.803561919703
22163.29612276895
25094.05696465089
22242.853264557245
23967.34816329501
19384.19620736934
22136.760671957636
24046.882517252012
21003.857950608613
22659.47470352817
22300.307299266504
21264.57639165144
21031.521220474337
22642.445685122093
20392.14251487829
20131.151766796465
20552.463404617585
21038.16454458447
21149.747715969595
21393.538987951404
21477.917703958356
22270.673789370714
21681.69955001279
24127.907190857117
21939.85073145541
21698.805983033184
21551.343315833594
41483.91117467689
21828.759250987358
22637.555735401023
22502.389668916407
23907.290040136282
21261.159066864016
21952.589426286737
21606.86557372609
23622.798912753893
24938.54614904611
19860.26660869436
20781.086424415455
26563.650651679236
22966.39657114767
22022.99282098197
23460.279842405405
22766.63463260317
22733.23347553873
23545.705789126423
23057.37172827437
21186.36797223348
19898.012693471082
23969.018075822267
22754.66144124962
23630.89056749274
22617.543340693082
22855.472352045712
20944.52899677825
20363.816408196813
23977.341735954615
22323.596476147286
23598.564648236646
20812.491468727843
21961.129622146607
20162.593978847734
21317.9465106087
19118.941529666015
21098.22077073903
21087.799886161883
21191.643218443656
21191.31514882353
22279.133903965863
23783.190283302953
25333.147932202148
22354.043558646772
22800.48393958527
22422.41759076087
42174.38852711998
22062.398471056968
22473.38766132024
23400.28915796907
23544.32807799798
22326.44558589871
20644.61920388566
19605.34409829384
23638.180498821173
21353.730448256505
22903.413786914607
21450.487490473577
20522.49355431874
21426.70130538239
20180.844123932242
22534.20259962375
22427.978891958293
22807.114972250758
22475.471817957074
20995.236116512075
21691.294150147638
24696.732860699794
24494.249102462076
24303.669697228033
22069.17343949483
21467.682616461876
21211.788821677244
22493.190641636163
20170.279037411405
21801.542573279414
21956.557674167416
20246.936177201693
22784.959030056933
21987.305600982087
22121.68112438196
22333.88845196023
21183.467578088756
24023.07402048956
19310.735994708124
20499.196282763052
23408.676254994552
20097.995185472053
average revenue:22411.636213621056
possibility:0.006