30645.51257937432
30980.852385318198
30511.31337944756
30681.668561644292
30515.204326465384
30573.982948006218
33316.98067333242
31059.42068788822
31042.79751743445
32004.67758414095
31038.05547463776
31412.81246619121
31780.53404263171
30748.982152584413
31368.87268271507
31711.80793530674
30473.708447777215
30744.981964828432
30483.65740837455
31452.142846867402
30398.6311912244
31402.530512601195
31217.879258275236
30951.852717082675
32461.95124828226
30879.986755470338
30872.303280442004
31008.957032844402
30687.011194649025
31436.6279429687
30670.21988875353
31240.584331969458
31178.156136369693
31030.96149560268
30736.037247076212
31678.549871953444
30584.75722539332
31114.110759508734
31273.003802071922
30402.54231956516
30758.81934699665
31377.73273514472
30864.369945926483
32394.023094253767
31511.062179243057
30578.56474325685
30921.67309953179
30743.873384876708
31423.110204240485
31517.11138053107
33365.43148242192
31126.830947998278
31520.798914693678
31308.315071193112
30531.684851593436
31933.002958631663
30662.415820658414
30983.5225173446
30629.30627684802
30220.45304188597
30650.782345031006
31028.896103591855
31002.324282545953
31542.66055779281
31129.738230883508
32505.083960520857
30740.44796470611
30997.03633846645
31393.71316460682
30658.80163729422
30526.26954942254
30472.201548585886
30244.974429457245
31014.567167803005
30769.16828741459
30772.236180401258
30380.211268367733
30619.726231334946
31557.526098890565
30714.7882277172
30998.543484628437
30107.02125457906
31264.16946706873
32389.457813999506
31892.82988830321
30629.063055312417
31320.796255421177
30229.87969380592
31578.73012489734
32223.01349191268
31458.11374905787
31100.05725313321
30304.096232500116
30700.834208693333
30856.56089896586
30482.07533283528
31079.62903234445
30231.011982194424
30823.427473018168
30441.22903732846
30584.737526517103
30892.072081863098
31740.05670414217
31175.435911127504
31827.742842489588
32768.60054852435
30386.06605008865
30944.460759254103
31684.005026438084
33295.27163213547
31058.553718086318
31358.062191132114
30617.309932984175
31221.730324858025
30799.25108711979
31170.19065144418
30862.321710155156
31770.327740430253
30456.675335158627
31895.79606106706
30816.193754935804
31299.62423051022
32068.257031976198
32108.16244214118
30750.38663944365
31515.142841045643
31171.573951582315
31481.156859890194
32253.263621147704
30693.63372337868
32326.39236702371
30291.398557536355
30978.249656211927
30377.181715643197
31081.64635253939
31510.533662403483
30526.914976524014
33306.59609018093
30845.316484394774
30366.089722598736
30833.017188028516
31660.587628812624
30176.05123986676
30800.379438159656
32053.832848895057
30857.80638490018
31441.518546055246
30934.302984253067
30690.8939290242
30602.808957604462
30406.831244131605
31515.053813117913
31541.2544869174
31572.426215996824
30833.98311567739
30481.750338529408
30810.793610281027
31795.56744375644
31228.365753135484
31321.63637627357
31292.28790037424
30557.85026827693
31677.320736040805
30586.94036812319
31378.422195368854
31097.55719864548
30650.451254727526
31900.278200604316
31246.15084905246
30626.495143943495
30846.612942999778
31223.195519031873
31721.787798087425
30488.206116400583
30599.645931189498
30313.278438943013
31428.265607352125
29911.15165361798
31865.15498653839
31277.220029123986
30988.07387408939
30730.48611518204
31589.303965925068
30539.962225208055
30617.329731457714
31279.613966987952
31207.563431321007
31527.357948754416
31647.77876357996
31296.40290066932
31537.700916207094
31475.327529810646
31831.134217452858
31696.622662873
31814.16236736145
31348.515179214006
31191.13409816627
31496.35296072643
31025.689963786404
30647.804130249464
31100.001694960727
30728.422174956195
30148.451578518332
30727.70075239171
31845.472533826956
31067.568101249457
31411.700463326484
32200.258881183032
30792.60015290368
31428.56098250737
31080.873687561252
31424.605789253445
30602.726374521168
31454.680464239038
31203.632786371083
30932.353770074067
30762.104257700925
31139.112210039315
30931.938778573094
30616.59115496611
30847.514460374387
30580.385312313272
30373.733307302504
31783.619918895067
31841.38023538997
30958.477145169792
30635.11950077225
31163.202535343284
30185.40049829112
30674.002394402873
30433.260315220625
31123.305433375208
30764.195972405123
30742.396570272842
30947.61682843226
31787.295942955607
31064.895069120903
30668.85200177287
30213.6812779967
30543.5043845745
30566.020941444345
31490.37497635345
31678.677813533537
30316.481151540425
30661.46903623006
30945.214275550927
31148.632173501028
31562.17537168379
30903.95686655944
32332.76257409909
31436.489576427495
31133.41742723229
30664.06951136313
30717.93340726454
31149.74786306041
31357.74105536659
31547.255462940055
31594.06484584801
30865.241981670442
30978.132268312165
30957.156395144742
30789.190460980746
32832.06300804686
30570.04902383113
30888.01667923574
31077.285469181064
31553.74468700655
30516.903642392957
30509.10571009256
30642.6305285178
31166.50382992548
31223.094472972294
32641.384027219246
30825.718966117918
31010.9037706758
31368.759015139014
30769.40648813551
31373.524087268303
31544.42043618924
30511.572788065896
32078.824319771305
31215.497104291182
30586.44864739946
30584.448556961812
30230.5522888967
30333.72580689539
30200.521156128496
32455.654346401298
31813.182578430537
31284.71271588859
31432.095339575084
30618.817067745465
30976.805999766784
30572.37346030544
30929.941913780833
31086.064612876133
30587.708034226645
31649.069099405966
32312.924326125012
31959.092479357754
30898.22604996982
30927.48274092383
30989.742219116903
30883.881262711686
31555.141590751824
30690.82973427005
32257.54110173771
30760.73864777404
30441.411599513074
31104.72039541728
30897.29432557446
31469.834451551622
30730.553538686974
31223.818549612195
30673.74965438416
32237.121870865798
31417.115796186183
31136.11354008317
30595.528718107853
31780.709046641638
30578.745899446545
31017.832176387557
30869.051014904988
30581.622882853524
31850.643262340804
30694.158159482544
31777.009884571304
31493.203035615126
31559.817731283285
31308.603635872583
31331.366814766847
31416.487769479816
30178.751039535153
31940.133146998938
32004.45474928084
32150.737339755724
30400.88141181338
30804.010877677567
31518.81315344211
30670.351653929683
30799.201177918654
30473.062507493938
31503.100493521062
30641.020626921225
30589.974270426716
31370.039278528682
31052.375328217942
30872.45510815652
30362.70934325356
31229.460790630797
31317.866184252023
31092.501859659264
31411.723399972685
30799.774079773393
31023.54524507756
31162.72557060217
30476.253409360754
30403.479745365446
30851.76706467147
30497.110136729618
30780.44851912084
31004.343552959013
30554.44518437291
31235.58349623019
32079.512678604384
31242.212553429068
31390.7806850782
30678.83843591865
30309.752806900917
30473.8133930538
30936.58534283384
30859.557206462567
31857.03959660293
31067.461434587643
30872.65698778049
30328.730550758413
31858.820835838327
30886.863665293393
30360.06072990485
30880.708348233427
30796.47000543659
31309.866209121254
31486.236672965344
30452.854730744388
32382.050133793666
30777.0698216802
30986.655003652897
31479.12614047803
30961.934302245776
30849.958728907335
30884.72148718186
31277.56190159788
30628.007539667044
31463.21072029052
31604.78498079058
31768.509988573456
31903.32673747774
30872.3179762608
33417.68559258964
32418.659011555283
30739.573917174184
30930.181992630485
30908.037376425986
31873.21043071706
30717.934112262206
32047.638209094403
30768.01093522977
30894.505083131797
32248.439930947585
31260.244038825444
31277.409269411695
31236.986818308396
30905.116736092656
31198.409151929696
30195.035843120208
30981.565781112917
30678.190874847878
31227.900924003086
30754.18910319695
30170.05858937108
31473.741744467956
31835.757183331185
31583.5080821645
31410.415187610557
30898.536399683337
30882.778213022142
31325.223792150795
30895.348803052686
30735.15184602575
31105.47262843205
31246.285194548924
31283.1975566301
30933.70730297082
31095.904843569515
30486.220692992152
31077.918465608956
30958.8853347372
31154.69124157868
30642.320497775316
31200.620467110457
30896.153941463843
31246.64805292905
31062.79295888797
31081.554100734254
31282.992226885253
31607.52314523217
31944.028631981586
31888.892151976277
31457.40651267192
30637.273197993964
31561.81444333372
31071.34118233193
31210.811743846934
31741.462406789466
31055.585925812633
30436.62253931429
30870.104458984104
31178.172620716927
30839.92796751595
30756.011733216437
31065.024629629203
31228.971861695674
33037.85600579208
30566.578857836917
30400.592351096144
30939.407465749227
30445.182290442415
30810.396616038917
31424.030857231428
30856.483670976493
30339.886457529898
30590.231269715685
30729.621415247617
30715.29373342171
30977.772722414244
30919.624624714183
30846.23681198184
30493.858981507565
30820.528669924275
30764.265414675214
31530.419269795446
31216.987508329457
30588.670596913897
42113.650036141255
31917.250195070686
30270.193233737893
31531.77798333158
30960.249613703207
31197.94684654502
30808.120290390267
31598.933269407047
30543.95453344794
30647.35797006003
31041.007575997788
31274.91366610335
32267.57681784587
31640.89463971828
30474.188842950858
30328.715037876667
30824.98186398942
30498.89390206822
31983.84457200931
31298.145113795745
31128.57353892998
31094.21833295937
30489.69333444707
31978.994848178274
30799.364864837742
31029.88807258268
30867.07308072446
31034.6956385608
32928.45555026925
31390.434916907285
30391.595904174137
31102.548823470785
30809.87938437511
30556.759570604616
30496.261069864107
30768.021139930897
31185.944517517513
30703.818968348634
31387.704807319526
31155.485148970776
31091.987556089287
30878.423128247745
31604.120877871872
30722.049466822613
30905.71791308332
30659.400804684035
30903.639089447897
31065.862152712187
31291.012992588072
31039.2125926486
31055.62802747014
32035.531841039377
31375.894385011485
31092.711595239158
31094.686911580375
31062.512517121675
32450.407371600515
30981.306341933447
31228.042640305463
32273.82079555222
31648.2192152374
31303.71725848868
31154.894485248984
31339.4030096422
31138.088552682784
30612.92565057405
31535.649274970106
31843.20988592952
31625.503906081158
30812.61190838023
31427.845275207776
30893.421292648964
32133.660492851595
31243.996077359137
31092.527369821757
30970.06298754603
30298.649196228223
31602.45349642788
30888.61955699784
31182.424947936997
31121.222807240476
30949.493302013314
30786.91042725745
30623.50841669123
31131.3201402868
30919.27516702604
31549.297723480107
30495.5040729746
31020.558564664396
30606.586985507227
31804.868041218033
32593.62412656517
30833.880864646697
30788.3933052594
30393.35162393627
31115.602400700547
31389.629913235018
31576.15640067213
30891.42228122112
31413.795630885113
30980.922714796237
30442.511559518352
30569.634526971968
31678.812244814988
31679.21582425302
30910.329880274156
30223.180949152113
30601.10831954333
30486.45247382444
30891.000375344174
30451.718239169728
31033.95891357041
31313.813648817915
30735.144289901076
30208.217203250508
31324.31239033387
31334.05885057808
30974.18653690148
32729.259815167985
31424.800938592023
30887.063492578924
31226.07696286291
30676.882311625774
30482.121599985647
31353.609174758327
31308.747749583876
32181.674941306617
31554.550736292567
30399.775874342482
30882.95834051759
31369.659910164723
31093.566772081347
31367.85814551447
30534.08982155545
30944.756222808013
30876.586409538308
31801.226630593086
30507.402623062626
30744.940707305228
31765.43398084347
30763.124115001065
30279.147149820936
31235.77898321924
30688.375040872248
31736.654376649658
31256.483929879043
30968.198324488236
31266.55936813043
30609.763311349547
30859.95621637656
30927.51696686443
30866.905119975854
31044.070113781676
30512.397534426444
31179.57404984501
31020.25840494263
31123.702827083074
30877.066617222652
31279.34803773396
31233.943026989888
30610.556866065814
31069.693021846644
31272.404230998785
31485.15050702936
31448.348715641383
30390.891232014554
31336.23065909512
31277.928161431308
30786.89539326637
30417.609638692888
30560.8735146547
30745.542344505095
30895.63708759704
30431.107072766936
31414.002897046605
30889.92500572914
30770.62638461642
30693.213214175517
31573.281770354155
31045.909920442133
31146.91171893139
30912.973727847428
30645.118719390688
30700.416725844167
32182.761376018538
31148.89598243169
30760.03198293509
31004.236575873863
30535.92365704199
31211.37726404064
30618.620929575147
30681.18852338657
30661.832927470812
31595.218785483677
30436.470517515863
30431.850384491725
31567.42769489463
30731.389218184824
31010.70653323062
30345.453299718607
31680.624369239467
31053.095324382775
31982.756652962056
30681.9557475345
30730.87187164629
31896.038738287923
30907.821973427777
30534.55491691699
30783.987522089414
30901.354230337303
31628.760396514223
31727.373212551916
30676.030645336028
30621.758699278464
31319.85824335849
31285.359903682944
31419.52483608573
31036.886835997866
31643.171777497253
31124.078955225206
31308.64656315029
30801.74001277735
30892.13194495308
30372.049545590547
30510.120328130204
31020.42127084739
33371.955262454336
30900.82906277863
31322.16081959121
30510.562473019047
32425.95092973006
30431.559465367485
31384.51025728024
30950.44887799604
30807.107165186102
30398.28051755133
32575.168682067702
30627.348043449012
30811.269303485413
31116.688910401586
31172.696290991582
31698.07696330187
30705.597127696423
30220.478728752958
31409.866907539963
30537.96488895582
31116.146784629163
30319.710940933055
30219.363068774244
31010.32921562289
31193.351406487134
31908.133908502674
31691.206614155355
30732.00183402358
30553.147553769126
31921.836775766555
31542.698347520527
30585.914581116143
30404.991880883998
31167.788685470212
31219.293502004915
30646.624749597224
31156.57108002814
30996.63978208269
30489.18472538009
30772.850144384523
30953.108648965543
30997.620521084176
31073.88315039564
30912.483628916823
30998.97882317588
31564.592911342403
31088.418369726332
30556.220370670202
31537.7210219553
30759.96785886347
30803.948163122273
30658.861283897615
30501.491911726098
30787.865836549707
31334.86097121362
30389.03510234985
30382.53031463866
30445.033185641547
31141.82659187275
30957.99388151056
31189.29442739283
30499.701914649668
30524.822023967638
30782.20921048361
30656.962823574067
31166.621010549967
30670.08537671482
31377.235012713998
31387.241473178845
31817.38318156791
30858.888240942997
30534.145853345406
31606.56839469646
30984.78414960037
30091.29920320476
31070.5483319033
30727.17400005817
31303.4598326591
31951.497680550172
30506.869883608517
31016.489655925354
31757.89566792007
30579.069472109742
31852.12747157636
31280.776772127563
30657.486809702004
31082.775291534144
31177.297138223556
31924.575653413
30650.96440831411
31015.859185515976
32979.58791786718
31111.476904615618
30278.70414888046
31382.61267022496
31189.97080895295
30695.760178318164
32234.238072723212
31217.83169397384
32024.804648602225
30480.91461525328
30303.832945006674
30676.41802378325
30745.462727937775
31224.041139859768
31474.396073254484
31747.513746236848
31128.14703296369
30672.182437613024
31044.675698558833
30705.485938484926
31328.499959049735
30925.010026134725
30997.169177515243
31040.562788307943
31445.294447296725
31548.936039467924
31446.272188380077
30522.619821988977
30659.52937432271
30722.70712563543
31464.2725168683
30572.39199109473
31846.74356914356
30862.47374577704
31945.12659780079
30712.9958041345
30345.308221996514
30375.702018582724
31087.51944887792
31427.391825741426
30511.725814526257
31330.534563558555
30081.605553488233
34253.52958699205
31133.72946532122
30420.9631467337
30876.79999759028
31083.340870008964
31764.03568053976
31068.260997439585
31070.53246227087
31859.509395618315
30895.052084930354
31991.608545478357
31163.130107507444
31132.861475741873
31424.251739890526
31132.470372467964
30795.045085517544
30556.701807902897
31682.232360637907
31646.93021537362
31211.66152115975
30697.618813551944
30951.979033067255
30193.286270689732
31700.583386147428
30950.612021532164
31753.662232097384
31449.612100759015
31051.972055853505
30790.767743241802
31108.45808685338
30962.110432200985
31409.613442238635
30627.27927929856
30655.40805363565
31039.81840186071
30552.02335858923
30829.808307506664
30645.93914300547
31486.185086044152
30983.267464945988
30882.59258172542
31200.165941678693
30957.504191749827
30479.28874893254
30668.999198420417
31103.99075227035
30733.76107785264
31877.130620301257
30762.908695626502
31322.81731072777
30918.226190382637
31391.86280540691
30431.02351651397
30665.867596887583
30443.6754046282
31055.872134572986
31087.796750274196
30839.206608201956
31231.334902287846
31831.75519439776
31593.604629361464
31987.65790854181
30883.416289941848
30609.354018093254
31347.8418225531
31119.34210681079
30587.088607350437
31043.35989007468
30610.869524588703
32238.774669302857
31413.226909371613
31667.940373998805
33116.706679232
30749.117084383674
30723.297750897003
30391.878558741086
31329.38707684637
30440.518573669
30442.819316378253
30586.202807715796
31879.025220313226
30699.624045085475
31439.312021910275
31231.12372073802
31466.84555261979
31440.604662022877
30805.75338440154
30950.422103695328
31763.824914127264
31022.04989692242
31761.11706043954
30386.627198559418
30431.23342273453
30724.94391520171
31257.672464298317
31170.143021343258
30949.98561724281
31123.81600982923
30998.084234728067
31301.353084815648
30299.567433026616
31026.429446690483
30188.901784837482
30838.151104048262
32259.148892163004
30564.30467424855
30601.40066827635
30585.095848834484
32164.971341238885
31203.498010864583
30621.121902369494
30525.490037914293
31499.114376188107
30900.0615422387
30280.857964944644
30816.266016504233
31939.19315108973
31738.115693933083
30658.442769485464
41552.15075361144
31062.03917526882
32340.706657362174
30754.016361518195
30746.013947393272
32371.873325485216
30717.47888160825
31376.608496148943
31957.4852822656
31136.281408634135
30617.271096700926
30102.80151817609
30938.546792909867
31338.070353726354
31117.959135634756
30763.589400486457
30355.366619073488
30786.268039755658
30731.6436222565
31530.07037652833
30784.98922194799
31661.85803184775
31360.611290734378
32570.35660756099
31171.158506617176
30769.226403246746
30659.41575200075
30724.795045448594
32507.049731674248
30866.395401884216
31396.40438203336
31583.940962072615
30366.61097490361
31154.850366476254
30752.034557577503
31416.924368811426
30625.593541989005
32201.351509855518
average revenue:31115.152127579182
possibility:0.002