33386.84276090536
33537.31293322367
33966.56819053506
33455.53760417026
33364.624150517455
34366.94899922116
33898.2013990115
33883.44444103894
34051.84429160346
33561.09343612877
34579.16904722107
34244.12887979299
33592.02859623985
33188.32377462702
33212.07402401791
34025.970297337706
33767.70949212536
33418.37647282356
33582.43266161037
33351.200848348206
34022.62262204499
33780.08513616371
33642.3177835952
33696.32595189987
33740.99081061187
33184.290989703695
33389.60991329845
34310.0956712021
33414.75345910826
34040.20939435206
33781.77188960713
33409.228307494974
34035.8019653957
33527.781044888405
33444.12051854272
33963.329783825815
33180.154984434674
33748.88042417163
33479.18782492779
33873.06870821421
33721.718580757784
33712.24069554251
33391.43957565112
33386.19988629159
33822.657060456484
33420.967531637034
33406.11026207361
33923.18851049036
33480.40819103779
33403.16235453866
33333.782491689235
33971.48126221132
34248.559091297546
33867.18646072583
33521.11219394075
33723.49669932256
34031.29302089916
33498.31803392869
33862.65222590707
33512.56917316873
33538.43598733898
33625.817147259215
33448.664986648604
33396.13934457074
34185.63360768007
33588.81944659503
33729.8473810428
33929.832673604134
33702.35866393078
33635.92939179587
33868.403878914396
33596.74947343216
33319.52264999192
33539.43169338576
33761.700480692474
33515.12850447666
34112.244748472396
33565.294516788446
33496.39108421072
33550.50478079341
33669.20352797761
34073.74789948396
33392.4334722894
33833.9982621661
33549.23590797738
33658.31530638949
33314.19820561207
33329.969092815845
33692.13183088708
33774.860635596284
33296.14321512963
33767.64632620785
33476.73671218021
34781.86980523219
33406.342185756286
33836.43968153394
34322.19354953823
33396.221289015804
33756.607773113414
33466.950284367274
33739.244569413415
33491.892172638436
33685.08449449277
33550.5224067458
34026.34525121332
33779.33799229272
33582.22153420671
33435.176396739145
33356.52313987294
33408.918810060735
33503.662327926555
33887.09797783742
34389.79702707023
33559.147162441484
33473.471247521535
33807.72256197725
33571.80986253406
33371.35222462704
33867.563481181234
33664.789842601516
34187.535146502065
34083.12251516685
33978.56988118242
33777.45666035773
42169.00499321344
35209.468303945505
33839.91848694606
33178.11013552054
33968.75925869338
41880.56538501362
34281.86343823012
33400.10174755341
34132.37646780174
34286.15146731955
33794.43125815453
33483.73587420383
33716.11713459746
33088.170089371044
35067.134023591774
33347.32225775255
33920.951651103314
34021.87645806073
34152.65098499694
33560.43651139112
34202.58940013723
33953.81755392315
34320.42695887229
33888.09796844098
33433.98256472593
33981.079392341286
33265.85227218673
33575.92475147359
33164.859765896705
33783.64211212138
33857.393125516806
34139.39209553152
33137.88083271663
33962.73570221915
33453.86939122823
33726.299903527644
34561.22748082481
33412.47830346793
34264.51487892742
33338.506491061606
33683.32556866274
33525.23403570293
33530.21464098218
33302.97712492439
33575.75027456406
33641.65563185064
33451.142164674784
35596.97799166457
34933.93555834983
33936.20701245069
33442.710883946056
33304.95106566205
33344.56449140618
34102.87854444842
34121.74732391219
33609.91572274038
33487.30392100739
33777.41121600387
33325.97945278951
33859.626056672074
33907.18493628629
33524.84573526245
33777.75777008019
33304.00370485341
33444.47828672063
33784.09795829437
34161.73055787784
33908.318546592585
33785.30763511335
34030.16655277267
33467.067724522756
33689.853064747804
34062.94220331432
33430.404436413985
33776.9513976939
33634.0126749213
34663.09495496892
33919.991647077564
33531.374356704684
33520.476174614254
33763.38178322724
33907.47395569834
33813.64722487622
33377.34586273546
34438.831131318635
33408.34407292008
33721.907541573535
33580.28262610619
33498.71091890092
33328.48881775094
34662.43189231541
33834.94194943114
33567.41146436612
33752.388145463265
33916.237384884924
33724.821677437554
33954.848093808105
33217.421043526374
33815.97695522768
33621.94680014362
33570.49917289922
33801.23991426254
33430.63251518194
34295.947287942174
33763.886157106965
33606.62049500167
34153.2866490722
33683.646148915876
34709.079232789634
33630.15380757606
33991.73533991377
33692.24779935882
33266.28930515079
34476.24767764553
34256.49466933628
33394.058390661245
33933.166154087114
33472.19443769751
34525.03565474514
34005.23386607843
33623.460349526176
34389.35783348896
33279.85263800201
33963.13321657416
33557.36983429374
33316.091613854594
33274.959811837834
33279.502271932106
33627.15866335723
33958.89396419416
33128.62259081917
33262.90546651207
34086.04210693544
33813.52624642379
34541.4863396123
33571.44531450318
33324.85584832993
33786.29005386821
33838.948683177
33545.622519424745
33526.135100320214
33623.65034173856
33582.0918848165
33431.21437067354
34402.98712761796
33957.52872439842
33740.78095256301
33431.714580666994
34175.2906400856
35080.82687085486
33299.62288361265
33988.93884946113
34010.091331532494
41873.26366684298
33772.83875320837
33445.98734913343
33786.598520388616
34037.769774664004
33440.88968129924
33422.41931049883
34121.14519923814
33558.8988949864
33573.42686787063
33305.300926832264
33847.099579371294
34217.691070062596
33310.79596341961
33988.23171329029
33527.41617271028
33742.98666358168
33898.54413039156
33919.81621170502
33771.14995572633
33459.66778506707
33443.007910272754
33718.050384991686
33651.49063308205
33396.88583400478
33510.97376567807
33528.36095355907
33368.84023546459
33530.34964936018
33657.14998620749
34109.25207680499
34359.96268892743
33504.261472916325
34684.921586075696
33761.383477499476
33829.694580339245
34384.65625885426
34025.29769108704
33766.674645392006
33881.114741485086
33603.50066045965
33522.03181022876
33256.32999792594
33801.35793367709
33577.2396847627
33270.330507826955
33871.543521858366
34261.74300136586
33364.324698886296
33606.65686462742
33694.24496004968
33634.32018921906
33519.92584794947
33437.08061945997
33864.547450813254
33702.72013243259
34192.347038454034
33915.80291501732
33743.869309066205
33568.05081362204
33934.081047366875
33689.90640999824
33973.19020532826
33146.90064164244
33773.647941248695
33596.03258465243
35317.86271003698
33709.534255890045
33631.3863958512
33678.35210279344
33750.62804516925
33451.56894624386
33355.71411418025
33444.64569448387
33399.125603075656
34052.66140143099
33585.71862902223
35400.15228142822
33302.33263036434
33808.92306323903
33629.539196703314
33729.92328426591
33303.03351197559
33424.51131581746
33932.54735083841
33712.672086082675
33666.45826414505
33785.9713548114
33529.77003601037
33971.617952863984
33182.96612469939
33644.37262243385
33680.33097242811
33307.47904776642
33410.61238497564
33701.741014219864
34258.91459457006
33714.18437609226
34296.584106658505
33977.797536506485
33333.34182391016
33774.327572741124
33859.050769369715
33516.44383715139
33420.96637387513
34093.1527665331
33864.189716117115
33848.59061507247
33417.36046239432
34226.003417114625
33974.79407372922
33863.00278008108
34575.91541071916
34578.97244501236
33429.268003294055
33519.83736493977
33964.60951572915
33288.84958238428
33495.83688622465
34581.857227978435
34162.36738857845
33677.67791179991
33480.43830183962
33703.0550217476
33153.59622969509
33824.65764332594
33359.7091370111
33516.104005189954
33572.738252197916
33328.631714435985
33418.262790033645
33730.44757689313
33975.25933831379
33700.99505047388
33971.21021460183
33776.845327436546
33819.001994311875
33265.34485928261
33367.12024707999
33163.44429513619
33791.500334417884
34707.54278508231
33768.80598236361
34521.147920403644
33628.23596953655
33773.09274443692
33651.89189635539
33493.45719901897
33588.22604718951
33746.77890419347
34133.44346058206
33468.1321299702
33651.97112726765
33891.211359616624
33342.88974090909
33401.96254022089
33794.54832263497
33873.88405257185
33314.02905505523
34211.1557882696
33706.09458554549
33798.713530812005
33144.27147508764
33997.89507172055
33831.11505533143
33309.77617796675
34020.81605025224
35032.9199123124
33555.946619875685
33233.11101175682
41811.45812719106
34084.86160709221
33336.79141696508
33807.02891938793
34095.5800859144
33567.730109675475
33808.93122215612
33338.5169708949
33319.77713581289
34091.55863806498
34708.93615028507
33971.34198911068
33643.22639904159
33060.38935719423
33703.15815813164
34585.77980958868
33505.55594611193
33784.82487486037
33694.697950833935
33569.34031849257
34086.944583762284
33315.48199881485
33851.42213269391
35151.936770212276
33573.48522719442
33548.50539304579
33578.493073397185
33543.73102574051
33996.67151478843
33490.480814435665
33419.85370876651
34575.8648140339
33413.951992415656
33253.58662790941
33494.32575880919
33283.59893952117
34942.81852984248
33432.32732464862
33828.51842314264
33567.84032115348
33787.365141031776
33506.57132642254
34118.43292618419
33635.170019839155
33187.948234703224
33262.473118538015
33463.40615794106
37989.212734977744
33854.0767607823
33645.88814858898
33470.05006132937
33656.87689294871
33432.16239260821
34035.998125237995
34286.399492432676
33072.02587780342
33325.386105610494
33774.904896912354
34236.85568173058
33809.37698197892
33832.174053405695
33807.04395699109
33896.15098587675
33655.97015442001
33174.786587292896
33001.73491795593
33852.0526574872
33577.92670045321
41335.51556965285
34008.047652093526
34707.75805670757
33611.114791663065
33948.0484257102
34072.05346542731
33860.144440844364
33945.44677588317
34062.8453418485
33141.050913184255
33527.75887991451
33234.49688926493
33421.47825796615
33961.659039213184
33807.51331908745
33469.64245010523
33738.26909435941
33613.827869802655
34415.45066512379
33942.284420467025
33565.28304109323
33572.94002463501
33190.731974341004
33436.17205461128
34362.1454748782
33667.13305764962
34025.29041208867
33306.73967840355
33256.11290752714
34153.93871541494
34011.70263350201
33893.23333657895
34017.89627115031
34090.87087326898
33237.33266613233
33832.28627983594
33561.73278213635
34397.10224875594
33621.590904667515
34418.68373029946
34090.107693419384
33361.722881307105
33963.04810717395
33149.028887667526
33525.77465073431
33157.77723813858
33831.38274609351
34153.0183175507
34493.89288872315
33882.20250902748
33497.66044375806
33943.238071886706
34772.67091603284
33694.241915346065
33742.98005986507
33692.21407232536
34696.192596585744
33493.387214821014
33839.88149496571
33406.12362200932
34657.372676307335
33641.726705137226
33304.89067974708
33686.22597144744
33783.266872190805
33452.43474572453
33664.36866268857
33677.72708822936
34080.129751488355
33243.1538446507
34814.36749733258
33383.452749704564
34429.132640965036
34368.25687401637
33827.463874788
33573.9806126909
33913.25875949036
33992.67989346616
33433.95852023727
33653.634863669045
35030.749585905694
33465.27689073627
34176.11757106795
33347.93848968524
33319.5144098663
33921.48091638998
33994.28730053781
33715.50804669829
33457.04445809584
33411.564405223886
33404.18344946739
33633.77418456892
34227.016763400694
33630.034802037786
33620.08473955559
33195.29541102564
33416.82590227639
34038.67425013995
34022.1726276869
33937.37397788841
34280.6338770084
34132.89426565032
33559.21658239914
33710.52307293227
33566.6795796354
34121.32858132174
34073.766406004266
34353.10612321506
33816.57827218409
33560.38661885996
33611.04519871303
33571.188480212964
33805.23868037899
33715.236099033646
33447.221219488885
34051.034865152775
33994.49682457441
34080.153287812376
33654.98713993819
34302.373256616585
33549.39507362963
33488.26862621168
33583.57457998911
33706.44815486309
33210.77596103339
33842.37122051781
33500.75687319323
33482.1524710212
33757.147924977595
33463.929717430474
33524.75162290462
33720.48916803326
34414.98607589256
33523.385860172166
33420.59891171941
33377.469680571514
33685.889663769565
34446.082045785704
33575.30555152389
33608.25823336027
33652.8067398727
33400.96753027321
33820.03520114227
33720.75738624663
34149.814254801124
33586.48542800623
33605.60625461765
33736.817904909476
33726.137320115165
35213.50140413791
33346.094162199835
33606.31488339264
42053.88851526644
33971.90258613477
33610.08236142519
33896.61483962824
34368.450705612566
34264.82547741365
33414.71669652095
33276.881090127106
33509.01436753504
33330.18686378193
33165.711940170535
33444.693567005525
33500.858525733536
33269.254530091195
33493.56568197108
33738.86621770166
33497.6389874746
33601.66687713194
33326.72421810072
33681.81649584852
33394.52149973016
33612.288626218666
33541.52627556634
33528.4896684452
33689.11852639789
33416.251338141104
33688.998649066336
33692.423389314215
33576.20320343355
33304.4656009834
33888.604731963474
33426.28224467094
34470.49058729198
33774.655979946256
33660.79825549665
34684.09241747895
33390.598678566545
33650.29278186266
34697.86765839889
33805.395165249654
34008.529078772626
33463.44555863742
33660.27563793846
33638.78865517334
33879.282701628756
33601.614361717395
34083.29012327082
34544.04617501977
34023.41577252764
34093.61237075554
34282.49126808616
33467.231055360724
33535.02859119301
33743.50385602473
33616.97980760153
33971.92190837669
33872.69771096135
33630.83065965553
33238.6250184237
33681.2690934811
33719.42156963646
33346.313867296
33790.12052075454
34249.2865184301
33983.335343785235
33544.162205706205
33633.24323174683
33623.571976810636
33729.41182915785
33151.28207208569
33463.526369021136
33980.62805808884
33604.01882792374
34122.913346235626
33353.23721952881
33641.866063269925
34146.57623720616
34228.73678770961
33694.67721235231
33498.50985108211
33877.42787813891
33259.71072695208
34053.763217283355
34254.7394526408
33729.506015631545
33572.40516311204
34354.95397050061
33487.62560500467
33614.82102033208
33887.8607894726
33593.166027080384
33639.07197638888
33701.67033654291
33397.84233437864
34207.48275125658
33811.283234054754
34608.663739583084
33793.6597551328
34184.6084901433
33902.26166119915
33869.20106353542
33366.61699504631
33541.97396627361
33099.58412737591
34614.00842780705
33914.95993677906
33288.627591086704
33652.57634854814
33494.339533873936
33260.81053221188
33618.661296908635
34322.73785866705
33273.96065511055
33935.49670935759
34075.26377075037
33474.51130030034
33827.55998835804
34376.54565323787
33512.28198993063
42328.71839594551
33169.870404599314
33678.4501760769
33153.84387141157
33380.39548514188
33741.26184432199
33351.228253849105
34180.266707989635
33947.39033132992
33707.41803295546
33796.03046948553
33741.773527273
33792.77762387991
33263.7588797774
34802.069313420114
33759.68598798702
33807.85791631165
33601.190769902605
33628.629716777396
33281.62619352207
33646.2323272068
34448.53863010928
33704.276763000074
33670.953603507725
34357.36700143978
33488.09064717876
33704.18275485031
33438.0596095382
33755.03474007712
33232.708542575056
33396.730507859946
33778.92313256755
33441.51066955989
34235.10834537971
33521.5739725999
33967.53475079118
34358.68890909017
33821.96813530506
33984.13088908468
33972.17198344451
33951.66411233162
33650.6773596499
33856.205557085006
33515.73607204692
34236.48494592673
33848.86563710562
33702.72017025737
33274.95165247115
34671.26506608974
34111.13900314744
33979.687126838246
33615.18586121152
33519.79555108255
33407.383516544855
33387.542502626
34022.69678276843
33927.070639500416
33952.45970401953
33812.21128792521
33510.688974079094
33419.117749862686
34176.17675237054
33454.02268613023
33677.564172552164
33312.340750041185
33827.55973174158
34169.210175605556
33399.1590031746
33399.7700790031
33483.64166814209
33877.088172561285
33807.063458528115
33890.73063684148
33918.476190216476
33371.254233286556
33977.37648095263
34131.853885793586
33577.05820248617
33491.855269080406
33907.48181660799
34006.72248933793
34146.39733267483
33622.98023944092
33720.45948065508
33735.23848692456
33394.876133567755
34115.471918718744
33875.295622075006
34244.33403689313
33516.71154090081
33333.61253181521
33742.02930704061
33739.18645059562
34168.97220777532
33273.611069840495
33656.307310682096
33462.742303116094
34151.527149267014
33855.0441250985
34441.508632580924
34078.83332612449
33193.67347978865
33627.366079134896
33520.75444622742
33750.84236051513
34261.01573906812
33739.08073174697
33880.6363970833
34142.03573162969
33591.59159103348
33598.18345579837
34848.68643215705
34068.85471636037
33674.83992310829
33751.03896526366
33821.97132912492
33794.5722052852
33719.5802415033
33248.353051003534
34063.37535353047
33555.54847504636
33663.77542630347
34350.60327358697
33876.52182895288
33461.78398854881
33568.448958380846
34018.90865098773
33324.8516874307
33612.60741266103
33318.48125080306
33639.55408845033
33560.72163348708
33733.27830274539
33740.989187382474
33520.04924773191
35814.087807186166
33952.343678093384
33551.46229958275
33611.35029288377
33801.02227508297
33843.41932606072
33424.389796163836
33551.23292633645
33676.796793123896
33724.37192717796
33721.46271151352
33660.99101160056
33696.529195713294
34076.506805501886
33549.86007415314
33442.683069620594
33726.43384791758
33486.481678218755
33774.1997745761
33492.53850173425
33764.219615494185
33233.66303813982
33792.179980149755
33615.44594728952
33764.79618374594
33340.384571409995
33687.042562342875
34537.694280492826
34223.5570501334
34398.6058927802
33687.20080165014
41994.37179034504
34423.32858251523
32850.8404982042
33221.57370963139
33589.06384492715
33973.56238841608
33029.7412097643
33563.77588891982
33856.07012872139
33882.83043133551
33781.402577901674
34502.73792661433
33815.71318705654
33851.780787176016
33494.74921478779
33840.448976503
34816.858118202654
33810.47941218819
34624.8823690988
33604.54852776426
33488.33527580938
33549.01766409733
33446.29855764521
33312.41333541308
33442.07202956717
33793.474148844165
33790.931021096505
33820.31143475926
34058.16593160425
33730.43192068933
34089.36200165248
33421.49933841098
33337.41321236086
33841.56650752196
34053.36113966689
33859.22071895977
33450.858203778625
33365.865109751285
33545.813846372555
35512.3362214737
33672.216184069315
33715.53879785134
33808.614111427225
33746.17062622089
33753.41784942592
34060.55535619015
33468.81044367772
33972.43568246275
average revenue:33822.35624186774
possibility:0.008