37955.40000000041
37728.600000000566
37753.80000000055
37758.000000000546
37980.60000000039
37800.00000000052
37669.80000000061
37863.00000000047
37762.20000000054
37779.00000000053
37787.400000000525
37942.80000000042
37821.0000000005
37921.80000000043
37846.200000000485
37716.000000000575
37884.00000000046
37602.60000000065
37846.200000000485
37480.80000000074
37972.2000000004
37959.600000000406
38085.60000000032
37863.00000000047
37921.80000000043
37947.000000000415
37627.800000000636
37674.000000000604
37947.000000000415
37569.00000000068
37745.400000000554
37648.80000000062
37842.00000000049
37648.80000000062
37955.40000000041
37779.00000000053
37875.600000000464
37804.200000000514
37825.2000000005
37514.400000000714
37737.00000000056
37854.60000000048
37661.40000000061
37892.40000000045
37774.800000000534
37674.000000000604
37665.60000000061
37745.400000000554
37737.00000000056
37930.20000000043
37594.20000000066
37779.00000000053
37875.600000000464
37854.60000000048
37501.80000000072
37795.80000000052
37611.00000000065
37745.400000000554
37863.00000000047
37875.600000000464
38005.800000000374
38026.80000000036
37753.80000000055
37695.00000000059
37858.800000000476
37816.800000000505
37829.400000000496
38039.40000000035
37875.600000000464
37703.40000000058
37724.40000000057
37913.40000000044
37749.60000000055
37657.200000000616
37942.80000000042
37724.40000000057
37900.80000000045
37459.80000000075
37816.800000000505
37816.800000000505
37787.400000000525
37795.80000000052
37833.60000000049
37758.000000000546
37888.200000000455
37863.00000000047
37968.0000000004
37837.80000000049
37976.400000000394
37674.000000000604
37724.40000000057
37569.00000000068
37615.200000000645
37640.40000000063
37585.800000000665
37611.00000000065
37758.000000000546
37863.00000000047
37846.200000000485
37846.200000000485
37774.800000000534
37732.80000000056
37913.40000000044
37623.60000000064
37779.00000000053
37787.400000000525
37913.40000000044
37753.80000000055
37732.80000000056
37699.20000000059
37758.000000000546
37758.000000000546
38047.800000000345
37678.2000000006
37854.60000000048
37926.00000000043
37892.40000000045
37921.80000000043
38014.20000000037
37909.20000000044
37804.200000000514
37753.80000000055
37808.40000000051
37648.80000000062
37926.00000000043
37737.00000000056
37884.00000000046
37737.00000000056
37863.00000000047
37703.40000000058
37846.200000000485
37854.60000000048
38039.40000000035
38031.00000000036
37955.40000000041
37968.0000000004
37858.800000000476
37972.2000000004
37674.000000000604
37632.00000000063
37825.2000000005
38060.400000000336
37909.20000000044
37510.20000000072
37804.200000000514
37854.60000000048
37686.600000000595
37711.80000000058
38010.00000000037
37716.000000000575
37825.2000000005
37825.2000000005
37774.800000000534
38043.60000000035
37678.2000000006
37770.60000000054
37480.80000000074
37942.80000000042
37854.60000000048
37648.80000000062
37678.2000000006
37598.400000000656
37854.60000000048
37720.20000000057
37774.800000000534
37577.40000000067
37753.80000000055
37863.00000000047
37758.000000000546
37783.20000000053
37749.60000000055
37737.00000000056
37858.800000000476
37846.200000000485
37636.20000000063
37665.60000000061
37758.000000000546
37875.600000000464
37699.20000000059
37900.80000000045
37632.00000000063
37728.600000000566
37716.000000000575
37682.4000000006
37905.000000000444
37724.40000000057
37686.600000000595
37653.00000000062
37942.80000000042
37674.000000000604
37627.800000000636
37837.80000000049
37917.600000000435
38047.800000000345
37774.800000000534
37934.40000000042
37732.80000000056
37879.80000000046
37879.80000000046
37829.400000000496
38010.00000000037
37791.60000000052
37703.40000000058
37644.600000000624
37732.80000000056
37968.0000000004
37753.80000000055
37661.40000000061
37594.20000000066
37711.80000000058
37871.40000000047
37665.60000000061
37611.00000000065
37644.600000000624
37661.40000000061
37871.40000000047
37871.40000000047
37837.80000000049
37611.00000000065
37548.00000000069
37678.2000000006
37804.200000000514
37812.60000000051
37934.40000000042
37909.20000000044
37644.600000000624
37606.80000000065
37648.80000000062
37926.00000000043
37686.600000000595
37615.200000000645
37808.40000000051
37829.400000000496
37665.60000000061
37888.200000000455
37732.80000000056
37791.60000000052
37972.2000000004
37842.00000000049
37674.000000000604
37821.0000000005
37745.400000000554
37795.80000000052
37732.80000000056
37825.2000000005
37833.60000000049
37829.400000000496
37644.600000000624
37884.00000000046
37896.60000000045
37913.40000000044
37669.80000000061
37884.00000000046
37695.00000000059
37821.0000000005
37921.80000000043
37850.40000000048
37829.400000000496
37640.40000000063
37640.40000000063
37875.600000000464
37703.40000000058
37871.40000000047
37858.800000000476
37724.40000000057
37871.40000000047
37842.00000000049
37791.60000000052
37737.00000000056
37863.00000000047
37804.200000000514
37900.80000000045
37590.00000000066
37812.60000000051
37842.00000000049
37833.60000000049
37627.800000000636
37875.600000000464
37980.60000000039
37707.60000000058
37888.200000000455
37905.000000000444
37749.60000000055
37707.60000000058
37821.0000000005
37682.4000000006
37758.000000000546
37867.20000000047
37758.000000000546
37577.40000000067
37989.000000000386
37959.600000000406
37867.20000000047
37980.60000000039
37661.40000000061
37850.40000000048
37846.200000000485
37787.400000000525
37783.20000000053
37783.20000000053
37909.20000000044
37913.40000000044
37875.600000000464
37816.800000000505
37816.800000000505
37829.400000000496
37737.00000000056
37816.800000000505
38001.60000000038
37774.800000000534
37791.60000000052
37905.000000000444
37968.0000000004
37825.2000000005
37766.40000000054
37514.400000000714
37816.800000000505
37674.000000000604
37779.00000000053
37636.20000000063
37703.40000000058
37816.800000000505
37808.40000000051
37850.40000000048
37997.40000000038
37556.400000000685
37648.80000000062
37905.000000000444
37632.00000000063
38056.20000000034
37926.00000000043
37443.000000000764
37611.00000000065
37837.80000000049
38089.800000000316
37514.400000000714
38047.800000000345
37699.20000000059
37905.000000000444
37716.000000000575
37703.40000000058
37980.60000000039
37615.200000000645
37858.800000000476
37627.800000000636
38035.20000000035
37913.40000000044
37934.40000000042
37821.0000000005
37699.20000000059
37854.60000000048
37947.000000000415
37732.80000000056
37942.80000000042
37749.60000000055
37753.80000000055
37800.00000000052
37989.000000000386
37690.80000000059
37602.60000000065
37422.00000000078
37779.00000000053
37905.000000000444
37758.000000000546
37938.60000000042
37770.60000000054
37669.80000000061
37808.40000000051
37976.400000000394
37728.600000000566
37573.200000000674
37749.60000000055
37560.60000000068
37665.60000000061
37724.40000000057
37926.00000000043
37766.40000000054
37787.400000000525
37682.4000000006
37695.00000000059
37640.40000000063
37879.80000000046
37753.80000000055
37468.20000000075
37804.200000000514
37753.80000000055
37976.400000000394
37695.00000000059
37825.2000000005
37951.20000000041
37774.800000000534
37871.40000000047
37766.40000000054
37665.60000000061
37665.60000000061
37804.200000000514
38026.80000000036
37791.60000000052
37606.80000000065
38018.400000000365
37821.0000000005
37699.20000000059
37812.60000000051
37682.4000000006
37829.400000000496
37724.40000000057
37716.000000000575
37829.400000000496
37774.800000000534
37884.00000000046
37938.60000000042
37779.00000000053
37926.00000000043
38018.400000000365
37753.80000000055
37703.40000000058
37674.000000000604
37800.00000000052
37594.20000000066
38148.600000000275
37623.60000000064
37921.80000000043
37699.20000000059
37518.60000000071
37816.800000000505
37623.60000000064
37745.400000000554
37858.800000000476
38014.20000000037
37749.60000000055
38018.400000000365
37947.000000000415
37980.60000000039
37770.60000000054
37774.800000000534
37749.60000000055
37787.400000000525
38173.80000000026
37900.80000000045
37968.0000000004
37833.60000000049
37909.20000000044
37665.60000000061
37783.20000000053
37707.60000000058
37858.800000000476
37837.80000000049
37955.40000000041
37690.80000000059
37707.60000000058
37686.600000000595
37934.40000000042
37842.00000000049
37934.40000000042
37745.400000000554
37951.20000000041
37842.00000000049
37980.60000000039
37779.00000000053
37888.200000000455
37884.00000000046
37669.80000000061
37842.00000000049
37632.00000000063
37522.80000000071
38073.00000000033
37913.40000000044
37623.60000000064
37636.20000000063
37535.4000000007
37829.400000000496
37867.20000000047
37854.60000000048
37724.40000000057
37808.40000000051
37968.0000000004
37875.600000000464
37737.00000000056
37686.600000000595
37753.80000000055
37896.60000000045
37833.60000000049
37695.00000000059
37900.80000000045
37690.80000000059
37930.20000000043
37980.60000000039
37808.40000000051
37741.20000000056
37770.60000000054
37900.80000000045
37627.800000000636
38073.00000000033
37804.200000000514
37808.40000000051
37552.20000000069
37606.80000000065
37905.000000000444
37909.20000000044
38010.00000000037
37787.400000000525
37884.00000000046
37900.80000000045
37581.60000000067
37762.20000000054
38039.40000000035
37846.200000000485
37833.60000000049
37657.200000000616
38026.80000000036
37829.400000000496
37779.00000000053
37703.40000000058
37501.80000000072
37539.6000000007
37858.800000000476
37682.4000000006
37884.00000000046
37871.40000000047
37875.600000000464
37707.60000000058
37909.20000000044
37728.600000000566
37926.00000000043
37552.20000000069
37959.600000000406
37913.40000000044
37703.40000000058
37863.00000000047
37808.40000000051
37590.00000000066
37854.60000000048
37854.60000000048
37737.00000000056
37699.20000000059
37842.00000000049
37972.2000000004
37892.40000000045
37762.20000000054
37989.000000000386
37749.60000000055
37850.40000000048
37884.00000000046
37703.40000000058
38144.40000000028
37875.600000000464
37867.20000000047
37955.40000000041
37913.40000000044
38031.00000000036
37774.800000000534
37665.60000000061
37909.20000000044
37665.60000000061
38026.80000000036
37892.40000000045
37619.40000000064
37989.000000000386
37632.00000000063
37699.20000000059
37758.000000000546
37653.00000000062
37795.80000000052
37665.60000000061
37548.00000000069
37569.00000000068
37707.60000000058
37905.000000000444
37959.600000000406
38081.40000000032
37808.40000000051
37976.400000000394
37724.40000000057
37980.60000000039
37720.20000000057
37762.20000000054
37926.00000000043
37724.40000000057
38031.00000000036
37888.200000000455
37669.80000000061
37468.20000000075
37863.00000000047
37829.400000000496
37871.40000000047
37959.600000000406
37942.80000000042
37716.000000000575
37703.40000000058
38018.400000000365
37846.200000000485
37875.600000000464
37774.800000000534
37690.80000000059
37976.400000000394
37720.20000000057
37674.000000000604
37909.20000000044
37909.20000000044
37858.800000000476
37879.80000000046
37829.400000000496
38010.00000000037
37972.2000000004
37770.60000000054
37955.40000000041
37686.600000000595
37888.200000000455
38102.40000000031
37930.20000000043
37825.2000000005
37863.00000000047
37711.80000000058
37644.600000000624
37812.60000000051
37787.400000000525
37758.000000000546
37745.400000000554
37644.600000000624
37888.200000000455
37703.40000000058
37837.80000000049
37758.000000000546
37653.00000000062
37657.200000000616
37636.20000000063
37636.20000000063
37783.20000000053
38073.00000000033
38073.00000000033
37791.60000000052
37833.60000000049
37707.60000000058
37854.60000000048
37737.00000000056
37795.80000000052
37749.60000000055
37560.60000000068
37888.200000000455
37770.60000000054
37800.00000000052
37783.20000000053
37783.20000000053
37951.20000000041
37623.60000000064
37913.40000000044
37921.80000000043
37695.00000000059
37783.20000000053
38047.800000000345
37753.80000000055
37867.20000000047
37800.00000000052
38001.60000000038
37707.60000000058
37678.2000000006
37963.8000000004
37863.00000000047
37938.60000000042
37640.40000000063
38140.20000000028
37808.40000000051
37942.80000000042
37585.800000000665
37741.20000000056
37661.40000000061
37762.20000000054
37745.400000000554
37732.80000000056
37774.800000000534
37779.00000000053
37892.40000000045
37716.000000000575
37720.20000000057
37598.400000000656
37800.00000000052
37997.40000000038
37888.200000000455
37749.60000000055
37909.20000000044
37514.400000000714
38068.80000000033
37711.80000000058
37774.800000000534
37821.0000000005
37846.200000000485
37779.00000000053
37762.20000000054
37909.20000000044
37661.40000000061
38043.60000000035
37829.400000000496
37716.000000000575
37745.400000000554
37888.200000000455
37917.600000000435
37753.80000000055
37984.80000000039
37711.80000000058
37573.200000000674
37430.40000000077
38001.60000000038
37816.800000000505
37737.00000000056
38056.20000000034
37539.6000000007
37758.000000000546
37930.20000000043
37951.20000000041
37682.4000000006
37812.60000000051
37800.00000000052
37644.600000000624
37854.60000000048
37812.60000000051
37829.400000000496
37867.20000000047
38047.800000000345
37888.200000000455
37837.80000000049
37716.000000000575
38001.60000000038
37837.80000000049
37590.00000000066
37846.200000000485
37850.40000000048
37493.40000000073
37636.20000000063
37976.400000000394
37804.200000000514
37930.20000000043
37930.20000000043
37770.60000000054
38052.00000000034
37695.00000000059
37833.60000000049
37800.00000000052
37758.000000000546
37812.60000000051
37959.600000000406
37434.60000000077
37615.200000000645
37636.20000000063
37892.40000000045
37749.60000000055
37749.60000000055
37745.400000000554
37837.80000000049
37779.00000000053
37804.200000000514
37619.40000000064
37770.60000000054
37632.00000000063
37812.60000000051
37816.800000000505
37720.20000000057
38043.60000000035
37720.20000000057
37720.20000000057
37917.600000000435
37711.80000000058
37854.60000000048
37606.80000000065
37724.40000000057
37665.60000000061
37703.40000000058
37825.2000000005
37644.600000000624
37753.80000000055
37766.40000000054
38035.20000000035
37737.00000000056
38052.00000000034
37787.400000000525
38077.200000000325
37842.00000000049
37993.20000000038
37846.200000000485
37749.60000000055
37968.0000000004
37858.800000000476
37741.20000000056
37686.600000000595
37858.800000000476
37821.0000000005
37934.40000000042
37812.60000000051
37766.40000000054
37875.600000000464
37980.60000000039
37695.00000000059
37720.20000000057
37678.2000000006
38018.400000000365
37644.600000000624
37997.40000000038
37909.20000000044
37720.20000000057
37753.80000000055
37821.0000000005
37896.60000000045
37648.80000000062
37804.200000000514
37737.00000000056
37963.8000000004
37863.00000000047
37879.80000000046
37884.00000000046
37871.40000000047
37812.60000000051
37707.60000000058
37682.4000000006
37753.80000000055
37573.200000000674
37800.00000000052
37682.4000000006
37795.80000000052
37564.80000000068
37825.2000000005
37699.20000000059
37875.600000000464
37837.80000000049
37728.600000000566
37711.80000000058
37900.80000000045
37741.20000000056
37577.40000000067
37968.0000000004
37703.40000000058
38010.00000000037
37846.200000000485
37892.40000000045
37896.60000000045
37896.60000000045
37795.80000000052
37926.00000000043
37821.0000000005
37871.40000000047
37737.00000000056
37766.40000000054
37921.80000000043
37917.600000000435
37867.20000000047
37606.80000000065
37682.4000000006
37812.60000000051
38031.00000000036
37627.800000000636
37846.200000000485
37611.00000000065
37989.000000000386
37615.200000000645
37800.00000000052
37816.800000000505
37863.00000000047
37762.20000000054
37800.00000000052
37543.800000000694
37921.80000000043
37783.20000000053
37854.60000000048
37850.40000000048
37770.60000000054
37724.40000000057
37682.4000000006
37938.60000000042
37791.60000000052
37846.200000000485
37510.20000000072
37711.80000000058
37804.200000000514
37858.800000000476
37737.00000000056
37816.800000000505
37879.80000000046
37758.000000000546
37640.40000000063
37745.400000000554
37825.2000000005
37816.800000000505
37812.60000000051
37766.40000000054
37779.00000000053
38106.600000000304
37703.40000000058
37728.600000000566
37703.40000000058
37947.000000000415
37737.00000000056
37787.400000000525
37846.200000000485
37808.40000000051
37879.80000000046
37921.80000000043
37850.40000000048
37930.20000000043
37871.40000000047
37829.400000000496
37867.20000000047
37800.00000000052
38022.60000000036
37653.00000000062
38014.20000000037
37716.000000000575
38026.80000000036
37690.80000000059
37791.60000000052
37745.400000000554
37905.000000000444
37858.800000000476
37695.00000000059
37737.00000000056
37800.00000000052
37518.60000000071
37842.00000000049
37930.20000000043
37602.60000000065
37674.000000000604
37745.400000000554
37758.000000000546
37686.600000000595
37800.00000000052
37766.40000000054
37707.60000000058
37682.4000000006
37926.00000000043
37875.600000000464
37875.600000000464
37875.600000000464
37690.80000000059
37762.20000000054
37850.40000000048
37766.40000000054
37728.600000000566
37678.2000000006
37766.40000000054
37955.40000000041
37590.00000000066
37926.00000000043
37837.80000000049
37560.60000000068
37804.200000000514
37690.80000000059
37942.80000000042
37585.800000000665
37900.80000000045
37896.60000000045
37833.60000000049
37816.800000000505
37871.40000000047
37707.60000000058
37779.00000000053
37884.00000000046
37690.80000000059
37686.600000000595
37888.200000000455
37724.40000000057
37728.600000000566
37863.00000000047
37766.40000000054
37921.80000000043
37879.80000000046
38005.800000000374
37758.000000000546
37779.00000000053
37821.0000000005
37678.2000000006
37829.400000000496
38005.800000000374
37909.20000000044
37888.200000000455
37837.80000000049
37728.600000000566
37850.40000000048
37758.000000000546
37665.60000000061
37892.40000000045
37896.60000000045
37800.00000000052
37552.20000000069
37770.60000000054
37854.60000000048
37942.80000000042
37716.000000000575
37783.20000000053
38014.20000000037
37804.200000000514
37842.00000000049
37850.40000000048
37737.00000000056
37669.80000000061
37850.40000000048
37783.20000000053
37770.60000000054
37770.60000000054
37623.60000000064
37816.800000000505
37594.20000000066
37665.60000000061
37884.00000000046
average revenue:37799.10120000052