48050.01683353574
48816.36326002061
48978.53126002052
48743.66726002065
48866.69126002058
48670.97126002069
48900.243260020565
48939.38726002054
49045.635260020485
48715.70726002067
48889.05926002057
48743.66726002065
48978.53126002052
48939.38726002054
48827.547260020605
48598.27526002073
48810.771260020614
48659.7872600207
49017.6752600205
48542.35526002076
48844.323260020596
48385.77926002085
48844.323260020596
48659.7872600207
48710.11526002067
48816.36326002061
48933.795260020546
48738.075260020654
48833.1392600206
48670.97126002069
48821.95526002061
48732.48326002066
48508.80326002078
48782.81126002063
48777.21926002063
48782.81126002063
48659.7872600207
48508.80326002078
48738.075260020654
48978.53126002052
49000.89926002051
48861.09926002059
48816.36326002061
48922.61126002055
48833.1392600206
48665.379260020694
48698.931260020676
49090.37126002046
48726.89126002066
49034.45126002049
48827.547260020605
48676.56326002069
48464.067260020805
48592.683260020734
48609.459260020725
48995.30726002051
48855.50726002059
48810.771260020614
48872.28326002058
48654.1952600207
48799.58726002062
48654.1952600207
48704.52326002067
48715.70726002067
48928.20326002055
48810.771260020614
48816.36326002061
48961.75526002053
48654.1952600207
48732.48326002066
48844.323260020596
48447.291260020815
48698.931260020676
48827.547260020605
48738.075260020654
49073.59526002047
49056.81926002048
48676.56326002069
48715.70726002067
48553.539260020756
48849.91526002059
48883.467260020574
48877.87526002058
49174.25126002041
48743.66726002065
48698.931260020676
48620.64326002072
48799.58726002062
48939.38726002054
48911.42726002056
48816.36326002061
48844.323260020596
48821.95526002061
48799.58726002062
49068.00326002047
48732.48326002066
48805.17926002062
48682.155260020685
48777.21926002063
49056.81926002048
48810.771260020614
48715.70726002067
48609.459260020725
49207.803260020395
48989.715260020515
48519.987260020775
48877.87526002058
48771.627260020636
48670.97126002069
49012.0832600205
48497.61926002079
48771.627260020636
48967.34726002053
48665.379260020694
48844.323260020596
48676.56326002069
48928.20326002055
48782.81126002063
48900.243260020565
49073.59526002047
48486.43526002079
48827.547260020605
48564.72326002075
48838.7312600206
48754.851260020645
48861.09926002059
48726.89126002066
48777.21926002063
48782.81126002063
48553.539260020756
48749.25926002065
49095.96326002046
48754.851260020645
48872.28326002058
48984.12326002052
49062.411260020475
48643.01126002071
48810.771260020614
48944.97926002054
48917.019260020556
48793.99526002062
48553.539260020756
48788.40326002063
48732.48326002066
48894.65126002057
48816.36326002061
48738.075260020654
48654.1952600207
48531.17126002077
48805.17926002062
48905.83526002056
48933.795260020546
48726.89126002066
48861.09926002059
48732.48326002066
48827.547260020605
48821.95526002061
48866.69126002058
48894.65126002057
48861.09926002059
49101.555260020454
49207.803260020395
48615.05126002072
48866.69126002058
48665.379260020694
48441.69926002082
48486.43526002079
48738.075260020654
48933.795260020546
49023.2672600205
48872.28326002058
48497.61926002079
48821.95526002061
48715.70726002067
48553.539260020756
48637.41926002071
48726.89126002066
48676.56326002069
48984.12326002052
48682.155260020685
49028.859260020494
48369.00326002086
48821.95526002061
48967.34726002053
48715.70726002067
48961.75526002053
48816.36326002061
48961.75526002053
48698.931260020676
49073.59526002047
49218.98726002039
49000.89926002051
48766.03526002064
48670.97126002069
49101.555260020454
48777.21926002063
48665.379260020694
48771.627260020636
48693.33926002068
48626.235260020716
48816.36326002061
48810.771260020614
48816.36326002061
48413.73926002083
48670.97126002069
48687.74726002068
48710.11526002067
48721.29926002066
48861.09926002059
48363.41126002086
48833.1392600206
48654.1952600207
48592.683260020734
48698.931260020676
48575.907260020744
48984.12326002052
48452.88326002081
48956.163260020534
48799.58726002062
48503.211260020784
49034.45126002049
48458.47526002081
48559.13126002075
48810.771260020614
48799.58726002062
48519.987260020775
48972.939260020525
48944.97926002054
48687.74726002068
48905.83526002056
48676.56326002069
48648.6032600207
48687.74726002068
48581.49926002074
48575.907260020744
48911.42726002056
48464.067260020805
48592.683260020734
48894.65126002057
48637.41926002071
48687.74726002068
48726.89126002066
48877.87526002058
48352.22726002087
48715.70726002067
48654.1952600207
48575.907260020744
48855.50726002059
48659.7872600207
48793.99526002062
48480.843260020796
49028.859260020494
48894.65126002057
48883.467260020574
48643.01126002071
48654.1952600207
48581.49926002074
48698.931260020676
48637.41926002071
48547.94726002076
48693.33926002068
48704.52326002067
48978.53126002052
48944.97926002054
48766.03526002064
48676.56326002069
48777.21926002063
48956.163260020534
48788.40326002063
48570.31526002075
48799.58726002062
48587.09126002074
48861.09926002059
48877.87526002058
48849.91526002059
48726.89126002066
48793.99526002062
49017.6752600205
48849.91526002059
49151.883260020426
48715.70726002067
48944.97926002054
48760.44326002064
48659.7872600207
48889.05926002057
48760.44326002064
48900.243260020565
48715.70726002067
48743.66726002065
48659.7872600207
48805.17926002062
48620.64326002072
48950.57126002054
48917.019260020556
49163.06726002042
48944.97926002054
48917.019260020556
48693.33926002068
48782.81126002063
48989.715260020515
48989.715260020515
48793.99526002062
48793.99526002062
48620.64326002072
48575.907260020744
48838.7312600206
48643.01126002071
48676.56326002069
48665.379260020694
48972.939260020525
48889.05926002057
49112.73926002045
48995.30726002051
48760.44326002064
48732.48326002066
48738.075260020654
48989.715260020515
48670.97126002069
48693.33926002068
48838.7312600206
49034.45126002049
48944.97926002054
48827.547260020605
48861.09926002059
48710.11526002067
48950.57126002054
48821.95526002061
49012.0832600205
48788.40326002063
48581.49926002074
48464.067260020805
48799.58726002062
48766.03526002064
49146.29126002043
49342.01126002032
48497.61926002079
48676.56326002069
48710.11526002067
48369.00326002086
48587.09126002074
48754.851260020645
48816.36326002061
48889.05926002057
49084.77926002046
48922.61126002055
49023.2672600205
48849.91526002059
48827.547260020605
48564.72326002075
48928.20326002055
48933.795260020546
48659.7872600207
48738.075260020654
48430.515260020824
48905.83526002056
48777.21926002063
48972.939260020525
49101.555260020454
48609.459260020725
48609.459260020725
48676.56326002069
48855.50726002059
48710.11526002067
49051.22726002048
48665.379260020694
49140.69926002043
48917.019260020556
48816.36326002061
48984.12326002052
49084.77926002046
48861.09926002059
48659.7872600207
49079.187260020466
48838.7312600206
48889.05926002057
48452.88326002081
48810.771260020614
48883.467260020574
48559.13126002075
48519.987260020775
48838.7312600206
48883.467260020574
48810.771260020614
49157.47526002042
48687.74726002068
48603.86726002073
48581.49926002074
48777.21926002063
48587.09126002074
48771.627260020636
48766.03526002064
48743.66726002065
48793.99526002062
49051.22726002048
48732.48326002066
48855.50726002059
48519.987260020775
49095.96326002046
48933.795260020546
48665.379260020694
48654.1952600207
48944.97926002054
48849.91526002059
48827.547260020605
48430.515260020824
48861.09926002059
48715.70726002067
48710.11526002067
48760.44326002064
48749.25926002065
48766.03526002064
48570.31526002075
49000.89926002051
48581.49926002074
48922.61126002055
48799.58726002062
48821.95526002061
48693.33926002068
48866.69126002058
48911.42726002056
48793.99526002062
48844.323260020596
48928.20326002055
48553.539260020756
48844.323260020596
48475.2512600208
48581.49926002074
48833.1392600206
48754.851260020645
48844.323260020596
48866.69126002058
48972.939260020525
48559.13126002075
48967.34726002053
48693.33926002068
48855.50726002059
48905.83526002056
48950.57126002054
48698.931260020676
48944.97926002054
49112.73926002045
48553.539260020756
48877.87526002058
48665.379260020694
48889.05926002057
48889.05926002057
49028.859260020494
48972.939260020525
49090.37126002046
49095.96326002046
48609.459260020725
48581.49926002074
48760.44326002064
48838.7312600206
48810.771260020614
48743.66726002065
49045.635260020485
48738.075260020654
48620.64326002072
48833.1392600206
48872.28326002058
48782.81126002063
48900.243260020565
48693.33926002068
48710.11526002067
48782.81126002063
48911.42726002056
48849.91526002059
48766.03526002064
49073.59526002047
48861.09926002059
48782.81126002063
48838.7312600206
48911.42726002056
48984.12326002052
48698.931260020676
48643.01126002071
48928.20326002055
48844.323260020596
48810.771260020614
48615.05126002072
48967.34726002053
48777.21926002063
49006.491260020506
48788.40326002063
48978.53126002052
48939.38726002054
48564.72326002075
48793.99526002062
48861.09926002059
48760.44326002064
48693.33926002068
48838.7312600206
48838.7312600206
48838.7312600206
48844.323260020596
49012.0832600205
48793.99526002062
48715.70726002067
48665.379260020694
48777.21926002063
48531.17126002077
48799.58726002062
48805.17926002062
48833.1392600206
48922.61126002055
48715.70726002067
48872.28326002058
48676.56326002069
49051.22726002048
48911.42726002056
48989.715260020515
48838.7312600206
48827.547260020605
48849.91526002059
48732.48326002066
48821.95526002061
48693.33926002068
48760.44326002064
49023.2672600205
48771.627260020636
48721.29926002066
48620.64326002072
48805.17926002062
48738.075260020654
48631.82726002071
48710.11526002067
48821.95526002061
48547.94726002076
48889.05926002057
48911.42726002056
49045.635260020485
48525.57926002077
48436.10726002082
48659.7872600207
48631.82726002071
48889.05926002057
49006.491260020506
48587.09126002074
48648.6032600207
48514.39526002078
48771.627260020636
48184.46726002096
48670.97126002069
48793.99526002062
48810.771260020614
48637.41926002071
48749.25926002065
48933.795260020546
48883.467260020574
48827.547260020605
48810.771260020614
48749.25926002065
48900.243260020565
49090.37126002046
48838.7312600206
48883.467260020574
48989.715260020515
48643.01126002071
48726.89126002066
48872.28326002058
48827.547260020605
48564.72326002075
48922.61126002055
48704.52326002067
48956.163260020534
48889.05926002057
48648.6032600207
48738.075260020654
48872.28326002058
48855.50726002059
48436.10726002082
48777.21926002063
48626.235260020716
48894.65126002057
49095.96326002046
48754.851260020645
48939.38726002054
49101.555260020454
48872.28326002058
48889.05926002057
48592.683260020734
48514.39526002078
48956.163260020534
48872.28326002058
48833.1392600206
49118.331260020444
48816.36326002061
48760.44326002064
48710.11526002067
49051.22726002048
49135.107260020435
48928.20326002055
49174.25126002041
48917.019260020556
48872.28326002058
48726.89126002066
48732.48326002066
48944.97926002054
48827.547260020605
48799.58726002062
49095.96326002046
48922.61126002055
48917.019260020556
48698.931260020676
48905.83526002056
49135.107260020435
48475.2512600208
48771.627260020636
48687.74726002068
48721.29926002066
48626.235260020716
48766.03526002064
48682.155260020685
48559.13126002075
48726.89126002066
48519.987260020775
48793.99526002062
48531.17126002077
48374.595260020855
48648.6032600207
48995.30726002051
48939.38726002054
48944.97926002054
48687.74726002068
49017.6752600205
48799.58726002062
48659.7872600207
49023.2672600205
48670.97126002069
48956.163260020534
48547.94726002076
48766.03526002064
48726.89126002066
48855.50726002059
48598.27526002073
48447.291260020815
48793.99526002062
48950.57126002054
48967.34726002053
49017.6752600205
48793.99526002062
48933.795260020546
48570.31526002075
48497.61926002079
49084.77926002046
49051.22726002048
49112.73926002045
48592.683260020734
48849.91526002059
48805.17926002062
48939.38726002054
48849.91526002059
49123.92326002044
48827.547260020605
48592.683260020734
48849.91526002059
48889.05926002057
49045.635260020485
48844.323260020596
48950.57126002054
48659.7872600207
49123.92326002044
48833.1392600206
48989.715260020515
48771.627260020636
48933.795260020546
49040.04326002049
48782.81126002063
48581.49926002074
48648.6032600207
48732.48326002066
48766.03526002064
48961.75526002053
48743.66726002065
48984.12326002052
48743.66726002065
48833.1392600206
48838.7312600206
49095.96326002046
48799.58726002062
49079.187260020466
48564.72326002075
48704.52326002067
48766.03526002064
48682.155260020685
48615.05126002072
48933.795260020546
48670.97126002069
48805.17926002062
48609.459260020725
48335.451260020876
48592.683260020734
48950.57126002054
49068.00326002047
48665.379260020694
48648.6032600207
48587.09126002074
49090.37126002046
48967.34726002053
49123.92326002044
48620.64326002072
48615.05126002072
48855.50726002059
48771.627260020636
48631.82726002071
48665.379260020694
48743.66726002065
48704.52326002067
48928.20326002055
48587.09126002074
48458.47526002081
48816.36326002061
48810.771260020614
48754.851260020645
48933.795260020546
48972.939260020525
48939.38726002054
48849.91526002059
48838.7312600206
48883.467260020574
48844.323260020596
49095.96326002046
48950.57126002054
48777.21926002063
48872.28326002058
49045.635260020485
48866.69126002058
48570.31526002075
49040.04326002049
48615.05126002072
48771.627260020636
48732.48326002066
48726.89126002066
48984.12326002052
48693.33926002068
49062.411260020475
48553.539260020756
49040.04326002049
48536.763260020765
49135.107260020435
48961.75526002053
48369.00326002086
48704.52326002067
48766.03526002064
49168.65926002042
49028.859260020494
48782.81126002063
48827.547260020605
49185.43526002041
48693.33926002068
48894.65126002057
48626.235260020716
48838.7312600206
48760.44326002064
48721.29926002066
48855.50726002059
48788.40326002063
48883.467260020574
48693.33926002068
48844.323260020596
49140.69926002043
48849.91526002059
48525.57926002077
48698.931260020676
48519.987260020775
49218.98726002039
48838.7312600206
48922.61126002055
48631.82726002071
48821.95526002061
49224.579260020386
48676.56326002069
48637.41926002071
48749.25926002065
48844.323260020596
48749.25926002065
48643.01126002071
48816.36326002061
48682.155260020685
48514.39526002078
48575.907260020744
48933.795260020546
49045.635260020485
48738.075260020654
48939.38726002054
48766.03526002064
48698.931260020676
48972.939260020525
48961.75526002053
48766.03526002064
48838.7312600206
48866.69126002058
48956.163260020534
48894.65126002057
48894.65126002057
48883.467260020574
48995.30726002051
48587.09126002074
48480.843260020796
48726.89126002066
49006.491260020506
48827.547260020605
48771.627260020636
48900.243260020565
48665.379260020694
48743.66726002065
48928.20326002055
48939.38726002054
49023.2672600205
48698.931260020676
48933.795260020546
48525.57926002077
48833.1392600206
48760.44326002064
48715.70726002067
48631.82726002071
48849.91526002059
48777.21926002063
48676.56326002069
48598.27526002073
49079.187260020466
48218.01926002094
48861.09926002059
48883.467260020574
48654.1952600207
48900.243260020565
48643.01126002071
48452.88326002081
48710.11526002067
48743.66726002065
48972.939260020525
48838.7312600206
48844.323260020596
48810.771260020614
48693.33926002068
48872.28326002058
48710.11526002067
48670.97126002069
48710.11526002067
48889.05926002057
48984.12326002052
48771.627260020636
48939.38726002054
48805.17926002062
48637.41926002071
48643.01126002071
48620.64326002072
48570.31526002075
48984.12326002052
48637.41926002071
48626.235260020716
48944.97926002054
49034.45126002049
48967.34726002053
49028.859260020494
48676.56326002069
48609.459260020725
48480.843260020796
48676.56326002069
48984.12326002052
48732.48326002066
48838.7312600206
48894.65126002057
48978.53126002052
48928.20326002055
48766.03526002064
48877.87526002058
48810.771260020614
48715.70726002067
48894.65126002057
48922.61126002055
49084.77926002046
48654.1952600207
48838.7312600206
48894.65126002057
48676.56326002069
48972.939260020525
48715.70726002067
48637.41926002071
48956.163260020534
48654.1952600207
48956.163260020534
48570.31526002075
48464.067260020805
48497.61926002079
48536.763260020765
48855.50726002059
48726.89126002066
48771.627260020636
48995.30726002051
48687.74726002068
48603.86726002073
48967.34726002053
48682.155260020685
48799.58726002062
48816.36326002061
48749.25926002065
48961.75526002053
48615.05126002072
48961.75526002053
48609.459260020725
48710.11526002067
48877.87526002058
48676.56326002069
49012.0832600205
49213.39526002039
48754.851260020645
48754.851260020645
48889.05926002057
48877.87526002058
48464.067260020805
48514.39526002078
48615.05126002072
48900.243260020565
48643.01126002071
48810.771260020614
48687.74726002068
48956.163260020534
48559.13126002075
48944.97926002054
48732.48326002066
49135.107260020435
48866.69126002058
49230.17126002038
48738.075260020654
48855.50726002059
48648.6032600207
48922.61126002055
48514.39526002078
48503.211260020784
48810.771260020614
49051.22726002048
48849.91526002059
49084.77926002046
48967.34726002053
48659.7872600207
48648.6032600207
48838.7312600206
49062.411260020475
48827.547260020605
48866.69126002058
48849.91526002059
48637.41926002071
48458.47526002081
48967.34726002053
48866.69126002058
48542.35526002076
49006.491260020506
48620.64326002072
48587.09126002074
48760.44326002064
48430.515260020824
48777.21926002063
48749.25926002065
48939.38726002054
49051.22726002048
48346.63526002087
48939.38726002054
48743.66726002065
48883.467260020574
48793.99526002062
48961.75526002053
48643.01126002071
48603.86726002073
48917.019260020556
48833.1392600206
48877.87526002058
49012.0832600205
49112.73926002045
48872.28326002058
48631.82726002071
48961.75526002053
48749.25926002065
48637.41926002071
48743.66726002065
48849.91526002059
48726.89126002066
48615.05126002072
48978.53126002052
49196.6192600204
48575.907260020744
48872.28326002058
48788.40326002063
48944.97926002054
48486.43526002079
48922.61126002055
48844.323260020596
49012.0832600205
48861.09926002059
48877.87526002058
48827.547260020605
48587.09126002074
49006.491260020506
48598.27526002073
48866.69126002058
48788.40326002063
48777.21926002063
48838.7312600206
49079.187260020466
average revenue:48795.84037759413