42793.41460788301
43260.74947658026
43089.38947658024
42976.781476580225
43182.41347658025
43314.60547658027
43329.29347658027
43162.82947658025
42976.781476580225
43069.80547658024
43319.50147658027
43270.54147658026
43392.94147658028
43089.38947658024
43632.84547658031
43280.333476580265
43407.62947658028
43549.6134765803
43236.26947658026
43441.901476580286
43201.997476580254
43216.68547658026
43153.03747658025
43412.52547658028
43231.37347658026
43348.877476580274
43118.76547658024
43290.125476580266
43172.62147658025
43030.63747658023
43216.68547658026
43221.58147658026
43020.84547658023
43299.91747658027
43593.677476580306
43260.74947658026
43437.005476580285
43187.30947658025
43569.1974765803
43211.789476580256
43197.101476580254
43079.59747658024
43123.661476580244
43064.90947658024
43427.213476580284
43060.013476580236
43329.29347658027
43064.90947658024
43451.69347658029
43074.70147658024
42580.20547658017
43040.42947658023
43304.81347658027
43348.877476580274
43290.125476580266
43725.86947658032
43481.06947658029
43104.07747658024
43314.60547658027
43446.79747658029
43108.97347658024
43133.453476580245
43182.41347658025
42942.50947658022
43280.333476580265
43118.76547658024
43250.95747658026
43118.76547658024
42937.61347658022
43466.38147658029
42976.781476580225
43539.8214765803
42932.71747658022
43246.06147658026
43280.333476580265
43358.669476580275
42942.50947658022
43255.85347658026
43471.27747658029
43108.97347658024
43148.14147658025
43206.893476580255
43319.50147658027
43069.80547658024
43157.93347658025
43192.20547658025
43211.789476580256
43148.14147658025
43343.98147658027
43373.35747658028
43113.86947658024
43368.461476580276
43549.6134765803
43211.789476580256
43123.661476580244
43481.06947658029
43329.29347658027
43363.565476580276
43329.29347658027
43162.82947658025
43221.58147658026
43157.93347658025
43334.18947658027
43363.565476580276
42942.50947658022
43534.9254765803
43373.35747658028
43221.58147658026
43275.437476580264
43182.41347658025
43437.005476580285
43427.213476580284
43162.82947658025
43373.35747658028
43162.82947658025
43157.93347658025
43437.005476580285
43490.86147658029
43495.75747658029
43221.58147658026
43192.20547658025
43402.73347658028
43505.549476580294
43319.50147658027
43153.03747658025
43231.37347658026
43510.445476580295
43314.60547658027
43153.03747658025
43148.14147658025
43084.49347658024
43334.18947658027
43383.14947658028
43373.35747658028
42869.06947658021
43035.53347658023
43001.26147658023
43108.97347658024
43373.35747658028
43392.94147658028
42971.885476580224
43363.565476580276
43143.24547658025
43319.50147658027
43363.565476580276
43304.81347658027
43133.453476580245
43314.60547658027
43515.341476580295
43530.0294765803
43314.60547658027
43025.74147658023
43153.03747658025
43040.42947658023
43348.877476580274
43324.39747658027
43427.213476580284
43348.877476580274
43050.221476580235
43353.773476580274
42883.75747658021
43309.70947658027
43324.39747658027
43162.82947658025
43275.437476580264
43549.6134765803
43353.773476580274
43510.445476580295
43226.47747658026
43324.39747658027
43040.42947658023
43123.661476580244
43348.877476580274
43343.98147658027
43304.81347658027
43295.02147658027
43299.91747658027
43456.58947658029
43201.997476580254
43246.06147658026
43319.50147658027
43055.117476580235
43153.03747658025
43378.25347658028
43260.74947658026
43304.81347658027
43334.18947658027
43353.773476580274
43211.789476580256
43221.58147658026
43221.58147658026
43485.96547658029
43035.53347658023
43270.54147658026
43118.76547658024
43397.83747658028
43324.39747658027
43265.64547658026
43113.86947658024
43231.37347658026
43544.7174765803
43216.68547658026
43201.997476580254
43035.53347658023
43246.06147658026
43079.59747658024
43309.70947658027
43197.101476580254
43246.06147658026
43334.18947658027
43373.35747658028
43353.773476580274
43539.8214765803
43392.94147658028
43432.109476580285
43250.95747658026
43172.62147658025
43172.62147658025
43167.72547658025
43211.789476580256
43334.18947658027
43211.789476580256
43329.29347658027
42996.36547658023
43525.1334765803
43392.94147658028
43094.28547658024
43412.52547658028
43290.125476580266
43108.97347658024
43290.125476580266
43187.30947658025
43334.18947658027
43343.98147658027
43187.30947658025
43392.94147658028
43192.20547658025
43094.28547658024
43427.213476580284
43358.669476580275
43197.101476580254
43211.789476580256
43079.59747658024
43578.989476580304
43201.997476580254
43197.101476580254
43495.75747658029
42937.61347658022
43255.85347658026
43451.69347658029
43211.789476580256
43309.70947658027
43226.47747658026
43040.42947658023
43226.47747658026
43314.60547658027
43167.72547658025
43148.14147658025
43246.06147658026
43290.125476580266
43260.74947658026
43314.60547658027
43246.06147658026
43216.68547658026
43201.997476580254
43417.42147658028
43329.29347658027
43089.38947658024
43035.53347658023
43221.58147658026
43510.445476580295
43407.62947658028
43255.85347658026
43378.25347658028
43353.773476580274
43260.74947658026
43353.773476580274
43270.54147658026
43211.789476580256
43280.333476580265
43804.20547658033
43299.91747658027
43201.997476580254
43197.101476580254
43490.86147658029
43236.26947658026
43388.04547658028
43182.41347658025
42962.09347658022
43260.74947658026
43290.125476580266
43079.59747658024
43201.997476580254
43250.95747658026
43348.877476580274
43055.117476580235
43201.997476580254
43162.82947658025
43304.81347658027
43236.26947658026
43153.03747658025
43339.08547658027
43192.20547658025
43309.70947658027
43339.08547658027
43030.63747658023
43329.29347658027
43084.49347658024
43030.63747658023
43206.893476580255
43383.14947658028
43157.93347658025
43309.70947658027
43412.52547658028
43299.91747658027
43427.213476580284
43348.877476580274
42962.09347658022
42986.573476580226
43192.20547658025
43295.02147658027
43295.02147658027
43255.85347658026
43221.58147658026
43045.325476580234
43128.557476580245
43348.877476580274
43378.25347658028
43216.68547658026
43490.86147658029
43353.773476580274
43133.453476580245
42971.885476580224
43260.74947658026
43187.30947658025
43201.997476580254
43045.325476580234
43231.37347658026
43108.97347658024
43172.62147658025
43304.81347658027
43378.25347658028
43329.29347658027
43417.42147658028
43206.893476580255
43407.62947658028
43216.68547658026
43221.58147658026
43177.51747658025
43383.14947658028
42971.885476580224
43299.91747658027
43226.47747658026
43133.453476580245
43197.101476580254
43153.03747658025
43275.437476580264
43153.03747658025
43280.333476580265
43383.14947658028
43324.39747658027
43530.0294765803
43226.47747658026
43407.62947658028
43314.60547658027
43123.661476580244
43050.221476580235
43074.70147658024
43432.109476580285
43373.35747658028
42971.885476580224
43133.453476580245
43118.76547658024
43104.07747658024
43123.661476580244
43407.62947658028
43128.557476580245
43133.453476580245
43197.101476580254
43187.30947658025
43157.93347658025
43280.333476580265
43476.17347658029
43388.04547658028
43481.06947658029
43221.58147658026
43358.669476580275
43255.85347658026
43167.72547658025
43309.70947658027
43608.36547658031
43128.557476580245
43211.789476580256
43006.15747658023
43011.05347658023
43339.08547658027
43221.58147658026
43250.95747658026
43290.125476580266
43314.60547658027
43197.101476580254
43246.06147658026
43275.437476580264
43304.81347658027
43216.68547658026
43471.27747658029
43226.47747658026
43216.68547658026
43397.83747658028
43314.60547658027
43388.04547658028
43353.773476580274
43060.013476580236
43197.101476580254
43314.60547658027
43050.221476580235
43167.72547658025
43187.30947658025
43285.229476580265
43172.62147658025
43226.47747658026
43153.03747658025
43128.557476580245
42981.677476580226
43618.15747658031
43290.125476580266
43339.08547658027
43226.47747658026
43250.95747658026
43451.69347658029
43295.02147658027
43187.30947658025
43250.95747658026
43324.39747658027
43192.20547658025
43290.125476580266
43343.98147658027
43490.86147658029
43201.997476580254
43358.669476580275
43368.461476580276
43236.26947658026
43397.83747658028
43162.82947658025
43201.997476580254
43197.101476580254
43138.349476580246
43099.18147658024
43446.79747658029
43011.05347658023
43133.453476580245
43246.06147658026
43539.8214765803
43314.60547658027
43153.03747658025
43050.221476580235
43324.39747658027
43319.50147658027
43343.98147658027
43197.101476580254
43216.68547658026
43231.37347658026
43231.37347658026
43314.60547658027
43309.70947658027
43206.893476580255
43270.54147658026
43295.02147658027
43265.64547658026
43368.461476580276
43123.661476580244
43500.65347658029
43246.06147658026
43319.50147658027
43461.48547658029
43246.06147658026
43060.013476580236
43446.79747658029
43153.03747658025
43064.90947658024
43603.46947658031
43236.26947658026
43412.52547658028
43280.333476580265
43309.70947658027
43275.437476580264
43510.445476580295
43314.60547658027
42937.61347658022
43324.39747658027
43481.06947658029
43334.18947658027
43285.229476580265
43446.79747658029
43363.565476580276
43216.68547658026
43471.27747658029
43334.18947658027
43255.85347658026
43275.437476580264
43260.74947658026
43133.453476580245
43363.565476580276
43397.83747658028
43534.9254765803
43236.26947658026
43299.91747658027
43260.74947658026
43275.437476580264
43255.85347658026
43104.07747658024
43192.20547658025
43187.30947658025
42986.573476580226
42996.36547658023
42800.5254765802
43221.58147658026
43246.06147658026
43397.83747658028
43397.83747658028
43221.58147658026
43211.789476580256
43201.997476580254
43177.51747658025
43162.82947658025
43324.39747658027
43304.81347658027
43148.14147658025
43162.82947658025
43388.04547658028
43270.54147658026
43211.789476580256
43290.125476580266
43427.213476580284
43211.789476580256
43290.125476580266
43299.91747658027
43343.98147658027
43162.82947658025
43623.05347658031
43167.72547658025
43319.50147658027
43485.96547658029
43412.52547658028
43525.1334765803
43280.333476580265
43172.62147658025
43123.661476580244
43241.16547658026
43084.49347658024
43309.70947658027
43358.669476580275
43157.93347658025
43153.03747658025
43270.54147658026
43466.38147658029
43025.74147658023
43304.81347658027
43226.47747658026
43265.64547658026
43123.661476580244
43397.83747658028
42981.677476580226
43231.37347658026
42991.46947658023
43035.53347658023
43255.85347658026
43241.16547658026
43427.213476580284
43113.86947658024
43451.69347658029
43275.437476580264
43270.54147658026
43290.125476580266
43226.47747658026
43187.30947658025
43143.24547658025
43402.73347658028
43505.549476580294
43138.349476580246
43339.08547658027
43456.58947658029
43348.877476580274
43192.20547658025
43162.82947658025
43368.461476580276
43329.29347658027
43270.54147658026
43167.72547658025
43250.95747658026
43079.59747658024
43432.109476580285
43309.70947658027
43290.125476580266
42898.445476580215
43437.005476580285
43299.91747658027
43412.52547658028
43216.68547658026
43593.677476580306
43388.04547658028
43441.901476580286
43192.20547658025
43441.901476580286
43363.565476580276
43530.0294765803
43197.101476580254
43221.58147658026
43182.41347658025
43402.73347658028
43510.445476580295
43172.62147658025
43285.229476580265
43089.38947658024
43368.461476580276
43250.95747658026
43197.101476580254
43246.06147658026
43309.70947658027
43392.94147658028
43583.885476580304
43339.08547658027
43006.15747658023
43466.38147658029
43343.98147658027
43441.901476580286
43309.70947658027
43123.661476580244
43172.62147658025
43485.96547658029
43392.94147658028
43285.229476580265
43314.60547658027
43157.93347658025
43094.28547658024
43397.83747658028
43089.38947658024
43192.20547658025
43299.91747658027
43353.773476580274
43358.669476580275
43221.58147658026
43069.80547658024
43064.90947658024
43539.8214765803
43211.789476580256
43324.39747658027
43187.30947658025
43113.86947658024
43167.72547658025
43182.41347658025
43343.98147658027
43123.661476580244
43466.38147658029
43314.60547658027
43304.81347658027
43172.62147658025
43197.101476580254
43148.14147658025
43275.437476580264
43241.16547658026
43162.82947658025
43250.95747658026
42937.61347658022
43456.58947658029
43432.109476580285
43363.565476580276
43348.877476580274
43515.341476580295
43314.60547658027
43329.29347658027
42947.40547658022
43559.4054765803
43206.893476580255
43339.08547658027
43471.27747658029
43255.85347658026
43064.90947658024
43226.47747658026
43197.101476580254
43329.29347658027
43451.69347658029
43309.70947658027
43412.52547658028
43324.39747658027
43236.26947658026
43290.125476580266
43167.72547658025
43299.91747658027
43422.31747658028
43598.573476580306
43250.95747658026
43133.453476580245
42927.82147658022
43270.54147658026
43157.93347658025
43329.29347658027
43133.453476580245
43118.76547658024
43407.62947658028
43060.013476580236
43451.69347658029
43290.125476580266
43162.82947658025
43153.03747658025
43255.85347658026
43231.37347658026
43250.95747658026
43383.14947658028
43446.79747658029
43378.25347658028
43412.52547658028
43172.62147658025
43250.95747658026
43197.101476580254
43495.75747658029
43108.97347658024
43246.06147658026
43221.58147658026
43246.06147658026
43441.901476580286
43329.29347658027
43182.41347658025
43339.08547658027
43025.74147658023
43128.557476580245
43045.325476580234
43432.109476580285
43495.75747658029
43187.30947658025
43025.74147658023
43578.989476580304
43378.25347658028
43192.20547658025
43157.93347658025
43020.84547658023
43353.773476580274
43427.213476580284
43324.39747658027
43383.14947658028
43035.53347658023
43211.789476580256
43148.14147658025
43206.893476580255
43226.47747658026
43128.557476580245
43246.06147658026
43045.325476580234
43290.125476580266
42942.50947658022
43324.39747658027
43084.49347658024
43348.877476580274
43309.70947658027
43265.64547658026
43255.85347658026
43069.80547658024
43153.03747658025
43246.06147658026
43339.08547658027
43363.565476580276
43490.86147658029
43363.565476580276
43397.83747658028
43309.70947658027
43197.101476580254
43280.333476580265
43466.38147658029
43495.75747658029
43177.51747658025
43084.49347658024
43270.54147658026
43417.42147658028
43201.997476580254
43295.02147658027
43417.42147658028
43363.565476580276
43285.229476580265
43505.549476580294
43285.229476580265
43402.73347658028
43143.24547658025
43485.96547658029
43299.91747658027
43148.14147658025
43441.901476580286
42932.71747658022
43211.789476580256
43206.893476580255
43437.005476580285
43402.73347658028
43113.86947658024
43363.565476580276
43030.63747658023
43260.74947658026
43578.989476580304
43392.94147658028
43466.38147658029
43187.30947658025
43422.31747658028
43172.62147658025
43324.39747658027
43280.333476580265
43339.08547658027
43422.31747658028
43299.91747658027
43441.901476580286
43485.96547658029
43177.51747658025
43495.75747658029
43363.565476580276
43118.76547658024
43241.16547658026
43231.37347658026
43094.28547658024
43275.437476580264
43162.82947658025
43255.85347658026
43295.02147658027
43153.03747658025
43314.60547658027
43113.86947658024
43451.69347658029
43295.02147658027
43412.52547658028
43221.58147658026
43201.997476580254
43079.59747658024
43216.68547658026
43118.76547658024
43099.18147658024
43309.70947658027
42888.65347658021
43211.789476580256
43314.60547658027
43226.47747658026
43035.53347658023
43481.06947658029
43211.789476580256
43451.69347658029
43515.341476580295
43353.773476580274
43334.18947658027
42878.86147658021
43143.24547658025
43334.18947658027
43432.109476580285
43226.47747658026
43231.37347658026
42903.341476580215
43456.58947658029
43265.64547658026
43270.54147658026
43280.333476580265
43241.16547658026
43476.17347658029
43363.565476580276
43025.74147658023
43280.333476580265
43192.20547658025
43250.95747658026
43275.437476580264
43192.20547658025
43270.54147658026
43446.79747658029
43608.36547658031
43309.70947658027
43275.437476580264
43373.35747658028
43138.349476580246
43153.03747658025
43167.72547658025
42996.36547658023
43500.65347658029
43148.14147658025
43324.39747658027
43383.14947658028
43412.52547658028
43226.47747658026
43231.37347658026
43246.06147658026
43339.08547658027
43412.52547658028
43265.64547658026
43153.03747658025
43206.893476580255
42854.38147658021
43368.461476580276
43334.18947658027
43637.74147658031
43309.70947658027
43461.48547658029
43265.64547658026
43177.51747658025
43314.60547658027
43295.02147658027
43510.445476580295
43314.60547658027
43025.74147658023
43662.221476580315
43143.24547658025
42996.36547658023
43148.14147658025
43446.79747658029
42991.46947658023
43113.86947658024
43177.51747658025
43280.333476580265
43530.0294765803
43153.03747658025
43290.125476580266
43285.229476580265
43138.349476580246
43299.91747658027
43437.005476580285
43265.64547658026
43138.349476580246
43456.58947658029
43290.125476580266
43290.125476580266
42908.237476580216
43593.677476580306
43378.25347658028
43299.91747658027
43343.98147658027
43417.42147658028
43574.0934765803
43304.81347658027
43250.95747658026
43637.74147658031
43153.03747658025
43153.03747658025
43285.229476580265
43520.237476580296
43246.06147658026
43172.62147658025
43177.51747658025
43427.213476580284
43343.98147658027
43319.50147658027
43138.349476580246
43084.49347658024
43206.893476580255
43299.91747658027
43451.69347658029
43348.877476580274
43167.72547658025
43206.893476580255
43275.437476580264
43353.773476580274
42952.30147658022
43192.20547658025
43412.52547658028
43094.28547658024
43108.97347658024
43618.15747658031
43187.30947658025
43211.789476580256
43206.893476580255
43260.74947658026
43241.16547658026
43128.557476580245
43304.81347658027
43197.101476580254
43319.50147658027
43343.98147658027
43108.97347658024
43461.48547658029
43280.333476580265
43397.83747658028
43343.98147658027
43206.893476580255
43339.08547658027
43089.38947658024
43378.25347658028
43676.90947658032
43574.0934765803
43397.83747658028
43128.557476580245
43392.94147658028
43309.70947658027
43270.54147658026
43363.565476580276
43177.51747658025
43314.60547658027
43466.38147658029
43221.58147658026
43236.26947658026
43422.31747658028
43250.95747658026
43402.73347658028
43290.125476580266
43461.48547658029
43299.91747658027
43236.26947658026
43285.229476580265
43437.005476580285
43172.62147658025
43113.86947658024
43089.38947658024
average revenue:43264.93334171156