41536.35211224231
42136.98640559557
41863.110405595486
41815.89040559546
41820.612405595464
41929.2184055955
41891.442405595495
42009.49240559553
41896.1644055955
41749.78240559544
41712.00640559543
42080.32240559555
42028.38040559554
41834.778405595476
41981.16040559552
41929.21840559551
42000.04840559553
41905.6084055955
41834.778405595476
41815.89040559546
41863.11040559548
42226.7044055956
41896.1644055955
41768.67040559545
41877.27640559548
41641.176405595405
41924.4964055955
41759.22640559545
41716.72840559543
41905.60840559549
42118.09840559557
41735.61640559544
42132.26440559557
41820.61240559547
41797.00240559546
41938.6624055955
41811.16840559547
42042.54640559554
42075.60040559556
41839.50040559548
41990.60440559552
41863.110405595486
41603.40040559539
41905.60840559549
41848.94440559548
42042.54640559554
41886.72040559549
41839.50040559547
41801.72440559546
42028.38040559553
41863.110405595486
41811.16840559546
41948.10640559551
41858.388405595484
41782.83640559545
41778.11440559545
42094.488405595555
42075.60040559556
42085.04440559556
41886.72040559549
41924.4964055955
41782.83640559546
41910.330405595494
42221.982405595605
41872.55440559549
42141.70840559557
42160.596405595585
41763.94840559545
41820.612405595464
41853.666405595475
42061.434405595544
42094.48840559556
42085.04440559556
41754.50440559545
41782.83640559545
41891.44240559549
41910.330405595494
41834.778405595476
42014.21440559553
41858.388405595484
41825.334405595466
41929.2184055955
41452.29640559535
42075.60040559555
41778.11440559546
41995.32640559552
41674.23040559542
41938.6624055955
41933.94040559551
41924.496405595506
41900.8864055955
41820.612405595464
42226.7044055956
41627.01040559541
41853.666405595475
41844.22240559547
42047.26840559554
41759.22640559545
41985.88240559552
41693.11840559543
42103.93240559556
41848.94440559548
41985.88240559552
42028.38040559554
41825.33440559547
41853.666405595475
41919.7744055955
41830.056405595475
41877.27640559548
41839.50040559547
41948.10640559551
41712.006405595435
41981.16040559552
41797.002405595464
41740.33840559544
41811.16840559546
41782.83640559545
42023.65840559553
41910.3304055955
41782.83640559546
41801.72440559546
41966.99440559551
41693.11840559543
42056.71240559554
41787.55840559546
41830.05640559547
41976.438405595516
42170.04040559559
41896.1644055955
42037.82440559554
41867.83240559549
41886.720405595486
41773.39240559545
42056.71240559554
42047.26840559555
41792.28040559546
41820.612405595464
41957.55040559551
41622.288405595405
41848.944405595474
42127.54240559557
41664.78640559542
41844.22240559547
41627.0104055954
41603.40040559539
41707.28440559543
41740.33840559544
41801.72440559546
41891.44240559549
41952.82840559551
41966.99440559552
41976.43840559552
41924.496405595506
41891.442405595495
41881.998405595485
41966.99440559551
41877.27640559549
41825.334405595466
41966.99440559551
41957.55040559552
41952.828405595516
41792.28040559546
41730.894405595434
41730.894405595434
41749.78240559544
41848.944405595474
41792.280405595455
41933.9404055955
41839.50040559548
41683.67440559542
41985.88240559552
41778.11440559546
41848.944405595474
41919.7744055955
41905.6084055955
41867.83240559549
41844.22240559547
41971.716405595515
41886.72040559549
41910.330405595494
41971.71640559552
41957.55040559552
41627.01040559541
41834.77840559547
41848.944405595474
42089.766405595554
42085.04440559556
41924.496405595506
41933.94040559551
41716.72840559544
41782.83640559545
41881.998405595485
42151.152405595574
41839.50040559548
41782.83640559545
41976.438405595516
41910.3304055955
41820.61240559547
41801.72440559546
41848.944405595474
41844.22240559547
41948.10640559551
41631.73240559541
41848.944405595474
41962.27240559551
41891.442405595495
42023.65840559553
41966.99440559552
41881.99840559549
41867.83240559548
41773.39240559545
41962.27240559551
41853.66640559548
42018.93640559553
41877.27640559549
42014.21440559553
41938.66240559551
42018.93640559554
41716.72840559544
41990.60440559552
41933.94040559551
41768.670405595454
42099.21040559556
41853.66640559548
41881.998405595485
41721.45040559543
41919.7744055955
42061.43440559555
42108.65440559557
41787.55840559546
42014.21440559553
41976.43840559552
41948.106405595514
41896.1644055955
41863.11040559548
41844.22240559547
42018.93640559553
41712.006405595435
41475.90640559535
42014.21440559553
41877.27640559549
42018.93640559553
41797.002405595464
41872.55440559548
42014.21440559553
42037.824405595544
41858.388405595484
41877.27640559548
42014.21440559553
41919.774405595505
41957.55040559552
41674.23040559542
41877.27640559548
41896.16440559549
41749.78240559544
42004.770405595526
41848.94440559548
41759.226405595444
41872.55440559548
41957.55040559551
41740.338405595445
41943.384405595505
41886.72040559549
41848.944405595474
41740.33840559544
42004.770405595526
41683.674405595426
41877.27640559548
41763.948405595445
42014.21440559553
42170.04040559559
42122.82040559557
42066.15640559555
41792.28040559546
41712.00640559543
41962.27240559551
41900.8864055955
42136.98640559557
41787.55840559546
42018.93640559553
41839.50040559548
42037.82440559554
41995.32640559553
41966.99440559552
41622.288405595405
42051.99040559554
41943.38440559551
41834.778405595476
41716.72840559543
41900.88640559549
41844.22240559547
41929.2184055955
41815.89040559547
42217.260405595596
41938.66240559551
41943.38440559551
41782.83640559546
41905.60840559549
41768.670405595454
41952.82840559551
41867.83240559549
42151.152405595574
42094.48840559556
42047.26840559555
42382.53040559566
42004.77040559553
41825.33440559547
41905.60840559549
41867.83240559549
41872.55440559548
42118.09840559556
41976.43840559552
42070.878405595555
42127.542405595574
42004.77040559553
41858.388405595484
41730.894405595434
41891.44240559549
42000.048405595524
41560.902405595385
41825.334405595466
41910.330405595494
41575.06840559539
41971.716405595515
41811.16840559547
42004.770405595526
41848.94440559548
41995.32640559552
41726.17240559544
42141.70840559557
41905.6084055955
41735.61640559544
41773.39240559545
41740.33840559544
41773.39240559545
41811.16840559546
42023.65840559553
41787.55840559546
41976.438405595516
41905.6084055955
42042.546405595545
42009.492405595534
41820.61240559547
41844.22240559547
42080.32240559555
42014.214405595536
42080.32240559556
41910.3304055955
41716.72840559544
41678.95240559542
42056.71240559554
42118.09840559557
41962.27240559552
41542.01440559538
41707.28440559543
41697.84040559542
41962.27240559551
41763.94840559545
41966.99440559551
41754.50440559545
41707.28440559543
41801.72440559546
41924.4964055955
41886.72040559549
41990.60440559552
42004.77040559553
42018.93640559554
41985.88240559553
41749.78240559545
42009.49240559553
41749.78240559545
42047.26840559554
41527.848405595374
41537.29240559537
41924.4964055955
42014.214405595536
42108.65440559557
41688.39640559543
42051.99040559554
41990.60440559553
41759.22640559545
42198.37240559559
41707.284405595434
42132.26440559557
42028.38040559554
41877.27640559549
41957.55040559551
42070.878405595555
41806.44640559547
42094.488405595555
41990.60440559553
41740.338405595445
41957.55040559551
41995.32640559553
42085.04440559556
41872.55440559549
41872.55440559548
41886.720405595486
41650.62040559541
41825.334405595466
41749.78240559544
41641.176405595405
42018.93640559553
42009.492405595534
41877.27640559549
41631.7324055954
41995.32640559552
42004.77040559553
42061.43440559555
42066.15640559555
42018.93640559554
42009.492405595534
42009.492405595534
41806.44640559547
41952.82840559551
41900.8864055955
41593.95640559539
42047.26840559554
41834.778405595476
41782.83640559545
42122.820405595565
41933.94040559551
41995.32640559553
41773.392405595456
41575.06840559538
41787.55840559545
41627.0104055954
41664.78640559541
41905.60840559549
41858.388405595484
42099.21040559556
41985.88240559553
42085.04440559556
41778.11440559546
41830.05640559547
41636.4544055954
41948.10640559551
42037.824405595544
42037.824405595544
41801.724405595465
41848.944405595474
42037.82440559554
41797.002405595464
42037.82440559554
42000.04840559553
41707.284405595434
41787.55840559545
42042.54640559554
41971.71640559552
41910.3304055955
42132.264405595575
41943.38440559551
42122.82040559557
41943.38440559551
42051.99040559555
41726.17240559544
41971.716405595515
41905.6084055955
41768.670405595454
41839.50040559547
41697.84040559542
41848.944405595474
41891.44240559549
41948.10640559551
41830.056405595475
42028.38040559553
41815.89040559547
41900.88640559549
42113.37640559556
41811.16840559547
41494.794405595356
41905.60840559549
41971.71640559552
41801.724405595465
42051.99040559554
41716.72840559544
42212.538405595595
41655.34240559542
42000.048405595524
41830.056405595475
41863.11040559548
41598.67840559539
41863.11040559548
41886.720405595486
41825.334405595466
41863.11040559548
41735.616405595436
41839.50040559547
41707.28440559543
41872.55440559548
41735.616405595436
41891.44240559549
41825.334405595466
41797.00240559546
42075.60040559555
41981.160405595525
41787.55840559546
41915.052405595496
41990.60440559553
41830.056405595475
41759.226405595444
41957.55040559551
42141.70840559558
41915.0524055955
42113.37640559557
41990.60440559553
41707.284405595434
41778.11440559545
41801.72440559546
41792.280405595455
41929.2184055955
41745.060405595446
42103.93240559556
41759.22640559545
41985.88240559552
41896.1644055955
41995.32640559552
41825.33440559547
41867.83240559548
41754.50440559544
41962.27240559551
41900.8864055955
41985.88240559552
41674.23040559542
41523.126405595365
42042.54640559554
41811.16840559547
41985.88240559552
42075.60040559556
41863.110405595486
41797.00240559546
41891.44240559549
41886.720405595486
42051.99040559554
41962.27240559552
41811.16840559547
41735.616405595436
41811.16840559546
41981.16040559552
41707.284405595434
41655.34240559541
41773.39240559545
41815.89040559546
41891.44240559549
41929.2184055955
41627.01040559541
41919.7744055955
41985.88240559553
42179.48440559559
41650.620405595415
41641.176405595405
41825.334405595466
41896.16440559549
42070.87840559555
41900.8864055955
41863.11040559548
42136.98640559557
42061.43440559555
41867.83240559549
41877.27640559548
42004.770405595526
41905.6084055955
42122.82040559557
42004.77040559553
41797.002405595464
41943.384405595505
41863.110405595486
41820.612405595464
42278.64640559562
41853.66640559548
41853.666405595475
42061.434405595544
41844.22240559548
41735.616405595436
41863.11040559548
41688.39640559542
41707.28440559543
42207.81640559559
41915.0524055955
42089.76640559556
41905.6084055955
41858.388405595484
41896.16440559549
41981.16040559552
41943.38440559551
41844.22240559548
41886.720405595486
41971.716405595515
41688.39640559543
41712.00640559543
41839.50040559547
42066.156405595546
41886.72040559549
41943.384405595505
42018.93640559554
41641.17640559541
41881.998405595485
41721.45040559543
41787.55840559545
42151.152405595574
42042.546405595545
41721.45040559544
41565.62440559538
41910.330405595494
41886.72040559549
41867.83240559548
41825.334405595466
41886.720405595486
41985.88240559552
42056.71240559555
42033.10240559554
42018.93640559554
41820.61240559547
41896.16440559549
41820.612405595464
41881.998405595485
41830.05640559547
42141.70840559557
41745.060405595446
41844.22240559547
41976.438405595516
41962.27240559552
42018.93640559554
42127.542405595574
42099.210405595564
41938.66240559551
41943.38440559551
41674.23040559542
41858.38840559548
41797.00240559546
41872.55440559548
41532.57040559537
41938.6624055955
41976.43840559552
41801.724405595465
41919.7744055955
41938.66240559551
41900.8864055955
41948.10640559551
41886.72040559549
42000.048405595524
41863.110405595486
41886.720405595486
41910.330405595494
41655.34240559542
41924.4964055955
42094.48840559556
41400.35440559533
41976.438405595516
41863.110405595486
42047.26840559554
41844.22240559548
41811.16840559546
42118.09840559556
41584.51240559539
41966.99440559551
41806.44640559547
42037.82440559554
41905.6084055955
41797.002405595464
41740.33840559544
42070.87840559555
41905.6084055955
41787.55840559546
41971.716405595515
41745.060405595446
41877.27640559548
41740.33840559544
42066.156405595546
41825.33440559547
41929.2184055955
42004.77040559553
41726.17240559544
42028.38040559553
41853.66640559548
42023.65840559553
42018.93640559554
41494.79440559536
41792.280405595455
41943.384405595505
41863.110405595486
41938.6624055955
42066.15640559555
42151.15240559558
41985.88240559553
41985.88240559553
42004.77040559553
41863.110405595486
41966.99440559551
41787.55840559546
41848.944405595474
42014.21440559553
41957.55040559552
41915.0524055955
41844.22240559548
42042.54640559554
41839.50040559548
41853.666405595475
41848.944405595474
42018.93640559553
41924.496405595506
42028.38040559554
41797.002405595464
41811.16840559546
41712.00640559543
41782.83640559545
42160.59640559558
41726.17240559544
41844.22240559547
41957.55040559551
41896.1644055955
41881.998405595485
41773.39240559545
41716.72840559543
41730.894405595434
42037.82440559554
42037.824405595544
41985.88240559553
41957.55040559552
41820.61240559547
42000.048405595524
41952.828405595516
41891.442405595495
41782.83640559545
41612.844405595395
41768.67040559545
42004.770405595526
41763.94840559545
41872.55440559548
41924.4964055955
41612.8444055954
41848.944405595474
42085.04440559555
41990.60440559553
41759.22640559545
41848.944405595474
41655.34240559541
42070.87840559555
41759.22640559545
41952.82840559551
41943.38440559551
42051.99040559555
41924.496405595506
41806.44640559547
41763.948405595445
41839.50040559547
41844.22240559547
41830.05640559547
41905.60840559549
41560.902405595385
41716.72840559543
42037.82440559554
42061.43440559555
41584.51240559539
41933.9404055955
42023.65840559554
41881.99840559549
41678.95240559542
42023.65840559553
41867.83240559549
41915.052405595496
42080.32240559556
41806.44640559547
42009.49240559553
41830.056405595475
42004.770405595526
41957.55040559552
41811.16840559547
41806.44640559546
41858.38840559548
41896.16440559549
41943.384405595505
41678.952405595424
41910.330405595494
41645.89840559541
41938.6624055955
41806.44640559547
42066.156405595546
41669.50840559542
41985.88240559552
41598.6784055954
41886.720405595486
42061.434405595544
41839.50040559548
42094.488405595555
42099.210405595564
41598.6784055954
42070.87840559555
42056.71240559555
41773.392405595456
41631.7324055954
42033.102405595535
41966.99440559552
41938.66240559551
41943.38440559551
42042.546405595545
41948.106405595514
41815.89040559547
41778.11440559545
42042.54640559554
41778.11440559546
41948.10640559551
41763.94840559545
41749.78240559544
41915.052405595496
41745.060405595446
42009.49240559553
41768.670405595454
42004.770405595526
42188.928405595594
41792.28040559546
41806.44640559546
42033.102405595535
41915.0524055955
41910.3304055955
41900.8864055955
41787.55840559545
42042.54640559554
41966.99440559552
42231.42640559561
41759.22640559545
41863.11040559548
42075.60040559555
41872.55440559549
41811.16840559546
41797.00240559546
42047.26840559554
41834.778405595476
41693.11840559542
41839.50040559547
42099.21040559556
41830.056405595475
42051.99040559554
41773.392405595456
41915.052405595496
41976.43840559552
41806.44640559547
41863.11040559548
41919.7744055955
41735.61640559544
41778.11440559545
41773.39240559545
42051.99040559554
41834.778405595476
41905.60840559549
41858.388405595484
41622.2884055954
41976.438405595516
41726.17240559544
41693.11840559542
41905.60840559549
41820.61240559547
42080.32240559555
41797.002405595464
41863.11040559548
41598.67840559539
42066.156405595546
41834.778405595476
42070.87840559555
42127.542405595574
41830.056405595475
42089.766405595554
41933.94040559551
41820.61240559547
41782.83640559545
41900.88640559549
42250.31440559561
41825.33440559547
42037.82440559554
42080.32240559556
42009.492405595534
41683.674405595426
41900.88640559549
41839.50040559547
42042.54640559554
42193.650405595596
41721.45040559544
41787.55840559545
41929.2184055955
41811.16840559547
41735.616405595436
41872.55440559548
41641.176405595405
41839.50040559547
41669.508405595414
41971.716405595515
42000.04840559553
42009.492405595534
41801.724405595465
42014.21440559553
41976.43840559552
42118.09840559557
42009.492405595534
41806.44640559547
42118.09840559556
42000.04840559553
41905.6084055955
42160.596405595585
41688.39640559543
41688.39640559542
42061.434405595544
41905.6084055955
41891.442405595495
42037.82440559554
41815.89040559547
41905.60840559549
41834.778405595476
41839.50040559547
41815.89040559546
41905.60840559549
42136.98640559558
42000.04840559553
41915.0524055955
41815.89040559547
41858.38840559548
41641.176405595405
41678.95240559542
41693.11840559542
41641.176405595405
41867.83240559548
42099.21040559556
41863.110405595486
42028.38040559553
42094.48840559556
41948.106405595514
41886.72040559549
41513.68240559536
41924.4964055955
41839.50040559548
41900.88640559549
42075.60040559555
42070.878405595555
41778.11440559546
41962.27240559551
41745.060405595446
41655.34240559541
41966.99440559551
41575.06840559539
42070.87840559555
41650.620405595415
41768.67040559545
42056.71240559554
41924.496405595506
42028.38040559554
41952.828405595516
41787.55840559546
41688.39640559542
41844.22240559547
41962.27240559551
41820.61240559547
42066.156405595546
42108.65440559557
41877.27640559549
41712.00640559543
41636.4544055954
41712.00640559543
41844.22240559547
41981.16040559552
41778.11440559546
42136.98640559557
42009.492405595534
41957.55040559552
41957.55040559552
41877.27640559549
41981.16040559552
41551.45840559538
42037.82440559554
41688.39640559543
41801.72440559546
41825.334405595466
42099.21040559556
41811.16840559547
42070.87840559555
41948.106405595514
41891.442405595495
41787.55840559545
41872.55440559548
41881.998405595485
41636.4544055954
41678.95240559542
41740.33840559544
41811.16840559546
41848.944405595474
41924.4964055955
41787.55840559546
42085.04440559555
41617.566405595404
41938.6624055955
42103.932405595566
41697.84040559543
42170.04040559558
41806.44640559547
41924.4964055955
41825.33440559547
42198.37240559559
41924.496405595506
41655.34240559542
42089.766405595554
41551.45840559538
41839.50040559547
average revenue:41889.987089302136