46757.33625743138
47270.97696359355
47536.458963593446
47303.48496359354
47433.51696359349
47298.06696359354
47162.616963593595
47644.8189635934
46761.684963593754
47330.57496359353
47509.36896359346
47531.04096359345
47520.20496359345
47661.0729635934
47466.024963593474
47363.082963593515
47162.616963593595
47238.468963593565
47428.09896359349
47303.48496359354
47243.88696359356
47395.5909635935
47541.876963593444
47249.30496359356
47655.6549635934
47655.6549635934
47341.410963593524
47260.140963593556
47260.140963593556
47444.35296359348
47260.140963593556
47531.04096359345
47536.458963593446
47482.27896359347
47287.230963593545
47552.71296359344
47509.36896359346
47308.90296359354
47747.76096359336
47834.44896359333
47747.76096359336
47379.33696359351
47151.7809635936
47677.32696359339
47460.60696359348
47292.64896359354
47650.2369635934
47563.548963593435
47211.378963593575
47476.86096359347
47558.13096359344
47260.140963593556
47308.90296359354
47270.97696359355
47612.310963593416
47536.458963593446
47466.024963593474
47390.172963593504
46875.46296359371
47211.378963593575
47395.5909635935
47541.876963593444
47178.87096359359
47254.72296359356
47476.86096359347
47401.0089635935
47135.526963593606
47558.13096359344
47503.95096359346
47395.5909635935
47455.18896359348
47715.252963593375
47558.13096359344
47178.87096359359
47010.912963593655
47352.24696359352
47438.934963593485
47319.73896359353
47086.764963593625
47682.74496359339
47411.844963593496
47249.30496359356
47563.548963593435
47308.90296359354
47303.48496359354
47639.400963593405
47157.1989635936
47281.81296359355
47487.696963593466
47428.09896359349
47471.44296359347
47352.24696359352
47325.15696359353
47281.81296359355
47308.90296359354
47281.81296359355
47482.27896359347
47444.35296359348
47330.57496359353
47292.64896359354
47601.47496359342
47460.60696359348
47303.48496359354
47476.86096359347
47650.2369635934
47552.71296359344
47379.33696359351
47173.45296359359
47541.876963593444
47216.79696359357
47503.95096359346
47590.638963593425
47401.0089635935
47287.230963593545
47493.11496359346
47130.10896359361
47444.35296359348
47043.42096359364
47130.10896359361
47308.90296359354
47401.0089635935
47325.15696359353
47628.56496359341
47189.706963593584
47428.09896359349
47563.548963593435
47238.468963593565
47205.96096359358
47471.44296359347
47476.86096359347
47476.86096359347
47368.50096359351
47671.90896359339
47428.09896359349
47585.22096359343
47677.32696359339
47352.24696359352
47330.57496359353
47314.320963593535
47287.230963593545
47325.15696359353
47476.86096359347
47655.6549635934
47325.15696359353
47471.44296359347
47525.62296359345
47558.13096359344
47558.13096359344
47184.288963593586
47466.024963593474
47227.63296359357
47520.20496359345
47671.90896359339
47444.35296359348
47438.934963593485
47390.172963593504
47498.53296359346
47373.91896359351
47563.548963593435
47292.64896359354
47406.4269635935
47384.75496359351
47471.44296359347
47677.32696359339
47330.57496359353
47200.54296359358
47455.18896359348
47422.68096359349
47249.30496359356
47254.72296359356
47146.3629635936
47157.1989635936
47568.96696359343
47449.77096359348
47281.81296359355
47010.912963593655
47363.082963593515
47520.20496359345
47547.29496359344
47460.60696359348
47205.96096359358
47233.05096359357
47438.934963593485
47075.92896359363
47401.0089635935
47498.53296359346
47368.50096359351
47357.66496359352
47726.08896359337
46940.47896359368
47135.526963593606
47113.854963593614
47390.172963593504
47075.92896359363
47373.91896359351
47211.378963593575
47373.91896359351
47585.22096359343
47390.172963593504
47525.62296359345
47514.786963593455
47438.934963593485
47633.98296359341
47406.4269635935
47227.63296359357
47233.05096359357
47254.72296359356
47189.706963593584
47308.90296359354
47655.6549635934
47265.558963593554
47449.77096359348
47509.36896359346
47319.73896359353
47319.73896359353
47482.27896359347
47276.39496359355
47390.172963593504
47401.0089635935
47661.0729635934
47390.172963593504
47379.33696359351
47292.64896359354
47281.81296359355
47352.24696359352
47688.162963593386
47292.64896359354
47493.11496359346
47097.60096359362
47449.77096359348
47298.06696359354
47335.992963593526
47395.5909635935
47590.638963593425
47520.20496359345
47596.05696359342
47243.88696359356
47568.96696359343
47661.0729635934
47455.18896359348
47520.20496359345
47574.38496359343
47292.64896359354
47270.97696359355
47303.48496359354
47498.53296359346
47303.48496359354
47503.95096359346
47249.30496359356
47428.09896359349
47747.76096359336
47487.696963593466
47682.74496359339
47401.0089635935
47693.580963593384
47373.91896359351
47666.490963593395
47303.48496359354
47124.69096359361
47357.66496359352
47449.77096359348
47428.09896359349
47373.91896359351
47720.67096359337
47368.50096359351
47590.638963593425
47466.024963593474
47346.82896359352
47401.0089635935
47422.68096359349
47422.68096359349
47698.99896359338
47482.27896359347
47612.310963593416
47298.06696359354
47650.2369635934
47298.06696359354
47525.62296359345
47292.64896359354
47520.20496359345
47471.44296359347
47449.77096359348
47178.87096359359
47238.468963593565
47401.0089635935
47894.046963593304
47525.62296359345
47590.638963593425
47487.696963593466
47590.638963593425
47081.34696359363
47357.66496359352
47178.87096359359
47541.876963593444
47249.30496359356
47590.638963593425
47617.728963593414
47411.844963593496
47363.082963593515
47357.66496359352
47308.90296359354
47731.50696359337
47606.89296359342
47379.33696359351
47585.22096359343
47493.11496359346
47493.11496359346
47428.09896359349
47298.06696359354
47335.992963593526
47135.526963593606
47525.62296359345
47390.172963593504
47596.05696359342
47281.81296359355
47346.82896359352
47411.844963593496
47178.87096359359
47292.64896359354
47563.548963593435
47395.5909635935
47319.73896359353
47476.86096359347
47433.51696359349
47395.5909635935
47368.50096359351
47384.75496359351
47249.30496359356
47135.526963593606
47655.6549635934
47552.71296359344
47606.89296359342
47769.43296359335
47520.20496359345
47476.86096359347
47184.288963593586
47677.32696359339
47292.64896359354
47406.4269635935
47547.29496359344
47666.490963593395
47428.09896359349
47503.95096359346
47558.13096359344
47493.11496359346
47298.06696359354
47227.63296359357
47596.05696359342
47265.558963593554
47346.82896359352
47644.8189635934
47146.3629635936
47449.77096359348
47558.13096359344
47493.11496359346
47379.33696359351
47503.95096359346
47027.16696359365
47276.39496359355
47520.20496359345
47260.140963593556
47438.934963593485
47384.75496359351
47531.04096359345
47682.74496359339
47287.230963593545
47395.5909635935
47335.992963593526
47265.558963593554
47352.24696359352
47417.26296359349
47368.50096359351
47476.86096359347
47335.992963593526
47265.558963593554
47682.74496359339
47379.33696359351
47260.140963593556
47373.91896359351
47428.09896359349
47531.04096359345
47319.73896359353
47341.410963593524
47303.48496359354
47411.844963593496
47189.706963593584
47330.57496359353
47460.60696359348
47276.39496359355
47623.14696359341
47476.86096359347
47081.34696359363
47330.57496359353
47168.03496359359
47574.38496359343
47520.20496359345
47168.03496359359
47363.082963593515
47704.41696359338
47666.490963593395
47482.27896359347
47433.51696359349
47368.50096359351
47357.66496359352
47238.468963593565
47514.786963593455
47146.3629635936
47189.706963593584
47525.62296359345
47216.79696359357
47688.162963593386
47308.90296359354
47303.48496359354
47455.18896359348
47563.548963593435
47411.844963593496
47260.140963593556
47346.82896359352
47233.05096359357
47482.27896359347
47065.09296359363
47422.68096359349
47877.79296359331
47276.39496359355
47130.10896359361
47287.230963593545
47281.81296359355
47601.47496359342
47335.992963593526
47493.11496359346
47579.80296359343
47341.410963593524
47644.8189635934
47270.97696359355
47184.288963593586
47541.876963593444
47455.18896359348
47319.73896359353
47335.992963593526
47233.05096359357
47411.844963593496
47395.5909635935
47444.35296359348
47178.87096359359
47384.75496359351
47563.548963593435
47373.91896359351
47411.844963593496
47303.48496359354
47173.45296359359
47590.638963593425
47205.96096359358
47471.44296359347
47401.0089635935
47222.21496359357
47363.082963593515
47368.50096359351
47476.86096359347
47438.934963593485
47628.56496359341
47406.4269635935
47438.934963593485
47487.696963593466
47184.288963593586
47151.7809635936
47422.68096359349
47422.68096359349
47449.77096359348
47373.91896359351
47444.35296359348
47536.458963593446
47303.48496359354
47346.82896359352
47292.64896359354
47531.04096359345
47709.83496359338
47401.0089635935
47379.33696359351
47168.03496359359
47178.87096359359
47568.96696359343
47298.06696359354
47536.458963593446
47379.33696359351
47428.09896359349
47227.63296359357
47325.15696359353
47574.38496359343
47319.73896359353
47113.854963593614
47303.48496359354
47520.20496359345
47563.548963593435
47270.97696359355
47379.33696359351
47200.54296359358
47406.4269635935
47531.04096359345
47390.172963593504
47265.558963593554
47335.992963593526
47325.15696359353
47590.638963593425
47368.50096359351
47390.172963593504
47428.09896359349
47406.4269635935
47352.24696359352
47520.20496359345
47092.18296359362
47422.68096359349
47243.88696359356
47460.60696359348
47368.50096359351
47466.024963593474
47243.88696359356
47585.22096359343
47335.992963593526
47276.39496359355
47281.81296359355
47596.05696359342
47487.696963593466
47303.48496359354
47308.90296359354
47151.7809635936
47498.53296359346
47205.96096359358
47373.91896359351
47623.14696359341
47547.29496359344
47200.54296359358
47406.4269635935
47265.558963593554
47498.53296359346
47363.082963593515
47455.18896359348
47249.30496359356
47617.728963593414
47401.0089635935
47449.77096359348
47341.410963593524
47308.90296359354
47222.21496359357
47428.09896359349
47395.5909635935
47590.638963593425
47390.172963593504
47352.24696359352
47265.558963593554
47173.45296359359
47444.35296359348
47173.45296359359
47493.11496359346
47525.62296359345
47541.876963593444
47249.30496359356
47417.26296359349
47438.934963593485
47715.252963593375
47650.2369635934
47103.01896359362
47482.27896359347
47379.33696359351
47460.60696359348
47455.18896359348
47287.230963593545
47428.09896359349
46978.40496359367
47276.39496359355
47422.68096359349
47314.320963593535
47308.90296359354
47346.82896359352
47189.706963593584
47406.4269635935
47682.74496359339
47531.04096359345
47574.38496359343
47612.310963593416
47466.024963593474
47249.30496359356
47373.91896359351
47341.410963593524
47482.27896359347
47509.36896359346
47422.68096359349
47747.76096359336
47200.54296359358
47812.77696359334
47254.72296359356
47834.44896359333
47688.162963593386
47303.48496359354
47531.04096359345
47558.13096359344
47368.50096359351
47238.468963593565
47590.638963593425
47384.75496359351
47531.04096359345
47509.36896359346
47509.36896359346
47390.172963593504
47449.77096359348
47525.62296359345
47574.38496359343
47726.08896359337
47558.13096359344
47661.0729635934
47287.230963593545
47623.14696359341
47249.30496359356
47276.39496359355
47238.468963593565
47390.172963593504
47357.66496359352
47075.92896359363
47363.082963593515
47476.86096359347
47417.26296359349
47373.91896359351
47650.2369635934
47222.21496359357
47411.844963593496
47644.8189635934
47314.320963593535
47287.230963593545
47633.98296359341
47401.0089635935
47233.05096359357
47189.706963593584
47352.24696359352
47363.082963593515
47222.21496359357
47335.992963593526
47438.934963593485
47606.89296359342
47368.50096359351
47411.844963593496
47265.558963593554
47493.11496359346
47346.82896359352
47514.786963593455
47270.97696359355
47590.638963593425
47363.082963593515
47292.64896359354
47650.2369635934
47368.50096359351
47308.90296359354
47558.13096359344
47319.73896359353
47471.44296359347
47341.410963593524
47238.468963593565
47438.934963593485
47585.22096359343
47693.580963593384
47482.27896359347
47661.0729635934
47298.06696359354
47455.18896359348
47438.934963593485
47216.79696359357
47617.728963593414
47292.64896359354
47401.0089635935
47482.27896359347
47438.934963593485
47720.67096359337
47444.35296359348
47498.53296359346
47796.52296359334
47606.89296359342
47303.48496359354
47173.45296359359
47428.09896359349
47368.50096359351
47411.844963593496
47417.26296359349
47536.458963593446
47444.35296359348
47325.15696359353
47417.26296359349
46978.40496359367
47352.24696359352
47330.57496359353
47016.33096359365
47438.934963593485
47357.66496359352
47514.786963593455
47265.558963593554
47444.35296359348
47406.4269635935
47292.64896359354
47406.4269635935
47514.786963593455
47352.24696359352
47563.548963593435
47531.04096359345
47666.490963593395
47070.51096359363
47541.876963593444
47579.80296359343
47401.0089635935
47401.0089635935
47531.04096359345
47346.82896359352
47130.10896359361
47444.35296359348
47449.77096359348
47655.6549635934
47417.26296359349
47330.57496359353
47585.22096359343
47265.558963593554
47308.90296359354
47281.81296359355
47330.57496359353
47227.63296359357
47298.06696359354
47368.50096359351
47433.51696359349
47449.77096359348
47303.48496359354
47373.91896359351
47303.48496359354
47531.04096359345
47428.09896359349
47330.57496359353
47525.62296359345
47558.13096359344
47395.5909635935
47536.458963593446
47021.74896359365
47314.320963593535
47612.310963593416
47715.252963593375
47130.10896359361
47991.570963593265
47363.082963593515
47401.0089635935
47476.86096359347
47493.11496359346
47308.90296359354
47438.934963593485
47314.320963593535
47590.638963593425
47205.96096359358
47639.400963593405
47438.934963593485
47243.88696359356
47498.53296359346
47466.024963593474
47585.22096359343
47428.09896359349
47547.29496359344
47384.75496359351
47417.26296359349
47433.51696359349
47395.5909635935
47596.05696359342
47401.0089635935
47184.288963593586
47395.5909635935
47466.024963593474
47514.786963593455
47568.96696359343
47547.29496359344
47270.97696359355
47428.09896359349
47254.72296359356
47233.05096359357
47379.33696359351
47606.89296359342
47666.490963593395
47536.458963593446
47661.0729635934
47411.844963593496
47742.342963593364
47303.48496359354
47422.68096359349
47574.38496359343
47476.86096359347
47000.07696359366
47157.1989635936
47406.4269635935
47574.38496359343
47585.22096359343
47568.96696359343
47531.04096359345
47509.36896359346
47270.97696359355
47476.86096359347
47422.68096359349
47466.024963593474
46951.31496359368
47390.172963593504
47493.11496359346
47211.378963593575
47222.21496359357
47520.20496359345
47390.172963593504
47054.25696359364
47612.310963593416
47503.95096359346
47617.728963593414
47471.44296359347
47330.57496359353
47373.91896359351
47352.24696359352
47449.77096359348
47335.992963593526
47466.024963593474
47633.98296359341
47363.082963593515
47108.43696359362
47222.21496359357
47785.68696359335
47222.21496359357
47655.6549635934
47200.54296359358
47292.64896359354
47433.51696359349
47563.548963593435
47308.90296359354
47411.844963593496
47482.27896359347
47189.706963593584
47579.80296359343
47406.4269635935
47184.288963593586
47243.88696359356
47298.06696359354
47428.09896359349
47633.98296359341
47287.230963593545
47379.33696359351
47596.05696359342
47352.24696359352
47335.992963593526
47346.82896359352
47579.80296359343
47270.97696359355
47417.26296359349
47693.580963593384
47531.04096359345
47509.36896359346
47243.88696359356
47308.90296359354
47449.77096359348
47493.11496359346
47352.24696359352
47574.38496359343
47444.35296359348
47466.024963593474
47227.63296359357
47406.4269635935
47254.72296359356
47227.63296359357
47612.310963593416
47260.140963593556
47373.91896359351
47335.992963593526
47384.75496359351
47319.73896359353
47238.468963593565
47520.20496359345
47151.7809635936
47292.64896359354
47384.75496359351
47265.558963593554
47487.696963593466
47422.68096359349
47493.11496359346
47514.786963593455
47433.51696359349
47281.81296359355
47476.86096359347
47363.082963593515
47162.616963593595
47460.60696359348
47027.16696359365
47401.0089635935
47579.80296359343
47303.48496359354
47043.42096359364
47487.696963593466
47503.95096359346
47531.04096359345
47460.60696359348
47319.73896359353
47482.27896359347
47184.288963593586
47455.18896359348
47476.86096359347
47417.26296359349
47357.66496359352
47411.844963593496
47395.5909635935
47119.27296359361
47438.934963593485
47335.992963593526
47628.56496359341
47514.786963593455
47476.86096359347
47563.548963593435
47444.35296359348
47379.33696359351
47503.95096359346
47558.13096359344
47671.90896359339
47406.4269635935
47276.39496359355
47438.934963593485
47720.67096359337
47612.310963593416
47384.75496359351
47433.51696359349
47655.6549635934
47287.230963593545
47346.82896359352
47709.83496359338
47623.14696359341
47541.876963593444
47352.24696359352
47493.11496359346
47590.638963593425
47520.20496359345
47677.32696359339
47341.410963593524
47178.87096359359
47249.30496359356
47401.0089635935
47536.458963593446
47883.21096359331
47612.310963593416
47433.51696359349
47498.53296359346
47633.98296359341
47601.47496359342
47379.33696359351
47363.082963593515
47455.18896359348
47249.30496359356
47677.32696359339
47438.934963593485
47401.0089635935
47590.638963593425
47433.51696359349
47471.44296359347
47292.64896359354
47319.73896359353
47135.526963593606
47243.88696359356
47585.22096359343
47379.33696359351
47585.22096359343
47298.06696359354
47363.082963593515
47243.88696359356
47205.96096359358
47368.50096359351
47357.66496359352
47709.83496359338
47449.77096359348
47541.876963593444
47292.64896359354
47487.696963593466
47525.62296359345
47216.79696359357
47438.934963593485
47384.75496359351
47596.05696359342
47195.12496359358
47108.43696359362
47509.36896359346
47411.844963593496
47466.024963593474
47563.548963593435
47574.38496359343
47379.33696359351
47585.22096359343
47514.786963593455
47552.71296359344
47428.09896359349
47520.20496359345
47525.62296359345
47395.5909635935
47065.09296359363
47335.992963593526
47547.29496359344
47314.320963593535
47444.35296359348
47650.2369635934
47287.230963593545
47552.71296359344
47341.410963593524
46842.95496359372
47417.26296359349
average revenue:47408.470618887346