38824.936228793806
39099.09883256518
39033.488832565316
39252.18883256511
39120.968832565246
39116.59483256524
39239.066832565135
39007.244832565346
39190.95283256516
39462.14083256519
38924.138832565426
39204.074832565144
39304.676832565085
39094.72483256527
38919.764832565415
39046.61083256528
39033.4888325653
39120.968832565224
39322.17283256506
39190.95283256519
39059.7328325653
38880.398832565435
38937.26083256538
38858.528832565455
38994.12283256527
39064.106832565274
39103.47283256524
39129.71683256523
39182.204832565185
39068.48083256529
39094.72483256526
38902.26883256543
39151.58683256519
39151.58683256521
39317.798832565066
38946.0088325654
38937.260832565385
39099.09883256524
38967.87883256537
38902.268832565416
39225.944832565125
39151.58683256522
39160.334832565204
39269.68483256511
39125.34283256524
39234.69283256514
39169.082832565204
39492.75883256521
38941.63483256542
39317.79883256505
39107.84683256526
39212.82283256516
39164.70883256521
39050.9848325653
39085.976832565255
39155.96083256521
38989.748832565354
39217.19683256514
39208.44883256517
39169.082832565204
39199.70083256518
38994.12283256536
39208.44883256515
39002.87083256535
39204.07483256515
39072.85483256529
39142.83883256522
39195.32683256517
39064.106832565296
38937.260832565385
39195.32683256516
39217.19683256516
39256.56283256513
38937.26083256541
39204.07483256515
39142.83883256523
39256.56283256512
39190.952832565185
39300.30283256509
38989.74883256536
39024.74083256531
39125.34283256522
39204.074832565166
39134.090832565234
39330.92083256507
39344.042832565094
39309.05083256509
39103.47283256526
39155.96083256521
39317.798832565066
39204.07483256517
38884.77283256545
39444.64483256514
39357.164832565104
39138.46483256524
39177.83083256519
39050.98483256531
39230.31883256513
39317.79883256508
38954.75683256539
38967.87883256536
39138.46483256521
39295.928832565085
39112.220832565254
38959.13083256538
39081.60283256526
39409.65283256513
39085.976832565284
39116.59483256524
39020.36683256533
38832.28483256548
39011.618832565255
39217.19683256514
39199.70083256518
39208.44883256517
38946.0088325654
39335.29483256506
38976.62683256538
39357.164832565075
38985.37483256537
38967.87883256536
39173.45683256518
38967.87883256538
39505.88083256519
39212.82283256518
39099.098832565265
39164.7088325652
39195.32683256517
39278.43283256511
39129.71683256524
39239.066832565135
39269.684832565115
39326.54683256508
39125.34283256525
39234.69283256514
39173.4568325652
38954.75683256539
39361.53883256508
39278.432832565115
39177.830832565196
39256.56283256513
39116.59483256525
39151.58683256521
39295.928832565085
39151.58683256522
39278.4328325651
39230.31883256515
39221.57083256516
39029.11483256533
39313.424832565055
39164.70883256521
39134.09083256523
39274.058832565104
39072.85483256529
39007.24483256534
39094.72483256525
39348.41683256508
39037.862832565326
38924.1388325654
39278.43283256508
38867.27683256547
39190.9528325651
39033.48883256532
39208.44883256515
39077.228832565284
39064.10683256529
39142.838832565205
39287.18083256509
39125.34283256524
39370.2868325651
39322.17283256508
39138.46483256524
39278.4328325651
39007.244832565346
38994.122832565336
39173.45683256518
39348.4168325651
38854.15483256549
39020.36683256525
39077.22883256526
38950.38283256539
38989.74883256534
39470.888832565164
39177.83083256521
38985.374832565365
39361.53883256508
39169.08283256521
39160.33483256521
39335.29483256507
39225.94483256516
38941.6348325654
39007.244832565324
39287.18083256508
39252.18883256513
39217.19683256516
39064.106832565296
39002.87083256533
39042.23683256529
39050.984832565286
39173.45683256518
39300.30283256509
39182.20483256519
39138.46483256523
39151.58683256521
39107.84683256525
39059.73283256529
39212.82283256514
39081.60283256528
39243.44083256513
39330.92083256508
39160.33483256522
39182.204832565185
38963.504832565384
39339.66883256506
39169.08283256521
39300.30283256509
39230.31883256515
38967.87883256538
39011.61883256532
38814.78883256549
39300.302832565
39099.098832565265
39116.59483256524
39142.83883256522
39300.30283256508
38928.512832565415
39322.17283256505
39068.4808325653
39199.70083256517
38946.0088325654
39046.61083256529
39015.992832565316
39059.73283256528
39151.5868325652
38880.39883256545
39278.43283256508
39330.92083256508
39453.39283256518
39142.838832565234
39147.212832565216
39230.31883256514
39094.72483256527
38810.41483256551
39099.09883256518
39309.05083256507
39317.79883256508
39313.42483256508
39064.106832565296
39033.4888325653
39357.164832565075
39099.09883256527
38989.748832565354
39147.2128325652
39064.10683256529
39059.73283256528
39064.106832565274
39164.708832565186
39112.22083256525
39169.0828325652
39344.042832565094
39120.96883256525
38985.37483256536
39295.92883256507
39309.05083256508
39120.968832565246
39138.46483256522
39064.10683256529
39313.424832565055
39247.814832565135
39037.86283256532
39015.992832565316
39317.79883256505
39155.960832565215
39182.204832565185
38919.76483256542
38998.496832565324
39300.30283256507
39120.968832565246
39239.066832565135
39252.18883256513
39186.57883256519
39138.46483256523
39160.334832565204
39112.22083256525
39335.29483256507
39199.700832565184
39046.61083256531
39059.73283256528
38928.51283256539
39182.20483256516
38924.13883256542
39239.06683256511
39147.21283256522
39282.8068325651
39278.43283256511
39374.66083256512
39138.46483256524
39247.81483256513
39409.652832565145
39116.59483256526
39195.32683256517
39142.83883256523
38963.50483256538
39068.48083256527
39182.204832565185
39204.07483256517
39169.082832565204
39269.684832565115
39365.91283256511
39125.34283256525
39234.69283256514
39243.44083256514
38919.76483256542
39269.684832565086
39344.042832565094
39160.33483256522
39326.546832565065
38954.7568325654
39120.968832565224
39169.0828325652
39344.042832565094
38946.00883256541
39151.5868325652
39037.86283256531
38937.260832565385
39002.87083256533
39221.570832565136
39199.70083256518
39164.70883256521
39282.8068325651
39204.07483256517
39138.46483256523
38950.38283256539
39050.984832565286
39020.36683256531
39225.94483256513
39081.60283256528
39164.7088325652
39011.618832565335
39182.20483256517
39322.17283256508
39335.29483256509
39182.2048325652
39120.968832565246
39033.488832565316
39125.34283256522
39169.0828325652
39147.21283256522
39068.480832565285
39274.058832565104
39212.822832565165
39182.20483256519
38972.25283256538
39120.968832565224
39335.29483256507
39138.46483256524
39107.84683256525
39037.86283256531
39029.114832565305
38989.74883256534
39020.36683256531
39339.66883256506
38963.50483256539
39186.57883256517
39204.07483256517
39326.54683256508
38889.14683256546
39099.098832565236
39173.45683256519
39015.99283256534
39151.5868325652
39147.212832565216
39160.334832565204
39055.358832565296
39050.984832565286
39120.968832565224
39138.46483256522
39287.18083256509
39230.31883256515
38954.75683256539
39160.33483256519
39142.83883256522
39011.618832565335
39186.57883256517
39230.31883256515
39134.090832565234
38871.65083256546
39282.80683256507
38994.12283256536
39147.2128325652
39462.14083256517
39020.36683256534
39370.286832565085
39497.132832565214
39317.798832565095
39348.4168325651
39256.562832565134
39094.72483256527
39361.53883256509
39107.846832565265
38906.64283256543
38954.75683256536
39007.244832565324
39164.708832565186
39208.44883256516
39042.236832565315
39147.2128325652
39169.0828325652
39199.70083256518
39195.32683256518
38919.76483256542
39295.92883256506
39212.822832565165
39125.34283256524
39042.23683256531
39221.570832565136
39269.684832565115
39160.33483256521
39169.0828325652
39422.774832565156
39151.586832565226
39155.96083256521
39287.18083256509
39169.082832565204
38946.0088325654
39094.72483256525
39195.32683256517
39160.33483256521
39195.32683256517
39020.366832565334
39199.700832565155
39387.78283256513
39116.59483256526
39370.2868325651
38998.49683256536
38967.87883256536
39339.66883256506
39186.578832565196
39155.960832565215
38937.2608325654
39107.846832565236
39225.94483256515
39225.944832565154
39112.220832565254
39269.68483256511
39260.93683256512
39090.35083256527
39151.58683256521
39225.94483256515
39155.960832565215
39247.81483256513
39138.46483256523
39120.96883256524
39265.31083256511
39177.830832565196
39260.93683256512
39081.60283256528
38932.886832565404
39134.090832565205
39112.22083256525
39142.83883256522
39138.46483256522
39160.334832565204
39204.074832565166
39361.53883256511
39177.8308325652
39195.32683256518
38985.374832565365
39147.2128325652
38959.13083256538
39147.2128325652
39379.03483256511
39002.87083256536
39116.59483256523
39064.10683256529
39374.66083256509
39064.1068325653
38902.268832565416
39151.58683256519
39169.0828325652
39287.1808325651
39042.236832565315
39068.48083256527
39239.066832565135
39151.58683256522
38941.634832565396
38862.90283256545
38823.53683256542
39239.066832565055
39085.97683256528
39243.44083256513
39374.66083256512
39212.82283256517
39011.61883256534
39239.06683256512
39120.968832565246
39269.68483256511
39370.286832565114
39077.22883256529
39138.46483256522
39077.22883256528
39129.71683256523
39195.32683256517
39317.79883256508
38972.25283256538
38792.91883256551
39103.472832565174
38981.00083256536
39326.54683256505
39072.854832565296
39239.066832565135
39291.554832565096
39256.56283256513
39125.34283256524
39094.72483256526
39186.57883256518
39348.4168325651
39033.48883256533
39291.554832565074
39449.018832565176
39252.18883256514
39265.31083256512
39099.098832565265
39129.71683256523
39002.87083256534
39304.67683256506
39195.32683256518
39304.676832565085
39440.27083256517
39313.424832565084
39217.19683256516
39177.830832565196
39300.30283256509
39313.42483256508
38928.512832565415
39195.32683256515
39169.082832565204
39050.98483256531
38941.63483256538
39169.08283256518
39125.34283256524
39142.83883256522
38998.496832565346
39029.114832565305
39164.708832565186
39357.16483256509
39217.19683256517
39033.48883256532
38998.49683256533
39090.35083256525
39265.31083256511
39160.33483256521
39217.196832565154
39142.83883256523
39107.84683256525
39300.30283256508
39107.84683256526
38972.25283256537
39287.18083256508
39208.44883256517
39265.31083256512
39155.960832565215
39278.4328325651
39059.7328325653
38862.90283256545
39195.32683256509
38972.25283256538
39208.44883256515
39120.968832565246
39112.22083256525
39300.30283256508
39033.48883256532
39274.05883256509
39195.32683256518
39164.70883256521
39234.69283256514
39055.3588325653
39190.95283256516
39055.3588325653
39085.976832565255
39011.618832565335
39125.34283256522
38959.13083256538
39046.61083256529
39282.80683256508
38994.12283256536
39199.700832565155
39344.042832565094
39269.68483256512
39129.71683256524
39081.60283256527
39142.83883256522
39269.68483256511
39064.106832565296
39015.992832565316
39313.424832565055
39190.952832565185
39396.530832565135
39361.53883256511
39335.29483256509
38937.260832565415
38919.7648325654
39287.18083256507
39107.84683256526
39090.350832565266
39090.350832565266
39033.488832565316
39291.554832565074
39212.822832565165
39252.18883256513
39190.952832565185
39317.79883256508
39103.47283256526
39055.358832565296
39068.48083256527
38967.87883256537
39103.47283256524
39129.71683256523
39243.44083256513
39081.60283256528
39037.86283256531
39370.286832565085
39059.73283256531
39392.1568325651
39046.61083256532
39103.47283256524
39169.0828325652
39173.4568325652
39120.968832565246
39186.57883256518
39190.952832565185
39033.48883256532
39037.8628325653
39304.67683256506
38976.62683256537
38941.63483256538
39138.46483256521
39164.7088325652
39011.618832565335
39239.06683256512
39182.20483256519
38959.13083256539
39304.67683256506
39217.19683256516
39099.098832565265
39155.96083256521
38989.748832565354
39182.20483256517
39199.70083256518
39007.244832565346
39085.976832565255
39278.4328325651
39173.4568325652
38897.89483256544
39217.19683256513
39112.220832565254
39107.84683256525
39300.30283256508
38889.14683256545
39155.960832565186
39155.96083256521
38954.756832565385
39344.042832565065
39090.35083256528
39120.96883256524
39059.73283256529
39125.34283256522
39064.10683256529
39155.96083256519
38976.626832565365
39295.92883256507
39107.84683256526
39090.350832565266
38941.634832565396
39151.5868325652
39125.342832565235
38889.14683256544
39190.952832565155
38981.00083256537
39392.1568325651
39007.24483256535
39064.106832565274
39484.010832565174
39225.94483256517
39125.34283256524
39090.350832565266
39155.96083256521
39138.46483256522
39186.57883256518
39361.53883256511
39151.586832565226
39151.58683256521
39085.97683256527
39374.6608325651
39230.31883256516
39094.72483256527
39059.73283256529
39134.09083256521
38963.50483256538
38906.64283256541
39252.1888325651
39182.20483256519
39099.098832565265
39002.87083256534
39160.33483256519
39317.798832565066
39212.822832565165
39287.1808325651
39427.14883256516
39361.53883256511
39374.66083256512
39190.95283256519
39182.20483256519
38967.87883256538
39278.432832565086
39278.43283256511
39134.090832565234
39195.32683256517
38928.512832565415
39055.358832565274
39155.96083256519
39177.83083256519
39339.66883256509
39020.36683256534
39322.17283256505
38989.74883256537
39120.968832565224
39064.10683256529
39357.164832565075
39007.24483256535
39409.652832565116
38932.88683256542
39099.098832565236
39099.09883256526
39024.74083256532
39444.64483256514
38946.00883256541
39037.8628325653
39068.48083256527
39160.334832565204
39212.82283256516
39278.43283256511
38845.40683256549
39134.09083256515
39120.96883256524
39155.96083256521
38998.496832565346
39090.35083256525
39160.334832565204
39230.31883256514
39138.46483256523
39295.928832565085
39256.56283256513
39212.822832565165
39313.42483256508
39295.92883256509
39011.61883256534
39300.30283256507
39199.70083256518
39164.70883256521
39002.87083256534
39291.554832565074
39278.43283256511
39326.54683256508
39151.586832565226
39138.46483256522
39335.29483256507
39479.6368325652
38998.49683256537
39042.23683256529
39125.34283256522
39274.058832565104
39287.1808325651
39064.106832565296
39155.96083256519
39177.83083256519
39160.33483256521
39147.212832565216
38954.756832565385
39177.830832565174
39151.58683256522
39177.83083256519
39225.944832565154
39112.220832565254
39037.86283256531
39217.19683256514
39142.83883256523
39169.0828325652
39195.32683256518
38976.62683256537
39125.34283256522
39134.09083256523
39024.74083256532
39361.53883256508
39125.34283256525
38946.00883256539
39291.554832565074
39094.72483256527
39208.44883256516
39339.66883256509
39204.07483256518
39155.960832565215
38950.38283256539
39190.95283256516
39173.4568325652
39282.806832565104
39046.61083256531
39182.20483256517
39230.31883256515
39348.4168325651
39029.114832565334
39085.976832565255
39449.01883256516
39129.716832565246
39064.10683256529
39020.36683256531
39501.50683256519
39129.71683256525
39317.798832565066
39309.05083256508
39151.58683256522
39186.57883256518
38976.62683256537
39322.17283256505
39190.95283256519
39002.87083256535
39265.3108325651
39571.49083256527
39173.456832565214
39059.7328325653
39169.08283256518
39190.952832565185
39260.93683256512
38911.01683256543
39274.05883256508
39260.93683256512
39033.48883256532
39195.32683256516
39352.7908325651
39120.96883256525
38967.87883256537
39265.3108325651
39160.33483256521
39300.30283256508
39212.822832565165
39002.87083256535
39221.570832565136
39348.4168325651
39300.302832565096
39129.71683256524
39234.69283256514
39221.57083256516
39050.98483256531
39177.830832565174
39190.952832565185
39046.61083256531
39309.05083256506
39046.61083256531
39282.80683256508
39134.090832565234
39015.99283256533
39090.35083256525
39177.83083256519
38946.0088325654
39173.45683256518
39291.554832565096
39134.090832565234
39260.936832565116
39199.70083256518
39107.84683256526
39269.68483256511
39190.952832565185
39344.042832565094
39405.27883256514
39177.8308325652
39055.3588325653
39243.44083256512
39134.090832565234
39212.82283256516
39204.07483256517
39160.33483256521
39129.71683256523
39064.10683256529
39260.9368325651
38976.62683256537
39129.71683256522
39099.09883256526
39046.610832565304
39177.830832565174
38994.12283256536
38797.29283256551
38906.64283256535
39348.41683256507
38858.528832565484
39107.84683256517
39575.86483256526
39339.668832565105
38994.122832565365
38941.63483256538
39107.846832565236
39269.68483256511
38981.00083256537
39164.708832565186
38902.26883256543
39274.05883256508
39212.822832565165
39094.72483256527
39374.6608325651
39120.96883256525
39094.72483256526
39077.22883256528
39077.22883256528
38876.024832565454
39247.8148325651
39431.52283256516
38963.50483256539
39217.19683256514
39230.31883256515
39007.244832565346
39352.79083256507
39177.8308325652
39042.236832565315
39357.164832565075
39120.96883256525
39475.26283256518
39099.09883256528
39077.22883256528
39094.72483256526
39081.60283256527
39037.86283256531
39217.19683256514
39212.822832565165
39492.75883256521
39239.06683256516
39129.71683256524
39068.480832565285
38972.25283256537
39392.1568325651
39120.96883256525
38989.748832565354
39155.96083256519
39396.53083256512
39077.22883256529
39011.618832565335
39155.96083256519
39125.342832565235
39125.342832565235
39190.95283256518
39256.56283256513
38972.25283256538
39125.34283256522
39291.55483256509
39151.58683256522
39190.95283256518
39208.44883256517
38976.62683256537
38946.00883256538
39116.59483256523
39252.18883256512
39217.19683256516
39304.676832565085
39265.31083256512
39309.05083256508
38950.382832565396
39107.846832565236
39169.0828325652
39094.72483256527
39208.44883256516
39287.1808325651
39300.30283256509
38946.0088325654
39116.59483256523
39295.928832565085
39239.06683256514
39326.54683256508
39116.59483256526
39037.86283256531
39230.31883256513
39190.952832565185
39085.97683256528
39247.81483256513
39107.84683256526
39090.350832565266
39239.066832565135
39094.72483256527
39037.86283256531
39147.2128325652
39125.342832565235
38989.748832565354
39094.72483256525
39107.84683256525
39269.68483256511
39120.968832565246
39042.23683256531
39125.34283256522
38985.37483256536
39147.2128325652
39103.472832565254
39282.8068325651
38946.0088325654
average revenue:39151.391401961446