45092.18743097855
46008.48949258217
46129.101492582144
45824.949492582215
45924.58549258219
45772.50949258223
45814.46149258222
46302.1534925821
46066.17349258216
45908.853492582195
45977.02549258218
45845.92549258221
45809.21749258222
45840.68149258221
46123.857492582145
45929.82949258219
46018.97749258217
46171.053492582134
46181.54149258213
45940.31749258219
46039.953492582164
45987.51349258218
45809.21749258222
46134.34549258214
46029.46549258217
45835.43749258221
45814.46149258222
46024.22149258217
46186.78549258213
46260.20149258211
45956.049492582184
45950.805492582185
45824.949492582215
45798.72949258222
45866.901492582205
45798.72949258222
46176.29749258213
46150.07749258214
46165.809492582135
46018.97749258217
45751.53349258223
45982.26949258218
45788.24149258222
45798.72949258222
46134.34549258214
45945.56149258219
46228.73749258212
45793.48549258222
45956.049492582184
45819.705492582216
46260.20149258211
45961.29349258218
46034.709492582166
45966.53749258218
46108.12549258215
46123.857492582145
46113.36949258215
46087.14949258215
46034.709492582166
46150.07749258214
45924.58549258219
45929.82949258219
46071.41749258216
46108.12549258215
45977.02549258218
46281.17749258211
45856.41349258221
46018.97749258217
45714.82549258224
45782.997492582224
46055.68549258216
46307.3974925821
46160.565492582136
46333.617492582096
46024.22149258217
45688.60549258225
46097.63749258215
46039.953492582164
45945.56149258219
46302.1534925821
46134.34549258214
46365.08149258209
46108.12549258215
45887.8774925822
46003.24549258217
46349.34949258209
46018.97749258217
45688.60549258225
45945.56149258219
46013.73349258217
46092.39349258215
46081.905492582155
46192.02949258213
45977.02549258218
45877.3894925822
45830.19349258221
46076.661492582156
45893.1214925822
45767.26549258223
46039.953492582164
46076.661492582156
45824.949492582215
45845.92549258221
45977.02549258218
46213.005492582124
46045.19749258216
46333.617492582096
45798.72949258222
45809.21749258222
46134.34549258214
46165.809492582135
46055.68549258216
45877.3894925822
46045.19749258216
45845.92549258221
45982.26949258218
45893.1214925822
45856.41349258221
46202.51749258213
46134.34549258214
46139.58949258214
46134.34549258214
46029.46549258217
46192.02949258213
46087.14949258215
46317.8854925821
45824.949492582215
46286.42149258211
45908.853492582195
45987.51349258218
46213.005492582124
46275.93349258211
46008.48949258217
46029.46549258217
46034.709492582166
46202.51749258213
46113.36949258215
46076.661492582156
45814.46149258222
46013.73349258217
45877.3894925822
45866.901492582205
45877.3894925822
46087.14949258215
46281.17749258211
45956.049492582184
46165.809492582135
46123.857492582145
45824.949492582215
46213.005492582124
46118.613492582146
46076.661492582156
46050.44149258216
45977.02549258218
46165.809492582135
46060.92949258216
46260.20149258211
46338.861492582095
46197.27349258213
45735.801492582235
46129.101492582144
46139.58949258214
45893.1214925822
46333.617492582096
46333.617492582096
46003.24549258217
45861.657492582206
46087.14949258215
45877.3894925822
45893.1214925822
46039.953492582164
45919.34149258219
46349.34949258209
46076.661492582156
46134.34549258214
46066.17349258216
45625.67749258226
46118.613492582146
46443.74149258207
46034.709492582166
46008.48949258217
46239.22549258212
45861.657492582206
45987.51349258218
46265.44549258211
45919.34149258219
45945.56149258219
46087.14949258215
46155.32149258214
46039.953492582164
46029.46549258217
45835.43749258221
46144.83349258214
45998.001492582174
46213.005492582124
46144.83349258214
46632.525492582026
46108.12549258215
46202.51749258213
46102.88149258215
45814.46149258222
45961.29349258218
46024.22149258217
46066.17349258216
46081.905492582155
46192.02949258213
46118.613492582146
45830.19349258221
45625.67749258226
45840.68149258221
46045.19749258216
46123.857492582145
45861.657492582206
45741.045492582234
46102.88149258215
46008.48949258217
46066.17349258216
46265.44549258211
46144.83349258214
46144.83349258214
45803.97349258222
46144.83349258214
46029.46549258217
46018.97749258217
45966.53749258218
45741.045492582234
45741.045492582234
46118.613492582146
45956.049492582184
46097.63749258215
46150.07749258214
45851.16949258221
45919.34149258219
45956.049492582184
45898.3654925822
45977.02549258218
45861.657492582206
45940.31749258219
45824.949492582215
46239.22549258212
46249.713492582116
46092.39349258215
45819.705492582216
46150.07749258214
45903.609492582196
45940.31749258219
45872.1454925822
46233.98149258212
46029.46549258217
45898.3654925822
46097.63749258215
46433.25349258207
45793.48549258222
45814.46149258222
45929.82949258219
45914.097492582194
46134.34549258214
45992.757492582175
45877.3894925822
45714.82549258224
46181.54149258213
46108.12549258215
45998.001492582174
45851.16949258221
46155.32149258214
45966.53749258218
45992.757492582175
45898.3654925822
45919.34149258219
45798.72949258222
45992.757492582175
46129.101492582144
46129.101492582144
45767.26549258223
46296.909492582105
46024.22149258217
45966.53749258218
46302.1534925821
45977.02549258218
46218.24949258212
46113.36949258215
46349.34949258209
45809.21749258222
46260.20149258211
46118.613492582146
46155.32149258214
45898.3654925822
46218.24949258212
46024.22149258217
45924.58549258219
45998.001492582174
46003.24549258217
46113.36949258215
46060.92949258216
45908.853492582195
46039.953492582164
45678.11749258225
46370.32549258209
45935.07349258219
45887.8774925822
45977.02549258218
45940.31749258219
46186.78549258213
46066.17349258216
46003.24549258217
45636.16549258226
46218.24949258212
45819.705492582216
46202.51749258213
46249.713492582116
46097.63749258215
46312.6414925821
46144.83349258214
46039.953492582164
45803.97349258222
46123.857492582145
46296.909492582105
45982.26949258218
45814.46149258222
46202.51749258213
45966.53749258218
45856.41349258221
45866.901492582205
45882.6334925822
45914.097492582194
46013.73349258217
46066.17349258216
46239.22549258212
45882.6334925822
46223.49349258212
46097.63749258215
45971.78149258218
46003.24549258217
45961.29349258218
46097.63749258215
46066.17349258216
46029.46549258217
46386.057492582084
45956.049492582184
45992.757492582175
46186.78549258213
46076.661492582156
45908.853492582195
46223.49349258212
46034.709492582166
45851.16949258221
45971.78149258218
45903.609492582196
46092.39349258215
46207.761492582125
46291.665492582106
45903.609492582196
46029.46549258217
45914.097492582194
45693.849492582245
45756.77749258223
46092.39349258215
45856.41349258221
45924.58549258219
45725.31349258224
46092.39349258215
45866.901492582205
45851.16949258221
46118.613492582146
46102.88149258215
45935.07349258219
45704.33749258224
46013.73349258217
46029.46549258217
46003.24549258217
46317.8854925821
45945.56149258219
45803.97349258222
46150.07749258214
46087.14949258215
46291.665492582106
46081.905492582155
45992.757492582175
46228.73749258212
46365.08149258209
45924.58549258219
46097.63749258215
46150.07749258214
45956.049492582184
46344.10549258209
46239.22549258212
45998.001492582174
45898.3654925822
46013.73349258217
46050.44149258216
46066.17349258216
45914.097492582194
46275.93349258211
45940.31749258219
45893.1214925822
45956.049492582184
45599.45749258227
46092.39349258215
45940.31749258219
46024.22149258217
46144.83349258214
45966.53749258218
45935.07349258219
46218.24949258212
46113.36949258215
45882.6334925822
45998.001492582174
45615.18949258226
46223.49349258212
46039.953492582164
45914.097492582194
46060.92949258216
45866.901492582205
46249.713492582116
46018.97749258217
46244.46949258212
45956.049492582184
45908.853492582195
46233.98149258212
45872.1454925822
46165.809492582135
46003.24549258217
46071.41749258216
45992.757492582175
46134.34549258214
45866.901492582205
45877.3894925822
46281.17749258211
46239.22549258212
45977.02549258218
46150.07749258214
45977.02549258218
46118.613492582146
46034.709492582166
45893.1214925822
46024.22149258217
46181.54149258213
46102.88149258215
45971.78149258218
46097.63749258215
45856.41349258221
46087.14949258215
45966.53749258218
45887.8774925822
46249.713492582116
46181.54149258213
46102.88149258215
46066.17349258216
46034.709492582166
46213.005492582124
45877.3894925822
45882.6334925822
45903.609492582196
45971.78149258218
46228.73749258212
46108.12549258215
46024.22149258217
46029.46549258217
46081.905492582155
46134.34549258214
45856.41349258221
46113.36949258215
45908.853492582195
46055.68549258216
46123.857492582145
45777.753492582226
45683.36149258225
46223.49349258212
45798.72949258222
46018.97749258217
45824.949492582215
45950.805492582185
45845.92549258221
46024.22149258217
46155.32149258214
45861.657492582206
45599.45749258227
46202.51749258213
46249.713492582116
46165.809492582135
45819.705492582216
46060.92949258216
46060.92949258216
45877.3894925822
46066.17349258216
46102.88149258215
45735.801492582235
46218.24949258212
46118.613492582146
45903.609492582196
46003.24549258217
46223.49349258212
46029.46549258217
46039.953492582164
46186.78549258213
45977.02549258218
45929.82949258219
45971.78149258218
46144.83349258214
45924.58549258219
45914.097492582194
45777.753492582226
45977.02549258218
46045.19749258216
45762.02149258223
46050.44149258216
45767.26549258223
45872.1454925822
45772.50949258223
46050.44149258216
45772.50949258223
45782.997492582224
46102.88149258215
45877.3894925822
46081.905492582155
45977.02549258218
46244.46949258212
45725.31349258224
45782.997492582224
45945.56149258219
45756.77749258223
45861.657492582206
45919.34149258219
45945.56149258219
46097.63749258215
46354.59349258209
46417.52149258208
45819.705492582216
46018.97749258217
46202.51749258213
46076.661492582156
46134.34549258214
46045.19749258216
46118.613492582146
45945.56149258219
45898.3654925822
46317.8854925821
46233.98149258212
45908.853492582195
46302.1534925821
46008.48949258217
46228.73749258212
45998.001492582174
46018.97749258217
46076.661492582156
46102.88149258215
46155.32149258214
46281.17749258211
45699.093492582244
46186.78549258213
45746.28949258223
46349.34949258209
46008.48949258217
46029.46549258217
45735.801492582235
45709.58149258224
45987.51349258218
46097.63749258215
46076.661492582156
46165.809492582135
46050.44149258216
46034.709492582166
46102.88149258215
46008.48949258217
45830.19349258221
46249.713492582116
45845.92549258221
46417.52149258208
45824.949492582215
46192.02949258213
45977.02549258218
46076.661492582156
46160.565492582136
45924.58549258219
45641.40949258226
45851.16949258221
45704.33749258224
46192.02949258213
45929.82949258219
45903.609492582196
46092.39349258215
45992.757492582175
46181.54149258213
45730.55749258224
45966.53749258218
46081.905492582155
45882.6334925822
45919.34149258219
45872.1454925822
46003.24549258217
45950.805492582185
46417.52149258208
45987.51349258218
46213.005492582124
45704.33749258224
46181.54149258213
45704.33749258224
45877.3894925822
46254.957492582114
46134.34549258214
46249.713492582116
46155.32149258214
46092.39349258215
46233.98149258212
46003.24549258217
46176.29749258213
46018.97749258217
46118.613492582146
45824.949492582215
46171.053492582134
46412.27749258208
46076.661492582156
46317.8854925821
45856.41349258221
46071.41749258216
45914.097492582194
46003.24549258217
45940.31749258219
45987.51349258218
45977.02549258218
46108.12549258215
46202.51749258213
45998.001492582174
46129.101492582144
46087.14949258215
45940.31749258219
46003.24549258217
46249.713492582116
45898.3654925822
45961.29349258218
46018.97749258217
45940.31749258219
46024.22149258217
46008.48949258217
46066.17349258216
46029.46549258217
46223.49349258212
45929.82949258219
46060.92949258216
45982.26949258218
46055.68549258216
45924.58549258219
46165.809492582135
46218.24949258212
45945.56149258219
45961.29349258218
46129.101492582144
46029.46549258217
45856.41349258221
45856.41349258221
46165.809492582135
46370.32549258209
46087.14949258215
46029.46549258217
45866.901492582205
46218.24949258212
46029.46549258217
46060.92949258216
46396.54549258208
46386.057492582084
46087.14949258215
45898.3654925822
46045.19749258216
45935.07349258219
45914.097492582194
45992.757492582175
45877.3894925822
45882.6334925822
45966.53749258218
45819.705492582216
45940.31749258219
45762.02149258223
45541.77349258228
46045.19749258216
45840.68149258221
45840.68149258221
46380.813492582085
46233.98149258212
45961.29349258218
46045.19749258216
46039.953492582164
46003.24549258217
45835.43749258221
46003.24549258217
45971.78149258218
46123.857492582145
45998.001492582174
46071.41749258216
46024.22149258217
46223.49349258212
46045.19749258216
46003.24549258217
45772.50949258223
45730.55749258224
46113.36949258215
45935.07349258219
46076.661492582156
45903.609492582196
45977.02549258218
46213.005492582124
45924.58549258219
46260.20149258211
46134.34549258214
46055.68549258216
45646.653492582256
45935.07349258219
46055.68549258216
45877.3894925822
45835.43749258221
45935.07349258219
45646.653492582256
45803.97349258222
45735.801492582235
46228.73749258212
46013.73349258217
46359.83749258209
45845.92549258221
46097.63749258215
46076.661492582156
45866.901492582205
45798.72949258222
45782.997492582224
46045.19749258216
45840.68149258221
46081.905492582155
46338.861492582095
46192.02949258213
46239.22549258212
46123.857492582145
46113.36949258215
46039.953492582164
45998.001492582174
46171.053492582134
45987.51349258218
46260.20149258211
46050.44149258216
46171.053492582134
46160.565492582136
46039.953492582164
46076.661492582156
46092.39349258215
46076.661492582156
46024.22149258217
45845.92549258221
45914.097492582194
46218.24949258212
45940.31749258219
46039.953492582164
45919.34149258219
45856.41349258221
45851.16949258221
46213.005492582124
46045.19749258216
46118.613492582146
46129.101492582144
46102.88149258215
45992.757492582175
46296.909492582105
46144.83349258214
46144.83349258214
45845.92549258221
45929.82949258219
46275.93349258211
45924.58549258219
45861.657492582206
45998.001492582174
45840.68149258221
45982.26949258218
46312.6414925821
45898.3654925822
45809.21749258222
46060.92949258216
45935.07349258219
46244.46949258212
45798.72949258222
46055.68549258216
45940.31749258219
46060.92949258216
46008.48949258217
46181.54149258213
46055.68549258216
46123.857492582145
45709.58149258224
46160.565492582136
46291.665492582106
45945.56149258219
46013.73349258217
46260.20149258211
45956.049492582184
46260.20149258211
45956.049492582184
46003.24549258217
45982.26949258218
45950.805492582185
45992.757492582175
46008.48949258217
46139.58949258214
46365.08149258209
46034.709492582166
45898.3654925822
46113.36949258215
46102.88149258215
46433.25349258207
46092.39349258215
46018.97749258217
46144.83349258214
46144.83349258214
46344.10549258209
46113.36949258215
45809.21749258222
45641.40949258226
46160.565492582136
45882.6334925822
46349.34949258209
45924.58549258219
46139.58949258214
46092.39349258215
46155.32149258214
46102.88149258215
46034.709492582166
45856.41349258221
46108.12549258215
46254.957492582114
46102.88149258215
45767.26549258223
45945.56149258219
45924.58549258219
45924.58549258219
46218.24949258212
46060.92949258216
46050.44149258216
45971.78149258218
46018.97749258217
46396.54549258208
46129.101492582144
46092.39349258215
46013.73349258217
46181.54149258213
46018.97749258217
46013.73349258217
46018.97749258217
46055.68549258216
45845.92549258221
46233.98149258212
45903.609492582196
46286.42149258211
45966.53749258218
45903.609492582196
46045.19749258216
46087.14949258215
45961.29349258218
46233.98149258212
46139.58949258214
46024.22149258217
46076.661492582156
46102.88149258215
45898.3654925822
46081.905492582155
45872.1454925822
46008.48949258217
45977.02549258218
45814.46149258222
46139.58949258214
45793.48549258222
46144.83349258214
46123.857492582145
46060.92949258216
45924.58549258219
45998.001492582174
46197.27349258213
46050.44149258216
45882.6334925822
46134.34549258214
46055.68549258216
46233.98149258212
46239.22549258212
45588.96949258227
46060.92949258216
45992.757492582175
45998.001492582174
45777.753492582226
45762.02149258223
45998.001492582174
46129.101492582144
46181.54149258213
46181.54149258213
46165.809492582135
46134.34549258214
46076.661492582156
45756.77749258223
46024.22149258217
46055.68549258216
46228.73749258212
45929.82949258219
45919.34149258219
46139.58949258214
46171.053492582134
46176.29749258213
46317.8854925821
45935.07349258219
45966.53749258218
46176.29749258213
46160.565492582136
45872.1454925822
45893.1214925822
46013.73349258217
45777.753492582226
46113.36949258215
45950.805492582185
46081.905492582155
46076.661492582156
46176.29749258213
46102.88149258215
45935.07349258219
46034.709492582166
46155.32149258214
46018.97749258217
45882.6334925822
46008.48949258217
45872.1454925822
45992.757492582175
46108.12549258215
45945.56149258219
46092.39349258215
46186.78549258213
46213.005492582124
45893.1214925822
46118.613492582146
46391.30149258208
45793.48549258222
46228.73749258212
46029.46549258217
45845.92549258221
45919.34149258219
46008.48949258217
45798.72949258222
46050.44149258216
46029.46549258217
46102.88149258215
46092.39349258215
46039.953492582164
45814.46149258222
46197.27349258213
46055.68549258216
45929.82949258219
46260.20149258211
46097.63749258215
45746.28949258223
45940.31749258219
46018.97749258217
46060.92949258216
45903.609492582196
45688.60549258225
45872.1454925822
46113.36949258215
46097.63749258215
46097.63749258215
46265.44549258211
45987.51349258218
45950.805492582185
45977.02549258218
46066.17349258216
46013.73349258217
45971.78149258218
46113.36949258215
45961.29349258218
46223.49349258212
45866.901492582205
46197.27349258213
46092.39349258215
46165.809492582135
46008.48949258217
45845.92549258221
45767.26549258223
45861.657492582206
46202.51749258213
46370.32549258209
45971.78149258218
45929.82949258219
46029.46549258217
46228.73749258212
45956.049492582184
45992.757492582175
45856.41349258221
45982.26949258218
46228.73749258212
46291.665492582106
46155.32149258214
46013.73349258217
45893.1214925822
46008.48949258217
46291.665492582106
46003.24549258217
46018.97749258217
46050.44149258216
46265.44549258211
46060.92949258216
45877.3894925822
45945.56149258219
45982.26949258218
average revenue:46026.15792652057