49093.86302856899
50462.31505759954
50156.717057599366
50283.56905759944
50220.1430575994
50197.07905759939
50421.953057599516
50225.909057599405
49949.14105759925
49977.971057599265
50029.865057599294
50404.655057599506
50243.207057599415
49914.54505759923
50295.101057599444
50041.3970575993
50300.86705759945
50346.99505759947
50346.99505759947
49966.43905759926
50358.52705759948
50254.73905759942
49862.6510575992
50024.09905759929
50243.207057599415
50174.015057599376
50433.48505759952
50283.56905759944
50208.611057599395
50531.50705759958
50283.56905759944
50185.54705759938
50300.86705759945
50116.35505759934
50318.16505759946
50208.611057599395
50329.697057599464
50300.86705759945
50185.54705759938
50093.29105759933
49833.82105759918
50081.75905759932
50277.803057599434
50548.80505759959
50543.039057599584
50035.6310575993
50272.03705759943
49972.20505759926
50456.549057599535
50110.58905759934
50295.101057599444
50300.86705759945
50064.461057599314
50306.63305759945
50179.78105759938
50272.03705759943
50024.09905759929
50254.73905759942
50260.505057599425
50266.27105759943
50404.655057599506
50566.1030575996
50491.145057599555
50099.05705759933
50081.75905759932
50075.99305759932
50024.09905759929
49920.31105759923
50052.92905759931
50006.80105759928
50081.75905759932
50214.3770575994
50162.48305759937
50093.29105759933
50272.03705759943
50001.03505759928
50041.3970575993
50058.69505759931
49977.971057599265
50191.313057599386
50260.505057599425
50093.29105759933
50087.52505759933
50185.54705759938
50289.33505759944
50058.69505759931
50283.56905759944
50174.015057599376
50168.24905759937
50318.16505759946
50416.18705759951
50231.67505759941
50110.58905759934
49960.673057599255
50064.461057599314
50306.63305759945
50329.697057599464
50197.07905759939
50087.52505759933
50254.73905759942
50197.07905759939
50398.8890575995
50254.73905759942
50081.75905759932
50139.419057599356
50116.35505759934
50168.24905759937
50260.505057599425
49972.20505759926
50174.015057599376
50283.56905759944
50191.313057599386
50260.505057599425
49949.14105759925
50150.95105759936
50237.44105759941
50220.1430575994
50052.92905759931
50081.75905759932
50197.07905759939
50398.8890575995
49903.01305759922
50225.909057599405
50381.59105759949
49776.16105759915
49983.73705759927
50491.145057599555
50364.29305759948
50087.52505759933
50174.015057599376
50174.015057599376
50289.33505759944
50202.84505759939
50110.58905759934
50335.46305759947
50329.697057599464
50150.95105759936
50064.461057599314
50150.95105759936
50439.251057599526
50202.84505759939
50185.54705759938
50052.92905759931
50064.461057599314
50041.3970575993
50341.22905759947
50087.52505759933
50133.65305759935
50323.93105759946
50179.78105759938
50496.91105759956
50248.97305759942
50174.015057599376
50416.18705759951
50393.1230575995
50375.82505759949
50035.6310575993
50162.48305759937
49966.43905759926
50364.29305759948
50047.163057599304
50283.56905759944
50248.97305759942
50104.82305759934
50133.65305759935
50174.015057599376
50220.1430575994
50491.145057599555
50548.80505759959
50122.12105759935
50266.27105759943
50139.419057599356
50266.27105759943
50416.18705759951
50024.09905759929
50185.54705759938
50052.92905759931
50260.505057599425
50462.31505759954
50133.65305759935
50243.207057599415
50433.48505759952
50150.95105759936
50174.015057599376
50047.163057599304
50018.33305759929
50139.419057599356
50248.97305759942
50300.86705759945
50231.67505759941
50272.03705759943
50364.29305759948
49914.54505759923
50168.24905759937
50272.03705759943
50496.91105759956
50306.63305759945
50075.99305759932
50456.549057599535
50364.29305759948
50237.44105759941
50537.27305759958
50231.67505759941
50208.611057599395
50179.78105759938
50295.101057599444
50168.24905759937
50277.803057599434
50364.29305759948
50139.419057599356
50300.86705759945
50277.803057599434
50047.163057599304
50404.655057599506
50277.803057599434
50248.97305759942
50070.22705759932
50364.29305759948
50594.933057599614
50554.57105759959
50139.419057599356
50018.33305759929
49983.73705759927
50427.71905759952
50208.611057599395
49989.50305759927
50202.84505759939
50041.3970575993
50150.95105759936
50237.44105759941
50243.207057599415
50646.82705759964
50174.015057599376
50122.12105759935
50145.18505759936
50145.18505759936
50214.3770575994
50237.44105759941
50243.207057599415
50312.399057599454
50254.73905759942
50220.1430575994
50075.99305759932
50012.567057599284
50116.35505759934
50433.48505759952
49903.01305759922
50208.611057599395
50087.52505759933
50139.419057599356
50277.803057599434
50162.48305759937
50456.549057599535
50208.611057599395
50197.07905759939
50404.655057599506
50145.18505759936
50283.56905759944
50295.101057599444
50104.82305759934
50479.61305759955
50410.42105759951
49897.24705759922
50012.567057599284
50358.52705759948
50295.101057599444
50064.461057599314
50450.78305759953
50375.82505759949
50295.101057599444
50295.101057599444
49960.673057599255
50064.461057599314
50139.419057599356
49972.20505759926
50502.67705759956
50254.73905759942
50122.12105759935
50162.48305759937
49960.673057599255
50225.909057599405
50381.59105759949
49897.24705759922
50064.461057599314
50312.399057599454
50162.48305759937
50168.24905759937
50519.97505759957
50162.48305759937
50404.655057599506
50041.3970575993
50237.44105759941
50093.29105759933
50468.08105759954
50456.549057599535
50248.97305759942
50346.99505759947
50133.65305759935
50018.33305759929
50485.37905759955
50122.12105759935
50289.33505759944
50162.48305759937
50387.357057599496
49833.82105759918
50202.84505759939
50260.505057599425
50243.207057599415
50277.803057599434
49712.735057599115
49903.01305759922
50156.717057599366
50283.56905759944
50341.22905759947
50496.91105759956
50306.63305759945
50427.71905759952
50364.29305759948
50024.09905759929
50041.3970575993
50093.29105759933
50081.75905759932
50093.29105759933
50289.33505759944
50346.99505759947
50225.909057599405
50473.847057599545
50641.06105759964
50220.1430575994
50410.42105759951
50439.251057599526
50006.80105759928
50122.12105759935
50289.33505759944
50306.63305759945
49885.71505759921
50577.635057599604
50139.419057599356
50277.803057599434
50352.76105759948
50364.29305759948
50248.97305759942
50081.75905759932
49977.971057599265
50116.35505759934
50150.95105759936
49822.28905759918
50248.97305759942
50456.549057599535
49960.673057599255
50254.73905759942
50191.313057599386
50508.443057599565
50231.67505759941
50456.549057599535
50133.65305759935
50254.73905759942
50398.8890575995
50012.567057599284
50364.29305759948
50087.52505759933
50462.31505759954
50018.33305759929
50075.99305759932
50456.549057599535
50266.27105759943
50295.101057599444
50427.71905759952
50266.27105759943
50116.35505759934
50087.52505759933
50058.69505759931
50295.101057599444
50225.909057599405
50208.611057599395
50358.52705759948
50664.12505759965
50058.69505759931
50254.73905759942
50404.655057599506
50404.655057599506
50243.207057599415
50375.82505759949
49770.39505759915
50001.03505759928
50127.88705759935
50012.567057599284
50052.92905759931
50093.29105759933
50266.27105759943
50398.8890575995
50041.3970575993
50029.865057599294
50231.67505759941
50329.697057599464
50387.357057599496
50110.58905759934
50110.58905759934
50450.78305759953
50145.18505759936
50318.16505759946
50093.29105759933
50225.909057599405
50306.63305759945
50024.09905759929
50260.505057599425
50208.611057599395
50087.52505759933
50421.953057599516
50191.313057599386
49908.779057599226
50220.1430575994
50537.27305759958
50064.461057599314
50075.99305759932
50312.399057599454
50208.611057599395
50323.93105759946
50346.99505759947
49891.481057599216
49833.82105759918
50052.92905759931
49724.26705759912
50427.71905759952
50381.59105759949
49908.779057599226
50081.75905759932
50150.95105759936
50191.313057599386
50289.33505759944
50254.73905759942
49966.43905759926
50231.67505759941
50018.33305759929
50254.73905759942
50335.46305759947
49856.8850575992
50289.33505759944
50197.07905759939
50445.01705759953
50052.92905759931
50127.88705759935
50323.93105759946
50139.419057599356
50081.75905759932
49926.077057599236
50375.82505759949
50220.1430575994
50358.52705759948
50214.3770575994
50358.52705759948
50375.82505759949
50225.909057599405
50277.803057599434
50047.163057599304
50006.80105759928
50404.655057599506
50104.82305759934
50064.461057599314
50197.07905759939
49874.183057599206
49903.01305759922
50202.84505759939
50300.86705759945
50116.35505759934
50421.953057599516
49937.60905759924
49891.481057599216
50122.12105759935
50168.24905759937
50398.8890575995
50531.50705759958
50445.01705759953
50024.09905759929
50139.419057599356
50387.357057599496
50525.741057599575
49926.077057599236
50168.24905759937
50070.22705759932
50491.145057599555
50248.97305759942
50231.67505759941
50168.24905759937
50070.22705759932
49983.73705759927
50404.655057599506
50029.865057599294
50041.3970575993
50617.99705759963
49983.73705759927
50323.93105759946
50427.71905759952
50035.6310575993
50047.163057599304
50272.03705759943
50485.37905759955
50058.69505759931
50462.31505759954
50323.93105759946
49966.43905759926
50473.847057599545
50145.18505759936
49903.01305759922
50041.3970575993
50168.24905759937
50024.09905759929
50087.52505759933
49851.11905759919
50110.58905759934
50012.567057599284
50335.46305759947
50537.27305759958
50081.75905759932
49903.01305759922
50202.84505759939
49949.14105759925
50081.75905759932
50075.99305759932
50300.86705759945
50352.76105759948
50433.48505759952
50473.847057599545
50277.803057599434
50277.803057599434
50346.99505759947
49937.60905759924
50635.29505759964
50133.65305759935
50329.697057599464
50145.18505759936
50191.313057599386
49891.481057599216
50041.3970575993
50156.717057599366
50445.01705759953
50346.99505759947
50398.8890575995
50231.67505759941
50110.58905759934
50012.567057599284
50335.46305759947
50162.48305759937
50346.99505759947
50243.207057599415
50122.12105759935
50358.52705759948
50099.05705759933
50122.12105759935
50041.3970575993
50156.717057599366
50116.35505759934
49989.50305759927
50358.52705759948
50220.1430575994
50306.63305759945
50162.48305759937
50099.05705759933
50531.50705759958
50122.12105759935
50179.78105759938
50208.611057599395
50335.46305759947
50445.01705759953
50185.54705759938
50329.697057599464
49995.269057599275
50001.03505759928
50341.22905759947
49891.481057599216
50116.35505759934
50306.63305759945
50202.84505759939
50364.29305759948
49874.183057599206
50208.611057599395
50001.03505759928
50254.73905759942
50197.07905759939
49995.269057599275
50225.909057599405
50479.61305759955
49891.481057599216
50306.63305759945
50202.84505759939
50289.33505759944
50116.35505759934
50254.73905759942
50208.611057599395
50029.865057599294
50445.01705759953
50272.03705759943
50116.35505759934
50266.27105759943
50116.35505759934
50081.75905759932
50456.549057599535
49804.99105759917
50254.73905759942
50174.015057599376
49908.779057599226
50329.697057599464
50456.549057599535
50006.80105759928
49903.01305759922
49764.629057599144
50248.97305759942
50087.52505759933
50214.3770575994
50462.31505759954
50093.29105759933
50404.655057599506
50225.909057599405
50248.97305759942
50122.12105759935
50168.24905759937
50312.399057599454
50104.82305759934
49931.84305759924
50058.69505759931
49949.14105759925
50381.59105759949
50093.29105759933
50075.99305759932
50127.88705759935
50168.24905759937
50272.03705759943
50450.78305759953
50122.12105759935
50202.84505759939
49897.24705759922
49885.71505759921
50283.56905759944
50001.03505759928
50162.48305759937
50312.399057599454
49960.673057599255
50560.337057599594
50335.46305759947
50289.33505759944
50075.99305759932
50335.46305759947
50358.52705759948
50433.48505759952
50266.27105759943
50237.44105759941
49879.94905759921
50289.33505759944
50543.039057599584
50243.207057599415
50456.549057599535
50225.909057599405
50093.29105759933
50099.05705759933
50231.67505759941
50295.101057599444
50525.741057599575
50064.461057599314
50416.18705759951
50323.93105759946
49972.20505759926
50416.18705759951
50283.56905759944
50266.27105759943
50381.59105759949
50133.65305759935
50346.99505759947
50012.567057599284
50393.1230575995
50387.357057599496
50162.48305759937
50018.33305759929
50208.611057599395
50099.05705759933
50052.92905759931
50116.35505759934
50675.65705759966
50191.313057599386
50237.44105759941
50110.58905759934
49983.73705759927
50335.46305759947
50122.12105759935
50087.52505759933
50156.717057599366
50104.82305759934
50295.101057599444
50370.05905759949
50254.73905759942
50006.80105759928
50421.953057599516
49799.225057599164
50168.24905759937
50266.27105759943
50341.22905759947
50052.92905759931
50116.35505759934
50145.18505759936
50191.313057599386
50202.84505759939
50381.59105759949
50029.865057599294
50064.461057599314
50335.46305759947
50375.82505759949
50243.207057599415
50300.86705759945
50375.82505759949
50087.52505759933
50248.97305759942
50191.313057599386
50237.44105759941
50122.12105759935
50306.63305759945
50231.67505759941
50099.05705759933
50179.78105759938
50156.717057599366
50346.99505759947
50185.54705759938
50277.803057599434
49943.375057599245
50018.33305759929
50070.22705759932
49781.927057599154
50220.1430575994
50393.1230575995
50231.67505759941
50306.63305759945
49908.779057599226
50081.75905759932
50145.18505759936
50381.59105759949
49954.90705759925
49960.673057599255
50099.05705759933
49960.673057599255
50214.3770575994
50122.12105759935
50064.461057599314
50364.29305759948
49954.90705759925
50421.953057599516
50024.09905759929
50272.03705759943
50248.97305759942
50035.6310575993
50808.275057599734
50295.101057599444
50220.1430575994
49822.28905759918
50064.461057599314
50318.16505759946
50231.67505759941
50346.99505759947
50168.24905759937
50150.95105759936
50145.18505759936
50133.65305759935
50410.42105759951
50295.101057599444
50116.35505759934
50093.29105759933
49989.50305759927
49960.673057599255
50421.953057599516
50335.46305759947
50393.1230575995
50468.08105759954
50260.505057599425
50070.22705759932
49914.54505759923
50099.05705759933
50248.97305759942
50012.567057599284
50283.56905759944
50272.03705759943
50318.16505759946
50329.697057599464
50416.18705759951
50375.82505759949
50197.07905759939
50502.67705759956
50450.78305759953
50150.95105759936
50093.29105759933
50393.1230575995
50099.05705759933
49989.50305759927
50035.6310575993
50185.54705759938
50473.847057599545
50087.52505759933
49931.84305759924
50312.399057599454
50150.95105759936
50197.07905759939
49816.52305759917
50099.05705759933
50202.84505759939
50272.03705759943
50110.58905759934
50277.803057599434
50174.015057599376
50225.909057599405
50139.419057599356
50168.24905759937
50220.1430575994
50243.207057599415
50064.461057599314
50346.99505759947
49972.20505759926
50427.71905759952
49822.28905759918
50617.99705759963
50537.27305759958
50214.3770575994
50104.82305759934
50352.76105759948
50179.78105759938
50156.717057599366
50260.505057599425
50243.207057599415
49897.24705759922
50277.803057599434
50018.33305759929
50491.145057599555
50329.697057599464
50248.97305759942
49989.50305759927
49856.8850575992
50024.09905759929
50208.611057599395
50531.50705759958
50208.611057599395
50197.07905759939
50191.313057599386
49989.50305759927
49972.20505759926
50156.717057599366
50156.717057599366
50104.82305759934
49851.11905759919
50508.443057599565
50041.3970575993
50168.24905759937
50398.8890575995
50087.52505759933
50473.847057599545
50352.76105759948
50450.78305759953
50202.84505759939
50433.48505759952
50133.65305759935
50024.09905759929
50323.93105759946
50531.50705759958
50162.48305759937
50012.567057599284
50156.717057599366
50393.1230575995
50006.80105759928
50156.717057599366
50329.697057599464
50047.163057599304
50243.207057599415
50318.16505759946
49868.4170575992
50208.611057599395
50208.611057599395
50346.99505759947
50387.357057599496
50260.505057599425
50099.05705759933
50168.24905759937
49943.375057599245
49903.01305759922
50197.07905759939
50439.251057599526
50162.48305759937
50543.039057599584
50277.803057599434
50156.717057599366
50191.313057599386
50710.25305759968
50197.07905759939
50266.27105759943
50156.717057599366
50070.22705759932
50099.05705759933
50254.73905759942
50502.67705759956
50168.24905759937
50214.3770575994
50341.22905759947
50122.12105759935
49908.779057599226
50064.461057599314
50329.697057599464
50104.82305759934
50289.33505759944
50099.05705759933
50254.73905759942
49903.01305759922
50127.88705759935
50548.80505759959
49949.14105759925
50450.78305759953
50214.3770575994
50543.039057599584
49851.11905759919
50358.52705759948
50162.48305759937
49983.73705759927
50052.92905759931
50300.86705759945
50456.549057599535
50174.015057599376
50220.1430575994
50179.78105759938
50479.61305759955
50162.48305759937
50260.505057599425
50075.99305759932
50047.163057599304
49931.84305759924
50197.07905759939
50001.03505759928
50254.73905759942
50318.16505759946
50421.953057599516
50243.207057599415
50064.461057599314
50404.655057599506
50156.717057599366
50075.99305759932
50450.78305759953
50168.24905759937
50508.443057599565
50099.05705759933
50450.78305759953
49787.69305759916
49977.971057599265
50410.42105759951
50024.09905759929
49972.20505759926
49949.14105759925
50594.933057599614
50370.05905759949
50139.419057599356
50260.505057599425
50318.16505759946
49897.24705759922
49810.75705759917
50352.76105759948
50272.03705759943
50220.1430575994
50295.101057599444
49931.84305759924
50052.92905759931
50018.33305759929
50277.803057599434
50531.50705759958
50116.35505759934
49960.673057599255
50300.86705759945
50202.84505759939
50220.1430575994
50323.93105759946
50075.99305759932
50433.48505759952
49926.077057599236
50225.909057599405
50295.101057599444
50029.865057599294
50070.22705759932
50075.99305759932
49977.971057599265
50283.56905759944
50289.33505759944
49960.673057599255
49960.673057599255
50168.24905759937
50185.54705759938
50248.97305759942
50364.29305759948
50093.29105759933
50145.18505759936
50260.505057599425
49891.481057599216
50150.95105759936
50439.251057599526
50283.56905759944
50018.33305759929
50248.97305759942
50139.419057599356
50116.35505759934
50416.18705759951
50012.567057599284
50231.67505759941
average revenue:50200.10429757036