40052.89891483142
40704.95334149755
40482.1013414975
40664.02134149755
40368.40134149744
40286.53734149734
40618.54134149752
40450.265341497485
40523.033341497474
40509.38934149747
40286.537341497344
40591.253341497504
40377.497341497394
40382.04534149739
40527.58134149748
40277.44134149734
40627.637341497524
40536.67734149753
40632.185341497534
40545.77334149754
40495.74534149746
40841.39334149765
40495.74534149751
40509.38934149747
40309.277341497356
40473.00534149744
40427.52534149742
40486.649341497454
40427.52534149742
40441.16934149743
40845.94134149765
40459.36134149749
40391.1413414974
40368.40134149739
40741.33734149759
40554.86934149754
40477.55334149745
40495.74534149746
40186.48134149729
40523.03334149745
40591.25334149751
40450.265341497434
40732.24134149759
40627.63734149758
40550.32134149754
40573.0613414975
40632.185341497534
40395.689341497455
40413.881341497414
40764.07734149761
40559.417341497545
40500.29334149746
40668.569341497554
40468.457341497495
40600.34934149752
40382.045341497396
40395.689341497404
40654.92534149755
40664.0213414976
40500.29334149751
40473.005341497446
40372.94934149739
40509.38934149746
40345.661341497376
40618.54134149752
40277.44134149739
40563.96534149749
40495.74534149746
40595.801341497514
40609.44534149752
40391.1413414974
40682.21334149756
40477.5533414975
40309.277341497356
40718.597341497574
40591.25334149756
40523.033341497474
40568.5133414975
40350.20934149738
40741.33734149759
40327.46934149742
40518.485341497464
40545.77334149749
40609.44534149752
40595.801341497514
40482.10134149745
40131.90534149726
40532.12934149746
40473.005341497446
40586.70534149751
40659.47334149755
40195.577341497345
40563.96534149749
40523.033341497474
40359.305341497384
40509.38934149746
40382.045341497396
40545.77334149749
40313.82534149736
40650.37734149754
40495.74534149751
40582.15734149751
40391.1413414974
40668.569341497554
40313.82534149741
40664.021341497544
40163.74134149733
40268.34534149731
40600.34934149751
40527.58134149748
40782.26934149762
40559.417341497545
40477.55334149745
40236.509341497316
40623.08934149752
40645.82934149759
40673.11734149761
40450.265341497485
40395.689341497404
40386.5933414974
40509.38934149747
40154.64534149727
40500.29334149744
40664.02134149755
40354.75734149743
40541.22534149748
40468.457341497444
40482.10134149745
40782.26934149762
40513.93734149752
40436.621341497426
40409.33334149741
40432.073341497424
40577.609341497504
40422.97734149742
40600.34934149752
40418.429341497416
40668.569341497554
40391.14134149745
40454.813341497436
40500.29334149746
40577.609341497504
40541.225341497484
40523.033341497474
40445.71734149743
40627.63734149753
40654.9253414976
40727.69334149764
40536.67734149753
40723.145341497584
40418.42934149747
40322.921341497364
40300.181341497344
40768.6253414976
40795.913341497675
40709.50134149763
40568.51334149755
40800.46134149763
40427.52534149747
40736.78934149759
40650.377341497595
40436.62134149748
40318.37334149736
40550.32134149748
40436.621341497426
40504.841341497464
40450.265341497434
40600.34934149752
40441.16934149743
40568.5133414975
40482.10134149745
40636.73334149754
40145.54934149732
40454.813341497415
40518.48534149747
40600.34934149752
40513.93734149747
40659.47334149755
40491.19734149751
40409.33334149741
40541.225341497484
40432.073341497424
40673.11734149756
40477.5533414975
40245.60534149732
40473.00534149744
40691.30934149757
40222.86534149736
40354.757341497374
40627.637341497524
40463.90934149749
40654.92534149755
40272.89334149739
40518.485341497464
40354.75734149738
40545.77334149748
40518.48534149747
40413.881341497414
40422.97734149742
40809.55734149763
40545.77334149754
40459.36134149744
40591.25334149751
40272.893341497336
40568.51334149749
40372.94934149739
40450.26534149743
40482.10134149745
40659.47334149755
40422.97734149747
40595.801341497514
40659.47334149755
40532.12934149753
40382.045341497396
40668.569341497554
40486.649341497505
40509.38934149747
40527.58134149748
40491.19734149746
40400.237341497406
40341.113341497374
40400.2373414974
40482.10134149745
40359.305341497384
40668.56934149755
40577.609341497555
40400.237341497406
40686.761341497564
40582.15734149756
40495.74534149746
40436.621341497426
40386.5933414974
40582.15734149751
40445.71734149743
40786.81734149762
40395.689341497455
40404.78534149741
40618.54134149753
40463.90934149749
40882.32534149767
40454.81334149749
40332.01734149737
40427.525341497414
40741.337341497594
40609.44534149757
40477.55334149745
40445.71734149743
40773.17334149761
40623.08934149758
40509.38934149752
40454.813341497436
40509.38934149747
40404.78534149741
40468.457341497444
40432.073341497424
40454.813341497436
40668.569341497554
40573.06134149755
40613.993341497524
40495.74534149746
40768.62534149761
40468.457341497495
40595.801341497514
40664.02134149755
40509.38934149752
40432.073341497424
40582.15734149751
40413.881341497414
40350.20934149738
40518.485341497464
40482.10134149745
40345.661341497376
40454.81334149743
40523.033341497474
40704.953341497574
40495.74534149751
40454.813341497436
40354.75734149738
40632.18534149753
40404.78534149746
40613.993341497524
40659.47334149755
40350.20934149743
40736.789341497584
40554.86934149754
40591.25334149751
40404.78534149741
40595.801341497514
40486.649341497454
40395.689341497404
40463.90934149744
40459.36134149744
40623.08934149753
40827.74934149769
40623.08934149758
40554.86934149754
40782.26934149762
40432.073341497475
40814.105341497634
40491.19734149751
40691.30934149757
40304.729341497405
40236.50934149731
40577.6093414975
40377.497341497394
40554.869341497484
40600.34934149752
40486.649341497454
40523.033341497474
40400.237341497406
40541.225341497484
40482.10134149745
40368.40134149739
40545.77334149748
40491.19734149746
40618.54134149753
40477.5533414975
40441.16934149743
40723.145341497584
40805.00934149768
40445.71734149748
40791.36534149762
40645.82934149759
40532.12934149753
40659.47334149755
40468.457341497495
40764.07734149761
40559.417341497545
40482.10134149745
40468.457341497444
40409.33334149741
40459.36134149744
40527.58134149748
40459.36134149744
40532.12934149748
40332.01734149737
40545.77334149748
40400.237341497406
40591.25334149751
40450.265341497434
40723.145341497584
40573.06134149755
40627.63734149753
40195.577341497345
40341.11334149737
40650.37734149754
40532.12934149753
40818.65334149764
40286.537341497395
40714.04934149757
40536.67734149753
41018.76534149775
40691.309341497625
40550.32134149754
40541.225341497484
40436.621341497426
40486.649341497454
40700.40534149757
40404.78534149746
40536.67734149748
40432.073341497424
40632.185341497534
40527.58134149753
40718.59734149758
40700.40534149762
40218.31734149736
40650.37734149754
40632.185341497585
40368.40134149744
40227.413341497304
40459.36134149743
40641.28134149754
40568.51334149755
40868.681341497664
40422.97734149747
40595.801341497514
40691.30934149757
40413.881341497465
40591.25334149751
40486.649341497454
40336.56534149737
40368.40134149738
40741.33734149759
40468.457341497495
40454.813341497436
40163.741341497276
40491.197341497435
40618.54134149753
40413.881341497465
40527.58134149748
40445.71734149743
40504.841341497464
40541.225341497484
40623.08934149753
40573.06134149755
40595.801341497514
40386.5933414974
40473.005341497446
40454.813341497436
40473.005341497446
40654.92534149755
40486.649341497505
40504.841341497464
40686.761341497564
40550.32134149754
40400.237341497406
40413.881341497414
40313.82534149736
40745.88534149759
40750.43334149765
40395.689341497455
40459.36134149744
40563.9653414975
40636.73334149754
40436.62134149748
40404.78534149741
40445.71734149743
40482.10134149745
40668.569341497554
40536.67734149753
40604.89734149752
40745.8853414976
40654.9253414976
40313.82534149741
40573.061341497494
40482.10134149745
40427.52534149742
40573.0613414975
40527.58134149748
40491.19734149746
40741.337341497594
40441.16934149748
40422.97734149742
40277.44134149734
40372.949341497384
40281.989341497334
40613.99334149752
40786.81734149762
40409.33334149746
40741.337341497594
40400.23734149746
40636.73334149754
40527.58134149753
40422.97734149742
40463.90934149744
40504.841341497464
40432.073341497424
40477.55334149745
40495.74534149746
40386.5933414974
40718.59734149758
40527.58134149753
40372.94934149739
40532.12934149747
40491.19734149746
40359.305341497384
40586.7053414975
40473.005341497446
40518.48534149747
40504.841341497464
40586.70534149751
40618.54134149753
40682.21334149761
40577.609341497555
40473.005341497446
40523.033341497474
40568.5133414975
40500.29334149746
40709.50134149758
40354.75734149743
40668.56934149755
40400.23734149746
40491.19734149746
40527.58134149748
40513.93734149747
40122.80934149725
39968.17734149715
40550.32134149746
40532.12934149748
40482.10134149745
40495.74534149746
40441.16934149743
40300.18134149735
40582.1573414975
40704.953341497574
40504.841341497515
40627.63734149753
40673.11734149761
40386.59334149745
40754.9813414976
40732.24134149764
40445.71734149748
40545.77334149749
40491.19734149746
40350.20934149738
40391.141341497394
40659.47334149755
40527.58134149753
40386.5933414974
40486.649341497454
40695.85734149757
40463.90934149749
40372.94934149739
40363.85334149738
40332.01734149736
40427.525341497414
40636.73334149754
40627.63734149758
40413.881341497465
40654.92534149755
40563.96534149755
40463.90934149744
40427.52534149742
40527.58134149748
40627.63734149753
40573.06134149755
40486.649341497454
40482.10134149745
40523.033341497474
40432.073341497424
40523.033341497474
40523.033341497474
40477.55334149745
40691.30934149757
40659.4733414976
40363.85334149744
40809.557341497624
40736.78934149764
40523.033341497525
40741.337341497594
40268.345341497385
40650.37734149754
40409.33334149746
40422.97734149742
40536.67734149748
40391.1413414974
40386.5933414974
40359.305341497384
40495.74534149745
40623.08934149753
40513.93734149752
40709.50134149758
40354.75734149743
40509.38934149746
40582.15734149751
40582.15734149751
40550.32134149749
40700.40534149757
40268.345341497385
40523.03334149747
40664.02134149755
40527.58134149753
40532.12934149748
40714.04934149758
40877.77734149772
40695.85734149762
40436.62134149748
40523.033341497474
40650.377341497544
40391.14134149745
40477.55334149745
40636.73334149754
40477.5533414975
40677.66534149756
40518.48534149752
40582.15734149751
40550.32134149749
40486.649341497454
40750.4333414976
40536.67734149753
40600.34934149752
40486.649341497454
40295.63334149735
40441.16934149742
40604.89734149752
40532.12934149748
40418.429341497416
40359.305341497384
40677.66534149755
40650.377341497595
40673.11734149761
40491.19734149751
40673.11734149756
40604.89734149757
40313.82534149736
40627.637341497524
40641.28134149759
40704.953341497625
40372.94934149744
40609.445341497514
40604.89734149752
40577.609341497504
40609.44534149752
40559.417341497494
40613.993341497524
40645.82934149754
40518.48534149752
40654.92534149755
40432.073341497475
40473.005341497446
40532.12934149748
40659.47334149755
40577.609341497555
40422.97734149742
40477.55334149745
40504.841341497464
40673.11734149756
40550.32134149754
40582.15734149751
40550.32134149749
40695.85734149757
40613.993341497575
40468.457341497444
40495.74534149746
40673.11734149756
40454.81334149749
40845.94134149765
40545.77334149754
40704.953341497574
40463.90934149749
40291.085341497346
40422.97734149741
40613.993341497524
40309.277341497356
40468.45734149744
40691.30934149757
40391.14134149745
40545.77334149749
40468.457341497444
40318.37334149736
40600.34934149751
40577.609341497504
40509.38934149747
40418.429341497416
40104.61734149724
40527.581341497455
40491.19734149746
40486.649341497454
40313.82534149736
40072.78134149722
40513.93734149745
40509.38934149747
40272.893341497336
40627.637341497524
40595.801341497565
40518.48534149747
40359.305341497384
40459.36134149743
40586.70534149751
40754.9813414976
40377.497341497445
40386.59334149739
40632.185341497534
40664.0213414976
40559.417341497545
40463.90934149744
40409.33334149741
40441.16934149743
40486.649341497454
40500.29334149746
40641.28134149754
40482.1013414975
40454.813341497436
40632.185341497534
40404.78534149746
40495.74534149746
40482.10134149745
40686.761341497564
40623.08934149758
40491.19734149751
40404.78534149741
40332.01734149737
40491.19734149745
40559.417341497494
40600.34934149752
40795.913341497624
40427.52534149747
40500.29334149746
40586.70534149751
40495.74534149746
40545.77334149749
40632.185341497534
40441.16934149748
40650.377341497544
40527.58134149753
40714.04934149758
40391.14134149745
40495.74534149746
40536.67734149748
40391.1413414974
40673.11734149756
40550.32134149754
40441.16934149743
40791.36534149762
40345.66134149743
40395.6893414974
40286.537341497344
40718.597341497574
40609.44534149757
40513.93734149747
40422.97734149742
40764.07734149761
40441.16934149748
40563.9653414975
40577.609341497504
40591.25334149751
40673.11734149756
40523.033341497525
40486.649341497454
40477.55334149745
40473.005341497446
40659.47334149755
40545.77334149754
40345.661341497376
40641.28134149753
40554.86934149754
40513.93734149747
40568.5133414975
40586.70534149751
40400.237341497406
40641.28134149754
40500.29334149751
40409.33334149741
40745.8853414976
40459.36134149749
40459.36134149744
40363.853341497386
40332.01734149736
40409.333341497404
40600.34934149752
40486.649341497454
40313.82534149736
40463.909341497434
40686.761341497564
40500.29334149751
40250.153341497324
40491.19734149745
40441.16934149743
40609.44534149752
40418.429341497416
40473.005341497446
40659.47334149755
40532.12934149753
40241.05734149732
40486.64934149745
40459.36134149744
40759.529341497604
40486.649341497505
40518.48534149747
40664.02134149755
40504.841341497515
40536.67734149748
40700.40534149757
40550.32134149754
40436.621341497426
40641.28134149754
40450.265341497485
40291.085341497346
40272.89334149733
40341.11334149737
40800.46134149762
40795.913341497675
40782.26934149767
40432.073341497475
40482.10134149745
40795.913341497624
40309.27734149741
40677.66534149755
40595.801341497565
40791.36534149762
40427.52534149747
40418.429341497416
40532.12934149748
40504.841341497464
40436.621341497426
40422.97734149742
40682.21334149756
40295.6333414974
40586.7053414975
40536.67734149748
40382.045341497396
40682.21334149756
40377.497341497445
40463.909341497434
40527.58134149748
40354.75734149738
40568.51334149749
40841.39334149765
40827.74934149769
40668.569341497605
40827.74934149769
40418.42934149747
40582.15734149751
40682.21334149756
40168.28934149733
40354.75734149736
40391.141341497394
40745.8853414976
40532.12934149753
40445.71734149743
40468.457341497444
40377.497341497394
40354.757341497374
40395.6893414974
40500.29334149746
40532.12934149748
40527.58134149748
40609.44534149752
40613.993341497524
40300.18134149735
40491.19734149745
40368.40134149739
40500.293341497454
40582.15734149751
40686.761341497564
40695.85734149762
40591.25334149756
40532.12934149748
40527.58134149748
40341.113341497374
40809.557341497624
40432.073341497475
40313.82534149736
40495.74534149745
40259.24934149733
40422.97734149741
40482.10134149745
40509.38934149747
40541.225341497484
40527.58134149748
40395.689341497404
40345.661341497376
40563.96534149749
40577.609341497504
40418.429341497416
40595.801341497514
40422.97734149742
40750.4333414976
40459.36134149749
40613.993341497524
40209.2213414973
40354.757341497374
40582.1573414975
40727.69334149759
40386.59334149745
40513.93734149747
40777.721341497614
40686.761341497615
40686.761341497615
40536.67734149753
40482.10134149745
40650.377341497544
40513.93734149752
40427.52534149742
40668.569341497554
40718.59734149763
40636.73334149759
40473.0053414975
40122.80934149725
40527.581341497455
40409.33334149741
40218.317341497306
40664.021341497544
40327.46934149742
40491.19734149745
40295.63334149735
40600.34934149751
40554.86934149749
40563.9653414975
40645.82934149754
40791.36534149767
40613.993341497575
40268.345341497334
40486.64934149745
40500.29334149746
40309.277341497356
40573.061341497494
40473.005341497446
40518.48534149747
40377.497341497394
40418.42934149741
40473.005341497446
40600.34934149752
40363.853341497386
40550.32134149748
40591.25334149751
40432.073341497424
40404.78534149741
40618.54134149753
40577.609341497555
40659.47334149755
40563.96534149755
40586.70534149751
40281.98934149734
40768.6253414976
40545.77334149754
40354.75734149738
40518.485341497464
40709.50134149758
40300.1813414974
40541.22534149748
40550.32134149749
40563.9653414975
40523.033341497474
40536.67734149748
40718.59734149758
40563.96534149755
40645.82934149754
40654.9253414976
40627.63734149758
40482.1013414975
40404.78534149741
40677.66534149756
40509.38934149752
40332.01734149737
40754.981341497594
40468.457341497495
40395.689341497404
40400.237341497406
40518.48534149747
40532.12934149748
40495.74534149746
40427.52534149742
40563.9653414975
40473.005341497446
40322.921341497364
40618.54134149752
40332.01734149742
40554.869341497484
40509.38934149747
40563.9653414975
40473.005341497446
40677.66534149756
40573.06134149755
40104.61734149724
40468.45734149742
40613.993341497524
40450.265341497434
40573.0613414975
40532.12934149748
40536.67734149748
40754.9813414976
40568.51334149755
40518.48534149747
40263.79734149733
40391.141341497394
40654.92534149755
40441.16934149748
40527.58134149748
40600.34934149752
40318.37334149736
40377.49734149739
40436.62134149742
40459.36134149744
40281.98934149734
40668.56934149755
40504.841341497515
40400.237341497406
40559.417341497494
40527.58134149748
40700.40534149757
40686.761341497615
40623.08934149758
40814.105341497685
40163.74134149733
40627.63734149751
40536.67734149753
40604.89734149752
40263.79734149733
40454.81334149743
40441.16934149743
40618.54134149753
40509.38934149752
40436.621341497426
40463.90934149744
40422.97734149742
40322.921341497364
40395.6893414974
40545.77334149749
40336.56534149737
40659.47334149754
40573.06134149755
40618.54134149753
40204.67334149735
40573.061341497494
40459.36134149744
40450.265341497434
40718.59734149758
40668.569341497605
40577.609341497555
40786.81734149762
40172.83734149733
40372.94934149737
40513.93734149746
40509.38934149747
40659.47334149755
40459.36134149749
40582.15734149751
40268.345341497334
40595.80134149751
average revenue:40517.337555070815