43913.74497968657
44340.501450472446
44512.881450472436
44599.07145047243
44781.59145047242
44776.52145047242
44664.98145047243
44482.46145047244
44680.19145047243
44573.72145047243
44599.07145047243
44436.83145047244
44386.13145047244
44649.77145047243
44756.24145047242
44553.441450472434
44720.751450472424
44852.57145047242
44735.96145047242
44487.53145047244
44269.52145047245
44705.541450472425
44436.83145047244
44710.611450472425
44725.821450472424
44355.711450472445
44599.07145047243
44741.03145047242
44913.41145047241
44406.41145047244
44512.881450472436
44680.19145047243
44472.32145047244
44538.231450472435
44340.501450472446
44751.17145047242
44639.63145047243
44730.89145047242
44609.21145047243
44882.991450472415
44507.811450472436
44553.441450472434
44472.32145047244
44847.50145047242
44528.091450472435
44472.32145047244
44619.35145047243
44517.951450472436
44411.48145047244
44543.301450472434
44771.45145047242
44573.72145047243
44649.77145047243
44517.951450472436
44659.91145047243
44614.28145047243
44781.59145047242
44639.63145047243
44355.711450472445
44685.261450472426
44543.301450472434
44634.56145047243
44634.56145047243
44720.751450472424
44735.96145047242
44675.12145047243
44735.96145047242
44649.77145047243
44730.89145047242
44482.46145047244
44370.921450472444
44619.35145047243
44573.72145047243
44482.46145047244
44457.11145047244
44690.331450472426
44933.69145047241
44776.52145047242
44766.38145047242
44619.35145047243
44614.28145047243
44452.04145047244
44649.77145047243
44654.84145047243
44756.24145047242
44786.66145047242
44548.371450472434
44756.24145047242
44837.36145047242
44685.261450472426
44781.59145047242
44528.091450472435
44872.851450472415
44492.60145047244
44654.84145047243
44659.91145047243
44335.431450472446
44568.65145047243
44381.06145047244
44416.55145047244
44568.65145047243
44533.161450472435
44543.301450472434
44614.28145047243
44705.541450472425
44776.52145047242
44801.87145047242
44588.93145047243
44867.781450472416
44583.86145047243
44812.01145047242
44751.17145047242
44538.231450472435
44563.58145047243
44786.66145047242
44700.471450472425
44695.401450472425
44548.371450472434
44528.091450472435
44431.76145047244
44751.17145047242
44573.72145047243
44908.34145047241
44842.43145047242
44482.46145047244
44847.50145047242
44644.70145047243
44446.97145047244
44867.781450472416
44872.851450472415
44492.60145047244
44588.93145047243
44609.21145047243
44766.38145047242
44609.21145047243
44609.21145047243
44791.73145047242
44446.97145047244
44523.021450472435
44452.04145047244
44543.301450472434
44822.15145047242
44583.86145047243
44872.851450472415
44533.161450472435
44487.53145047244
44680.19145047243
44523.021450472435
44776.52145047242
44634.56145047243
44441.90145047244
44928.62145047241
44746.10145047242
44675.12145047243
44431.76145047244
44594.00145047243
44670.05145047243
44720.751450472424
44436.83145047244
44614.28145047243
44690.331450472426
44842.43145047242
44568.65145047243
44391.20145047244
44472.32145047244
44431.76145047244
44659.91145047243
44583.86145047243
44654.84145047243
44675.12145047243
44583.86145047243
45055.371450472405
44882.991450472415
44573.72145047243
44568.65145047243
44644.70145047243
44786.66145047242
44614.28145047243
44751.17145047242
44690.331450472426
44832.29145047242
44512.881450472436
44573.72145047243
44781.59145047242
44594.00145047243
44649.77145047243
44492.60145047244
44644.70145047243
44528.091450472435
44741.03145047242
44715.681450472424
44872.851450472415
44588.93145047243
44462.18145047244
44827.22145047242
44502.74145047244
44599.07145047243
44502.74145047244
44523.021450472435
44710.611450472425
44680.19145047243
44680.19145047243
44877.921450472415
44573.72145047243
44482.46145047244
44472.32145047244
44715.681450472424
44558.51145047243
44781.59145047242
44781.59145047242
44715.681450472424
44670.05145047243
44685.261450472426
44578.79145047243
44690.331450472426
44862.711450472416
44741.03145047242
44441.90145047244
44634.56145047243
44614.28145047243
44746.10145047242
44583.86145047243
44827.22145047242
44710.611450472425
44675.12145047243
44695.401450472425
44776.52145047242
44512.881450472436
44502.74145047244
44441.90145047244
44735.96145047242
44776.52145047242
44416.55145047244
44695.401450472425
44654.84145047243
44609.21145047243
44670.05145047243
44310.08145047245
44882.991450472415
44877.921450472415
44664.98145047243
44274.59145047245
44543.301450472434
44588.93145047243
44751.17145047242
44533.161450472435
44553.441450472434
44933.69145047241
44446.97145047244
44796.80145047242
44741.03145047242
44746.10145047242
44837.36145047242
44578.79145047243
44842.43145047242
44528.091450472435
44578.79145047243
44634.56145047243
44599.07145047243
44578.79145047243
44852.57145047242
44375.991450472444
44746.10145047242
44548.371450472434
44614.28145047243
44690.331450472426
44664.98145047243
44806.94145047242
44913.41145047241
44594.00145047243
44690.331450472426
44675.12145047243
44786.66145047242
44872.851450472415
44639.63145047243
44548.371450472434
44431.76145047244
44452.04145047244
44639.63145047243
44330.36145047245
44725.821450472424
44888.061450472414
44507.811450472436
44568.65145047243
44502.74145047244
44756.24145047242
44563.58145047243
44502.74145047244
44619.35145047243
44659.91145047243
44604.14145047243
44680.19145047243
44675.12145047243
44472.32145047244
44436.83145047244
44730.89145047242
44680.19145047243
44735.96145047242
44685.261450472426
44634.56145047243
44943.83145047241
44452.04145047244
44827.22145047242
44568.65145047243
44735.96145047242
44487.53145047244
44563.58145047243
44720.751450472424
44523.021450472435
44558.51145047243
44746.10145047242
44310.08145047245
44497.67145047244
44913.41145047241
44680.19145047243
44543.301450472434
44533.161450472435
44416.55145047244
44436.83145047244
44786.66145047242
44654.84145047243
44604.14145047243
44604.14145047243
44842.43145047242
44680.19145047243
44634.56145047243
44588.93145047243
44796.80145047242
44847.50145047242
44756.24145047242
44741.03145047242
44710.611450472425
44680.19145047243
44497.67145047244
44923.55145047241
44664.98145047243
44639.63145047243
44507.811450472436
44634.56145047243
44578.79145047243
44375.991450472444
44391.20145047244
44842.43145047242
44538.231450472435
44705.541450472425
44386.13145047244
44507.811450472436
44771.45145047242
44588.93145047243
44578.79145047243
44923.55145047241
44563.58145047243
44812.01145047242
44386.13145047244
44751.17145047242
44720.751450472424
44325.29145047245
44837.36145047242
44487.53145047244
44751.17145047242
44710.611450472425
44730.89145047242
44305.01145047245
44568.65145047243
44624.42145047243
44928.62145047241
44594.00145047243
44644.70145047243
44842.43145047242
44877.921450472415
44568.65145047243
44806.94145047242
44832.29145047242
44269.52145047245
44594.00145047243
44877.921450472415
44543.301450472434
44563.58145047243
44664.98145047243
44563.58145047243
44781.59145047242
44583.86145047243
44335.431450472446
44254.31145047245
44502.74145047244
44462.18145047244
44629.49145047243
44710.611450472425
44594.00145047243
44715.681450472424
44234.03145047245
44953.97145047241
44725.821450472424
44614.28145047243
44791.73145047242
44512.881450472436
44472.32145047244
44299.94145047245
45055.371450472405
44578.79145047243
44664.98145047243
44517.951450472436
44599.07145047243
44538.231450472435
44507.811450472436
44421.62145047244
44670.05145047243
44675.12145047243
44705.541450472425
44619.35145047243
44766.38145047242
44538.231450472435
44725.821450472424
44634.56145047243
44654.84145047243
44822.15145047242
44639.63145047243
44700.471450472425
44553.441450472434
44634.56145047243
44852.57145047242
44538.231450472435
44558.51145047243
44436.83145047244
44416.55145047244
44746.10145047242
44578.79145047243
44654.84145047243
44305.01145047245
44502.74145047244
44761.31145047242
44538.231450472435
44852.57145047242
44452.04145047244
44827.22145047242
44234.03145047245
44649.77145047243
44609.21145047243
44700.471450472425
44639.63145047243
44903.27145047241
44756.24145047242
44294.87145047245
44801.87145047242
44705.541450472425
44588.93145047243
44725.821450472424
44563.58145047243
44705.541450472425
44609.21145047243
44431.76145047244
44690.331450472426
44599.07145047243
44558.51145047243
44528.091450472435
44436.83145047244
44578.79145047243
44583.86145047243
44614.28145047243
44604.14145047243
44457.11145047244
44588.93145047243
44512.881450472436
44801.87145047242
44416.55145047244
44573.72145047243
44578.79145047243
44599.07145047243
44786.66145047242
44898.201450472414
44680.19145047243
44888.061450472414
44664.98145047243
44781.59145047242
44274.59145047245
44877.921450472415
44664.98145047243
44862.711450472416
44639.63145047243
44523.021450472435
44664.98145047243
44837.36145047242
44345.571450472446
44741.03145047242
44842.43145047242
44599.07145047243
44583.86145047243
44548.371450472434
44624.42145047243
44538.231450472435
44735.96145047242
44365.851450472444
44685.261450472426
44477.39145047244
44588.93145047243
44583.86145047243
44619.35145047243
44680.19145047243
44477.39145047244
44563.58145047243
44446.97145047244
44654.84145047243
44604.14145047243
44796.80145047242
44786.66145047242
44781.59145047242
44644.70145047243
44533.161450472435
44213.75145047245
44670.05145047243
44634.56145047243
44543.301450472434
44482.46145047244
44670.05145047243
44806.94145047242
44543.301450472434
44827.22145047242
44715.681450472424
44644.70145047243
44685.261450472426
44659.91145047243
44812.01145047242
44436.83145047244
44543.301450472434
44487.53145047244
44781.59145047242
44781.59145047242
44685.261450472426
44619.35145047243
44629.49145047243
44741.03145047242
44746.10145047242
44533.161450472435
44441.90145047244
44619.35145047243
44477.39145047244
44852.57145047242
44842.43145047242
45030.021450472406
44700.471450472425
44512.881450472436
44472.32145047244
44847.50145047242
44751.17145047242
44416.55145047244
44746.10145047242
44452.04145047244
44416.55145047244
44832.29145047242
44685.261450472426
44614.28145047243
44680.19145047243
44685.261450472426
44533.161450472435
44507.811450472436
44360.781450472445
44649.77145047243
44685.261450472426
44872.851450472415
44746.10145047242
44523.021450472435
44426.69145047244
44852.57145047242
44817.08145047242
44695.401450472425
44730.89145047242
44675.12145047243
44431.76145047244
44446.97145047244
44649.77145047243
44583.86145047243
44294.87145047245
44715.681450472424
44619.35145047243
44685.261450472426
44715.681450472424
44893.131450472414
44675.12145047243
44700.471450472425
44888.061450472414
44624.42145047243
44675.12145047243
44401.34145047244
44523.021450472435
44604.14145047243
44401.34145047244
44730.89145047242
44959.04145047241
44578.79145047243
44614.28145047243
44837.36145047242
44421.62145047244
44528.091450472435
44710.611450472425
44568.65145047243
44416.55145047244
44573.72145047243
44786.66145047242
44867.781450472416
44507.811450472436
44629.49145047243
44467.25145047244
44441.90145047244
44604.14145047243
44553.441450472434
44502.74145047244
44462.18145047244
44812.01145047242
44614.28145047243
44634.56145047243
44558.51145047243
44573.72145047243
44578.79145047243
44827.22145047242
44649.77145047243
44467.25145047244
44680.19145047243
44355.711450472445
44497.67145047244
44827.22145047242
44857.641450472416
44806.94145047242
44386.13145047244
44573.72145047243
44685.261450472426
44512.881450472436
44893.131450472414
44746.10145047242
44801.87145047242
44827.22145047242
44664.98145047243
44822.15145047242
44705.541450472425
44350.641450472445
44943.83145047241
44700.471450472425
44725.821450472424
44548.371450472434
44761.31145047242
44791.73145047242
44629.49145047243
44730.89145047242
44599.07145047243
44654.84145047243
44670.05145047243
44649.77145047243
44370.921450472444
44771.45145047242
44599.07145047243
44441.90145047244
44523.021450472435
44715.681450472424
44634.56145047243
44619.35145047243
44599.07145047243
44751.17145047242
44345.571450472446
44720.751450472424
44533.161450472435
44517.951450472436
44467.25145047244
44573.72145047243
44994.53145047241
44664.98145047243
44827.22145047242
44923.55145047241
44933.69145047241
44502.74145047244
44624.42145047243
44391.20145047244
44426.69145047244
44365.851450472444
44639.63145047243
44817.08145047242
44903.27145047241
44675.12145047243
44578.79145047243
44710.611450472425
44578.79145047243
44695.401450472425
44512.881450472436
44852.57145047242
44832.29145047242
44421.62145047244
44862.711450472416
44497.67145047244
44482.46145047244
44517.951450472436
44553.441450472434
44517.951450472436
44548.371450472434
44781.59145047242
44426.69145047244
44746.10145047242
44218.82145047245
44548.371450472434
44482.46145047244
44791.73145047242
44680.19145047243
44436.83145047244
44644.70145047243
44599.07145047243
44700.471450472425
44751.17145047242
44624.42145047243
44862.711450472416
44680.19145047243
44624.42145047243
44629.49145047243
44776.52145047242
44659.91145047243
44695.401450472425
44715.681450472424
44832.29145047242
44345.571450472446
44446.97145047244
44558.51145047243
44396.27145047244
44528.091450472435
44320.22145047245
44735.96145047242
44462.18145047244
44832.29145047242
44649.77145047243
44370.921450472444
44730.89145047242
44720.751450472424
44335.431450472446
44862.711450472416
44604.14145047243
44710.611450472425
44538.231450472435
44578.79145047243
44457.11145047244
44482.46145047244
44482.46145047244
44604.14145047243
44857.641450472416
44411.48145047244
44528.091450472435
44482.46145047244
44771.45145047242
44791.73145047242
44634.56145047243
44497.67145047244
44670.05145047243
44832.29145047242
44756.24145047242
44695.401450472425
44578.79145047243
44812.01145047242
44599.07145047243
44467.25145047244
44512.881450472436
44624.42145047243
44614.28145047243
44523.021450472435
44467.25145047244
44578.79145047243
44548.371450472434
44817.08145047242
44523.021450472435
44670.05145047243
44771.45145047242
44609.21145047243
44872.851450472415
44568.65145047243
44512.881450472436
44644.70145047243
44654.84145047243
44350.641450472445
44528.091450472435
44725.821450472424
44695.401450472425
44812.01145047242
44735.96145047242
44583.86145047243
44735.96145047242
44791.73145047242
44178.261450472455
44644.70145047243
44695.401450472425
44594.00145047243
44386.13145047244
44583.86145047243
44695.401450472425
44730.89145047242
44791.73145047242
44888.061450472414
44558.51145047243
44614.28145047243
44857.641450472416
44806.94145047242
44989.46145047241
44801.87145047242
44497.67145047244
44964.11145047241
44462.18145047244
44639.63145047243
44766.38145047242
44725.821450472424
44517.951450472436
44563.58145047243
44370.921450472444
44421.62145047244
44695.401450472425
44837.36145047242
44700.471450472425
44507.811450472436
44416.55145047244
44543.301450472434
44553.441450472434
44472.32145047244
44528.091450472435
44741.03145047242
44360.781450472445
44659.91145047243
44639.63145047243
44452.04145047244
44700.471450472425
44761.31145047242
44761.31145047242
44609.21145047243
44553.441450472434
44898.201450472414
44512.881450472436
44832.29145047242
44705.541450472425
44649.77145047243
44644.70145047243
44659.91145047243
44741.03145047242
44644.70145047243
44568.65145047243
44725.821450472424
44720.751450472424
44766.38145047242
44685.261450472426
44502.74145047244
44624.42145047243
44888.061450472414
44847.50145047242
44761.31145047242
44664.98145047243
44487.53145047244
44649.77145047243
44502.74145047244
44796.80145047242
44614.28145047243
44705.541450472425
44741.03145047242
44588.93145047243
44791.73145047242
44664.98145047243
44406.41145047244
44386.13145047244
44751.17145047242
44629.49145047243
44411.48145047244
44735.96145047242
44771.45145047242
44330.36145047245
44624.42145047243
44634.56145047243
44477.39145047244
44370.921450472444
44801.87145047242
44563.58145047243
44644.70145047243
44523.021450472435
44695.401450472425
44558.51145047243
44629.49145047243
44751.17145047242
44604.14145047243
44725.821450472424
44746.10145047242
44629.49145047243
44705.541450472425
44730.89145047242
44619.35145047243
44715.681450472424
44446.97145047244
44720.751450472424
44741.03145047242
44670.05145047243
44670.05145047243
44801.87145047242
44801.87145047242
44776.52145047242
44654.84145047243
44710.611450472425
44639.63145047243
44827.22145047242
44791.73145047242
44964.11145047241
44624.42145047243
44695.401450472425
44528.091450472435
44629.49145047243
44548.371450472434
44725.821450472424
44685.261450472426
44553.441450472434
44614.28145047243
44583.86145047243
44791.73145047242
44959.04145047241
44817.08145047242
44599.07145047243
44512.881450472436
44644.70145047243
44563.58145047243
44649.77145047243
44720.751450472424
44817.08145047242
44654.84145047243
44472.32145047244
44583.86145047243
44746.10145047242
44517.951450472436
44664.98145047243
44416.55145047244
44609.21145047243
44365.851450472444
44441.90145047244
44685.261450472426
44386.13145047244
44558.51145047243
44700.471450472425
44502.74145047244
44898.201450472414
44654.84145047243
44685.261450472426
44446.97145047244
44675.12145047243
44766.38145047242
44563.58145047243
44594.00145047243
44705.541450472425
44786.66145047242
44746.10145047242
44619.35145047243
44619.35145047243
44710.611450472425
44599.07145047243
44568.65145047243
44715.681450472424
44599.07145047243
44482.46145047244
44685.261450472426
44862.711450472416
44695.401450472425
44690.331450472426
44817.08145047242
44649.77145047243
44548.371450472434
44776.52145047242
44614.28145047243
44801.87145047242
44791.73145047242
44594.00145047243
44847.50145047242
44918.48145047241
44624.42145047243
44791.73145047242
44335.431450472446
44462.18145047244
44923.55145047241
44670.05145047243
44735.96145047242
44842.43145047242
44806.94145047242
44497.67145047244
44695.401450472425
44523.021450472435
44670.05145047243
44877.921450472415
44391.20145047244
44664.98145047243
44644.70145047243
44553.441450472434
44903.27145047241
44604.14145047243
44659.91145047243
44477.39145047244
44675.12145047243
44578.79145047243
44644.70145047243
44776.52145047242
44406.41145047244
44472.32145047244
44827.22145047242
44847.50145047242
44614.28145047243
44791.73145047242
44487.53145047244
44700.471450472425
44467.25145047244
44512.881450472436
average revenue:44634.520014001646