28029.83780407174
29224.65862975037
27940.873221393504
29063.741233939043
27559.725019524343
28227.56124801459
28219.262416605445
30049.747616361023
42069.167077519916
28539.64585731143
42039.8477288059
29177.996184646345
29642.034484309996
29591.90059267598
27647.76607558604
29186.34012359923
29664.543066556733
28166.462717598268
28513.446788463443
28033.668576179567
29009.343841368176
28574.886330407164
29936.28980163099
27384.929181703483
29008.423405098085
28963.512953507332
27627.84818013786
28428.06370966495
27447.35065325897
27929.462944153478
27630.1303696259
27901.893840717752
28097.120784560768
28853.005498032264
41745.837684151724
29629.607308682702
28201.912396327956
28192.28902392175
28273.120698042978
27737.997691202378
28535.03986340923
27359.23878666914
28311.82266021097
27317.95525898476
27989.717123259452
28110.951800248047
28328.836792465587
42173.57375704902
27693.815497389736
31273.031038475143
28243.691155160635
29618.616046697683
29106.02423691825
28553.203527861482
28159.026458846856
28425.404685111287
27967.899582595524
28551.894406516298
27611.14430052984
29443.093862540103
28724.618282426887
28568.466083331175
28352.639128474886
28608.37321757261
28454.929865141366
28499.32629930873
28815.84531721783
27850.76019973119
28139.156606998426
28425.269182024993
29084.577273692008
27639.743013223004
28764.710230525732
28892.446097183925
28771.605378815122
28761.217407292515
27477.855395969036
28336.60063342119
28535.675745713626
29885.488313619615
27995.00943682313
28789.897911266395
27990.53677828678
27197.846401061917
28215.99659011006
27515.44654058992
28735.987118475983
29754.59881325044
28145.750291747197
27575.176352632694
28513.211491637652
28713.521346427337
28008.79282035583
28696.61113308159
28294.945652386017
28037.941769033114
29854.269599685973
27964.22834536246
28797.648647304242
27642.981375795065
28350.69206264888
28542.7114847889
28944.061018915312
28277.58239668598
28982.81793818374
27770.90285122016
27819.42695911788
27851.717181583666
28287.176120062595
29009.83563643218
30905.822733601122
29135.027721709765
28140.483248968212
29079.339595385234
27742.17865854187
27516.661326005364
27650.32226379998
28073.94468083954
28950.61674544953
28307.376417952404
29157.611955598015
27658.838792415987
27401.87467912146
28054.242560683706
27371.090347112186
28702.88464749637
28500.26761713972
28345.38041991295
27934.028004744785
28117.518463684384
27909.848644100195
28379.006605820974
28162.623116573104
28226.80463458083
30608.32950766194
29392.492514631616
28608.400210776043
27532.83098652281
29049.58820729118
29274.307131536134
29139.205280391223
30342.14609523023
28204.73961875779
28778.664789834893
28867.16811996723
27641.231249451776
27694.313666020505
28580.30985032754
29117.630960191073
27490.60426362213
29568.3829500049
29055.816895075335
27870.666560224516
29196.48197767682
28231.736472951245
29022.328101352283
27669.273305925144
27918.929797702498
28327.553893452292
27914.405022502106
29012.333945459144
28669.338852046883
28709.907503006085
28699.124319628896
27866.42716019775
28268.85305607113
27759.23959537601
28263.83078699821
28048.39708032767
27905.14197207841
28578.489803608907
29132.731860449243
28290.892067176483
28645.60316773778
29380.459181544004
28646.880989749865
28920.576723063965
28632.90785670182
30721.722246160847
27353.033667242373
27821.964254992672
28247.4761784959
28332.13148299674
27877.56580894254
28124.896157482624
28244.99745054951
27831.14692761282
28003.351229083466
29863.892773533655
27569.96967060243
28142.01956851239
27918.898312404348
29501.814726369343
27585.86201672843
28350.52235890265
27742.01392356838
28102.30647292914
28674.134331193352
28203.752351322986
27994.741884957362
29007.991320367062
28809.655984922745
27637.28384630138
28631.37510693015
28650.276731364193
28022.943933023816
27917.413395025887
27401.326101682247
28315.48459675693
27966.45872317112
28368.93472615128
28024.079321760844
27739.241880748596
27010.257618362502
28997.38342680601
29862.784502512237
28359.732173819673
29377.588767562436
28700.169984817396
28165.573859024316
28873.589769746923
28297.708718023772
28020.651907775933
28647.811774532307
29141.902970981406
28092.901389731964
27814.426614551277
28772.87994464898
27533.972544343436
27795.670017845976
29560.05943987972
27930.862056999762
28189.111306216208
28188.2616088415
27980.48825213865
28553.041021510144
27648.168189443746
28195.017756346268
42142.76329836529
28369.09483663226
27467.994866738325
28563.361693718998
31277.31618248651
27688.632498386425
27649.63542256434
27772.209275616962
28333.919506144404
28437.795589307418
28263.423258489685
27982.424864587905
28274.416418523477
29591.144351114148
28240.030606417677
27946.622972917714
27717.239409096677
28537.069815755076
28179.025894572096
27878.225940351876
29221.4633368029
28212.265736814254
28425.971702284533
29415.78032612642
27439.989070905587
27575.330109398183
27798.826753355148
28413.486862602535
28702.232141871136
28208.17689526517
27260.605193845775
28211.248346583492
30404.493580667287
28328.008118996997
28121.963883739358
28201.74910916158
29367.061827281137
28876.86029555992
28346.826297452844
28321.867662055305
27372.88454255931
27687.91123110291
29125.91765358795
28245.933519152313
28481.9113926761
27467.05543398067
30510.201325525326
28622.650343536316
28946.32224082805
28793.585522987596
28675.548107482304
29866.379853847797
28874.886867923884
27760.547588152283
32992.18276935816
31375.607365126867
28735.17169327049
28124.961660355624
28781.26975886151
28434.13302830643
28166.22985760967
27044.821998337513
29217.784234344243
28327.684169114233
28915.946707596813
29426.61015026046
28694.639318065565
28513.36494599784
29710.369975336245
28173.925709671686
28181.549846370373
28389.139674369133
28370.10828956311
30048.001181976175
28927.38822519751
28147.00084683426
30320.971162968803
31313.075860821544
28392.134186984815
28144.59362576031
29565.296302287155
29156.873089632307
28167.198926979483
28411.25625798684
27850.258878224024
28179.756002576345
29889.10235757848
29428.842470230797
28252.397826043143
29323.47043034201
27298.690018728917
29472.63829965937
27684.358663810417
42193.370566894744
28977.64118024403
28945.831575793443
28100.554059563754
28073.957869738068
29005.859931599323
28728.825935810004
27608.198063733424
28600.292626421007
28333.69750977169
28798.84728624847
28836.74814724193
30888.78477718865
28634.06081854104
28430.353093073856
29755.651107111906
28585.577249601014
29505.292171262812
28160.903350195997
27987.30597957118
29527.476837401693
28210.775448971784
27849.942770469483
28738.795930585176
28085.807474148012
27993.808311697903
28183.950062041382
27999.415300746532
30003.36590215836
28758.015462121006
29392.989319208027
28469.592795483488
28290.080498103016
28247.64330494115
31452.960783544386
28534.588160232044
30503.62408740274
27921.792113786323
28317.61991613349
28793.432525181917
28929.602552454096
27209.42243102876
28318.246389938715
28222.879596786726
27630.567121555694
27382.860732110657
27704.941025623648
27949.712990855147
28074.054808918347
28019.613502239594
29021.332033554463
29500.109873006557
27461.318845848582
28581.943764702537
27634.17110832155
27853.62063340654
28290.405421308205
28089.09501381672
29693.11123060172
28343.228420732918
27833.532161745177
29525.64419606352
28035.406493795403
29156.6543226434
28202.50807920422
29347.695055178792
27741.98913626439
28105.067933490503
28494.489966213398
42028.79324279314
27670.381543041105
27854.965479784063
29463.54425648259
29222.305530568883
27382.413896882743
27583.984968011053
29664.813871258833
27585.57361341694
27420.91876051876
28283.741118421378
28305.680130241682
27823.474563298005
28721.068914349908
28408.688165191972
29998.154182173694
29929.255671863742
29248.8431792655
28321.094816470675
28538.089990665754
27219.938601365102
28754.966651492152
28362.814839418297
27745.403492069905
30662.681161493016
28998.18207825993
27845.57123770783
27673.071903901007
28359.176405227183
28509.8503250438
28570.478886231722
27992.72346612968
29155.149853133877
29340.41299003455
28192.214232670423
27676.716083208346
28875.406497207357
27578.28949283267
28324.511172331193
28473.19528475143
28406.419483851074
27976.17827301145
28103.859929443028
28795.09885494018
27517.822150458444
28554.58945047745
27987.797057920267
29266.93108403484
28579.84074114697
29266.698524449333
28423.80000299827
28105.237587616022
28424.144114464896
29576.472275137156
30128.655603254494
27877.525676492853
27761.686394083135
27609.69766296087
27639.776603970276
28070.346688776022
28407.564306723383
28042.81963860661
29488.5078638351
27929.136087391114
28259.75989283807
28217.057394816813
28161.924208904897
29904.51945788447
28538.669615796312
27436.328759106615
27876.533470662223
28990.99371935714
29508.783851627828
28473.85817041865
28255.997250895383
28731.85379509561
28532.45411700941
27958.229389878656
27477.012411211363
27567.991876734603
29203.171833322573
28935.58427501029
28767.948298903822
27988.282576531314
29669.75565965436
27880.582869367383
27457.2063377997
28475.841265722887
28111.575854126702
27913.560901744302
27547.550436562502
28801.287741781216
28370.504356040277
27731.29747521185
28313.118124829365
29656.173077374126
28791.04654020872
28433.83876701131
29416.240010308924
27743.905464852498
27908.4290770863
29147.015122579014
27425.83533983159
28485.828366411384
29797.2988958854
27715.688864891912
30006.408761442057
27904.02756838579
27802.998696176015
28306.12991243219
28513.754801408417
28840.335679906733
28524.788264341107
27460.19155588476
28121.080254898
28778.734754827372
29767.202127017044
28307.523386625555
28238.683950884453
28754.626102125167
29050.56244279053
28178.279389599425
28353.524218294595
27617.91142988599
28248.779136067165
28218.145788554404
28893.449337711034
29659.775966202666
28305.827728499797
29863.28628129589
29857.243172597275
28651.671143160373
27456.645497477806
28171.133143092207
30079.80273841104
28796.9625927211
28650.50439148513
28246.187334539834
28620.83322633957
29155.665957847712
29306.561182310594
27964.04495404329
28306.464230803784
28410.57958306903
28487.168700613656
28205.27641106672
28138.516288155493
28097.64182001823
27909.727396030856
28011.778983588414
28937.763538923045
27460.530133924873
28186.754519989976
27694.858194507313
29229.827650789026
27855.89929317392
29839.9244256814
28284.530975382775
29462.21840393135
29855.44667056749
28652.35422479534
31835.846167501048
30518.700363434706
27773.730804139785
28484.251645543387
28439.234470372092
27745.319571183434
27744.731173256194
27794.247407169947
28020.952374538832
28338.392589732866
28799.766565483973
27662.009978890226
42144.72150583429
28560.74871406928
29062.793674833174
28487.313447010034
28033.425902387895
29014.935561729315
29585.918045932227
28722.37379019044
28634.360673323772
27257.18204873441
27923.13130864876
27775.090370428272
29543.439308377867
29008.7602206896
28891.421164334948
29583.60727113737
30928.812737711916
28765.998396387055
27236.898408405345
27582.587717511567
28285.310304141705
30335.45623618084
27747.85607062475
28585.004508920567
27970.85711929587
28408.407577564587
29065.57835331933
28173.392161311433
29686.93091391953
29148.15880367605
28612.481130815326
28421.37027313455
29018.078605532093
27772.02201981786
28147.38977640707
27849.651686335274
29121.67890372636
27662.488351461005
28010.55257647633
29411.038463688878
29537.67761479439
29506.768681936283
27491.910107072476
29420.258308187495
28122.140461341176
28964.039657820813
28119.630158314867
28956.519827378153
29115.53374173877
27151.711254261678
27861.826986560838
28126.445958269363
28653.463094943192
27621.836799440603
29118.608424054288
29035.748494458
27906.561771064848
27875.965588416548
28207.21129853781
28716.740913062047
28185.774824982793
28610.315645537114
29498.490844626176
28611.21253527544
29245.183610229167
28283.653177122374
27929.55991882501
28387.18206481201
28737.825093773128
28003.007051611552
28440.368298045316
28235.500300201693
29459.456041009627
29631.490106507932
29068.347340141187
27620.779255453086
29152.34111269324
30623.968459366046
29167.118508206928
27751.36428897644
29831.685599518285
27972.869713867967
27311.82534401829
31142.38999248367
28562.311068771447
29811.516348551304
28482.884177833897
27669.485561531987
28094.625237342032
30607.426204131727
31422.594841444014
29545.837448582155
28131.630935012618
29146.913662586223
29144.873199368238
27992.866136158063
28089.195973140748
27762.95249666961
28133.798993915098
29155.555967367534
27970.62285029598
28864.446154865655
28829.242779002812
28948.896607538678
28186.45218643977
27353.282339883317
28188.637805158603
30180.174689815274
28035.136694291294
27759.965603654844
27795.01144150874
28594.270447261755
27785.403771735204
28799.67635382527
27882.409772776442
28397.9236034415
27406.092773379365
29468.67134761899
27802.79825582269
28267.500005896407
31287.64257271728
28758.822238494224
29490.249794409105
27770.312522478784
28537.269716310828
28520.577164029964
27739.331734859097
28010.529337504726
28186.91284051803
28268.06221178161
28317.714634462463
27754.534401728237
29138.94106326272
27459.21527355944
27919.98114727742
27586.63658936111
27870.55918990473
27973.808434802362
41984.226744502375
29165.097207071587
28291.591848951855
27728.54422193464
29381.693821602516
28646.61839286454
28334.59594072533
27461.68188191467
28689.480518356704
28817.114890503908
28354.44385082098
28883.183682621588
28148.460845832014
27815.587786883596
28090.216406212174
28066.285051416886
27990.56921169618
29881.03741555323
27829.962765393975
27483.908948124383
29505.85191909472
29787.51312318207
28040.80764375932
28746.298582981493
27374.426210184654
28443.18358269477
27338.320308065195
28463.654621019123
28075.27605350907
27304.05988227583
28587.779040229507
29843.92716507465
27811.06626800275
28734.077980370075
29755.16130966964
28046.30811706785
28266.266390076198
29105.586437557027
28792.581709660888
28354.580968771053
29351.70327912995
29672.73152413458
27609.10445974532
27844.53091372157
28767.77235955208
28607.013836459017
29059.303640048885
29582.18221693635
28729.498472027426
28215.718155739818
27877.35323659244
27973.567233756126
28946.74731743474
27509.743417638896
28698.05008545169
29149.485770915177
28062.59479578357
27679.16816404266
28415.973936000744
28082.99497328871
27269.310900139586
28501.452304903065
28619.606819392695
28867.114113439828
27921.341944410557
28352.790897303996
29595.793996737128
28716.35950120042
29778.41034784158
28349.88696968298
28061.46977427366
29354.301957293326
28198.470925284142
28377.332775261646
28008.00755308784
27988.80707329338
28335.66591769302
28959.258273281182
28380.14037912112
28441.277935605154
28513.335572919055
29222.131486366816
29007.367463706996
27945.469854130428
29669.67696642342
28388.988197662868
28700.5617393455
29646.51242874442
28152.784780046644
28234.043479867083
28290.581744039748
29259.060308378397
29600.33150053042
28239.810413375457
29026.665332382345
28330.203243314958
27600.81006979137
29896.24034607276
28491.194881832766
29200.87517158802
28474.724625526796
28806.034456345908
27601.1958226092
27931.408478606634
28039.39044910479
27754.947439749816
27713.772872079313
29649.845301172936
27973.715615239853
28590.497530692068
28754.920843257718
28798.468991514004
27756.1908495731
28533.683784629942
28734.121232486083
28253.036221712464
29855.02379086802
28075.345252050138
29028.425589711587
27877.075171285658
28704.357014233578
27759.823910712963
27847.743310663744
28280.224080925676
28383.463549797354
27396.71590366808
28108.972689388793
27412.145169271134
28454.50936565513
28789.725309211542
27343.211949119963
27407.358666472894
27891.508510283475
28824.790561463113
27993.7253564358
27232.131917477345
28666.37439281715
29727.19526531785
27772.772409097714
28720.660969569682
27620.75722647558
28452.838018916584
27917.464587759503
27796.457371288958
28793.76802561915
28156.821922706946
29999.509890777616
30234.3782108849
29435.53310471589
27848.26219538606
28515.89814849238
27608.19048293918
28768.046326150557
29036.349451491296
28726.68085265221
28347.696476001653
28018.182265885313
28559.310488962823
27857.007888795397
28182.219388612604
28131.111002493857
28265.370822775938
28651.58148520726
29980.523421667378
27795.862914073194
27598.24486488807
30052.833222047673
28560.970317379244
28027.369972944154
27833.993315155632
28117.654330284084
28048.650020338082
28174.24708003396
28435.77220386388
28452.172300810147
28462.7342202566
28212.67914963043
28017.820449149236
28597.467439882315
28346.508973758017
27768.615013275623
27714.931983562816
28635.592872951624
27702.440935406496
29346.9510005112
28351.385617581887
28284.29401622891
27551.67064683153
28053.26997867599
27261.97805016145
27337.58073136964
28145.940765128595
28122.25188753998
27732.108742411463
29093.358192291736
27773.729219201356
28255.185051002114
28325.839048028305
27693.194277113234
28952.82891064012
28616.965000750188
28334.46380078256
28885.927984539314
28007.983478177863
28028.021944818604
28531.54572828181
28252.40479615674
29269.102953309193
28157.754661649127
28046.85048133567
29224.9065383913
29190.318236944786
27359.84681073383
28895.232227264707
27917.299810283734
28033.354239725188
27854.844250319176
28060.923020115355
28122.36861356706
28513.926863670105
32114.41896724518
28660.265365676616
28086.72503155081
29390.889937821456
27996.678428886036
29976.239486625655
29733.163345854857
28994.423861069146
27895.420795572798
28773.079437648048
29107.56896617433
28196.19178767115
28853.254196489346
28337.65225995388
27943.91591194577
28595.6166696107
28258.71689782127
30848.96364098674
28497.98992557628
29387.063960945197
29719.15052941886
27696.226167061664
28501.123061809845
28123.507235894594
28400.13623638455
28989.33550621946
31086.588918952686
28282.480755109165
28066.309207794693
30517.851346896892
28096.232222840863
31052.760164818854
27918.08345238059
28496.845619412637
28103.597733423703
28613.948425339768
28642.82396531801
30294.534845441172
29842.65467984788
27446.260354523383
27664.996259591753
30011.317612077404
27555.4031122307
28679.52217010465
28012.54139946103
28378.636358059328
28066.685672954067
28840.835137335293
27938.962892139592
28214.343368384856
28288.39104439015
27837.3416920732
27931.539402279213
29169.190420799823
30172.380071322277
28573.645682217237
28425.120287107038
27560.182949944476
28784.185698612626
27975.30841533313
27561.79066191139
28145.480093908576
28001.70458091445
29412.409063885287
28786.762811751596
28106.371492546237
28458.000467774866
27987.576617958264
28135.09116647338
average revenue:28626.619378672054
possibility:0.009