29424.435235685643
30064.798993400378
27812.278488385935
27912.716402554535
28740.166543840704
30234.85747669141
29780.477890348604
28312.071919734946
28681.69368462683
28249.14964234451
29548.719440502315
28959.66242076775
29077.09703676601
27746.752375366526
28277.877646438137
29032.040081352046
27709.086512531485
27930.9754695152
27595.378079229875
28252.655525262064
29265.669317920587
27664.790676329347
27981.542210492342
27791.230646173295
28214.465737576338
29736.823851130128
29095.604030413466
27749.22214186589
28271.305034696106
28401.03556026004
28290.19495133848
28734.770089276568
28482.391430125706
29480.045658922838
28660.56763107168
28443.939433338386
28292.41376215761
30696.312016718963
27679.108159731335
28822.687502579032
27936.702933499404
28779.006551615443
28991.904338538257
28984.913686866803
29003.316681526565
27836.97005868563
29583.0069177889
29023.48482198766
28470.683820188864
28189.239868210523
49607.60365590259
28247.62235187035
28048.1584210498
28212.776743298444
29670.43542021542
28046.146241336923
28743.116436979017
27792.840607876235
27654.1027481009
27972.322100426725
28639.528313562016
28259.731298710838
27717.5163341237
28727.826487944487
28301.175312634026
28290.655455843586
28299.16301233403
28468.824394831907
28124.271354405333
27463.14108269409
29501.94045480889
27929.418923839614
27570.15147906253
29304.82351865881
27599.7586713692
27865.878626506816
28772.19784211151
28569.714887843602
28449.902659756168
28246.395656086806
27860.711837350078
28759.69134726838
27301.065543938133
29560.942220362584
28038.81797411071
29344.384084720954
29225.23945124646
28032.790085680248
28191.28698130567
28420.494390517568
27617.901368012965
29261.25551729545
28374.42222473641
27944.082465917323
28931.76625727515
31217.157041203056
27698.006560131987
28911.95332535588
27717.83015718102
28871.00351129746
29795.985417834476
28921.528694559318
29482.90056783407
28247.298888253226
27359.46642696799
31232.766955721596
28090.089904359844
27664.924453377967
28290.048226520757
29242.01423185363
27896.51052306201
28552.024372440257
28503.936289412737
30061.96330628436
28678.418919539457
29318.697620795407
31842.12681546377
28374.15510393036
28121.39661008278
27697.914241573013
28290.539305459773
28274.265466344412
28547.39747337567
27740.80816467932
27755.49526305349
27409.723079970616
27560.448836155592
27288.849076043065
28221.49364725353
28294.215040356466
29367.303435551356
28831.518413038557
28842.352155202163
29069.739003799386
27801.906979812527
28084.328593944447
31571.570360921778
27459.685594950028
28646.60896932754
28761.445946513977
27439.460852098015
27729.22143965743
28054.985655809192
29165.148150668174
28109.723718253033
27950.65689440426
28419.75800921779
28493.97886445515
29024.636262522996
28546.479273658886
27539.27324373652
27652.735123695646
27562.409276536477
28088.347815023822
27313.1050061785
27919.394598297848
27803.68025251317
28646.521925529687
28548.675984024674
27809.533663761627
28325.610932016723
27870.627966533175
27587.295706889076
28036.204344592443
28242.643703886413
28104.697472570286
28540.696075649354
28463.433176527447
28104.36612702506
32830.37015173576
28721.71497698845
27925.91665376547
27353.835824658163
31089.73269544812
28037.56366590262
28625.725078595242
28474.476793003836
30098.23754423709
28362.895925815294
27357.459312719693
28414.17653253328
27957.176906083972
29348.80733600931
28746.579129869056
27590.237606751507
28118.55405850415
27654.27330017717
28183.226679839547
28361.917507688886
27907.30890986053
27413.817797343843
27868.493569940605
28300.560218438794
27976.963402861296
27572.954743790826
28076.72055888409
28158.642077128316
28237.36947446629
28064.253432133122
28668.599243469416
29282.86570512997
28744.883081703152
28437.440909587312
28007.84830312135
28440.48306332667
27765.565289661918
28004.578576553795
28173.049247681924
27593.851568648588
28400.062705255135
27778.338364353767
29062.66190828124
30233.78308366124
28194.268220469938
27934.482540043526
28887.880369855207
27957.625689786426
27915.568813081885
28133.205455077474
30907.151470959452
27492.9180237926
27915.475189650246
28195.74835201367
27912.254420472098
28474.681317404804
27860.78081281316
28387.338414301787
27822.891679652326
28762.447573903406
28100.283543115605
27916.12349146462
27479.70838122566
28028.678689499797
28164.71991478975
30908.16202256924
28648.817544411835
29194.7980632271
29122.579580728965
29431.743490286557
29528.932892203982
28182.5433215778
27991.41182403325
27947.073273577593
28982.87981291957
30226.473340728455
27237.692364895076
32436.745771254875
28668.030572930256
27403.868011124105
29049.820462133892
28031.53316924173
27859.929802292332
27818.53622103274
28254.051963315673
28764.310465336213
27844.262369577074
27812.418799421954
31418.677196329812
27777.631927701055
28171.03300244607
30424.792030748275
29729.341064502936
28186.889433270804
28825.806553391387
28495.710493156126
28099.472159543515
28265.965383303654
28266.599252965476
28722.890995115555
28650.605095033025
27463.830220328287
30296.348040647288
29593.587734957826
28245.64065849335
27251.22487627282
27927.843277052223
29250.74539828128
27951.481433378805
27759.396080646224
28778.873800235553
28825.26567514694
28716.605968936303
27818.921981830394
28325.345239346232
28730.92137410904
27931.01962321784
28089.005499511262
29626.139367184438
28659.207278283982
27701.43172867011
31755.84231069382
27917.688028332854
28543.96002019483
28286.965646381865
28157.143536064836
29496.023523741776
27856.125353856874
28734.08830641242
28844.925289485524
28816.559901312005
28775.989017315944
29092.607773032967
28126.971726971587
28321.736567440745
27621.620656301387
28316.456935571954
29447.9297531489
27574.088451735926
28273.118685382124
28030.54002682701
28488.113829453527
28738.17025257616
28035.158199437807
30668.12381780304
28783.93343611575
28128.050686567876
28151.506897033367
28079.433417423767
29166.141875810285
29026.483245547206
27986.308450810953
28831.496763217478
29263.43925425465
28643.778578121928
28323.57105888189
28641.691540410935
28597.933929541363
27955.52130749545
28641.167536607525
28228.161036824058
28360.102621853475
28126.46642015262
28316.99525797796
28821.38616157962
27594.212030953815
28500.895833210583
27655.267380635145
28204.713126162078
29752.521277507498
28128.80436046
28426.72862082134
30398.52177353841
28372.182348098988
29939.96369808003
28048.664265578813
28101.202108038808
28406.245010840437
28036.28204075769
27672.380522877087
28360.39137673162
28629.246769750414
27857.927661162976
28222.853390345677
28173.26464444296
29169.302678846583
27433.643606643258
30145.342771371375
28334.12279195982
27302.781312597388
28054.412314047422
28449.354616879566
27686.590704674512
28016.233739066538
29766.269959541485
27740.065722887182
28790.475578785532
28482.410288825766
28421.407028017245
29551.96683153495
28218.791909748343
27742.98565562881
28872.9996160139
27618.913924481258
29278.63443121864
27823.95314234631
27859.7951184835
28235.65429148231
27874.8432854266
29109.042595678664
27751.627072493047
28542.74362046216
27838.70270629444
27627.99407767306
29121.52842884772
27668.782218862558
27451.28577535195
29202.99892506821
29096.349882722643
28596.119079568543
28254.30020554497
28256.82737379512
28129.669047303396
27738.018850454864
32019.500601848908
28468.640574935413
28922.513476736935
28725.5587466657
28263.49752078021
28632.47305960732
27756.63491512245
27846.491450148606
27616.83532055858
27925.784269639767
27930.926684465532
28721.523290993828
29763.987640991272
28738.490846903533
28418.6714990305
28070.731413734393
27843.328987560533
29842.123561788238
28898.115233127046
28169.11422516382
28055.3119886719
29728.907708671344
28721.150996987253
28038.34050706724
28320.933101444716
29547.791090203278
28213.685206565657
28046.576482516495
27844.653349060765
28763.37525760322
27844.963781329458
28237.826311640827
28655.391082878523
27842.131632558634
28457.77719672018
28252.0033887953
29000.19510094561
27842.860475297377
28005.182073516567
30540.54618311059
27814.029950880482
29523.650292772418
28848.94056532098
28311.93993487952
27970.19052292311
49548.70592159608
29016.67275632126
29009.768062811505
28535.21508030062
28713.91933523386
27378.82774140981
27709.641045856486
29930.90821685095
31194.786527208875
28789.109051001633
28539.782653280585
27734.77857809299
28125.819027319998
28936.01584855637
27586.88630290757
28211.629998489057
28018.84607807359
28418.48447837872
27950.32648143225
28590.241306686807
28288.378861399582
27928.63658774559
28112.125764150715
28522.887911327733
29640.027222633984
28171.39075516396
29166.41601076135
28394.067496558895
29248.443451164836
29112.433469341817
27982.817335260086
27907.913149052154
29404.30398591466
28709.940885245313
26934.524024851176
29565.099867738074
29180.934713826544
27619.320796104577
27431.250557668875
28080.01114815672
27981.40590641447
27633.99287944778
29548.647541051512
28049.656690207317
30602.577686522567
29644.194079388984
27948.584469232035
29048.224520082968
29397.084381593493
27668.741174363488
28774.073310781216
28290.216460637293
29069.535742791562
29721.07250382519
28716.52236051417
28431.805505088723
29046.177736795238
28511.547513475143
27962.255354118945
28208.701544260995
28946.4963484982
28164.864948140115
28252.432402300223
27760.904969761443
27739.12439776446
28818.563134498545
28520.468347522947
27764.69294662759
27170.523108878155
28683.222701959105
27715.88437878948
28591.555231074944
28222.98581096448
28749.667429725232
27351.044074131943
27956.176115884722
28979.394665935117
28119.888292162275
27793.82440116722
27496.956049637065
31860.686864488776
28572.46513060978
30530.686231497315
27763.859860316377
27805.518092317878
27778.617704979995
29103.303104066323
28258.74401159964
27776.97441060325
28050.64662016091
28403.501072799092
28417.87057251145
28490.48383467256
27774.899232263244
27772.36435775271
28038.078633894092
27684.306629639792
27538.57828295063
28625.61582831907
28496.81268619032
27592.800642022867
28077.183821063798
29412.003948705198
29159.92154271911
28466.493333915754
29015.876170231317
28562.877544496176
28639.828366502396
29632.876919778388
27526.494960765558
30250.034761159848
28209.150242808086
27917.89815251088
28557.92777569444
49892.0659738809
27788.569273152927
28357.084641443405
28150.27189083774
28517.581386163725
28682.323196129375
28489.842529284
28176.290609117514
28631.3076120108
29204.62317425108
27461.294691833355
28391.360024201975
28519.25904531651
28110.139088989392
28979.93237537939
29910.882793072422
28749.405282286538
30804.43292728324
28594.08522196091
27603.173332478433
28280.87838863414
28608.656554436297
29489.82654650626
27978.033558922183
28204.2253351377
28772.789492384552
30303.91213215683
28003.2585142044
27863.07051227592
27263.032162923802
29406.131728041248
30247.849890328707
28507.699297726656
28027.55498557361
29013.80589646555
27883.662594301593
29379.48023475686
28192.86587400958
28523.050052156348
28980.983836641393
28290.300388638592
27889.433818175024
28215.501549595723
28163.018373578845
29616.598295326945
30768.2244420426
29376.640117995114
27689.300008239068
27293.52006066676
28412.30367519675
28002.370494673396
30604.456160645324
27932.97320839426
28443.51861374692
28539.915380902472
28537.13665386308
28377.953631940632
27662.107901484163
27833.62010816855
28491.79747149734
29147.14195299895
29314.673630076053
28235.211277588412
29612.150205972295
27889.425794643674
28271.709085865423
27307.397124676416
28295.31973111803
27929.211193797204
30404.878385230673
28634.177436765378
28192.238417783887
28432.53152720797
28742.454900896235
27420.36981315791
28410.137752209062
27897.001138856245
29475.7140426787
28466.067155875804
29113.448352438394
27904.31692023224
28989.08382914866
29509.990134267176
28112.71597131452
27927.464204146963
28003.505349321935
28469.680220219245
27871.95490365413
28399.827354571087
28557.57019102447
28236.1359949145
28120.98237597228
28286.30477113558
28187.15098000186
27689.35351942188
28152.087555820013
28788.82926233009
27824.844741760196
28631.97657432177
29577.72477133131
28994.05932619783
28017.85782292439
27960.54129252892
29402.928779273752
28962.640523490692
29548.400502559864
29434.195758560018
30307.153485369563
29293.36343552963
28678.441165092987
27809.3255807827
29653.433472938555
29015.507866901433
28076.826739340275
28493.535640212493
27948.2945258466
30802.351405314006
29239.734455145743
28288.8186247482
27599.770721224417
28830.300124311983
27402.321945660016
29124.363457295614
28221.306992373575
28716.810389333354
28182.63274838661
28026.881273147166
28803.380824682503
29032.62553434634
28664.60500832672
49912.60348758722
28254.248135502625
28911.23963192897
29666.415491661566
28537.99892225194
28265.511831659656
28682.32516677753
28231.461584549466
28090.25356727936
28047.2603396649
29779.403413055305
27952.606497370973
28119.417129525318
29099.94875746847
28421.903913251434
28034.479912818548
27353.342627004164
30263.143284574937
28574.317959670163
28810.19940789416
28164.879828791276
27748.22002689054
27716.394108473232
27748.71953678117
28313.494058477074
27372.603162936022
28659.569766449687
28673.3242386921
28344.503218628193
28925.41835921925
28124.857891378735
28258.612942234016
29309.055655997094
28500.245174952033
27644.875229536832
27949.778763830738
27467.08841146613
27436.81543748514
28967.682983245824
27677.031598096833
28165.145380962018
29339.148696174285
29303.13121883774
28210.112851732276
29285.488918150364
30108.486442962592
28253.104370721954
29194.837081802092
29807.19416981985
28757.319245839237
28172.597742347003
28302.97787319978
27763.127392943115
28591.734718903364
29948.263865396744
29871.096641830536
28247.055727348856
29462.25832259661
28003.168982837433
28383.318815557795
27449.26997856041
28307.431727514217
27456.7512694282
29924.108738388346
28874.715678419747
28421.124496925717
29155.503288802745
29905.639662084395
27911.293136753076
27784.373382682756
27367.152808566854
27487.373467370628
28068.953291189915
27674.042844954663
30029.881321679724
29700.533470192135
28866.670651849046
28646.044997908244
27563.001187233636
28624.063838152866
28658.86214480006
27950.57851955512
28824.475345752937
27455.813099263265
28781.713237080814
28765.524043031604
27581.53260929904
29509.23071834528
27617.58956963911
28317.447622728705
29341.24065184554
28221.71721764824
27813.437322524118
28080.250608958504
28885.571556155126
29139.902150512284
27586.78731646723
29731.24160089309
29086.581216147762
28736.341004320275
30352.520814179305
27439.3593716561
28246.106126786224
29334.808399348625
29369.766909927373
28818.953731028123
28326.080302954975
28099.112870485573
28370.80081793287
28966.259944305028
29575.33068116091
27644.339694104357
29578.58493077658
29371.044318236934
30152.936383003373
28270.12833775328
30003.770521327297
30202.177362262933
29159.50667677344
29253.00598567652
28513.969356751648
28862.266511719285
28804.82816055401
27646.691409550946
28440.5967330466
28531.43842781001
27692.717983205188
29831.249463729313
29974.30964222677
28246.89405747053
28686.187627446703
31169.721663844226
29119.885337134074
28363.239846933513
27931.47445430935
29195.177381640915
27654.690003255873
27411.424591925483
28085.715012629582
28645.3575622583
27236.290364624507
28725.561077005517
28969.86589700947
28069.689333149505
28296.76224573519
29247.637163613832
27608.682960583617
28741.541283687966
31044.83691405556
28930.602949627475
29100.524336535716
28479.037496022225
28456.322967852568
27588.585113655765
28400.037633175052
28218.804802708877
27809.262475767817
28600.85567118053
29651.219885871546
28260.740175741324
28781.43172464111
28989.5758701487
28907.677226938
27697.27294583281
28042.057058383143
29015.408735374833
27621.266787812965
28339.98436336096
27637.787477927784
30614.014855650505
30508.22544355654
27939.28621708204
28481.99315559596
27971.8276292373
28303.138085650782
28738.546244075013
27328.509086956685
28032.975040023524
29109.60866183948
29179.940453043462
28360.85026594532
28460.508378522074
28960.23797382275
28103.5713383806
29652.927631689487
27576.70901351622
28034.455585592088
28306.115143158135
27576.473327500436
30739.956915576884
27719.888341944854
27663.056850031924
27745.524495880672
28278.4502596085
28329.11591435529
29467.950864005517
29327.985994186667
27754.162237010463
27670.99392944281
28342.134539929524
27630.661196960755
28409.701460995962
30187.495224744693
27760.441561387976
27806.855926006734
29450.906830678134
29192.595533820964
27195.81171214366
28759.552045216322
27760.408308948794
28205.224371820048
28956.064369021522
28497.05564652018
28514.406239712986
27337.715114886938
29433.057559110264
28350.64169699555
27761.916649202794
27945.47898331785
28819.726588501588
29076.103104722097
28625.427284197707
28085.413718689273
28803.483659768553
27821.299440563773
28482.816494938972
27958.155045986983
28593.85060372724
28287.39599031003
28866.272839094465
28258.284374341743
28568.828196028557
27691.25203130054
29837.585611645925
28558.757394661443
28741.220848358495
28028.044663922
30999.887427353395
29283.426980709904
28451.893072053772
28766.31866022482
29631.714002437264
28747.503462801265
28561.3058307934
27853.636899905847
28135.210185768163
28215.56239686777
29085.862547103807
28847.33005292247
28700.399368159113
29939.223010561273
27269.623208060806
29026.194008363458
28122.55299131766
28173.207223049692
29322.231639501904
27682.163550464902
29163.789184890058
28012.729861969005
28396.25264007722
30678.705004135976
28621.450053460263
27622.720747585416
28097.39950491138
27860.013014639782
28443.43601457297
28186.79357501664
28986.347458528027
28964.244728781294
28035.85477314588
28030.85533320893
28851.45986954746
28856.87158460192
27965.326928525108
29410.539274197683
28296.326706685628
29017.463046584035
28324.26519604557
27976.843285578056
28184.631475431463
29077.086356300097
29240.980724623234
28548.77398346343
28837.217588370866
27870.946743391516
28001.438566591693
28209.05967532697
28714.24077300152
27925.393513295276
28137.100447647157
28198.41523016629
28467.9318704913
28216.553414859827
28345.720933713103
28474.484300389715
28248.4598253778
29029.472436174754
27511.798512609013
27652.29800664925
27629.57997556816
28007.528844486835
28102.67107716267
28544.994488035587
30332.18382780136
28471.0509005338
27820.346495798593
28407.188068758966
49351.727318206526
29046.8676707191
27161.19850223153
27596.72572878943
28670.513022160016
27773.152692450647
28165.6698136343
28318.123721593867
27969.945087496635
28529.25825069915
28444.15232607269
average revenue:28621.38654705511
possibility:0.005