27821.36425517205
28106.85427010915
31495.096407850953
28478.43485245661
30757.88828999682
27726.311116098484
29617.217827380446
28522.21962138728
28592.866710115017
28046.25320369954
29853.791799439587
28251.867014670333
28513.053603711556
27670.181149519936
28520.773063427696
29215.865938856146
27954.322697646156
29456.719763146426
28510.049564678633
28605.807874470935
29285.643781229865
30349.934589349596
27962.131181051787
28221.620450874994
29031.633381539246
29880.27490306564
28150.445490994658
27979.303950201913
29767.15413333804
28194.017310134244
28344.56927920849
27789.727669328528
27936.67079795067
27420.14284919645
28017.058607943964
28198.256329182183
28392.555224881504
27939.72189965446
28853.387302669875
28312.182643445256
28505.469845793694
28686.18023415871
28512.170457067903
27816.256975488886
28829.863761535325
28096.021292023437
27146.77408224282
28117.32450813156
30763.465219982932
27858.900067567818
27838.734929980383
28167.628778195613
28595.438371597364
27569.953027029045
30476.047450082748
27428.645120505807
28058.891406591752
29702.707409830164
28903.281687988565
28219.79384218046
27142.776095066856
29639.889412139
28272.50886799378
29428.06716679252
27888.51437900297
30998.03846617033
27977.152156621316
29003.36820924697
28613.669502580386
29078.750147812345
27768.165413524963
38989.06571886995
28418.432885923758
28282.223341612433
27458.092203993012
28632.000494203705
28040.598920651286
28397.491166343054
29723.8524515943
29025.999273627105
28111.300796369047
28939.636463108498
28767.733651578004
27956.15814168476
27897.34863766309
30036.213540892608
28340.349723701453
28189.801585380275
27972.327171658777
27933.54449302701
28457.828414983574
28849.488451946618
28164.653435808716
28385.63534841327
31046.080302926737
27678.810539935603
27880.999768529193
28088.395791186045
30509.4825553636
28421.56885881374
28687.34135388104
27880.047888054865
27772.880530422906
28982.40053465213
28664.111013255028
28159.29410177484
28082.365549178332
28638.993940898814
29461.167845488602
30397.715892353306
28585.710446299665
28244.438809828192
28699.706213230136
28780.488179010954
27420.585495127285
28042.738025032253
28821.06972713992
27553.042111923238
27977.981125212857
29334.194250001754
27471.129645140125
27688.5123582775
27434.22877363137
27786.89427069086
28361.97921949909
28537.909474017863
28155.65027680864
28324.848257052054
27837.78046293736
28266.053256683048
27990.18967766834
27895.78529323823
28964.95771450063
30767.573772867963
29371.620226988136
28779.431227911213
28308.105296047295
28219.47390186038
28891.24771460073
28092.72597271404
28522.4373566715
28082.427230106023
28206.548778660544
28549.72285602084
27772.12202030509
29209.62685146727
27732.327014401773
27885.90572199533
28506.96306615122
27546.9546502375
27864.321751214386
28722.73750822242
30205.068328033954
28158.343225849552
27756.447390975005
27830.646839359044
28946.666002573264
28452.726355984963
28329.478023622134
28935.651530656378
27255.426170673156
27897.283009419403
27781.274365208574
28711.9598760896
28165.456182123362
27486.34208364108
27875.827958128146
28713.990604306095
29019.90956906322
28600.236934151762
28200.82828045272
28335.26265359352
28529.645450172906
27957.78147577728
28654.957122362917
28193.210389184173
28300.231117002
27865.993960039985
28393.29724844416
28292.844529035418
28335.12517967641
28241.081729126337
28967.65983872151
28468.031163282154
28065.40099516366
29095.412212450003
28035.47800285994
29054.288182079243
27355.848877326112
29867.540672144394
27884.545599417295
28489.175379614764
27656.94755034378
28171.387616423537
28933.679013556513
28029.097698749327
27812.061842748044
28016.94010169007
28421.886978590683
28727.508630103603
28761.10898420035
27939.711360726997
28047.853417686834
28978.329061430737
28923.62554869928
28397.785616794376
29003.1192966888
28313.904227417708
28319.2561602785
27944.834299277336
28652.888316467725
28951.428446596226
28146.066073980106
30070.80157017574
27862.930906696212
29126.015386183088
28832.78921355396
27765.36124552483
27349.4857911533
29130.64680966134
28796.496116448157
27780.19458388388
28603.366757542968
28634.60170025458
29399.86090245152
28239.90892194677
28378.083920874433
28455.858609787814
29541.312138227262
28716.712586513713
28822.053300661173
27702.37576988252
27903.301536126415
30312.72669965302
28647.70158981603
28581.167058654595
27794.942813068847
28544.631148721543
29038.114088607508
28370.979771951654
27425.92020188064
29296.468633711564
28798.436344219008
29083.427564783575
27581.98085865245
27969.48811412631
29949.555018636107
28711.32494456748
27313.515510108915
28375.22753957497
28312.33307010717
27857.396571454396
29933.34669660393
28549.488737605505
28700.713042889325
28005.906505167794
28855.20462172902
29789.97790897343
28865.046109436196
28580.983661000497
28477.409419930198
27824.624047766072
27576.761935604572
27781.766639228554
28110.1206984062
28589.5396688952
27818.68527099903
27845.231801935748
29592.588767836478
27951.257828998387
28657.395111530055
30037.778144741205
29848.633549633618
28099.911380232126
28166.035294351976
28617.754681736176
28235.60662380226
28683.64499600586
27940.58819969844
27801.994424737564
38770.1147843067
27341.409866259506
28473.900329119293
28565.45222939043
28338.371325143304
28441.114708108304
27647.803148848696
28089.10987725954
27982.9839919062
27426.88341002751
27930.538806769764
28445.71120440334
28198.15023694967
29146.83644466636
28259.97603305619
29723.289945214263
29336.86760334466
28356.020763457935
27926.89902412206
29229.242485034687
28587.454702893632
30291.270300748827
27901.70071784334
28630.694476386478
27795.685660751795
27972.466523596646
29195.6345907556
27943.81091189003
28799.908955677336
28569.68322860031
30037.787516764816
27753.814265120338
29237.730038075857
28872.66600591701
28958.13336326343
27687.677186118446
27830.385726917637
28366.103471975548
30223.180636367008
27815.072430689783
28166.82064969936
28120.62130257452
28186.35505845465
28045.099165571643
29186.284309256753
28806.214122010504
28736.259809526353
27444.166368634927
27936.12084172198
27845.58945750379
29390.869769728226
28525.709443478794
28225.05806199646
28269.502005038903
28931.602856574267
28463.840908669816
27929.505730083405
28701.031795383697
27227.338667568423
28579.20739739746
27827.751266743715
28576.54424328087
29813.994762569655
27602.75154028542
27994.223144460608
27584.551428495462
28288.857931247017
26981.943111762077
28641.558239256683
27612.82752758007
28605.32516105499
27737.625140940225
28356.190016534
28354.3401779211
27952.6945670542
28231.6134715725
30612.39478180038
28287.30409228876
28233.97518051796
29251.226005286833
27797.493005955384
30178.943428724637
28311.792198248306
27845.344130760906
28213.093215560948
28632.120994802906
28865.713594022694
28416.550683107693
27746.38308206633
27729.994294325214
28161.302436756785
27242.07195935114
29180.75008733473
27488.677068943358
28926.718251175444
28129.359207647103
29442.66290531613
28449.351737429017
31012.781445876743
30021.647854367922
28781.363119670143
27799.649355377493
27639.51969457865
30463.835223306156
28358.674041350725
28740.174555894402
29286.11374576201
28747.44003592978
27605.405837017097
28386.314629029555
28350.535129412372
28992.63611621987
27896.531403984445
28034.550105915125
28031.635045989853
28593.736295716415
28934.474704717126
27649.90953548
27604.439121023162
28048.30940252347
28821.660646603395
27585.576472498673
28730.496289964194
28486.171313126237
28822.50667461534
29540.04691703279
28813.187372758228
29025.12264550586
28356.375018303617
27848.5893445844
29253.457878721583
28324.3492193496
28176.231840688873
27672.705878203178
29329.117653476842
27850.717811287093
28249.79710685541
27646.090080575184
27512.893701791832
27684.05030458825
28449.18782984909
28518.494652513622
28653.368220356697
28812.328323284513
28285.96340799434
28671.973386025944
28610.19712732312
28061.03473968186
28600.737569763638
39075.79796564509
27805.180342402044
28695.393685145827
31969.184879312746
29424.275919809552
28438.778144944896
28361.24582739745
29276.122086208277
29049.184129173012
28360.008374830486
29114.702649939514
27539.621866285455
29145.753915233934
28571.77249200564
29377.54554430041
28911.676224357132
29256.799106618513
30137.8272439116
27925.617280268994
27801.582839661634
29455.495752891966
28231.97357349519
29192.47111538288
28776.787818464953
27798.454491223358
27490.329857835903
27729.03553739981
28512.523659773335
28358.80540708867
29060.823523140283
27908.193967053605
29998.95924294295
28754.300171328716
27707.202378290098
27255.89237927709
28215.671373739475
27472.444949583256
29691.775466115694
27700.881487109364
29377.927228217293
27341.16575623328
28328.152746859574
28261.12730557428
27557.699882819303
28497.02197578329
27991.390677677995
27989.833798035943
29113.20921806833
28512.73693117184
28457.99080923476
27990.84055375277
28002.73978739263
29025.216100095015
27611.044744265986
31252.906758963058
30458.438560888302
28288.958034042094
28714.92729130618
28648.219772988192
29075.56080609545
28325.186286267
28531.16817325292
28608.137271769
28812.78187072782
28193.96546690705
28850.366549237828
28587.102036268483
28291.29065374308
28641.528798240033
28459.85749076702
28836.61936720762
27367.605726278704
28845.286575484635
29004.580297816454
27849.059304772163
27401.423020207516
28870.453969588067
30059.398906768438
27799.09108842283
29009.79756840119
28969.13210857829
28599.464282829726
28302.06447250132
28538.089862086435
28889.097864452033
29626.221655392532
27420.449977294003
28108.371048377096
28253.4362329266
28287.76301079838
27922.247555845133
29000.21768579754
27378.764106989624
30079.879025792583
28191.449718570166
29373.95871632827
28250.36258872599
28451.589113213115
28549.956584622738
28192.819371814756
29980.26209413225
28820.62796380532
28551.855631075898
27764.690333943483
29987.1174696978
27163.331232334112
28173.79137816915
27847.927255208808
28111.629431978276
28745.893025832716
28042.733089271413
28971.441317235134
29202.522593600774
29885.36299142067
28728.610227655736
29075.5597554915
27602.239492076056
27931.816348733933
28112.471512901382
28706.18490805886
27638.52387938118
29728.295397103968
27834.758580665926
29169.646221524406
27877.624164863024
28299.43350241707
28062.89855656149
28447.663488731654
28611.903166933414
28027.73979057956
28661.144758262442
28767.226842435117
28598.9473480098
27958.077314965474
28446.49246895624
30695.35364133726
28207.236151524183
28045.008334571008
27095.53976999929
27521.43631996671
29448.223871202346
28820.656579770683
28534.350889869478
27025.647796129986
32451.57722366405
28683.257960011873
27328.988117964393
29098.138656225998
28712.961141129137
29355.412271875593
27916.505847886758
27705.754274739294
27963.502404996423
27939.89767848961
28222.33368811916
27806.458259349773
28938.08469337025
27849.78713594797
29841.291504257108
29316.455154541298
28716.53799929229
28017.72148982476
28703.67181535383
27906.2505210186
28345.91961676361
28342.499877971095
28413.435171256995
27690.165877674073
28124.20654698339
28768.180217122397
27413.614012746704
28578.232131373417
28853.37768948876
29651.372711132575
28440.339797650122
27682.290768795247
27471.531275911242
27698.37376744957
29385.752303676596
29071.771109537982
27799.18737779743
27277.069365184478
32314.456380470405
28234.374432392233
28670.666518187056
27678.427330604743
29550.759967323214
31284.536985331568
28344.256791289652
28314.731665817755
28441.88664619517
28623.59399468742
27765.315404769328
29046.378133954815
28174.938260814284
28374.193123449157
28148.239093755077
28398.60968794196
28858.744264650315
29385.85467458994
28618.279977533697
27946.18965654593
28292.622953471135
28110.563007526624
28517.895606235903
27987.00546859316
27593.009803651774
30009.76259423464
28479.608294262438
27700.57567209063
28620.859852373986
30908.53090043281
29134.77530424312
27655.552350533337
28260.063492910846
29161.263190588033
28483.570220174002
28126.38598026513
28042.002197045924
27398.821416703555
28381.94036881846
28680.968558545843
28814.099181367274
28562.812151284244
27878.613513666485
28262.441661262383
27613.84599677787
28566.716248720975
28552.346721388636
28259.82893676821
28420.696106465868
39114.02548342763
27349.4590672255
29498.739662858534
28556.54361528619
27640.364014082672
28036.68949910584
28835.003527955898
27815.20701883307
27887.309647067388
29191.178861306536
27750.64639538409
27476.466079773956
28738.865419259488
27360.65477276918
28486.62484929097
28185.66626752076
30127.3928454273
27450.550115472324
28444.06112495497
28433.56630361848
27189.58165050903
27383.835161058043
29423.064679135612
29928.73864342591
28072.795392657506
29479.333712726493
28553.747861797645
27649.49753757732
28531.58329595766
29223.202421374946
28646.229340076177
28259.076670073024
30612.61629422992
27858.448718550128
29096.717463462162
28833.11665676297
27777.046083831126
29110.922454419604
27865.208591863855
27816.24654193471
28408.602018628735
27930.487580018907
28844.498517961874
30741.911592243716
28134.136238832783
28705.19560933226
29979.773995316365
28061.708569679045
28632.590792489962
28726.474687244554
28073.030005865185
28852.181155476115
28093.102700940235
28221.5444553091
30010.29357886338
29897.94177993697
29876.269026256992
29334.090114896855
27565.998195564232
29521.08382323622
29418.483360867343
27966.774980891136
28104.65098273194
27861.892734022673
28464.20040109504
30639.939747681285
28955.935160870285
28452.241708982358
27427.97539819792
28888.766646692708
28430.63563742584
28747.88432022749
28380.04315780872
29736.420427278736
27396.003040057753
28364.813276990844
28131.198017381565
29994.117037717584
27348.03466126757
28657.590845358405
28347.796910710505
28208.790371459425
29127.217313407007
28175.981190953702
27983.787830385907
27021.229339485977
27676.49400653142
28617.566426089914
28576.051062430404
27631.401425314678
30636.78220827628
28543.460990615513
27515.950096469118
28070.545647434483
28734.31092109175
28993.47788397311
28070.878511178926
27650.010070008724
28347.251852795966
28813.04695388331
27229.196576054106
28270.827720559588
29451.093279111792
29368.822636062672
27890.02363074759
29129.00049938563
27504.202680666283
28464.09266858182
27337.39821706596
28236.184557541714
28646.209891243918
27419.65593024635
28444.72165294588
28392.07435097029
27463.485691896687
28300.928004343026
28120.389595273817
29044.08109789204
28016.81861137623
28266.165592485446
27675.84415193516
28662.258823920238
28729.925542775978
27562.93628092495
28433.77492716461
28198.61551619416
28388.79840295205
29365.975840540064
28323.170896284566
28534.994829986925
28400.90695567674
27619.61203658703
28951.820652268576
28057.125104428196
27700.664057710896
29138.32984687847
28638.32665239525
28742.368709008835
28818.274332189987
28407.73043571775
27798.49502793571
29388.55603533671
28796.471992909344
27542.409934208506
28034.104938306555
27834.16442176231
27395.944986404338
28804.786577850115
27819.199095194333
28177.31206793259
27774.167919684376
30401.787994180115
27696.245418230486
27935.178231205835
28174.53787051206
28147.829339029176
28769.700256823402
29993.971064954312
28644.13979855282
27865.460506178588
27829.936311578724
28642.322359537127
27779.635332199552
27627.09507407596
28442.030590071525
27637.949173365483
28338.190770596633
27866.027673054887
27894.978492296752
28985.385391305765
27967.98477723343
28035.776371173324
27053.12430419394
27285.70607100054
27844.427612861502
28058.86563378136
27916.944266538478
28022.410829303837
28887.124708321968
29098.439825341324
28228.454000604255
27834.729962425663
27781.054331995143
28277.566765817563
27610.567165117176
28221.77248367793
27838.726766188047
29056.36371336775
29303.56604612741
27857.30124319345
27900.52956008832
30367.641054125328
28573.724362502893
28700.680794334996
29398.25183633254
28084.180021295713
27494.720520332918
28747.212582476284
28481.897634722704
27784.346989458754
28882.90981596404
27996.967865403738
28432.84909241019
27845.317764788622
27903.175807573032
27859.688532573888
27746.18574235395
28279.504668956884
31181.094878334545
28717.128649344435
28018.27608279895
27971.78654661416
28502.153044036928
28170.7667384478
27977.21809180657
28145.336355293886
27796.587671438858
29097.758529807
28543.542491405817
28426.910785718454
27687.92390176932
28598.01989367941
31036.220505844474
28767.99676515584
28502.962275474038
27584.650198919146
28275.77095563428
27864.345277846005
28412.552787762255
28930.39349242314
28842.815876159122
28094.838932419978
28044.91818565651
28069.794768737916
28323.943771480022
28315.8490387853
28261.45713365175
27587.45538912682
29244.678541838897
27297.593971289505
28155.546013488434
28235.27101856988
28545.65048201949
27774.525996559856
28916.063777085168
28021.538912819353
29175.415134813153
27880.496458795547
28125.929332192798
27806.52566861381
28490.365606616167
28605.188705506658
28750.166730857713
28238.832857266054
28284.98560559208
27387.798502192178
28565.50837828941
27825.667957075635
27875.778987789014
28023.219208238053
27983.65135313825
28406.144185943365
29138.071278109284
29114.029223378075
27794.766574630972
28192.87434697359
28145.4595506369
28402.233554248996
29029.408008354727
28241.368222864687
29441.578148029243
27904.53387630801
30992.072644590196
29754.389760313272
29668.90968584884
27817.608369044065
28731.792274667212
29464.197788328867
28384.26469989862
28520.05942491876
29292.447948036166
29720.051226234362
28330.09797005636
29258.337985377068
28154.88279329625
28743.40359522671
27951.38937885481
28158.32743528803
28104.65918641415
28887.836671257308
28057.11204760404
27247.088051059156
30406.550068337234
28011.641871867396
28967.34932120506
27868.096554916767
28556.370340338148
28108.422075764705
29181.029128311613
29242.39683712773
28874.676145515175
28924.97070605805
28441.047667350027
31669.525482252422
30264.43957967209
29699.77449201551
26964.787205334276
29161.09760263
28753.33041547463
30206.119209639823
28022.565807156923
28286.4916683579
28283.567991151456
27612.130163788333
28235.456346539195
28304.333607644658
28747.44833140332
29432.631299804954
29263.397999503937
28667.452219706236
28716.29576999557
28397.07027462192
27777.36368197894
28301.94503639827
27851.234761641965
27435.896163772333
28224.520268589833
28134.323481550357
28688.43751636582
27572.671585218963
27425.51960651301
28719.08333494524
28927.00404221181
28413.61904145023
28262.545057745956
29376.887205397154
28290.533398862117
27915.63608019287
27888.33344802459
29029.04533006062
average revenue:28522.557623253575
possibility:0.004