28656.4647100951
28395.875438567673
28256.954642126522
27975.261460489368
28136.4887545761
29068.072504678315
28430.82873629406
27652.543962025466
27948.66467658511
27771.028836595546
27731.775189115448
30175.43433635562
27404.335671029687
28549.94587600981
28561.02897241987
27890.181869090193
29289.65446868108
29566.816290338327
28859.251895898327
28670.385821050953
28119.84459736331
27744.98984932801
28932.538422224832
27998.067414635894
29597.98911721456
28851.403438948382
28407.921408472037
28565.837534460286
29771.47823218242
27577.352708114
28416.876438513187
28867.042106588557
28603.52807897439
27707.427761450243
29299.749705352853
28609.657012404736
27741.186272721003
28283.76622735963
28390.45916771756
29099.388202051756
28024.331128133006
28267.156288250408
28171.24130215172
27930.21870752864
28237.44676912401
27633.62019429281
28083.838654148003
28435.50054934625
28668.128655352208
28679.629786252037
29554.577020196823
29675.473739879475
28559.406716906076
27847.99076636849
28458.63737939564
27814.71773103068
27738.2485906844
28227.573653392665
28329.731023304812
28679.52938577538
27296.621077295003
27935.922195742216
27982.920507916813
29231.689276882284
28311.30966639561
29433.889058938872
28084.170498828767
27681.629453263722
28317.709397993323
27910.570754330034
27447.43825668099
28357.736011604637
28525.763565325517
27826.76749551355
27623.166268716217
28254.04348895532
27811.274549539783
28029.081567985126
28396.054653244646
27728.283581820262
28843.898619255968
27860.90733360165
29330.03415781389
28411.3777828443
28786.48437405925
27420.81476742716
28278.816730537914
27476.636946767456
28886.336471772196
28189.66349531659
28354.0944295906
27974.03767861556
30299.9965524698
28757.05184472534
28644.386225206355
27230.847391898802
27913.228048433353
28214.366873570947
29894.01356903649
28017.348358323427
28378.02026892655
28571.20628482668
29662.939444860833
28238.48106547327
28019.081040773897
29073.76235477472
28417.77739601164
28895.58717737936
28636.565970477754
28673.302427236074
29087.807227714064
29381.305178387316
30241.93242130454
29159.089041392934
28264.648141069487
28418.94586006285
28008.32197058626
27525.98975805908
29137.83503587579
27257.22146811665
27949.73876844524
28507.862729659446
28523.22330404695
27804.03295663825
28411.37460037606
29796.420096107515
28412.43744512252
27636.03249607289
27931.978657232874
28941.7491321453
28028.75108001093
27610.2620677502
29222.97728817125
28846.12259572085
27666.046174873532
27504.328506587633
27837.3457872635
28629.204857128105
27650.255358020342
27960.035290940894
29066.782950637393
27389.301556715596
28866.513312586758
28213.877679674293
28448.00733561978
27799.14787641764
28448.370743238578
28345.101712432013
27925.780746960547
28104.891725596328
29698.811533049524
28569.853421941698
27664.844473217978
28495.700810515744
29088.726675353235
28182.027269820934
27605.376465169255
27696.59733661208
28199.407349056128
29912.52943866668
28202.708031863676
28598.8305601402
28766.347815153447
28135.42679662076
28086.315835251098
28919.867054134567
29168.076161799654
28843.82388651557
28336.927845532777
27730.593321433946
28420.833895430344
28291.332481623176
28400.3075202856
28993.046452358565
29129.39354407651
27679.214274161604
27857.020208779515
28662.957393337492
27315.31756553919
27371.383883479357
28666.796104429723
28048.456844210894
27788.73671401402
27910.24361000152
28299.92761603634
28040.557293463626
28785.726617131622
28160.98575318269
28093.39386841065
28907.634956560207
27993.8360165796
28879.996428591618
27722.449522649145
28718.105974637103
27731.076659355385
27384.29552918733
28736.292629274194
28799.75289220202
27565.59559335898
30341.116956305486
30789.426459002603
28635.35028420228
28299.608370926002
28059.41512493914
28387.32790208622
28993.341017025425
28180.5161376508
28844.617285979064
29773.97476095351
30071.276236451456
28405.337931162692
28606.16072394953
27694.235158817184
29799.214710684846
28272.2742776431
27389.95667866334
28378.85956401946
27883.392187468384
28775.071006146474
28053.25039315089
28980.00352992395
28377.61890410972
29639.249476783225
27679.463338216185
28523.429819617522
28603.646964460168
28184.6923046374
27796.785690760436
28133.405563813227
28115.261633494785
29619.0154046101
30050.956119066377
29401.671682888376
28494.71083192238
28591.386521463308
28072.370367522988
27442.64135859634
28189.85601401061
28321.649365219935
28954.397878159674
29830.686230756597
28160.351358522894
27841.803214276853
30142.132728185727
28281.061844370295
28616.421874457326
30602.567883436637
27926.517543604976
28839.145509839534
30062.680940717295
28818.599501906065
29139.673274094832
28531.124816657837
28225.283191479513
28380.39980709752
29017.513103667818
27043.321807428772
29696.001669004163
28616.94052769464
29386.98064780028
28992.082596241118
28989.294515519425
28357.79316616896
27324.99627023707
28762.362979993173
28848.100331830123
28170.69939391124
30502.525418464465
29951.04419903331
28535.954921654273
28126.081949877596
27802.013108095736
27891.508920567674
27877.74956273411
29381.9106503528
28054.987125870488
29110.5345218032
29431.3287550205
28591.922156731045
29295.007539072212
28612.655721357958
28121.935713705054
28872.085558483588
29834.07305762191
29612.62238983366
28077.71197346967
29365.69912125161
28126.000503054875
28219.354250943386
28510.18198523604
28573.185397761044
28992.865135991757
28636.040579974764
28852.00063340095
27873.873885436144
29036.02247763423
29025.847965507084
28913.957329785084
28887.071193207346
28611.21500328706
30769.11644694542
28496.083935396575
29212.866053724938
29806.07175168022
28629.804814396863
27974.492030136564
27762.363228559858
27602.55499719618
27696.375694072427
29520.086823877937
28633.940949761705
28218.506832314157
28734.534339364738
28166.96170796988
28002.140269840515
28852.763591510087
28277.22669530778
27795.459087370135
28855.016984565358
27945.49055836214
28215.62765101608
27900.794074357098
27473.48163399777
30420.691523028065
28820.836777428623
28984.21389589503
28232.548171146456
28721.72268980175
28119.36475402022
28452.520007827705
28672.1958455556
28721.388540067896
28710.375274514
28184.12979352554
27966.304385603173
29354.539480746393
27878.90219964338
28167.691549237545
27889.812291772207
28217.10985667358
27716.185198149542
29972.128661208466
27828.70282024504
30761.8090684124
28583.3859992783
28287.89175960362
27658.166416876655
28400.859194293844
28218.813116898305
29110.645031460343
28138.722829410108
27627.5686363363
30008.144751160537
28636.742797422543
28566.20711317875
28745.201579676934
27349.974693846845
28331.896840988346
27507.480682047946
27651.00962854747
27744.685653359935
29515.28071214589
27937.738334685768
27829.149452577254
28821.395166483468
28659.071101657257
28328.85554813288
27746.82426296581
27813.098288820605
27902.07640354936
29118.529683697267
30341.751860625198
27995.110892698962
28557.737043420435
28415.70757905559
29554.910991034772
28379.052193826683
28927.383231250795
27575.400263128093
28592.287418998363
28456.768326228106
29574.267207029334
28305.73925152067
28460.11302846468
29087.471997415985
28049.750904424523
28708.109445469563
30637.204805058627
27990.657007381204
28089.78571786043
28611.75027569112
31359.391974153223
27899.61080214014
28866.351252025826
29008.826061804008
28162.649482570185
29270.975190234414
29017.04212348325
27976.14828464628
27906.716942535077
27722.723424509015
28121.76772000056
28154.535804802515
28724.562077031314
28538.664296276947
28177.067653236863
27716.175587188463
27515.100713540836
29629.710824075617
28665.972565089884
28494.617959883577
28756.90997474241
30107.65395428708
28325.045131083967
28334.645826187956
29052.54664805461
29815.962593229982
28143.101317109315
28165.789718670032
28056.827994255676
30345.56779243036
27978.235806499953
27428.575587437856
29712.47457004346
29194.869061317077
31262.993278917467
28450.805047635386
29308.724130732306
27437.095070388834
28209.432481240397
28736.940427168105
28038.498470536633
29477.65364690225
28572.997982380544
30243.474448530837
28355.020192649183
29247.201595001545
28064.998888340026
28476.056479119827
28238.07727270707
27948.598025797175
46536.46700690512
28463.942897958288
27777.64035769044
27561.82854344105
46871.50859240088
28222.583051686033
29096.452526835885
29251.023168775202
28875.229731690193
27810.429784912416
27904.371659860746
28172.572756153648
29059.109478186725
27576.55598641174
27960.51122167319
28632.475878603866
28684.620704643177
27578.77810473634
27687.113790635736
27948.294226284364
28310.430200859166
27995.220235142897
29279.06371720098
29142.4000774516
30641.572200289105
28589.6091085951
29548.154451988303
29773.321426571936
27501.12116809156
27777.359375807035
28199.205991887633
30049.14192404391
29399.081011055565
28240.807718826454
27835.83896831522
29546.287530788406
28719.33704960383
27805.39237270841
28340.14035609556
29188.4293416499
28322.44592673576
29314.908384555027
30130.97084793421
28048.15071812602
27910.61205018862
29591.33166199873
29547.89621095028
28882.699476111204
28978.703145670268
28497.68704877378
28107.20652702241
46697.24274590302
28731.772979627032
28944.95042386307
28548.642199902846
27830.88925154953
29619.009335899984
28378.890119490523
29836.24476825076
28054.15646289741
29523.895216154524
27727.01630032591
28271.525764572107
30770.791349292846
28164.33932156955
27677.18977075734
27892.31558501041
28561.79676169929
28614.645511652903
27969.927703215828
27728.476725891796
27910.725390328662
28395.451277247816
28974.88910649593
27910.188281563962
27616.61731294788
27987.1541244649
28959.443133148125
27726.19347588266
28397.17285097355
27942.65175016128
28052.504549508896
28127.739823494216
29092.427365231382
28463.32465759755
28905.251412197216
27219.74126984318
27347.427601097064
27765.216841665584
28968.560812728294
28265.422713551012
28879.29778452905
28299.63502674591
27774.589469542687
28835.7969665167
28396.818356996308
27335.776165094907
28770.327293680682
27397.80208992377
28590.946620178544
27704.635286399563
28651.659174299737
29598.08973727305
28370.501424674716
27928.18375799283
28143.943844117824
27633.440356898078
27769.625224248142
28143.358959502148
28776.59050916981
27602.8004063606
29196.355692619243
27660.068531816454
28871.642068861638
29338.132098657767
27997.775844255
28102.83752892756
28332.740318547265
29035.265993329554
28727.509420420265
30939.331040936275
28703.835530551165
28105.59443872951
28375.918153210612
29608.679377164834
27491.87285775613
28364.788564051432
27335.11432845203
27296.520488687696
28949.271291034922
28667.92391915072
28114.54746240776
27856.335565795962
29214.67609991088
28341.847755274102
27580.241961198186
28658.32536521338
29097.11208519227
28262.00577366614
28575.256893646954
27923.638644517352
30005.9250057653
28454.11653733414
27419.04656687859
27329.16410163131
28238.526903105176
29903.10693219713
28046.782391596404
28996.319372158712
29958.45074999222
28909.459539506126
27756.913275240597
28375.03912326305
28599.12095498864
28699.29653763249
30014.000736485643
28871.99443113235
29246.53786682844
27544.670149023856
28588.440102623623
28691.927808183664
28297.615826901543
28078.691931515907
28425.384665860358
28023.9883040988
28176.993736645018
28196.08737920605
28178.768861641463
27949.71658845399
27616.95376783934
27959.81402020639
28860.865148571273
28466.859694819228
28460.080430356782
27962.19996871679
29030.718167618925
28655.564055681974
29335.02444255905
27790.989867161526
29684.10162563071
28046.14910889681
28396.92656943792
30308.548482250862
28737.32735095873
31061.034148630344
29078.758610479574
32095.516040419476
28286.377699572236
29722.75671164268
28768.375493209864
27686.24857192067
27868.25181765574
27954.64539435858
27798.656458242574
27940.96245816943
30597.086404615464
28144.00866091591
28857.467759040836
27871.445644754283
27990.92019105248
28152.425018605827
28418.898476471022
27596.706534831683
28387.973547985195
27872.075859243956
28344.385993697546
27443.749023802324
27984.82326351136
29592.144149389133
28686.48584866698
27607.565508389824
27620.013931732414
27572.252989194723
28879.80915432836
28774.48201462277
27417.659504191466
27873.891621706047
27791.071852208872
29207.49128972745
27960.224794728834
28346.87611364043
27809.41396213057
28583.73397551518
28124.669810259642
29443.592623531284
29838.12931300968
27215.902059397904
28340.414739583914
30391.005024760416
28790.484230602124
27896.52632377435
27875.6093706443
28036.515899043377
30960.420220086064
29011.791952478936
28409.40938977709
28370.99617046029
26955.105682219237
28336.61224857457
28286.556624930894
29081.982304676847
28350.082011540784
27753.073578688858
27989.51421020213
28635.243811474134
29580.692536103645
28961.49099342491
27551.22820177791
29150.21659320065
30803.9172928451
28462.611418784745
28839.68918288102
28031.932909634008
27634.88877869491
27647.367673995046
29156.909197314933
30253.73436876272
27457.80622279011
28127.694639486566
30202.91626894507
27774.618336333795
27723.351757578974
28016.83946881891
32532.359065263085
28720.255559645455
28645.350248412327
29105.08743095148
28287.24298249707
28145.30031034098
29640.268391458147
28123.860564625626
28465.330062083776
29369.138318398087
28710.433874036225
29443.256599562
27429.602029548914
29326.942704972993
28657.628990996167
29557.51198163871
28733.70457034462
27826.392707989166
29346.062921602606
27896.520809271726
28352.661700800938
27900.820864368015
28190.38276267887
27918.92229505275
27969.98117366836
28893.262858394093
28297.253152983587
28117.44213470727
29007.78401076003
29651.13957869945
28252.851272830794
27977.26158280799
27851.66750072267
29001.543231042953
28172.699028505398
27956.54828414782
27896.948330427436
28875.87270352131
28461.406481660586
28078.53134482117
28881.664632332464
28938.63718490844
27804.275477176296
27931.328592243586
28193.71028609601
27723.917431242266
28739.375318838956
27346.581225649057
27890.144324627257
28480.832862124225
28966.343158108943
27688.219687248253
27690.17523560554
28294.893104780735
27201.130218488775
28336.234714449183
28609.294578633442
27446.172144305285
29224.618601105612
27528.839341734638
27697.68660319682
27610.776814786135
28206.754446401363
28519.935021957222
28688.173207238055
28177.574708051026
28536.956060472214
30316.803276278988
27845.175213087976
28713.032640130485
28278.111162754158
27604.070394776212
28158.821595983132
29628.32745061213
27945.883717513527
28551.65007375073
28128.81199423801
28946.403407158377
28699.441468309116
32517.456830695653
28485.194716763148
28356.97566810564
29622.45252066112
28803.30810239879
29481.619656089097
27855.414538174336
29618.346452952144
27559.820959473476
29398.3855753182
29129.950484499044
28172.954263187115
28123.097986964454
28593.447465141067
27724.831675987403
28937.791447704272
29574.247456591573
29204.057695635034
28453.772154510152
27990.92457719561
28559.093750593023
29135.69859150604
29383.05073556134
27169.17144216011
28870.744732736905
28458.306740731805
27180.639031573577
28712.45608326744
28604.013749742793
27919.181219982656
28585.76123033622
29450.32494059366
27541.25775304163
27715.033295903868
29999.31251594811
27864.214051643226
27893.590193262462
28506.02281019437
28019.788762807402
29120.929743558976
27351.589311939544
27436.771206947164
27842.595890954788
28299.683386504395
28117.63716367574
28575.51775735762
28098.02016830896
27977.10629298796
27847.664042882294
28859.14075621482
28200.346443093396
30472.4455413305
27963.49992271078
28255.699144844977
27766.885383755038
28413.47184949231
28578.37633990351
28451.692029532354
28454.908907616566
27303.743018430356
29427.287493461914
28812.49719382296
27803.07092303052
28970.380494674777
30403.797204931678
28083.65178102774
27593.227237338844
27494.716717524367
28183.496738357164
29092.52314306628
27676.889043823183
29155.395082127852
28940.111105215998
28032.17171446012
28642.989015438347
27804.970762251556
27870.849970494546
29168.31963456643
28281.70985842608
28793.200942240706
27444.704217944523
28029.534819939065
27562.33842336076
29349.383516547055
28555.186705517306
29370.33417309858
28057.38324330814
28224.439605400014
27644.287621613348
29684.97327456763
29925.981671009227
27994.410425433514
27858.793626588267
27704.155096548588
29274.47593167737
29499.01562164218
30554.885798229905
28192.286079369325
27860.945791289698
27028.27357304245
28486.120330581674
28435.012864792272
28273.743711684103
28489.981827566247
28450.309951683616
27801.147174707858
28260.256939326468
28083.29436990883
28301.923822853223
29868.011376159113
29845.739890957615
28209.740202274857
29607.383062635123
28474.285941089256
28387.60488122679
29049.776073184563
28177.69628274306
28612.203245723013
27640.24652078043
28499.5252023766
30801.31451851024
28442.563077305065
28745.313325484352
30218.9508628131
28684.49034892065
29179.69090059233
27621.452033299036
28799.84230933192
28979.11975661279
28609.74995499297
28619.798631908805
28341.393646065524
28577.325407897897
29437.196564072143
27856.835198663313
29046.53991039134
28470.36719513302
28134.888459207337
29563.44193062804
30310.18787857363
27869.15450538269
27778.513222310023
29468.391976034545
28413.975039510195
28881.493442520612
27885.286495554355
28549.478505796294
27997.435703172803
28418.166505367088
28186.58654005746
27925.503970956383
28033.279244045796
27588.28087023756
27770.39968224316
28270.77668427153
29354.375758469847
27995.84360338782
28239.02226233027
28222.96896090905
27941.58652927852
29428.6453169696
27560.175044796277
29762.30405027444
27886.80349855979
28259.78513170689
29371.72559750658
29271.415381204577
28163.42420544959
28931.289277502878
28496.90657691763
28346.341390138692
28469.85254695109
27687.73790810001
28091.058669545735
27666.535531073772
28370.999187122427
28590.733634135868
27597.696892261345
27594.097607894415
29286.17495922685
28756.050180794417
28370.48293335729
27648.559105894008
29739.842355237226
28191.07907929014
28354.11546198875
29308.216848803866
27384.91968138303
28717.107392961112
28464.080758177268
27988.764719224397
27798.03479869976
28521.68165789877
28786.240773302772
28529.446228161418
28955.770653618816
29240.472531251347
31438.869557893744
28901.27231683552
27791.896629231265
27531.71009373737
28246.62635040862
30322.71358546657
28835.273585981715
28001.963406575465
27686.38287999971
30046.576921710373
46521.595420119724
29517.401799673768
28144.15224807593
28311.085219265984
29862.963194986816
28816.90845354089
28173.83136488384
30633.813504308557
27868.368147541725
29301.515047804074
average revenue:28587.854468609356
possibility:0.004