28270.22134775761
27818.217642086212
30130.683571957048
29149.927350998038
29251.881049876876
28541.946347256806
27811.539891194614
27899.466254847895
30992.16206819373
28086.690493172064
30701.05280053948
28388.375009541884
27662.9683787344
27665.987368895574
28228.14616719615
28275.14555165651
28615.877340598312
27627.800651721467
29661.61231313182
28187.80016228487
29017.093209458657
32890.223301878905
29773.200567209366
27802.45773140517
28248.91318172548
28063.474580475548
28490.052019840565
28277.519081533894
27848.88741036035
27713.547848364862
27971.51489593971
28305.020893502333
27541.44254890092
28209.353703162225
28939.214776208122
28868.240476690004
29082.9364705756
29769.197707427436
28879.418800874766
27807.19848806948
28186.321570795353
28359.386926798103
27548.495747630463
28071.78811276117
27769.65199918432
27963.389575596262
28145.804226036973
29698.00114594462
28032.864239086477
28009.989787391172
30170.326846742286
27216.350380856053
28669.032685588583
27855.647965784206
28805.506608599146
27546.186865793516
28517.920500873726
27302.522755105765
27930.821104345127
27965.975180496145
27532.172775361938
27558.913587652976
29628.420283974614
28475.332695380202
28397.013710312105
29793.711267446135
28851.137002972057
27868.176097946216
29550.965731321372
27914.01566913665
30476.463894804445
27404.39132061894
28448.957262206593
31943.18639905493
29248.92280890692
28799.36123494497
28901.360155622337
29735.34357174089
28176.70507349673
28768.995071680376
28235.77003189091
27887.28424854889
28924.549058198074
29002.97855138051
27753.97672173668
28342.046237019007
29125.278692028925
27460.84545340305
28575.353388984397
28061.21147198596
28224.631466097737
28062.566683833058
28581.863566507134
29183.616985547396
28555.09503421592
28745.17407138453
28524.320703355297
29436.363753892303
28068.828547751193
27536.474673515408
28023.026257082303
28000.699744125275
28911.915796729874
27618.357646978442
29018.081786429193
29594.536875029033
28385.55785360768
29615.818100987784
28721.990812130276
30284.494928074124
28222.62921473715
27949.488175432158
28429.96696947872
27885.076317874402
28780.824068476504
27984.314882661092
28217.9559349103
29601.762194854058
27306.029881324408
40259.20202961524
27932.835999191797
28291.65343651734
28684.510215033875
28362.033099307155
28223.096622838784
27884.74250387204
29002.803221681585
28877.421029917652
28908.012811894576
27567.203344793532
28814.13523174007
27722.04069822236
27563.610330103013
28705.567142519903
27730.699676223107
28438.680793568485
28005.133142713363
27743.01532200703
31205.179824586292
27565.870694007204
28053.993959718056
27845.734658829388
28143.579575696465
29391.51822992439
27766.641277664738
28240.87767619318
28530.40870165583
27550.37882762573
29779.011702854896
28975.769304526515
27669.266773421714
27606.895256127435
29138.662935536704
28231.64568513532
27578.139763205418
27456.855569735846
27710.06672847745
28186.7737917363
28207.429915752524
27878.292213066667
28551.067536895534
28148.047919182125
27793.035612006577
28219.848936543553
29554.59664913665
31097.41548878337
28399.17972959995
28152.021876363
28229.02648327292
28509.584391791886
27858.489340419714
29060.912508132038
29674.239103319003
27492.419558369562
28829.945237650853
30459.907218962067
28364.164293537604
28307.0232160576
28816.731200389284
29764.987065734473
28987.038571301833
28301.551439061506
27862.834334255178
28968.01893950322
28571.35493479083
29771.729182386523
28112.76837726414
27792.508588145083
28002.038044538145
28915.562016362677
27848.615786223872
27971.753545106636
28294.00240628204
29913.534689128406
28313.161268189167
29187.13930069765
27913.435745765546
27688.940704747612
28472.426430176598
27726.309909851396
27563.932032609562
27515.62690029641
28553.944306795867
28272.43475472701
28584.90343710979
28236.391343087864
28534.161088571815
27575.768719342734
28612.575251468712
29869.94157499399
28514.432188542447
29332.05229544574
28969.74548209716
29063.87252911104
27510.614259996062
29204.868046226107
28911.445467622172
29796.732320313873
28746.386864263557
28853.635389749143
28540.50196583115
27899.413042380063
28644.162335286917
29040.88830839041
28124.38721463316
28190.023239002523
28294.64714860041
27460.960356744872
27919.980114256672
28070.971230703995
28242.744718279886
28428.97844751095
28503.245865585017
28270.420001186943
28940.25272384762
28989.385829830608
27823.436953869717
28862.3165444456
28241.810186510826
29006.15746406575
31355.090160799245
27918.94109778927
27235.10092067092
28155.070164102814
28608.043344965652
27787.03259394479
28116.794263661457
27531.794797387058
29250.287417312014
27902.62663176524
28525.518405476592
29345.25957596319
27610.965008613883
28224.870677548308
27495.895898408126
28914.15270125568
27680.332882978455
27192.38938193955
28062.19683584062
27955.07552545378
27990.129633319233
27396.141840330314
30012.201769455653
40261.5121865581
28498.751515939337
29316.64867238954
28730.19871248146
27636.48940918406
30443.920863858842
27708.055426030955
29847.42904111704
28484.05987232139
27995.880166276092
28657.6336494903
28138.543250632647
30009.041649450133
28415.97981675349
28566.029859037524
28037.41994187002
27666.92398834609
27415.731013544137
29077.88533198339
28577.13542478738
28137.110864579565
28304.556415560328
27922.42568011347
29013.73674721421
27766.71428802626
28445.36823718378
27829.729715474867
28678.80441435955
28814.573442864606
28955.7544850581
29115.30974400961
33609.01416818679
28204.035750957642
28004.882946956957
27428.57862406861
28003.241762099064
27787.2868313196
28316.568571061736
28905.969808890615
28227.283437485086
27689.389223045095
29539.17301460106
28142.365023267936
28052.877691076632
27786.63152879587
28166.54453769389
28287.28494311744
27648.49598064705
28283.687207783118
28629.949258612796
28091.468188126317
28430.58791293703
27326.039015648847
28662.112957262896
29032.705314866587
28051.354263787794
27354.30830446984
28496.21431321375
27777.107986931493
29104.377050604602
28000.1955586984
30004.93079940277
28242.797508506424
27595.653862845116
29005.436070359006
28253.185005330648
27895.768498429967
28376.47251058191
29958.86383807986
28831.369023264448
28513.115879943463
27889.342484353707
29516.965967668904
28308.966326844453
28099.56513558834
30103.78751996077
30437.10240670635
27992.05595590928
27897.74104931036
28362.978627994955
27964.756893771424
27970.858977651995
29202.485126538628
27830.39645991701
28226.288595457452
28817.468079663355
27975.75511838299
28384.63050366796
27597.01577272853
27933.99723628893
28038.087424207926
29843.25328174774
28213.36607084899
28464.193240927074
28570.4573006671
27854.678408768938
29733.421561817573
27348.53061629053
40404.5347832126
28163.706104005647
28631.939643305242
27839.81064891401
27607.99272251491
29179.583434595992
28278.901406761423
27517.215228097084
28773.813896776628
29451.855174074928
27819.569850305943
27477.2441813652
27261.02906107212
27831.244095566675
28882.365886378404
29494.984740382344
28116.123845761562
30462.71155636408
28508.896808455975
28363.414995152332
28726.566135687808
28197.152625421062
28659.75412892906
27550.522004813396
29075.44394915377
27902.29530494945
28197.418696902692
30371.191219043943
28102.071957490858
27752.670153765404
27454.222026814165
28492.8934248567
30929.27653973525
27013.231671447218
30366.84502496828
28202.24267652397
28137.4877686473
29156.03132626937
29200.593743736197
28115.903363584785
28232.320638621746
28531.126356437686
28318.81711992605
28077.80370205188
28762.497101254667
28194.455439412388
28567.950359731338
28690.238343754972
27874.422110687163
27761.718567808435
28353.090715850165
28530.54276972788
28782.858534143903
27862.317294971683
28003.75538793365
28489.21663475796
29025.561548229685
29586.260442549625
28868.815473475264
29581.60026360889
30132.621009189857
27869.276521825817
28293.364648226463
28156.85613388965
28028.932394089294
29024.081854395117
27727.364197887822
27627.13669300355
27435.987115541422
28016.57472008284
27795.25195991245
29161.865734202845
28142.680787881924
27997.9056945741
28492.85137902247
29505.150049333213
28813.341212478987
29824.753464456397
28741.836252060384
28361.47048557305
27949.648624310288
29681.52556841682
27883.303045268312
29274.570628609592
28564.949575182218
29485.924649144574
29067.539094989344
28620.07380939747
28454.52270679947
27474.08290736097
27913.239819267044
27773.399375565215
28269.723491613222
27684.460226060124
28731.90368186472
28235.20510861696
27999.643827443193
27477.879181699747
28967.37322475019
28030.580470584377
28273.49543612276
27843.488582808797
29098.675916141892
28948.53965280634
28102.74228475096
28335.556862803835
29422.515599779814
28097.557047269223
28770.927266149185
29025.883175347066
28233.20154587942
28965.68114617429
29392.19208177476
28007.569270126773
27852.485729539443
28803.206270339007
28156.066571874388
29211.303848782998
29537.12245769283
27604.52564150243
28951.304614369124
29944.683574495815
29179.58496242144
29651.802379074987
28230.86538976004
28466.95392198769
28428.291480091633
27978.593846633124
28204.95019757247
27943.338222270213
30077.372553470406
27791.56912191579
28188.95368660951
28679.498474100106
28305.99193500891
27567.450674442374
28096.05017171193
28849.996356331725
27952.279332677146
27485.454168903114
27647.457755193296
28612.967942997915
28263.422309205132
28000.164851662124
29025.78951268199
28371.990037520187
28638.463832629077
27447.526144783908
28074.654246881004
28578.005914793812
28166.7964290218
29679.060999877245
27762.588290647884
27664.142344412998
27970.596351995056
28715.17651793672
28513.8186627526
29643.923070299614
40394.57757834873
28086.564780218654
28458.9832444417
29453.684175562128
28272.89472579987
27795.540336487822
31369.039871093057
27611.560817496702
27771.52892879779
28928.968942216026
27801.367342849386
28817.5615599724
28433.5620333447
27592.79642671429
27225.231304761233
27928.728199805155
28840.868249987954
28360.943506815413
29624.02937496395
27562.26850693161
29019.45474049458
29798.34258056071
28172.66078082071
27903.963263234156
28366.112983174
27954.746673508787
28065.297500168974
28154.23823818545
29197.83014788042
28432.482102811715
27395.10883343397
28469.666143429316
29559.542753299233
28992.265728509035
28627.834257914685
27258.880278082783
29124.83879537221
28206.256176728966
28378.129961254053
27558.000316628008
29375.405012281513
27963.4069254203
27896.494591117138
29632.06124173911
27749.069364586776
29538.425729253544
28700.432302400117
29236.879532860803
28780.48033979674
28387.17786066056
28408.51431101971
29318.043981687217
28299.982951332095
28440.114898846958
29987.634586714066
28538.06409541882
28028.6596834586
28546.91671787581
27894.265025095418
29971.31821352819
27413.089269101485
28243.59648717865
29005.696883138353
28834.061896561187
28335.899462437126
29635.77136701028
29702.182491490483
28894.28757550682
28301.48732936928
28846.80812249119
27838.014148617265
30116.146196356385
29109.899325492646
28401.74720729497
29689.63175308311
28668.636935468752
28281.523521456937
28292.802327534788
29852.678426235623
27480.02735291812
28457.152747396955
28743.372529700326
27731.934169609234
29681.09010154615
28298.13057230006
28671.838950542984
30500.86079914137
28015.671529047213
28903.384377790277
28404.103667715248
30955.916339826723
28112.622732264423
28852.647123544542
29588.92024952592
29420.65151633119
29268.597507746123
31642.292358363815
29029.37919884796
29072.59429645386
30073.876527987177
27856.95121579308
27832.746195882275
28721.47627105259
29361.315374232254
29257.654903500523
27236.75229138204
29665.56762017619
28404.417194055644
28863.820631691782
28871.09816976508
27840.478167297708
28533.847365096844
27337.07414399393
29433.799227740947
27665.19660169355
28407.243396570964
29806.633330919176
28012.772486460315
28169.080315419462
28398.40290932486
28646.02416224477
29722.781203287243
28122.149046860402
29697.354889581293
28154.2896926851
31474.72239128743
27714.007364145036
28001.085028144626
29827.628475883543
29083.87110536716
27980.16657469008
28970.498347214678
27763.8569028838
28587.278749633515
27603.116473537913
28923.777114358334
28468.28560954799
30045.610693406303
29374.164012818237
27396.05854163325
28394.669431551447
28441.52582484711
28237.43285220846
28738.968053845838
29276.46471683401
28610.07726702199
29531.718167985247
27840.41250091854
27554.594457045845
29052.100230463482
28245.2700846128
29152.87974665854
28613.759181576177
27946.978479297282
28311.115715509542
31073.690317933397
29544.743409501287
28655.712176005
28047.082857857462
27530.459005938537
27971.019432917266
27422.679855443075
28820.21924028186
28305.25804711428
28923.05561646207
28238.710457185498
28335.23242105261
28769.13145072542
28290.183393416766
28192.053846325445
30065.585880413422
28533.43859756284
28057.431316174632
28006.447773500797
28527.336869368544
28451.858745585105
27181.360140689678
27803.131629012452
27647.98185858843
28904.192124049227
29340.52871027323
28454.628744146627
27729.66417509378
27995.903393263172
28902.350594633113
28083.1728872638
30757.292199280695
28215.01363846332
29293.940599776655
27837.30998969345
28298.360609985404
29494.958949760465
29249.605464619428
29098.505736907984
28428.28045004158
31274.850374644597
28801.486474338126
27335.268758193946
28489.6294102063
28734.1304323867
27576.63933673711
28935.182435654417
27753.5205159624
28151.040004791565
28867.182413119375
28934.675629414134
29790.73934212164
28543.94753451261
28641.446231992486
27967.145775901827
32243.472917118663
27741.073998368436
27454.75513196218
27558.28970444869
30641.260980169634
27460.765982477278
27850.1734682313
28901.446783055195
28014.62989201938
28471.995889044352
27730.084561247397
27538.121974513844
27423.260271064428
29182.70496744744
29586.974172328406
28031.202791330576
29226.05085843064
28135.765259146534
28641.523755628587
29035.126051649877
27593.95460623943
28487.17966515285
30484.17178635668
28865.42154223841
28014.96407549063
28197.22509472882
28062.57536420623
32276.871705238867
27865.270040868072
28897.265278423994
29118.16986405892
27995.471597203217
28292.864555643544
28095.55474732973
28397.41117038277
29604.28517666893
29267.063147784036
27760.258741334885
28229.518367886234
29318.064221583623
28254.5068241019
28341.809684141812
27828.01160083735
28604.461605295706
28431.161815023577
28501.759689286624
27828.89808150055
27920.283071082187
29527.706006071185
27877.765665175386
28235.847284660154
27916.453877628486
28158.553228902063
28792.731479981187
29058.905031036084
29378.052245746734
28381.143710688404
28026.76744778356
28525.23853559249
28170.861734297094
27973.66182832223
27628.03928908548
28818.657788105447
27699.447245145002
27842.792076306072
28490.499280300774
28215.502881615248
27530.259313317612
28117.786095933614
28037.119341188532
28449.768158306953
27601.59414780472
28172.97187153053
27746.46192195043
27827.551936524873
28272.732035057546
28017.128411225323
30059.99573834624
27428.601765454656
27634.39030524913
28274.332959559968
27628.477706805712
27961.143579125033
28806.246073283586
29123.176868963787
27707.79241635715
28571.89837883177
29168.182259686255
27625.32390769225
29020.83137051328
29159.813443222414
28099.053953604445
28132.78597558527
28296.732621483232
29121.344391412582
28050.790433173468
30070.183704738152
28082.31629116029
28008.39497740398
28511.153080345863
28513.146964539697
27408.062517089773
27811.358868679385
29107.73162511662
28680.68003948034
27453.29692129023
28805.17420078708
27855.928655042942
27209.84196334986
27351.649832983076
28299.04108595627
27964.18170079334
28738.312346106006
27574.241202255667
29633.127906407713
28198.487923741857
28910.892972942598
28614.252083218755
27931.480097117063
28284.24652475319
28127.577520473733
27597.874001585238
28242.413491613017
27411.244016421682
28878.581528008584
28440.38557298145
28059.096352566292
28246.859081616185
27826.29623248189
28405.90586172163
28011.00855536817
28617.622124955324
28068.558597591986
28658.171752525184
29067.057982152033
29068.789631674514
28732.610649528135
29178.439737022563
29650.717184618683
28388.84404101122
28114.721562349896
28193.29933300682
28812.71794121025
28211.6242662968
27975.441158185793
28830.245296900583
27899.335884205964
28329.887197162552
30139.224466011638
27869.098892584298
29089.302560776847
27599.97930830884
28093.661393120437
29295.203065272854
28782.42009653243
29937.76932205532
29124.22394813585
29546.813682155826
27971.138971823675
28296.51879362312
28376.700364067718
27569.99797556193
29830.389289240455
29745.828733218055
27974.607782676714
28516.235068704696
31392.695973212536
30239.620720718227
28596.613495975784
28281.103038643454
27758.70334996853
27820.364165709158
27732.73635434211
28915.85275100479
28483.333948636977
28850.08831221641
29100.5787116815
28482.27454767086
28325.323961637732
28569.025296654672
29664.41700349422
27502.184388004665
28278.28536236149
27583.422976187685
28470.797797649382
28169.755540691916
27602.478017290454
30745.717236765715
28365.073685264855
27478.36551138688
28506.724516740116
27662.557704447096
27672.694911636114
29753.488818427082
28736.438554015105
29731.453450347704
28532.455576745786
28236.600945734226
29429.561623106005
28368.532723877197
28396.41121593224
28810.186429589823
28290.987949758273
27865.862431172478
28556.971839891543
28615.68756515371
28317.979173017116
28317.012429498154
27882.27856039163
28178.42291792784
27989.337079428533
29299.434017550117
27961.06422150031
30975.101765048646
28316.842281172976
28686.917477115898
27230.53159315953
28442.349041053032
28689.669330213565
28118.803337661644
29370.248466975976
29247.886677317907
28128.231063595114
29471.67808634289
29207.887274869558
29450.90940158507
29704.0663932787
28072.133170094927
30894.559837041663
28582.0836332051
31668.955834204236
28659.309789913816
28267.753019982534
30995.476774447932
32506.97773039649
27086.026941900363
29687.231018553433
30724.720795555037
29094.592628078695
29074.984251085887
28504.715350954033
30654.362150104113
27628.694947515363
28776.602994956345
28054.400967199534
27495.01092307201
29074.43829575574
28906.515016932608
27421.315961862183
28886.92680252443
28046.750077606393
28188.184748041225
27936.71027568543
28903.737000765253
29933.35316706138
40560.128349148705
28061.30339223071
28559.027268864163
28276.47264897807
28081.66375687189
28048.688054110775
27936.9202022823
30039.407208258388
27501.097937997703
28087.686972223128
29265.804402585054
28152.527751338195
27755.452580396024
27957.705240482326
28788.914602858757
27825.70380498325
average revenue:28591.770496244073
possibility:0.005