29267.66420772579
27739.745145753048
27379.464182187952
28244.91818406678
27819.650010850713
29035.471132923743
28913.536298908508
28081.909572819917
29620.67194575671
28808.31556735973
28010.762232672387
28503.55108317429
30494.863535652137
29642.623946082007
27392.184708236033
29186.385069953365
28231.05471045318
28737.316748073048
27588.356097562122
27745.01355313347
29131.67735220803
29002.089163894725
29752.412288810614
28336.78436015856
28180.025804942274
28108.302003051143
28709.813300205304
29079.8375341408
28489.970054933252
28091.996145712037
28649.66407416829
28011.565111532433
28363.29904776803
29126.162685620726
27474.728365881947
28511.198103050512
28339.929545673644
28079.30280825625
28134.62613374544
29393.84244668731
28352.11521180908
28697.143367244407
28140.786302643988
28613.95519533182
27641.777786927683
27908.897550242527
28948.509445819243
29782.638605366115
27432.79840389175
28720.1381000809
28932.480225578438
28826.155168766345
28141.814778361488
30172.427785387204
28279.309016068342
28375.75029196887
27969.68682873561
28574.733883230743
28673.532308871858
29141.404742571995
28562.319429533927
27759.609795234726
27917.585814975027
29081.85380924269
27973.04078333864
27570.48846692873
29082.493445447093
28069.870201635124
28962.902621240202
28163.62745648757
28204.791305635164
29971.50311673566
50992.498931959926
28852.79009381015
29569.8024852152
28301.6292444349
27989.43926083892
28561.140418867322
28841.056872280788
29705.58479038565
28470.568390685195
29331.454030978635
28238.796781310586
28940.179436632854
28767.587164499746
27837.253550127312
27503.807916102454
28931.485684140058
29296.188913453698
27714.010662613557
29433.88068300878
29067.988204350728
28378.470329683158
27629.818061103302
28190.801563149984
28944.328206121747
28014.78366564107
27825.1798988622
27910.190957924817
29012.80636163038
28380.32128953505
28566.056868264634
30428.151247464826
28376.7069564484
28487.558863544415
27887.816735708802
29316.47961702235
27671.845960239258
29409.932841582955
28433.44550597928
29637.130215179524
27073.034865131558
28460.753851641362
28726.725737229135
28654.883796875165
29566.083837606388
28025.988696454675
27845.22290582641
28111.02031908918
29047.76067220531
27752.57370640461
27795.940300351693
29717.773261960425
27868.650012218302
28094.039156309143
29249.625617618934
27840.309053635312
28112.14704042796
28264.1508141274
27876.027437699187
29447.707146918423
27844.9014947346
28924.52065282496
28109.293055657326
28077.87484499425
28042.217648605878
28107.82667224896
28097.587820191427
28016.294947345978
27870.28742112978
28422.227853769567
28910.519657235873
29010.216720803277
29057.457507963103
30844.463624414173
27508.1290758515
27816.43378609214
29765.93243943369
30701.17415402199
28707.621728281538
28010.89641446706
27523.44965891677
28317.841854249884
28348.390296676447
28140.913619794814
27938.250939512953
28731.002131943194
28377.657073836363
29209.0332360015
29580.578321595884
28627.086784182677
27810.565939043798
29575.593787933572
28671.042171069883
29005.926742264535
28943.566298349764
29638.460594485172
27192.17382511355
28332.37223060274
30190.734835293737
29430.91154302111
28214.47333274021
28448.102738857524
27768.774612493602
28119.5626099523
28005.823290693424
29313.724892193866
27771.35421929001
28092.689507334824
27589.989932825963
28656.768966356307
29949.821608185364
28093.676767501798
27856.505022919206
28120.62468952618
29659.84684524059
28801.381027913638
27772.33359198706
29340.063489197735
28388.556242221686
28732.9475946426
27342.01854583675
28954.140475030425
28359.875355037973
28441.920324138762
28071.50456872409
29437.710410878022
27241.439530875858
28530.4586080579
27810.51299151709
28231.53515318163
28645.344104885844
29537.049933684706
28164.06548386459
28494.36086050367
27655.868268321654
28515.563483709575
28186.621343050505
28815.45848221906
28126.220255571097
28317.86083988525
27510.123219576373
28246.62722085308
27617.481032428324
28388.29864781684
28321.22274574538
29383.831908521814
29599.25867746603
29145.76584360045
28427.506705619107
29438.72320159249
28198.53692177792
29412.952372965276
27592.471180037766
29601.46393706682
29032.877342726944
27674.78274864811
27422.82613023105
28025.392943689996
28234.73142621174
28214.427266738927
28030.98990419261
28381.003290872442
28642.597516112695
28634.573751759974
28775.07086179318
28587.052201353257
28454.736590408993
29012.57761586103
29074.300004888337
29536.006044467456
29094.12218518812
27890.51512812975
27565.814690424377
29679.620798230688
28196.155855642013
28613.496400683063
28694.662672514292
29363.570498940306
29473.33364153017
29905.320887517646
27883.027587200075
28451.883061614684
28129.935654851914
28530.52507619366
28945.42050805783
28707.13806175636
28875.33748891295
27997.18565003763
28288.589197220463
28819.91815168928
28607.498334030097
29395.179256069296
28516.31570994183
28376.19731561403
29920.24795867477
27464.6474659091
27565.15467599205
28093.897892249854
30392.44495359554
28004.3021801611
28415.943599339447
27656.36631447472
28506.26735599575
29087.087013057113
27914.471851790455
30493.972828627648
28462.655061574565
28960.037716234743
29547.677185395823
28780.892299623025
27289.898657305712
29633.874427650764
28703.60309301472
28677.600219095584
28223.768455489022
28172.182287304982
28389.79444044822
28034.995130479216
28684.664524160715
28496.35621559559
28875.26551053142
28131.99789637464
28264.39651685553
31029.200280017252
28453.933696167773
28039.350028159544
28074.783192841573
29325.389767467135
27900.03142653905
28914.286317817132
28863.869695332836
28577.18126360577
27271.639214882525
27714.059324534002
27665.36446027873
28393.475948422754
28196.919782025063
28004.263759943777
27849.631998049965
28143.228080871766
28097.77164149673
28449.713333709955
27845.923284009616
28471.56519346871
27976.652942844747
28489.148355734364
27378.422404747096
27844.89530786994
28844.24444737738
30080.00564089429
28702.823547603777
27525.237058499533
27641.04155985644
29934.569958685122
28130.54156807481
28448.400737057833
27624.408615712302
28012.233450298583
27347.017819524932
30681.50039364333
27976.82170777302
29664.00792789512
29948.150233780205
28362.479013854503
28307.122072515347
51466.72215215534
28609.315731488845
27873.71904487758
28115.71912415067
28930.72500252163
31737.18004150326
29043.58162810368
27818.798868014637
27758.342094333908
28046.686977852933
28339.532641491438
28649.29007340583
28617.68273287196
29759.615836687484
29461.43404703079
29264.06234541876
27829.79163854672
28623.36370684439
28086.771060328407
27938.584366987478
28431.94341237682
29061.22189029546
27967.868060427165
28506.366827191934
29225.098493376554
28190.314297174493
27684.124688036864
27817.396712361806
27650.70355252191
30013.584009059676
28918.39768494977
28784.548311116767
28576.565397197704
28198.7025196032
30049.06301512992
29018.119275161785
29011.06049602045
27813.722242679974
28926.169398353057
50457.019472197004
29280.79701112855
28210.977871462455
28917.43064583582
27695.180188177856
28154.438180322355
28104.94456507647
28414.21660605394
29904.427009527368
27914.010582713658
28178.44432000217
28420.95089468715
29073.82090172397
28952.08524833781
28937.020128755317
28051.80890284721
28876.557514483506
28089.812903353246
28583.12560168068
28152.614095730056
32139.909246619056
29842.796223645062
28434.844513445285
28902.41980143626
31272.64941967642
27638.138194289833
27733.88368186352
29117.185686239463
29341.712906068937
27724.394596310955
29748.33200791789
28524.785707291678
28348.5445964966
27961.991200118908
28578.559380330564
28390.11837085146
28857.80469533871
28428.68950727905
28092.33408638814
28979.20140965878
28451.3359064433
28893.171071407178
27770.78589833867
28232.527352569043
29104.077154570306
28996.745984786394
29175.503214165732
29173.939559293063
27556.8483101366
29694.96066472831
28023.354915049793
28498.809707586748
28419.07685610028
28147.824447795738
28652.932942973348
29237.311296348016
28740.25764664583
27932.616487786014
27722.60917588186
28402.481743024935
28720.29693678497
29580.49395498414
31355.519130363133
28044.94113535229
27927.775931160355
28110.853868347564
27921.274492082808
29745.47003140839
28024.970948425133
27938.550566194324
28760.34256892908
29170.937642983256
28816.954786543443
30891.38508861555
28567.67634831645
28144.535318321006
29257.41786299167
28178.47764992351
28041.855497256995
30411.545056066218
27593.028936020186
28752.736387531546
29090.02551465812
28079.260863776795
27929.514880047398
29401.212906813736
28087.916485797945
28468.72177738055
29020.041837443434
27982.96190912579
28655.558554904615
28315.094427457385
27943.227232067755
29314.24520634504
27512.140993332894
27916.419625396655
27729.735691804155
28565.381597700405
28366.94934399452
28582.748507245455
27395.436166133175
28082.28819925169
28813.691339932182
28621.035577863433
27749.94822151099
28568.196708212134
30150.650198191066
28124.196481763527
27911.850231550237
29024.431561639103
28664.300020447055
29655.618193899136
28010.87062372296
28015.10446829141
30456.676466592715
28220.242425456305
28298.040941790827
32023.432603527268
28517.543025040082
29275.728018526977
28101.512392058572
28416.17966080937
27836.126253377155
27544.00049191457
27301.661424483656
28157.54816615411
28237.924358937784
28318.929345630328
28302.13870815488
29055.883582219365
27427.303252946618
28862.394360406153
27942.128898415423
29054.789360153365
27454.330424448795
28844.14997912056
28559.245138374463
28831.90998030472
28730.807047275066
28883.007760378234
28255.899249224192
27725.77551240055
27582.350840005987
28702.16916455543
28730.578462544654
29829.603201079917
29750.892436824277
29624.345846322085
28423.336228494612
28132.69664207779
31005.254871006186
28892.875749268675
30725.141988270112
30167.480493811563
30468.673674458616
51336.94329368316
28567.237472127792
28937.408905422344
28809.48295665907
28231.509146826174
29715.901719770492
27703.688886151274
29017.340923233958
28609.511253065124
29415.731681639423
28860.988440920755
27718.880697755903
29610.55457682842
28434.03440886104
27936.68420760816
27658.672383942783
27903.264057572957
28706.723573786392
28386.344446048915
28859.014285114627
27115.27432131678
29835.39488979012
27897.720585342326
29033.287786064884
30851.282590020524
29148.88167184265
27639.830534672317
30554.236348411603
28420.321723469293
29059.847396762318
27546.807647135745
27296.04405732115
29211.456591271857
27983.33228179884
28464.90738191283
29191.206543608183
31637.546495347753
27551.835380544646
28201.657709652718
27663.229080315745
27749.35596734559
28249.38107779315
29239.567229058535
30897.96097119966
28375.99360184514
28539.413652260977
29058.92699905497
28916.604646253578
27668.4482878933
29531.975771160363
27584.01791383433
28186.1601114151
27893.26484243112
28651.782959786204
28599.54785321658
28313.858257935684
27934.973968418348
28267.50131559676
29087.812982454925
27477.12943067214
28447.166335905313
28492.126004892456
30910.15135450382
28311.276295870302
28166.662924980927
28464.401803977948
28132.054001822336
28071.264114251142
28703.692802045403
29661.65673064969
29302.778511297172
27997.133336467567
29980.058934222794
28491.360150289987
29416.51427499491
28702.914125115105
27669.9902310267
29460.31820084786
28680.08093358812
28929.839923005118
29020.78852716157
28087.57937546483
27279.638136036327
29211.135015260657
28866.776835382705
27281.084428802642
28531.808486534315
29205.972404204455
34758.41709908566
28160.286518169192
28455.250289566622
28104.588308156577
29687.462147717353
28842.221854034484
30330.79832881114
28286.671730787268
27524.582719329446
28457.560836757886
28760.04478614079
29543.081561292645
27645.405863610846
29305.983593073423
28376.884695600365
27773.008316781295
28298.942995515936
29511.584381334786
27576.372450648778
27275.480187815498
28252.532963854137
28576.23937926744
27754.333156257653
27832.755574958806
29656.930912764157
31546.5121824614
27191.76995485724
28776.57218340216
27662.853856578906
28131.373887617236
27978.614032572546
27640.360882239675
28566.842132473226
27887.32439454971
29086.489489852516
28950.989230970208
28154.916800943167
27941.762492710073
28970.159066564047
29638.654740304715
28556.769231034483
28955.10000770537
29079.719090217885
28365.66142754621
28357.72933301147
28606.27979013907
27775.517922536168
29399.638935326606
28066.487222101172
28581.240823179345
27829.882837456793
28255.299237569063
28058.123368222165
28112.409534901082
51324.161404037455
28046.285091970673
29068.910176974186
27701.94169770033
28383.13585682367
29887.839509527632
28333.075108431418
27949.3141123421
28184.348071577093
27958.95139959487
28151.284760425267
27759.091384598232
27590.78478872119
28480.729398375275
27915.55795404195
27876.44735858558
28435.993260230833
28592.870533350266
31739.472003363313
28687.934917163846
27561.411146082708
28736.41491384055
30140.75647608897
28367.539785508947
27909.571539740613
29292.312617099567
29113.56708853859
28601.20889799983
28202.588458698894
28919.99913398222
28911.1302744639
28283.694734365246
28928.486345645815
28225.844301423214
28172.05638641273
27860.48292255231
31558.76423929474
27499.722407577778
28294.167629032385
28642.591333460125
27925.1028042776
28729.193003289383
28281.214055958968
27588.824380153455
27381.584595780463
27231.392195792083
28225.711823342812
30164.788242018116
28506.336093157737
28851.545158551267
27881.56057382851
28419.964469136125
27895.26341526043
28023.937679337596
28330.996377887805
27888.23037949928
27908.00648271377
28414.55995786418
27546.233753484354
30008.805962059178
28660.004641088584
30754.03837647396
27928.357205317116
28673.798145673056
28508.821767931553
29082.551607028654
29465.580291791088
27757.59312030215
28304.206231639982
28034.96577907601
28359.787081073304
28260.89501788953
28119.536824624094
27550.40689919781
28926.119616888776
28773.542542607844
27841.287127600863
28954.87274192907
27888.533004124783
28861.631485667902
28721.985145174694
28460.328628316005
28488.82405529059
28502.810454768685
29954.916473126872
28730.37283534173
27833.535620829396
28660.9492467551
28136.682416762716
28669.916043428948
28280.896151941593
28466.409422241017
29941.643740491072
28712.08095767926
29541.325417547996
32227.789331794516
27812.38459019495
28987.659823361435
28234.034616055524
28847.59536604794
27590.752092127896
27917.195667914366
28606.074798586105
28453.122809797347
27472.56004581302
28868.907313814307
28426.8703860127
27860.56150949578
28244.612928431216
27619.256262859275
27704.475622432416
28135.132200692584
28685.106302894983
28668.31915480508
27691.594870723817
29710.40655867094
28518.956644092585
27721.83481087672
28114.900556571327
28276.88444433169
29543.378835176794
28056.97018859328
28548.27294255722
28760.07200170665
28588.115600358087
27558.550867598828
28209.07341135789
27590.154305430442
27988.63135388693
28519.910915253116
28235.89370295065
27636.423808571795
28451.382858883942
27741.193890609018
28567.61464540433
28374.163646243076
29281.191476089123
28274.17128773546
28397.09252650435
27920.001519179783
27850.976448825917
29196.702388862228
28114.360895093527
28294.455943741486
29624.259394981505
27933.06943530419
27738.620403974015
33007.325636193236
29401.22305902424
28048.913032182212
28208.62219715346
28234.11072139954
29430.795645531336
29269.217847687825
28310.111316222567
28420.15173878787
29443.84104479953
28367.06272617935
29228.421072051704
28688.243933976843
27846.189843637567
29569.305671446004
27544.823292153575
28951.86658465379
28518.46704788703
27523.99623584734
27955.44568687325
27756.057359549068
28998.850672016746
27825.828992271418
27954.629911337037
27894.83561427963
29104.825671536724
29337.401030366822
28571.62477598173
28099.012330834812
28876.63255382701
27937.95593394931
28045.303317756727
28638.664985405987
28899.34509952233
27875.36118737967
28351.74140003747
28051.850948227562
28876.088643352567
27824.333735613098
28601.56033267975
30522.840907951824
27868.206020730202
28122.640403690235
28750.562195776056
27654.970684823104
28226.28981508488
28128.588602783027
28683.471602400183
27752.56974974092
29006.67470976057
29146.12049011029
29136.068834700196
28870.793389073566
28099.48689226062
30590.698219450624
27525.11273583985
28496.098987964113
30518.20266404845
28051.350054090428
27426.84926223963
27883.768318948565
28088.47631401217
29122.355164376713
29007.93387906672
28761.915384962995
28150.454188106505
30099.799648119944
27625.62239690677
27699.029073145244
27820.847538007794
28341.799973003526
29071.88707714448
27937.113173898946
28460.821402524893
28800.881863220307
29026.74182143144
28136.249044773333
29585.416911468266
29141.33056983678
27572.250928171637
28159.099302239418
29512.654603884264
29236.782953589085
28429.241731733986
28945.427104122264
28852.459386704144
28635.844136903048
28819.48251637564
28501.79301062512
27911.11042039248
28740.07488620314
28272.04700264151
28893.268269473207
28383.765847854054
27528.095913470966
27727.363690721657
28526.589542354435
29982.90360166923
28126.23754537834
28413.667344485122
28435.680435126167
28856.7545285912
28463.55101018138
27703.529343308506
27819.823068907663
28249.781044818825
28099.856424032892
27998.272849892182
27810.75074631145
28128.265951929778
27233.507008788
29047.805452824265
28274.816150182614
29600.897166271254
28523.319517995293
27895.183744995542
28057.270141508332
29027.463282299148
28532.873438430965
28163.15982760311
28213.48565710165
28674.56329083408
28100.63149477406
28637.70359806786
28120.715616130623
29570.856560997283
28244.36054763255
28568.895098159286
27982.35167724739
27813.040643296863
27661.221859066525
28692.816256872982
29196.596574442487
29015.71394483213
28015.768932213992
29644.84035486981
27780.12682385741
30185.04683204224
27610.176177545858
28165.161884249068
27866.290954394797
27917.69406336817
27762.91694088165
28574.950406549717
28234.35243630922
28702.754293986538
29091.477232520694
30874.215991996145
28392.147436507614
28490.633031098143
28469.64425803958
29113.831601031423
27973.940184613617
28999.128055618003
27820.80941939015
28067.082058154487
28914.304503802083
27834.60050513114
29336.990623139867
30328.436835920405
28207.115926174713
27482.23316583883
29107.158752254803
28640.64108959855
28334.995542882312
28563.087637639645
28925.666986178247
27438.538829139543
28479.593045142876
28745.547504270584
28962.501393323604
28345.053930112692
28927.010777952157
28941.656376359
28554.577893305275
28654.090296816106
28060.950135278792
29031.036544084393
28084.40248215093
29553.754148419644
27909.00095089901
average revenue:28675.079169763074
possibility:0.005