28318.983140027744
29159.191601532573
27808.985861023626
28319.45493841064
28605.88197278807
28704.94941991966
29088.905615266474
27536.745144828164
28067.380127658977
29978.054134938313
27644.135845723595
27842.62923478362
30541.119786939857
28203.565948632076
28751.197922762512
28629.94428271687
28039.07825808154
27808.0094804662
28684.673800456545
28826.82572448917
27571.05911498923
28040.69951631054
29276.492350722052
27935.04593051832
28525.30667387973
28184.19491046516
28941.66868098044
29163.65976493705
28478.467640156134
28540.533825542407
28234.7183207397
45126.11746429237
28578.17932822714
29718.67975489154
28163.594703834533
27873.65426565574
29040.71633294078
27499.602455847104
31255.99591056299
28434.912033031826
29440.173011197163
28996.449966026816
28124.49306185714
28099.245028885
28471.465795986678
29577.62951805672
28369.531246272712
28643.1221246317
27713.913777267073
29256.081421546256
28138.074466571306
28916.62148226923
28312.554339528288
29009.449864961065
29449.198093726172
28689.575688854828
28424.938441980452
29409.502745516165
27557.94668998747
29503.327159883884
29392.042776315535
28499.911446846552
28031.631756706855
28817.28098135051
28524.538368666083
28346.015772435225
29665.616445757572
27883.201436172803
29118.936033468028
28313.805627677295
28580.165053547174
29173.201348098937
27606.51553634776
28480.728485100626
28685.038793668264
27906.80639111477
28970.586598411228
28529.328801240605
28818.994740692127
29670.429675767587
28050.345978045818
28802.08498866246
28471.383227956194
27603.850867034966
28802.49109497277
28073.90210212314
28273.302948788743
28598.606222856182
29018.063628966513
27924.68740551857
28147.263561737487
28317.418116928802
28488.455764315513
29052.445312093576
27410.695162218442
28163.705446996482
28661.80267945565
27921.340844179253
28273.469758334366
27916.822078795678
28391.45246715062
27930.095801045005
30201.984264279916
29192.503761442054
28925.168857433924
27694.036079189726
30320.214377598622
29004.955896466876
29201.120123871147
28089.482161582917
28025.450591316963
29011.27242237628
28171.952531064355
28637.05068565986
31440.219266150616
28483.535283156372
28614.06616745006
28048.4492959902
28349.806617385526
31225.66896401265
29073.183688705678
28488.797363801685
29013.30241088941
27531.133588495937
28338.227489229488
27356.856288952633
27787.901289968206
28145.166339746665
28856.53358262283
30057.053329978688
29486.981997823947
27634.129032330842
29753.95352350677
28474.272677945457
28745.81886504237
28236.352702651653
28704.86434960913
27980.850405544996
27127.698412818885
28336.39917150736
27763.23771720053
29903.57155764382
27816.69183526997
29616.556723041012
28977.388344124403
27312.553286334572
29410.100941519097
29027.229463984957
29064.52113675858
28474.410321621453
27728.46898488114
28437.790464570884
29129.49987440346
29143.993164622214
27700.52394674203
28223.082729359623
28617.95383687775
27683.647754094458
28555.73380422229
29192.55154602707
27957.96303304012
27846.17936185177
27263.508612244546
29740.36279623191
28556.34060360878
27655.24756703914
29774.921186548396
29163.927744963883
30814.052480590803
27680.182354218916
28143.875842708316
28920.185787974413
28427.641442445696
27599.998885917707
28862.58097715407
29183.31998290426
28209.374950225887
28110.078625027698
28024.50031759249
28218.9790007469
28051.036912780826
27828.878161045897
28100.139023000767
28361.971526336485
28220.933657164103
28526.84208664627
28588.00973045127
27483.871854139037
29322.936413671872
28014.758197961983
28447.679629484443
27632.79759406732
28023.51736549599
27827.974361404813
28256.39651703003
30328.570776315242
28428.547620376852
27452.214502261977
29423.865727312535
28015.640733299406
30653.90325237989
27855.48613510512
28356.14108757788
28231.132797053422
28926.85190988562
28816.416980758535
28638.239127748297
27623.62615445874
28680.61466956366
28352.629598203705
28160.974590366626
28398.027792719866
27794.593985162275
28838.663955500586
28335.979659362045
29058.43515349252
29752.928174497894
28639.147425513307
29190.557797385307
27770.385886494365
28236.173313992116
28197.926237736672
28464.212912748797
28126.18325597544
29028.035695455965
28720.220325398244
28757.947826218413
27264.474140464794
28162.38023354971
28806.623736477643
28964.9503290957
28165.509059296368
27899.588947869714
28149.16714735589
27999.895489063238
28507.883389512703
28175.47424288948
29220.212539663415
28379.807818271966
26914.36211177328
28442.879657960555
28228.07404271308
28269.635773927206
29504.89493475037
29709.165138526445
29371.98871887734
30006.49825941583
27941.27014444674
28010.59204219605
45294.50283133768
28991.13356268228
29695.456818228926
28791.29898749691
28879.851523783294
27770.207328373886
29251.76052593116
28294.186055690843
27971.30311818533
28267.668554760632
27519.79675996677
28263.080897930315
29332.777978696253
27513.510859784223
28473.27132347015
28681.782609520604
27950.26516458781
28416.881538674264
27881.308680514434
27572.07710997221
29331.65894076829
27817.976868812373
28336.459907952103
29543.089572868143
29248.395907305236
27819.196028393613
28052.957613553397
28478.736911809214
28226.793389982202
28254.001724281872
28144.976321033813
28626.645590423726
28046.951912862798
28225.825428997825
27803.304328125585
28458.080146259977
28412.51356758604
28041.274449960292
27832.245123331024
27866.054051770327
27592.7582934389
28033.302268791376
28320.78797944774
28204.876685130308
27783.72222430447
28100.561612486978
30563.640166892907
28223.398430220986
28278.723058376327
28834.0150786882
28690.57674969938
28600.692931711652
27426.3170225264
28322.95495190878
27857.53729436396
28806.716447534305
28663.510187657936
27288.905398175724
29852.540550057503
27778.27999406166
28720.146459356532
28049.751282025307
29144.293472089455
28926.267307553786
28035.905763728646
28259.61485204634
28260.788486973095
27769.96166010273
27915.277176418218
29061.159111631714
30531.365149973488
29400.907501216556
29619.57968737638
30973.667843676834
30909.454232935444
27764.645088420286
28024.23936319272
27623.585778658882
28531.27418673353
27605.882217150192
28005.488443239115
27676.92089651644
28793.89894863183
30194.107017452734
27963.518275370992
28330.395319404968
27900.34854963826
28734.30945864262
27356.640074257637
28121.16599799505
30382.43890740818
29007.489349954365
27801.927681987647
29625.049699842253
28580.819585276542
28186.76666527509
28047.906447506633
30280.4802623645
27536.814199030785
28722.831392825465
27960.366779748787
29702.316585686836
27685.0139806744
29620.4952491289
28437.049654496688
28546.36250691905
28865.315638217064
28397.51627336388
29527.983796677647
29030.56596537895
27774.52038272718
28581.196760981642
31684.25319105618
29352.510805184254
27714.13318679032
27900.585817208514
28450.6331941811
28343.709165648666
28279.234071053026
29237.9249466236
29130.51586685061
27491.750331560426
27718.27168333693
28579.787327719405
28016.343146358755
28403.710418997834
27843.53370941514
28450.16728873824
27700.62225002062
29340.418397247056
29030.824136224222
28591.408901481453
28654.692734952496
29433.53541856085
27852.60785981116
27845.01859068463
28731.42588438221
27497.710379608725
27958.970361691172
29698.864652936452
28362.328974142325
29382.32077346283
28804.779257654976
27963.319703170637
27557.994787914755
28493.347517045593
29390.836599592403
28210.244710215677
28231.063744747593
29023.311749930337
28852.68596579972
30521.17601649139
29337.304965838306
28387.456231641994
27991.729561272405
28549.591495506393
28085.517397355277
28035.951393037252
27315.989905873786
27852.66505780018
27834.49084200305
28622.563510766446
29264.032550007236
28372.24204975446
28684.746505789342
29080.4548420571
28300.88020714156
28335.76376680692
28110.725505084672
27172.204200920896
29042.171397768205
28864.471606729283
27798.841442406152
29083.78370775475
28709.7419919175
28283.241681674142
27868.00982683715
28659.34270125962
28233.141853281595
27742.155469488735
27937.281579770755
29679.966066274337
28238.253792989355
28104.294193297992
27828.68400646167
27860.481661310743
28193.734693425966
27783.02185316962
28461.537441396926
27765.542055866674
30312.781193603103
28323.209071777834
30069.631345560985
28367.218251670016
30560.490296016036
27748.348448447396
27625.589457544407
27127.96184095556
28888.317050505386
28236.94409070586
28629.865796385253
28559.259484926704
27714.7448629015
28883.288908891216
28822.290773395558
28311.718307128063
30461.207302734718
28041.306531069054
28684.697613942255
27787.992435226377
28933.298313813735
28855.805486620124
30831.22959431676
29263.091260638565
28230.638271978096
27931.61562868395
27641.75166663508
29736.579247796388
28242.30809780755
28824.35162557229
27738.5266830522
29246.838407677733
28363.96866700767
28410.666425936426
29078.151699380734
28147.252939410417
27992.654176532382
28409.396098597095
27924.505815305733
28447.754014824175
30208.44792131356
27653.609388565954
27597.892069968762
29090.889144986235
27653.449507634443
28354.19296942866
28574.09819569163
27873.69153795602
28893.881313672395
29662.499603976958
29100.850556622052
30331.930072277086
28125.485994757284
28140.739099983868
28185.26084087785
28434.32212738839
27752.983145391576
44596.354336384684
29266.272718583685
28527.860945534823
29318.626487972026
27820.908629985057
27960.485595435504
28744.476024631836
28204.51896383511
28025.829939051997
28268.04068664315
28448.40177636712
28622.426416157043
27972.55492026962
27579.249411906763
27523.16483726597
28349.381444012437
27647.276761680427
28643.355833924852
28125.866136832163
28067.25562961238
28201.94825918981
28488.64613815504
27977.7413751286
28098.183963858726
27584.075083488187
27442.869810710552
28169.46427464448
28085.25359620671
29044.581562974516
30228.350093025103
27700.332876000935
28805.626030044306
29439.50091941706
27986.482879401694
27594.425344814554
28999.968025620434
27988.53872806026
28364.929081893417
29061.05827369389
28356.136600957623
28055.131498389997
29636.816580074887
28111.650259276757
28944.961502489772
28591.343670966377
30669.836202664817
28506.069977695777
28453.58588973808
28019.253398524903
28276.389329646223
28744.258507730934
28259.71000602198
27794.967840956844
29518.025193127192
28300.284667715758
28499.460706031765
28247.786623823038
27591.307280505614
28406.48589676688
28226.63705372992
28618.69018794322
28618.015538911935
27777.708184216983
29098.285530635974
28306.78924069671
27659.123743208704
29139.586982882513
28777.465238722914
27525.701965162993
27455.810089312123
28752.811951274885
28948.662200935203
28142.05252205744
28579.484662792744
28101.183629486455
28454.008891796555
27900.039557236913
27433.952926107697
29960.458522457036
28759.137933940856
28586.789855784282
29223.339120311422
29319.869755619562
28446.722336466326
27469.74798267542
28116.614989162757
27480.309722899437
27774.229761820505
28327.67775667449
27073.5781143103
27742.546023679643
29421.55070768726
30202.151540937608
27956.371681944787
28385.584793162336
28809.788626317062
30843.303011785832
30471.298392257977
27872.645614518522
28060.585782136055
29963.64680455742
27408.63400714802
27956.82826438806
27366.27976093524
27542.82476886985
44943.01281083837
30164.301326141496
28115.805460508444
28500.43120551307
44474.252453599605
30452.169636318275
29792.832799979566
29081.395918681173
27924.53891177193
29835.09729097423
28125.375510724018
28830.224734595984
27561.77340729038
27824.461340976795
29145.551342779672
28143.008043552796
28685.961024757704
27924.322745514717
29680.534707088565
29050.669056014707
29578.72211513878
27969.341916922396
27902.539517813373
27805.446911866326
27988.279483025795
28613.045871636597
30011.489999882313
29675.23932391773
27955.424762856528
28526.754857508404
28380.19947306517
28048.929142440382
27618.729683397414
27444.347851151404
27719.594943502336
27796.09569983649
27742.58182735205
27589.963371830734
30437.699521019207
28802.608375732074
28460.830211495842
28154.359744470385
29981.111328937794
28413.48361285969
28653.369736155168
27559.658223309783
28879.603961460114
28075.448536095188
29474.205477710424
29374.04006038896
28382.208651418965
28367.909390141613
27826.69033525755
27934.94343051885
28718.432086013418
30154.205709261478
28306.32539534609
28146.284357691256
29055.434863202547
28527.57115047914
28603.384027103653
27520.20270054634
29120.875383518804
29233.311250502335
28031.35445546249
29362.522018279036
28575.47693649608
28738.647517161015
28101.52942145471
28651.478019235386
27830.63994749406
30367.164041421252
28940.243779167125
28349.51979088437
30945.1923467976
28444.291876237254
27391.981070139962
28153.47028283086
28583.20366055809
29171.40028970034
28124.782454383196
28606.826268679935
29176.600598240224
30552.112797483325
28589.622741293584
28217.572447955605
28524.137550623647
29931.350753440194
28970.062230807995
30694.781209144912
28462.84729764149
29586.479593169726
27562.25905401093
30558.14460379392
27702.77677160382
28374.407021316765
27998.020008528147
29922.85231784625
28749.26447781347
27806.349512085457
28096.948282013105
30228.42912982556
27769.08851554015
28199.11751737162
30188.862816540124
28208.485168003375
27712.63513802806
28535.175369086282
28706.21615380975
27329.63755156326
28991.612339350188
29100.409458120317
28887.34080130692
27873.870755510852
27653.148732422163
29551.28706021863
27173.082594787906
27806.801708220108
29291.949663649702
28050.77729883696
28473.499714313195
28081.84998263218
28713.204060726555
28727.06550220513
27923.95011738504
27771.19649248272
28825.070403190777
31744.0960466248
28348.857447102302
30163.66457831401
28840.759334552546
30544.55429949555
29372.10584611341
27787.878022437755
28166.592687973043
27997.058323469715
28796.225904269097
29164.298291203206
28144.177884846944
27515.083071109748
28223.912272812897
27764.082718310456
28136.502170800773
29275.55198613952
27678.181550321187
27835.115334145397
33544.20972720756
27207.431299481603
28745.78890157698
28419.64291734959
27654.231494495998
28236.98419748504
30295.71186508626
28932.35028172976
27821.47473122536
29016.283286134363
28198.203236149413
30025.292887352578
28286.4346111145
29032.233899047
28130.708588402667
28348.565487963773
27379.364308233922
28819.19787790158
27323.71228191605
27655.947135807102
29123.140997018396
28024.940041623904
27939.429695926403
29821.706376939423
27820.16914408726
28936.116818020175
28822.46719844792
27841.71367073799
27747.178160242012
26862.000979911627
27546.997241848654
29223.42740587908
27697.244539257557
27497.113851710514
29213.299691499487
29428.09148056822
28153.864737163352
28762.2561836854
27824.925825377788
28120.405395674377
27706.20529799187
28827.03609745923
28473.512891035054
28899.57571528916
28898.50670264782
29198.720748567564
27549.4636777605
27874.270047457547
29255.059869108572
32090.655934389208
28787.790168399497
28671.70461073873
27517.066641098096
28185.40694664601
28982.716051327465
28736.51577945281
27963.459218135682
27856.71183475461
27505.13313169224
28172.085761229206
28241.58342690131
27307.15913908412
28728.48539433183
28545.71775488038
28412.229750370574
28532.521559288427
28335.067161187202
30248.27002312508
28661.661628821912
28093.693528557138
27984.305330843163
27768.379278719534
29117.300939545694
29687.672900455706
28258.40134435821
27660.39739590218
28059.73017467671
28516.4048502573
27417.95533388994
28214.665626940245
28316.326640992833
29043.324910522722
27855.113199971765
28066.328390809747
28580.402595170173
27932.750249819892
28403.43108732573
28569.556565041155
27978.013788994693
27708.75047939371
29229.044361313703
29275.508528393006
27968.454847171448
29854.005058537427
27935.826728412907
28929.9541673984
28268.622839230717
29070.8282376126
28444.197041589134
28284.417845918826
27487.38967311801
27935.28499579093
29309.975015120806
30414.28127722531
30644.74021626355
29861.934417628385
28619.16507013009
28354.77028990436
28770.5512062728
28389.115046127805
28618.947732498233
30563.2562016625
28884.863037912604
29352.385689958417
28818.145892702054
28535.34211214967
27750.17007119152
27492.844828796802
27884.316622234495
29984.991491464334
28531.03926202969
28929.87277639773
27943.663640864077
28449.608013146422
28167.780435163797
28407.663232531933
28295.90570696821
27542.432392228897
28131.728854132976
29212.493817433337
28715.198345634057
27919.252156412127
28007.912724196896
28119.987466980714
29062.586238787513
28690.67851254321
30842.458037880813
28239.971585054438
29640.18792347549
30831.14421515975
27619.577983337684
28263.996508327305
27509.103931666134
30862.886069794356
29120.34627022967
28475.924521151068
27723.01914005405
27745.492015162654
27489.6703394503
29749.681133297523
27739.519751970653
28481.689588541012
28015.337589867628
27773.51997261746
27151.373260817778
28113.159326199486
27554.39246512135
28204.716171111766
28746.671882722756
28007.312585441807
27716.298580427137
30450.71870724751
28958.844593812348
29167.907633300434
28476.252360767594
29866.300249561726
27900.033053986976
28467.2413150286
28969.646324264137
30230.825749794854
28325.771298696352
28764.86945834343
28153.851331389258
27858.99608407481
28671.826320939796
27801.550384211358
28757.62984901152
29450.72154998229
28726.52553507778
28897.842534855532
28453.412567900126
28499.69254611173
28596.837957183616
27629.934022290683
29175.291052126253
28350.33446312123
28407.594662297204
28306.62585648045
28399.856423676218
28041.258098423827
27413.639651872818
28069.622717995753
28243.112464531794
44617.10165913519
28510.47342841942
27616.675495904496
29317.70475271639
28118.63096308893
28297.442931684524
28650.029491886282
28141.260728588823
27807.75328027896
28230.407408383024
27035.906818019375
27322.61736420196
29663.726473796738
30769.608101442926
28195.10462697518
27590.337592232016
28115.49022565316
27905.925813813115
28279.48997512756
28143.029283590196
27723.375007175226
28327.859643796925
28511.568338901503
27772.98879892547
29196.01935167349
30660.49735139643
28182.401713090938
28224.155296830235
28211.562657906867
27510.862774160545
27523.42139425395
31385.634476709038
28114.015880483366
27906.267821161135
27638.441663663467
27900.97671044234
29209.930205297664
28754.00938948274
27668.480519401073
28568.266323598127
28451.183379340928
28389.388164908367
28985.33945323825
28676.752559745248
28014.1242291279
33813.06911125139
28785.777930354674
28570.49475707249
28178.297266307723
28686.136377446546
28276.92070639612
28525.23717119121
28103.08138172418
28461.0774266441
28536.35734911701
28509.562211603974
27807.274930632968
29644.335797535805
27668.975248303323
27616.243822293254
average revenue:28631.621552677727
possibility:0.006