28513.82873184889
27152.43207381827
28696.98125881243
28630.801085111318
28689.96221540654
27384.195523408387
28392.25599483403
29444.33113903539
27988.040396619825
28970.553971898007
28513.268364424337
28806.633774708764
28580.918009276324
28756.063934139853
27695.1400164211
28325.392546185838
27758.511691245338
27642.173267590806
28941.966143738307
27806.016087411215
28342.78860806427
29110.961195203483
28279.651797195293
29771.027088245828
29204.053762048232
28865.854552307315
28414.235685779782
28369.039063746975
27834.505660961284
27835.476152964402
28756.31409862308
28062.851601775736
28441.8716788181
27655.799717253594
28556.730421397806
28223.117243396926
28504.330812004886
28458.01993314416
27975.025426912318
27813.75472478059
28594.824742264893
30237.727983100292
29037.729148542625
28187.469249221173
28164.098217878014
29800.11449433024
27816.41393156069
28451.048003710184
28429.966143828053
28065.879194843652
27921.459737506782
28440.227381503926
27942.27078941003
28823.24050206455
28785.582180375302
29044.130317737792
27326.756109810274
28335.52369007885
28810.53010069235
31584.696311888954
29266.031503631133
28188.514897554844
27918.21898892056
28052.86731993211
28248.770220138627
29568.836962744685
27876.688835445744
28798.284362483024
28789.621294684475
27649.046036650183
28063.96978302444
28477.010230694857
29978.165478341965
28287.7154251263
30101.070219515495
29505.291979886253
29316.62937502883
27654.611222911768
27291.870663923233
29867.40906493301
27501.39222678824
29774.699983538794
27916.52879794569
28068.932186387643
29910.58497357968
28172.34812646803
27759.545532736785
29283.3575281187
29078.456256172027
28399.42308238643
27730.51569731718
30033.624843848298
27822.680502970867
29121.442586224563
28491.28884766177
29537.37536153405
28763.131649823743
27835.663539466987
27747.610447552554
28280.82528124142
27912.805582780875
29354.957364015732
28125.10415177772
28524.716164112186
29401.52892996646
28274.46618010488
29427.035098217228
27020.793950806157
28148.602590760038
27738.31818567124
28048.01328645285
29404.93499278934
29079.021760876953
28748.98997144554
28328.830379991658
30809.046475457057
28381.37322793347
28243.92344531853
27953.152325296232
29788.952727287127
28608.37637001215
29207.766263455163
27875.575621529544
27472.03903766913
28183.8876174575
28218.244419105544
30144.567220846897
27858.75844333597
28590.14620740313
30245.523488370694
28783.314646193412
28339.50532121398
27619.32544399524
28655.847041733126
28250.172178970577
28311.416706545642
29021.4508713353
28191.93293303052
29318.311990037524
28168.859608611987
28988.121862387463
43395.63330155229
28135.723447801964
28244.373820270797
28663.304606185095
27660.22448809671
28881.81068114604
30072.8645763609
27200.552181235278
27671.381546548644
29408.48795186147
28843.563333226954
29010.91243429792
28122.84399944683
28293.789987829536
28126.13475651041
27238.5042828391
29017.461605517783
29052.294546229754
27790.596310070934
28474.87096625153
28076.6821476834
30572.90530801231
28867.682936914593
29546.47327818457
29239.283140720276
28536.576551307186
28567.41391779031
28822.53199043807
28114.70207695771
28204.702651550902
28099.58136048853
28757.896048819362
29065.20266433249
28218.27289702297
28540.987427087442
28366.704987735353
28623.44535715891
28188.52675702573
28813.303946145614
28978.005286534324
28729.40775791065
29102.75345085079
27387.511104313155
27967.38742251251
28215.093357572994
29688.77647512047
28140.347292380284
27603.119532817273
28486.949690454832
28805.08715699425
28852.64420123359
28189.420617068427
28145.545830629868
28589.992426474426
28790.145121954425
27944.056229820486
28302.53760087058
27760.787406694802
28860.768005589704
28448.046221957462
29425.849642211593
27450.902048567597
28908.063281855953
28728.297620101595
28436.882337144692
27805.081307489723
29111.00595145851
28173.652580983147
27967.50752692536
27410.28173461387
29440.593223852444
30635.731907648154
28429.3533512738
28432.261903236256
27921.65616821177
28063.75135890169
29550.18384695167
27877.153548800346
28365.868537324324
28261.179505638003
28142.95667444929
28939.465819892925
27666.417951406707
29236.565161184913
27731.353173951942
28320.052142084656
28169.065805220656
28164.122785013682
28834.578059386266
28593.49000536388
29074.198038288152
28700.655643670674
28762.246592430576
27924.66956019208
29028.20527287591
28580.873192670184
28380.07859578565
28532.87088981856
27892.88138569966
30487.3163029687
28329.735498662485
30147.511964852907
27996.716828239983
28008.667308376822
28633.400020201672
29373.87132320863
28512.444144379508
27313.964383873194
28989.002601956974
29356.31571154941
28439.451018394124
28887.49630270167
27715.340429264703
30015.990023443308
28311.37260850786
29039.87539242407
27352.589482273208
29590.52955362116
28355.437915151462
30045.540622495344
28078.859683363316
29916.121766359152
28879.065285823413
29024.21275628581
29135.096598416923
29372.32953256596
28775.31584237354
28085.244112070457
30386.00627919544
28804.63948271923
29597.61833341938
28702.152849162103
28325.34466930087
27707.52533175556
28204.63409553173
28554.55536809265
27580.70200564717
27772.47360928739
27245.255730142682
28490.340450823925
28421.398862349524
28536.20184297797
28962.14240704545
28050.147265100437
27847.593199217692
29002.24756775506
28160.875484519016
29467.9987008003
27522.80433776309
28214.536972775895
27491.255407791472
29056.265865790923
28469.93071202268
27884.445694565205
29085.554099283054
28785.62924653176
28103.257592869286
28336.42768219557
28322.229486551572
29033.475329346606
28413.052455823417
27802.11276256106
29612.298433040338
28487.085598207115
27840.37451050671
28851.586173873577
27716.485798288835
28165.608664138672
28504.58542973156
29211.08716232819
27908.71136607083
28447.023322647347
28699.9234098516
27545.828645899834
28590.638808379554
28756.972529103743
29647.931155984334
28167.06560104498
28324.106840224405
27997.568303336357
27394.99764535788
43400.16018809347
28145.141275470334
28476.13677659457
29414.703096343415
28596.876987365496
30942.08384014553
29920.913739396194
28578.436213900757
29482.554896185902
27787.960659615823
28773.416954616176
28685.335104990118
28486.05149937124
28466.432668485715
28971.822383511502
27819.321020934844
28031.307402860126
27671.263755457247
28954.855816697214
27746.539549917656
28136.243789460765
27883.313128590682
28629.892895262008
28377.48051937314
28503.8185036623
29525.06997518003
27944.661539425637
28143.66332437602
28080.779313066483
29227.769085288815
27746.38860947569
27863.009150651007
28510.953593622893
29133.7032333092
28894.359158717474
27901.68881118007
27869.131388371134
28258.886296663473
29006.58543960968
27934.79633772014
27857.080401958632
28391.287082951254
28185.931078819416
28648.551532574373
27777.220082908225
31326.384761120014
28797.493745343076
28513.051124070033
28528.125181234085
27442.61598350427
28402.75935705873
28181.408714998874
27732.4217002473
28302.268973564762
29064.38273104022
29848.129397641394
28847.054077690595
28799.505028105108
28268.091097324323
27991.27257305987
29678.10524999512
29366.748688270407
28094.31075153524
28763.90388172352
27777.731466639492
28374.99202203
28310.146755366386
27348.809983894258
27638.655285332716
28090.744115522808
28005.660144528763
27928.392834363443
28328.083301100323
27834.236649774786
28392.545597610668
28616.06642449878
29572.324153294638
28242.856860537515
27343.535809238296
28546.944538019838
28994.19885187469
28066.398554463205
27497.02075366729
28639.628690332327
29238.65280610266
28941.472416407665
27681.659930357346
27777.366027806274
28264.881864702074
27865.46526437227
28954.388858216713
27600.60731565774
27531.738164055714
28065.802084824492
29421.710243049176
28196.9821233698
28295.48314610537
28443.0609333232
28137.563519037103
30168.145976629436
28141.43789857553
29205.87055997373
29120.12042000387
30829.72538499846
27682.0419121826
27873.065785502644
28529.30592206124
28541.684106850764
28431.293288999725
28453.055254206956
29568.25519587221
28539.272309461925
27829.562016428867
28556.86325933891
28117.482937134377
29995.31097401674
29859.911181503343
27721.573837201147
28117.53678020541
27643.81294394791
28196.002219238308
27958.66961471078
29242.171958723364
28671.726779398145
27832.23020014703
27388.644784385662
28810.405769713227
28112.21819677742
28049.182888074178
29753.67363267271
28837.122845579303
28330.84821930964
28339.611332808454
28621.599521875665
27621.506143008282
27683.60402396629
27978.073143243008
28981.940501544665
28518.898722793514
28207.504020706572
29255.913815621
28977.252674963616
27244.610353022643
28751.181186727772
27656.722383221164
28075.736646544236
28032.8445801449
27823.640075380797
28157.78244319358
28627.848028880813
27676.454598518216
28006.39367713769
27947.33969448205
27801.78164604618
28606.00511607559
29932.147916950205
29125.540989421566
27393.95432712075
31416.18017437001
29133.72420532274
28139.052590578674
27844.418079756262
29645.848935587102
28944.013274559362
28383.029080142118
28121.93257997079
29899.23922560503
28414.74510994965
28114.988395070297
28458.759105401878
29483.073343487806
27791.93322554381
27786.782773759274
28463.417688090794
28757.663503864012
28469.875616056142
27708.376660813217
30349.628527787427
27873.007821967247
28442.104050744234
29009.504272105773
43277.918518473154
29100.945255534964
27870.2215452187
27462.862527293153
29149.595885195726
27701.875645747692
28365.224497303505
29092.936765551454
28328.844573479946
27563.15117668665
29126.092717779356
28796.058211195996
28739.195477903173
27743.17078801509
27771.320096829983
28274.392049108137
28748.967736389255
28932.73931661012
27520.555976093034
28810.75315533762
28286.77906983629
27769.352324256073
28047.290021870736
27690.407992230077
27953.16058249258
28141.582113694934
28252.447109740515
28865.124235733936
28319.497351561993
28948.348625658255
30204.889620772603
29140.652246810547
28080.406969342144
28805.66634897957
27507.300273473724
27779.048695639067
28144.500287260118
43501.51111412971
28019.492076216255
28104.206321981183
27538.322371969138
28320.539264710613
29429.770276923027
28141.98037859973
28315.664959298494
28244.518630445855
28624.57967707934
28377.841396249387
28398.39288724809
29381.04995705755
29130.11767054718
28554.28527642312
30240.24734860714
28159.25154956976
28419.71632653561
28600.838795260755
28912.781590747123
28914.417133849118
28801.38795959416
27809.162135324303
28195.527003398893
29550.366218953674
28519.568351932983
28192.8347516414
28069.96422950859
28909.163565942315
29589.574725684924
27858.124644893313
27749.81336024213
28645.43268401784
27987.22027324167
29230.877026723436
28567.74040692598
27346.437915872095
27432.832566142002
28604.520337388487
28263.61271594957
28476.089769278868
28896.8758932104
28859.096897050862
29188.0066318474
27972.18255313097
27873.182274445247
27074.61904581497
27368.401715593
28265.538270475645
28663.447862694076
27798.652402680036
28754.958015178498
28297.5203530278
27959.593331173954
27488.04813698143
29289.90882749734
28037.565744843476
30000.398215532554
28922.776822142794
28668.154547960046
27939.491525740734
27844.412082416424
28324.627579810676
27462.109687751716
28243.798455528344
29540.61952090953
28698.484811491526
29932.904959751566
28888.401663636236
28374.18272646275
28429.885146687306
28988.88582891916
27633.0381562555
28735.696297058956
27980.3914245684
27884.761219967517
28647.421698406484
27602.77292478786
27388.28854158764
29103.688155923108
27886.27739436195
28501.882575613334
28257.81450254549
27969.574741603305
27880.10464107893
28334.497123531783
29446.29715556538
29349.101626809315
28170.827530741513
28099.07192227278
29015.45707958686
27863.558044977588
29135.592332983324
28455.63578062505
28519.31198733287
28780.449954445285
30192.599250749892
27226.972814211716
28853.678540645273
27429.34288461122
30344.37571410575
27974.014164057793
30526.493516640006
27951.966098899557
28908.64200524994
28164.229333415333
30999.054290945645
29423.75731388909
29378.03766278365
28945.78954905647
27935.571763110158
29111.211130711472
28052.49436393182
28338.193517915468
28612.226769976925
28319.502975534637
29002.280916256772
28924.959998056405
27896.685113499545
28589.8121117899
29542.77071418225
28218.514657198277
28367.831078702857
28320.155794049937
28499.46027268379
28183.931033543802
27225.78437922508
29125.717991986712
29105.17040191629
28737.34693132872
28519.657894937372
28624.41333009026
29315.395806307086
27914.169322589387
27890.12377471281
28225.527643080844
28715.35285027835
27481.553198996433
28332.95496840307
29119.19350142457
28146.517411913737
29517.28465076656
28307.180939410533
27770.20961020217
27650.414929816157
27858.812416843597
31009.32317265347
29921.732655933563
28040.776066601662
28263.92521654198
28286.386450745566
28531.606166708065
28269.45897819073
29418.994189178855
28613.472479032887
27454.844805808196
29078.72146786247
27438.390015487865
28163.97160328115
30396.72916960209
28875.84867730046
28843.505387751644
27862.66707711144
28073.753401982038
27739.4347587538
31811.347138160338
27977.641001588232
27914.87503560774
27784.384321875597
30296.552016774924
28246.911688760894
28496.12581951487
28412.65759636883
29106.564514253467
27744.578987461697
28295.12390188258
27929.887674358364
28576.42462466814
28949.366845397948
28850.81852090736
30207.497032016323
28187.772334913672
27624.882413942778
29291.785342250238
28626.040959767954
28514.821083272305
29020.89696535957
30387.828019276447
29307.85637796832
28840.49310447842
27583.51641304833
28639.363827745612
27873.489876101634
27833.615389806724
30896.613230836603
28231.44014252634
28605.59580173629
27541.905509224314
27959.3797984832
30375.568564773508
28022.012326962235
27034.218953390304
27472.294069915817
27668.25728396336
28789.871324308162
28114.461203896164
28003.85422952406
28274.55372531613
28496.881200737254
27837.33379165604
28619.946951677466
30825.25258915878
28022.240547722184
28243.336535461687
28380.7495179493
27975.287125955274
27622.576251526705
28681.737661873794
28765.6865539936
30046.081864435168
29038.595066844642
29640.167575684507
28301.067794684837
28167.20094786183
28728.272485590067
28624.8313305969
28076.531483682327
27717.44605769936
28692.389159483366
28585.932263703115
28842.52199784918
28851.613360914744
27776.50427356929
28658.215362514697
28180.205541111427
29162.749578104413
28013.35931977154
29264.622157145055
30011.358410850844
27668.50899441528
28131.992992759886
29702.10446765852
27997.49178847269
28251.27758217215
27871.660282588695
29461.7374540802
28879.879327892217
27262.5313249644
28744.94851854638
28878.605469167913
28565.085313073032
28593.43459836064
27561.41407384997
28137.71952669116
28504.978154257205
28766.26908622363
29243.793889914046
28595.689262721964
30763.73685465612
28515.774155076062
27586.500218169946
28669.5570972534
28580.865081403896
28098.334394341437
28598.80213252324
28283.649426766005
28049.50980467757
28436.963943531005
28102.15739384059
27452.20983250159
27375.50837018542
30538.912933783457
29856.639477235458
27775.148250527738
29667.931193062905
27429.228378586995
29019.61362732743
29150.22860928344
29092.14361810762
28388.243572556945
27952.36181594717
29327.404209848562
28039.29150101296
29204.40176558293
28169.511631075282
28429.79070993962
28553.36873122954
28019.52705352753
28247.13837871516
28695.929327507987
43625.59168418681
28258.01670054374
29209.35387951252
27674.37529304488
30059.496028527257
29883.01379634872
28197.274922264503
27647.62715540067
29046.172171708837
28433.96236682457
28874.163431982142
28890.12948746623
28197.984161321816
27592.075625858313
28602.54398730621
28337.07095314826
29079.13782484109
28417.589466852532
29615.116348156713
27540.158360230987
27763.246022399733
27511.883980111852
27508.16689416942
27839.78880140237
27569.246258067353
28503.50353384513
28765.523068166327
27813.85462637823
28922.996332323783
28459.785944776755
27941.501401830206
27920.016137733142
27590.952504430894
28337.87098398212
27954.337048371293
28259.274278236328
28971.785938055844
28133.598029485187
28053.512664824044
28758.8003859131
28641.11655297025
27626.83756281756
28685.813539769188
28552.544952545886
29733.20191629392
29085.38088664872
29680.908737212736
27436.42634526043
27420.43107772653
27457.32783260718
28975.600334633502
29240.69501389858
30406.894641540297
28566.02134602734
29790.53273850164
27748.477943665413
27704.266658091816
28592.27947933034
27746.98740486369
28853.93222039446
29636.980957557556
27786.47895265358
28703.48702148771
30684.962984342565
27994.50564291653
27944.10182592339
27171.019668982728
28163.693383575843
30106.025488825082
28286.464241637743
28238.275188991352
28260.17373876053
28395.55945020932
27906.15724407622
29038.202872940423
28660.686641436172
27839.74378919479
29302.63288080533
27341.90908513774
28557.61593322577
42669.81339634522
27902.09608726106
29595.503888636213
27580.901327110958
27739.68811948777
28379.11254789897
28305.263422752592
28431.376424710947
29322.531275950467
28456.62847548755
28790.72051779186
30079.85813562991
28151.267485446057
28118.198331249325
27365.960311210994
28325.406023834963
28127.412603148372
28053.291523389813
29318.323096060238
27451.750304899364
27941.601068464115
28713.018958743716
28795.150820065955
31420.018929546222
27916.30447983873
27783.860898053168
27093.476185445696
28486.54918201769
28346.490359040716
28262.551448775834
29876.44838218915
27908.17577294843
28293.641899186736
28940.1265750428
27925.657862565444
29910.584397066727
29452.494532949942
29116.437670591145
27830.102841375014
27683.08233364874
27506.607140613425
28932.49600760114
27688.176139466083
28631.624393901144
28321.549009127404
28879.39767850733
28832.004758365678
28323.95516815298
29093.13668899805
28747.732747878686
28097.665040071468
28668.12479437517
28710.67432037582
28536.33533680958
28445.730842154866
27938.5558416692
29243.24808519638
29574.924416991857
27590.461508109838
30414.273964368218
29071.69000449468
28310.84156417357
28639.769828587214
28117.835831088578
30023.944940257614
27299.12405357944
28419.292649750572
29542.357883857734
28561.274509516817
27744.95640660613
27807.33698704584
28235.79675254161
29422.53544434111
28597.487227982932
27456.04938102343
27933.279786761574
28357.732628652877
29032.746897725232
27203.990842731975
27962.733100987163
27840.860399052854
28401.29356686579
28242.027419895756
28015.8982101602
28204.777297354085
29227.12421554427
28518.276549240793
28713.026512489923
27697.271424442537
27858.761002921925
average revenue:28599.849288657955
possibility:0.006