28627.24582184266
28376.19371563764
28561.33855372622
28065.221453923332
28493.25600250588
28699.75873692363
28732.958193161674
28015.25623187505
28054.60544539938
28114.25506168655
28143.240192430523
27792.1289722818
27827.335552942204
29297.179395507435
29117.934891626544
27513.032272102642
27597.51264069753
28360.569727640344
29210.05193137631
28798.694975975817
28070.917248439902
28199.78827393574
27891.758457761953
27713.709854137527
28558.9731992677
28615.836867793958
27671.724732923445
27426.23120368363
27566.524568911387
28485.48282014387
28318.55877979121
28444.908732052263
28747.821767354853
28983.48710602382
27593.88548329332
29069.548579097816
27794.421352634912
28739.48734430169
28742.988609149077
52850.18271794831
28300.17626036598
28699.041387909092
28218.011205289902
29686.147061528976
27799.08972999913
28616.00853257308
28240.344616250008
28001.0592088663
28508.99426537559
30753.90162895671
27703.64786073844
28710.535274390233
29254.95750377753
28399.306704929993
28267.85982310219
27773.712163747685
28449.67876712362
28865.787296848943
29967.59070205718
28442.989756906594
29288.41171445302
29853.05281982306
27780.03157422199
28310.531662970672
29373.36535518465
28546.711933620776
27732.367825329446
28218.0939008257
28730.176402794106
28063.10619908814
28619.90944231592
30201.71506990254
28339.64046776703
28618.809208684786
29907.475891832044
27671.025143962182
27730.6406885708
27606.565694130848
28524.687875621803
28737.955138439644
27926.238505163474
27865.856422191857
28408.826695246305
27968.47887066341
28255.25492545782
27987.00022120803
27470.066291970026
28995.907510955385
28048.085406061396
27395.038095187927
28448.36652194145
29042.554529683097
28256.484357716818
29943.383648286697
27831.19870805557
28724.672214753493
30419.841436390157
27882.85558463738
28510.04211798854
28340.329904999075
28722.838219792935
30323.26695301376
29196.610571980553
28915.98377307322
28262.079948435898
27408.245478893827
27921.496867762355
28401.038166163264
29309.42414300588
28589.06307899041
28042.797158605554
28479.16421821736
28218.74046256611
27744.653203253074
29643.178445948
27828.296802406298
28055.434104975262
30249.596647358412
29262.864412501436
28070.928070944632
28627.829890330853
27952.688534142708
29648.57117940737
28840.395769476287
27561.857126199484
28369.726976194383
27736.178828217588
30410.251584903388
27614.369060986985
27689.362960576625
28942.628081148385
28732.85562977571
29143.742205766786
27816.04951638114
30188.243646097075
28443.01461142589
28967.546453514908
30160.468398873563
27532.268238912387
27867.18180491996
28188.687363873705
28898.238484466718
28652.253050359086
27847.178139675954
28092.80208289882
28174.190910973783
27714.796666032813
27808.515940285244
30019.46072855962
28159.366327346546
28743.928321622723
29469.483413542846
28301.257392180127
27775.376232694092
28663.593428724376
28996.397957937897
29146.363954885324
27996.413315262733
28063.114869674715
29085.557855976946
28094.45766010577
28533.002198552174
27855.305173326833
28056.522349979816
29060.623743145035
27702.999744617868
27977.009571744846
28842.073495608587
28092.89770110037
28520.78828885822
28603.95360538063
28436.994355072726
29087.16485903538
29589.64463861256
27396.34908151059
29784.836145932553
28834.562085942292
27784.41243041198
28979.970888991964
28538.79803915062
27099.82823511713
28480.20250562949
28279.47029916369
27579.05098994764
28132.15104888487
29921.794868875724
28456.22526053079
29433.663460503438
27639.712706146438
28995.81554485493
28611.253216708556
27750.046405847195
28086.00415586552
28667.352612944873
29349.104630712765
28720.627680204096
29757.354167220954
27968.81951614034
27626.556563340386
28756.159924814212
29283.409240943918
27973.960785391624
28851.01869652153
29232.033864457833
28311.292572576363
28670.820673967926
28655.91666357577
30444.22623656424
28431.11051511405
28682.29230312408
27012.621647360116
30637.28571690923
28817.74378593573
27526.90448425252
27665.309116666474
27756.131388973758
29029.55869827271
28030.188707359157
28808.505750504723
28178.82986654112
28135.363344145342
28153.385284652086
28668.97239296453
30021.641368309232
31156.302453674183
29035.442544583355
29452.9980729275
28125.682594258633
27546.78585332323
28664.086485474512
27988.51925369952
28239.790562165017
28110.77781428048
27777.342367433397
28004.047286591733
28763.383544034205
29102.36484458237
28088.546704937027
28113.988286396154
28657.90886652272
28165.130382736945
30214.886859235095
28551.70661020962
28831.765480363265
27549.995717191883
28512.27658822317
28464.628815289438
28480.679720240958
28129.763198471734
28795.416595030707
28644.60418753913
28325.747856820955
28047.02269192879
27736.28594703986
28483.33137877356
28469.955391959014
28317.187366139555
29627.93168440427
27258.126168439252
27935.994041858652
28868.529253040157
28035.502570641725
28450.228852525277
28419.59430890607
28435.896270788395
28583.611103643103
28600.20815553574
29271.95812133054
29261.081361803735
51756.98398566862
28392.00682996351
29135.92753662326
28125.007292873488
27922.135048248587
28834.158647745633
27461.50131781714
52153.8137631515
28720.209404291316
28773.7209821068
29214.44460726658
28152.552148648978
28474.92393391776
29429.739529770584
28029.5953963877
28896.28638368069
29041.472821880398
28147.440010575374
27695.255944791425
27991.697602718807
27310.6845489519
30050.14291279552
27718.762784677052
28119.47648010581
52810.523227012665
27627.86017674702
28213.323789618495
28399.294177235366
28852.866141554627
27605.923887772762
28325.393747822218
27948.923293483116
27565.014862136748
28544.99179100874
30218.67821830983
28156.45944794428
28904.639998156523
29538.524954651624
27919.70347841609
29766.736993684437
27786.307601899483
28131.85145772291
30395.88552098189
27624.988741896144
27796.885144601027
28590.78665758741
28215.901216362
27557.52211194654
27910.20478964679
29487.973737582473
28970.071250175693
29465.4034967192
27725.56513441257
28596.016179929684
27857.77316000764
29392.100635023715
28375.468967362667
27995.49908634728
28472.70341409517
31009.447153936508
28912.839931076927
28686.71497135611
29226.725348261676
29535.839153960445
28450.13323534175
27527.79246068329
28339.497657436095
27653.921671301043
27181.97551946297
28790.47203538512
28588.732743585533
28265.799037003442
28438.044242497308
29268.053828606455
28272.057972062627
27595.53325421361
30644.936070836015
29576.98455783101
28446.89305717277
29247.15569596619
27724.645648441616
28648.7175680802
27657.56177614357
27950.262906471275
29312.570749995804
28505.30517681194
27865.617580123202
28214.884910534645
29384.77593356219
28008.88691281316
27607.57009120039
27475.561125601467
28837.50481914627
28021.80623490158
27532.727326242963
28361.983334441637
28242.613912617715
27803.81290469154
29378.53666284054
29053.800442628737
28900.397095720065
29587.562465053423
28554.90166313781
28255.596283084094
28258.06240008519
29269.45740361504
28823.663154724592
28283.85819016638
30365.08337664761
28617.075156883522
28456.499827501415
27848.39706127355
29002.876539249362
28732.8338806938
28534.27104178266
27997.144517884004
28271.125264746668
27288.309817217294
28111.095082841224
27917.281861382027
27650.106938645964
28518.9404794661
27889.40121279022
29150.52482416383
28960.273487893905
27701.285046378158
28265.293787493778
29797.046839073155
28023.641334628453
27933.787964022526
27124.150862114155
28217.819801636975
33737.049281445295
27739.768196206234
27913.972573046532
28518.247380798268
27748.29442565001
30101.28462874791
28932.00453116034
30884.99497002344
27930.162446519455
28467.43118173527
28628.77011330755
29715.6984453708
28180.10182438944
28152.458260977754
28818.52786174437
29224.39358045128
30024.411571323948
28246.131705556094
29341.15872545154
28408.938575114225
28682.296805354115
28389.706061735073
28257.20894221653
29974.389118116545
52228.07023846912
28646.34114527427
27935.920682821965
29739.19630541579
28380.319266824128
29346.46777235441
27423.843146873314
28743.716683644896
31276.482277790095
27856.324540394668
28290.197757001977
28675.54884130841
27803.62753440971
28703.773651586584
29507.128301969067
26943.693880512266
27995.00007309931
27990.979103890582
27995.09503696633
29391.82026560771
28383.464228885918
28982.251025955342
29297.19645657692
27516.036596347247
28934.49029100483
28410.96269978995
27823.6062080491
28655.531196467866
28919.364121125254
28740.486240270555
28690.924272082015
32833.70838849687
29582.826056474845
28271.562525066383
28484.839563708192
28380.334143461583
27784.707495431438
27533.719396121207
29794.65473012839
28324.254611993514
28956.495624715357
28583.541888759155
28056.221114639062
27786.60005243172
27680.201955530058
28479.039343232755
27585.114221893036
28153.481909092272
28895.5248871144
27592.364248114227
27476.72602431254
28441.75055573971
30304.498227963675
28111.67467535146
28115.974361629826
28197.081526554222
28417.808337623526
30467.08331698581
27747.15405767701
28312.86978172712
29252.926648344594
30933.820613065218
28296.023886884268
28348.10726610212
28315.784419152504
28472.794232624994
29950.16051450422
28291.864259330545
28592.108794412903
27600.19431101848
28712.620539119504
29141.162996440587
28766.656752124258
27852.206444167496
28080.203447993605
27768.81051794823
29031.467346492547
27996.604811674595
27876.226007807025
29399.29523987307
27922.796350063985
27617.67952779995
29546.86564568519
29110.822934167794
28609.291229578
28770.39972992919
29728.516154373636
50871.1960201408
28097.01833867467
32325.695769247504
27840.51391302857
28719.700522669264
27500.26255324078
28789.16057857857
28414.469871656973
27803.23648953514
30900.363822735915
29892.43082874578
27756.795948862033
27907.56717820498
28105.28187446969
29131.4591807891
27700.21375506439
28397.66884409417
28166.566781749247
28163.654041676113
28193.477184121344
29617.236033962734
28482.81940186728
28083.372856671103
29001.340434753558
28531.454970920204
28929.32253744914
28656.62544230328
27955.63260582285
27525.357478114012
28022.999098705106
28873.331889545265
28141.281219797253
28295.14298684711
27937.333103563014
28808.323977316442
28464.496517509502
28869.065874957567
28446.98845744033
30413.209314783286
28665.172824016994
28140.788614092526
28004.055821687314
27582.824940831146
27935.169342680798
27824.160435632606
28453.762345292605
29529.95594061641
27819.354953441856
28406.750210800765
30254.909329232367
28051.365546244415
27943.40104796895
28143.489747269476
28820.190929074666
28346.196343158837
27843.795184921863
29009.3620984713
28426.80982795748
29891.72019876706
28827.008351490887
28851.785866536597
28305.70340841329
29119.626992381625
27607.025140514696
28097.74533458722
27139.775879016102
28764.65502330477
28120.243729681362
27702.907415788184
28090.568818813266
30621.045508220053
29345.28355075577
29285.51030292936
28443.14810697595
27684.5001180779
28703.28758382813
29972.257196435574
27470.730239577228
28978.789784567
28937.88232613546
27787.087458970604
28437.50758261124
27153.38134626777
28402.1047756181
27679.050100663677
28886.9786196326
30336.75615925852
30445.425552018023
28419.27928834419
27865.67559504631
29625.659469202772
27912.00896063065
27998.374180845323
28934.313300847014
28790.675015566903
29330.134343093694
27337.033155415465
29950.578270593927
28417.35838594456
28899.60862646689
28485.03861266711
29004.017136371516
27585.48266500932
28090.995240357348
27933.390595327644
28006.920354733997
28244.00004041804
28091.615448389894
29016.367978589395
27669.70960568822
28122.46762462258
28422.296575931123
28422.440773975755
28626.968160597367
27888.23219826078
29297.680694089842
52749.59586446966
30744.422144162036
28500.194064606858
28523.887641535624
28860.003041355958
28184.953119894893
28286.35378761529
30457.21686765693
28838.482622045132
27963.5662612014
28696.331368935043
27516.487831453775
27803.954315540064
27961.170315107393
29081.868331028567
28553.62226058865
28984.935062191562
28334.558159433633
28017.075763492558
28299.766595959347
27962.637772732058
28346.84995460381
29470.29784541597
28124.374771183506
29756.219513987282
28259.262517033752
27587.450943926633
29042.74354627342
28641.7799476649
28116.4708196148
28288.137812910358
28354.098825790887
28477.223610899488
28354.27783902706
28712.986566143005
29331.477047983695
29304.46043752216
28119.00243172129
28349.306025954123
27703.350398679726
28755.58433697388
29387.79721496109
28405.4704173189
29000.7997921081
28101.708696034657
28372.332904236322
28194.73477119247
27400.39358533672
30093.756705010343
27945.23323462095
28645.888715745674
28840.51935292679
27999.715699930453
28405.03766129961
27998.546965718102
28756.687276636036
28627.13332108342
28358.447274644004
27749.450281809968
28063.9306055933
28991.100154970332
27923.932725022827
28653.305961393526
27552.39415461799
27635.322048850554
28110.70695675582
30251.48470425989
28226.033896284105
30233.769488284383
29178.33005504169
29014.27421805953
27751.612154424423
28676.942232480054
29280.39239332332
28938.53088140464
28370.222664826793
28982.18178121712
28126.45953401457
28416.18657257156
27703.58141146349
27408.762572102027
29082.064112599564
28526.617561233237
28406.183650425366
28511.124255718532
29977.74441476377
28598.3068236936
28808.67483687102
27847.239949808853
27926.523168608946
28239.075835752916
27819.17132705504
28260.592446360835
27539.74918620569
29645.536027170434
27905.599992324984
27165.336028605543
29516.95675350989
28755.968524907305
28156.397154604216
29977.48409327644
28408.188866266122
27881.11335465199
27887.354779093894
28127.45746483193
28337.316860561918
27607.04802772571
28392.236560097193
29716.4652125395
27690.34622100308
28143.304440592627
27995.231899272287
28447.786574980455
28335.506620505086
28442.123446968864
27899.807595745453
28859.085538158695
31184.343018496813
29204.881080519484
27948.580514708752
30338.32977523225
28531.920336999425
29479.847334176233
28112.63765976658
28401.805230662325
30338.56284464792
28428.830717582994
52653.27619902054
29183.974569963826
27347.27738949041
28417.91104959369
27873.054093033577
29356.210398232986
28786.076988849287
29286.353577120688
28665.693296236732
29237.802177260797
29926.577961468116
29132.259009578105
28356.012724851298
27812.123219252368
28258.552515183383
28564.855507793323
28054.405478236917
28276.123142894503
28101.96367203654
28489.376558386703
27961.1278368199
29513.477880515908
28785.71861628389
29462.992831463154
28940.88843722191
28718.03196472304
28300.322659702913
28864.26445936165
28996.085523173744
27799.195628752805
27209.764507250802
27930.469029562286
28504.389605457032
28486.935438798977
30231.948327758477
28325.179278510223
27518.615775934715
28899.917532232466
28724.364322293135
27590.885248853836
53037.420200391345
27782.131218422124
29673.560161034013
29883.179971225112
29205.765621087317
27766.499272518937
27710.5677830454
28059.689592130075
27915.152127706384
27742.3579425965
28018.45322092274
28813.801568527917
28306.496358394306
28627.47362269696
29390.137398483737
30615.712981565008
29064.68624785015
28630.979675673516
29031.676804050152
28039.25241016274
28723.834922593538
28594.735400687223
27832.71927238907
27891.04898451449
28131.8994751737
27951.837064502517
27684.450568858018
28318.533509238558
27996.121457372166
29528.37294679614
29078.769357692654
27981.798727606547
27644.09561056584
28595.856198923735
28128.303789452606
28452.928773017786
30008.318151875126
27624.336605828154
27386.359739422584
28395.829074446432
28845.922532648343
30971.317150087332
29158.487172000492
28258.26400185503
28809.831947786584
27672.295116047095
27921.363923128123
28639.20955201454
27825.963987934
28944.916823093445
28040.688935540693
28107.465154326917
29199.2999541214
27441.93217840992
29249.073236675384
29310.27283122358
27676.880837809236
29129.63276076034
27693.128557404107
28459.610889190626
28157.917431391397
28078.424776734017
28631.13139323903
28435.8854836821
28190.604931885617
27857.389965506558
29314.372267815914
28522.159542169073
28328.21083210396
27931.43458994472
28680.934943648583
28435.203627253144
28548.387622333397
27534.453067101647
28026.91708304559
27786.52107685016
27986.05096839674
29764.752074870416
27541.31980786657
28398.42975731539
27728.22657505036
28041.518841316523
28211.850473754082
27987.391182045216
28385.278847819816
29976.00780576174
29484.99282260997
30391.18116582575
28358.98262064643
28600.612963660213
29665.530199972025
29230.601869774295
29311.065948803927
28336.60644177934
28853.72990477751
28708.93539784865
28765.034281153654
28168.27806840025
28263.599666361628
28158.835946944084
28337.429839591678
28369.88312229042
28661.911462174274
27996.126392118917
29073.422107330738
27935.63764207905
30254.770968825746
28505.312873927276
28262.327580562054
28700.26232339143
28713.01326016376
28791.25185070756
28013.84531000386
28272.11350860222
27641.317835013695
30136.147515800552
27664.05398073749
27481.35317266159
28811.065966756345
27544.936942708307
28005.49122437318
27700.571589878884
28586.449602440713
28559.726786556825
28212.14432794066
29091.65385430813
28949.13474878079
27967.16438268301
29757.441378800875
29698.44308999536
27975.481431072458
28663.486573801118
28519.976893424508
28204.1630482001
27749.05821761059
28698.175598564136
28052.43038552369
28900.852249832395
28907.748466466142
28107.400061654964
28081.014072096965
29059.048313236548
28322.803339931903
28369.4315846187
29334.07974888775
28215.024169145367
27754.56741456596
28252.6857554023
29245.206769598615
28307.688949785166
29043.624157573577
28492.283744222397
28306.422383788504
28194.332391725453
30064.45155741802
28104.158630022925
27821.25865531317
28577.807142986374
29818.446742097403
28494.971069247254
28758.833884353044
27921.059510149593
27507.892567282506
27837.518490672
30698.680249687037
31541.991750082452
27919.97642979856
28489.6158085051
28354.12402408631
29501.587369496337
28197.3196305267
30057.51242269514
28180.9322920267
28539.625416157065
29423.998208473586
29680.90921838209
29056.247348348457
27633.73803707469
28695.08758788161
28479.073186871316
28748.65302850276
28018.951604416405
30158.49907389031
28634.82853510025
29166.949636606478
28446.32841500546
31192.10032349271
28672.374232691483
28752.9781563839
27773.366370256266
28538.11421635413
28404.157271781303
28066.422828674135
28053.65554000683
29076.7349689369
27294.818520483732
28983.83382223887
27936.38624445506
29085.15489280584
28665.80061622582
28699.71244433946
28944.560023742168
28092.23280628094
28101.325222014024
28415.05665320258
average revenue:28758.681785987726
possibility:0.009