27431.588974246744
27949.393618875998
28354.931511633727
30235.311829423765
28369.832741179795
28436.91658277994
29105.905505295275
27585.802030703955
29293.808534118296
29603.44811698467
28308.667152910755
27856.74380407765
29162.72419007313
28186.946767982023
27583.084642860784
29178.342490115516
28156.93015734968
30095.539224141055
28931.047648619104
28019.681620563453
28707.44254708514
28489.188759201
28482.638438017886
29071.00636694212
28731.17054600288
28162.449250023194
28769.81501078058
27647.481527812408
27568.8028212399
28570.887905609794
29408.145122560807
28163.513514002014
28422.825389351092
27933.762005632405
28235.917186021117
28809.28362098383
28222.955528902876
28561.770961629125
29468.65838946847
27641.29179003375
30831.36880779497
29032.10150992081
29850.72996767644
28490.10476150314
29780.574021212266
28061.480914351698
28410.950043796598
29412.95442737816
28169.84351980251
30944.57870698783
29082.65677273445
28378.579839961203
27649.899536231573
28599.331164794512
28902.57637225076
29870.610115234933
29952.50436998786
27899.113816565747
28770.452470216413
27742.294766536874
28164.660459816867
28112.496739750815
28819.76580111513
28718.930642281208
28392.015287563045
27792.198449023428
28752.759335071085
29665.487614815065
27615.41850196999
29264.896657757723
29758.012447111818
29367.475294816995
29062.505375746434
29231.301205363598
28667.7003138733
28595.595518585265
27844.995292100255
28192.23482750457
27527.855457158246
27755.344316539602
28656.472939000752
28891.953162797316
28132.34890830771
28909.64968518922
29058.967585513357
29145.29926453081
27154.291120761067
28725.883611042063
27456.735268692843
27181.601175341453
28839.86182896261
27854.951476757098
28149.64506198422
28693.414673642263
28077.85267602696
27699.852400328276
30038.18619437056
27322.525805399342
27776.67039128753
28687.631094338794
28061.37306662859
28147.713773564185
28441.63690831378
27741.301053303996
27426.01137506654
28151.474551101008
27922.397164924005
28119.05218276894
31314.547346866002
48190.702472374935
29207.578143558312
28105.583032618433
27959.733432924495
28291.247796150947
30500.70021663323
28085.41011351611
28659.847431491988
28671.524624191192
27729.95129150735
28153.648307090043
28650.130582078516
28550.450381454924
28689.318546020822
29404.926631710765
28875.63404824305
27947.08463330464
27746.62184797807
27736.862557516783
28889.742494707712
28317.335447941696
28257.307466962207
29028.429661018643
27876.997482046532
28173.11586561559
27580.37864307174
27446.508511841534
28518.82993315526
27601.818510032444
29575.134448922414
27945.082778208427
29410.616692901283
27598.035919538717
27574.361055832418
28695.27186451503
28648.315392635002
29105.265725552897
28234.10274119856
27920.26223021588
28685.61176922276
28919.39610270873
28492.800412664157
27372.75061776923
30879.20789048116
27802.878534198913
28443.807542315193
27154.335248443735
27944.90853622584
28056.774968107547
30159.5370086615
28829.42373617532
28588.49660596168
28189.10494239957
28760.592274155857
28212.54336886477
30401.24874108828
30847.88433179735
28367.181281695106
27804.560534385062
28100.838898645758
28631.069789559384
29722.40563800806
27704.936669158236
27396.57135988426
29260.787203144948
29355.34796035218
27590.874879443418
29588.41223679017
29385.102393121426
27662.688668541836
28108.556816558037
27780.707836045178
28239.107473932334
27427.90932397029
28829.89680575728
28632.699462652974
28092.477867983853
29235.613221847343
27370.63961381546
29898.455696811976
29285.387784128518
28401.475264251352
28032.737123171195
28720.892804924217
27496.95124806079
28403.905403563014
28163.10290055372
27544.63830069161
29350.327037807343
28287.379614164063
29418.59289247803
28131.37477802315
28833.35296934446
27980.358601629723
29957.9736567408
27515.014516804007
28969.385299169277
27799.437522779368
29294.94722656903
28306.45974022613
28705.365144285144
28624.26090483023
28433.091935297183
28280.275423130723
28709.900892424306
28061.413183120894
29141.74150845565
27350.78516449997
28472.790191333785
28890.972095988116
27774.464817910222
28991.54805498468
28512.98096103873
28297.502303531248
27700.33282041296
28491.89964365621
27657.237218119895
29700.94042029557
28254.207856448527
28965.245536579994
27339.451091388426
29538.617713867097
28570.17254508601
27753.87958279341
29635.77264124049
28284.854695034926
28622.822742084256
28238.845723543098
29341.444723083903
28913.43165948702
29897.989950376636
29489.44230935032
28305.093237552053
30025.16359682275
28795.418659544073
28399.08332744359
28905.190733975705
28389.059738564873
28695.466508148624
29338.54110454608
27457.673019971284
28812.0677802742
29520.225418092552
27246.138500996094
28263.727915800624
27590.299245511702
28185.15620989992
28094.657177497975
28785.287800548103
28100.080308752054
28286.15908509751
28671.484769356837
27508.1455461174
29446.51614160265
28028.805536126343
28840.622443714194
29591.270527303215
27642.32161376506
27160.623230091744
27126.787860046617
27988.00344479916
30014.991018525947
28653.96711414048
30106.602777624757
29530.27887991645
27616.885338916974
28092.914464463112
28367.175984441852
27949.93099126236
28167.593466016435
28140.717320412703
27625.127412923684
28010.120192884115
27625.79241687002
27980.228014873654
28276.694046304874
27807.56314870122
28174.7816479126
27782.421910597586
28460.469441843554
28593.708548001578
28915.623964363684
27897.66475738659
28038.515171877323
28199.013705005098
29400.81033573754
28901.06806763888
27675.866983043736
29036.560304087223
28258.401062971156
27775.874135771308
27653.997410284173
28051.919104433153
27623.255057527775
29287.83007807844
28044.843342939846
28203.130885696573
27122.930897794875
27719.092450829972
28281.55316185689
27607.068530498338
28749.909446108722
28553.00525710777
28977.395253270493
30412.964497340403
27905.647452691286
28505.073931418156
27602.01846537897
27899.359219473747
28350.79938879226
30611.051995502832
28884.40554900975
27730.507435821855
28389.687838463524
27903.517959697012
28007.83774384515
28766.576353553646
28566.411386672746
28612.17735397523
27806.159233890758
27954.725783598868
27591.095214674777
27611.459901350743
29742.507751475532
28304.917507814585
27844.66537074006
28396.321582575052
28350.96658576178
29212.481348939582
29026.754461901037
28384.75508923442
27545.232160507716
28011.546300789538
28542.936658450446
27374.641559977856
28172.22324252639
29488.34862835711
30344.61368216595
27789.157317534326
27531.14464787675
29926.697004910035
27748.859142719226
27986.566804940667
29813.593599774085
28857.96766109897
30087.17295165138
28678.608063326556
28348.504200897496
27603.98831210048
28187.887926212636
28970.53588351918
28093.0129042492
28877.240438990222
27645.801506994743
27646.14794129073
30609.407708075112
28479.22674671576
28037.72036592345
28318.405550542408
29100.616698705504
28040.002569293072
27870.123198435616
29453.91131997515
28654.366126542078
27069.52478620148
28638.09912439761
28627.96307343457
28440.8147381505
27846.166095742803
28089.12029064004
28775.380056797323
28889.73763390097
29749.55976945402
27825.73032146006
28289.086816005656
27989.48263579763
28170.450850826895
28212.23660356037
28841.156273337452
27808.643049364386
28420.402639205437
29973.604513675866
28498.36694034241
27514.755430095556
28187.76501406855
28883.752887273484
28294.785816159452
27960.1133439237
29325.244866437286
27986.053209220412
28806.757977826743
27821.607052985724
28385.66570102988
28745.41270844526
28841.756662312615
29605.979510487097
28358.94605993568
28343.544537414335
28228.407171383602
28678.471061955308
28709.502569796958
28261.127852924743
28027.765899316368
29618.77881259551
29895.379100478298
28356.072927637688
28315.994020816495
28543.95401174626
28327.8484960454
28626.238511086474
30539.957959115385
27858.448204934597
27479.12996999632
28248.395028083753
29143.360511140512
28526.789905554226
28251.151367864928
29802.14796185067
27943.205592338873
28001.53628777781
27962.781906325235
29428.16921988624
28220.523362861433
29104.392450191914
28312.285722679986
28538.901102441578
29782.14298746523
29489.74638431151
28297.342346324698
28771.519956174427
29285.49211508725
27876.44245795072
28036.423421935633
29731.919559130733
28681.570251807345
28802.2472361901
28510.61604573333
29334.328024270457
27638.282657844637
29630.888001836425
28302.400285372823
28089.666862477818
27667.448929328955
28621.305805533382
28869.75123698633
28239.377624523102
28066.521633723627
27640.04254793987
29583.37350210091
28295.141605168148
29797.131381907475
28679.10788597118
28266.412443914338
28790.895831676702
28798.884792654535
27331.153431772265
27356.53976216997
28265.401661607586
28688.682629359075
28951.915705356467
28612.90310855703
28240.48619753668
28080.833330365927
28766.361294262282
30818.200359045008
28552.760906459287
27803.072053862707
28336.65577752347
27769.94215066893
31029.95772095452
27511.234046950573
29038.852826630962
27800.51003720592
28461.853680670738
29290.067206889686
27991.414525226777
31322.11518530306
27854.28637434992
28631.595594717026
27893.362597435156
28371.848713854146
27845.633999237765
28214.49341843457
27704.237425465726
27787.75075130923
28308.783658957604
28692.60593898681
28034.72978693519
30518.72439855894
28737.23219584147
29273.963319746883
28444.37261875289
29299.82081990314
28347.172863552427
28099.890162534364
29751.61311696226
28239.790359331946
29747.569391503614
27809.066067638487
28158.993498031265
28127.78383757339
28616.1775619988
29215.74714471595
28159.147696091117
27478.931340210627
28334.243490777502
27369.51376804575
28462.49639004056
29726.375803197367
28621.031339881672
27772.76294414998
28615.106039319035
29200.900313630264
29380.71947773944
29356.729763971038
27986.74110562804
29686.225079272714
27924.407447479727
27924.77253456802
27746.909668897344
28707.552569964846
28903.736297671043
27555.902366372604
28498.717393874667
28341.430623337666
29628.594843216764
28252.319463373464
27925.260496595198
28536.595342819328
28349.236625220896
28194.568771926108
27554.785665378662
28213.94719268807
28046.318903610743
28968.665292470047
28452.623728781553
27863.699678927973
29148.22615473498
27916.65428201564
30373.491022719027
28975.1859314223
29072.80304114086
28292.76000224552
28984.96389352421
28295.19692771716
28223.774186024883
28513.95976823912
27986.564208941803
27933.92344621378
28147.175735606637
28058.354830553548
29031.37786953722
28108.247296689526
28584.05099100208
28519.62748011977
28332.5113138347
28918.804199712475
28383.204475491544
27605.118169043624
28189.347340642405
28393.975644510076
28619.282247818162
28668.74369484063
28265.278745460673
28592.952360311352
29660.92489174702
29536.038729002372
27712.454765087878
28185.75977742329
28087.727396455135
28021.38341015651
28060.747360444675
28350.491234881047
29066.722137540557
28397.25722745957
27957.43957302345
30709.92636676594
27970.530562042644
28218.51644201426
29655.14400741983
27577.228470276936
28004.731618069545
28088.06409113197
27496.578790184598
28350.29480836021
28129.275076489914
28085.034394077848
28927.563650392825
27676.614993303
28509.099380619224
27557.768733089728
29355.620261840995
27879.272522230844
28986.865612340098
29116.305752071214
28939.740028953198
27795.480633652343
28120.085399788284
28598.518307120477
28555.69225715256
29191.163095242402
29978.30904446099
28017.247334305215
28990.97121593553
27534.332041628142
29410.662494525786
28252.24178283723
27784.047599853435
27893.716018140283
28390.262420054183
28320.554575760125
28854.845842714098
27778.502264166567
28150.203301112066
28974.142565080318
27919.7026649133
27959.02589244282
27329.330417024263
27999.891701406916
28116.24951946934
27941.102528452826
30655.375493747044
29397.46801006934
27482.741303734638
27429.82287407274
28290.731836122955
28116.838152167446
28428.500456371177
28369.358114714378
29351.407945755127
28292.930403939266
28239.545824350247
27704.480423059078
27889.199879852426
27942.039033572324
28419.74410750498
27671.211875922563
28094.337797206434
28531.59097478885
30934.572430225955
28275.22305958801
28356.05315694933
28043.220697894896
28768.47501248402
27810.368341109654
28405.932628967304
27895.001897967773
29205.30957700294
27801.863340080767
28774.01638107927
28244.2733761495
29161.533482748502
28413.5278262252
27989.21851944055
27839.716437425846
27796.579357484537
27383.318578648275
27758.505339660453
28891.566395477956
29411.769940045022
30005.81191078134
27644.45521904839
28905.010289776576
28908.16552929549
27574.129044640005
28083.730485044267
28474.147067172868
28711.443982921177
27594.4907484744
28884.435810419654
28250.74577076016
28483.55796966212
28146.137027049022
28803.72831390889
27918.809323462283
27928.40158367832
29470.650698963625
28239.410412208344
29030.121881880914
29629.458917232947
28884.624386593616
27497.78402842882
28751.419484496855
27988.956636491646
29815.078459523807
28828.514293413562
28116.142928998263
29915.633032159607
27605.08002362978
29001.21965506504
28837.950510268714
27579.646765607496
28739.912343282682
29215.235436554405
28090.51325498149
27873.807550371843
28300.029755065887
28954.927088101053
28302.500021045922
28921.506175862418
28150.29538095212
27908.8428250669
29746.95317522081
28946.129438632448
27888.650395104567
29078.364793078887
28291.538454259527
29016.619638585205
27912.89538046444
28332.246332514478
29349.62541077524
31284.19477044503
27892.558379278325
28319.513747775647
28435.928163979563
29475.21355337199
28027.690524385802
27569.23319828788
28968.146415013543
29312.862083429816
29258.239737114665
28793.2281950106
31194.292576442276
29086.411986999134
29173.3982372972
29880.220308880085
28647.058564626637
28883.367001512077
28607.52773886403
27864.65542397342
28606.769112245176
27857.346657592727
27319.68633170932
29002.020063007418
28279.02019896165
27787.38522705538
28290.769310075928
28331.024619147174
29491.7453352298
31230.190297936726
28849.955399324142
27661.302541640493
28086.25289327407
28097.498646939028
29222.96131958501
28958.53074403243
28527.454231589953
28039.09665418038
27877.16081422127
29118.464576541428
28449.387479423487
27792.366482091973
28512.889618142028
29134.102744151445
29087.912223157797
31513.250590793235
28555.064180926016
28064.874998226802
27763.598095070316
27606.528962356108
28591.026263287353
29788.01397444049
28531.729704374742
28704.623681180157
28518.210278498445
28487.053280621636
27588.25074646973
28340.740457870033
27497.87960932152
29903.33998562382
27390.678876496517
30240.536971955302
27677.862195789116
29506.009773859376
28885.38829204056
28639.57532634403
29000.152499819716
28634.721540910574
27830.102965238286
28023.64443417667
28353.69982204261
28162.156657884778
28625.081993695767
28712.030312354218
29609.39274626278
29019.002029230294
28345.253368552807
28034.024615687238
29525.418998536676
27379.437577202225
28625.088009292416
28694.23528338468
29387.026779968426
27738.448009553234
27981.547993981618
27621.21570973516
29841.727751326685
28917.492903795704
29215.597077192877
28435.353956085142
27905.62481472859
29853.17957749093
27702.970788067763
27734.431903767734
27889.77792062419
29231.74350172354
30031.73239958815
27870.217001017343
28363.55790380183
27642.288444822683
27691.78375072818
28446.13308642576
28541.89386430043
27553.7185509662
28012.15496897749
27628.061867951397
28910.063284905435
28228.98147626046
28038.097363259232
29274.908045567034
28276.205406733876
28375.991133512616
28319.3658502348
28356.988969794413
27858.139371832294
28934.73135621308
28686.474506715018
29745.04623911271
29090.955227776725
27386.203923382804
27782.093341167547
28125.112683042284
28466.982175783036
28005.15466523234
28201.92518351119
29213.918344924143
28061.197319468665
28335.870162670963
28968.60083908098
27858.78032918175
29767.751384047
27860.4371639102
28787.21430504806
28886.75138021481
28319.74557869593
29213.45908981652
28006.77372356055
28628.999903059794
27290.78570450391
28718.358466645564
27926.98780474556
27718.78821941569
29231.551848608746
28225.896478433344
29453.238439079832
28148.212993986737
28069.804482678403
28541.678188157784
28670.69213531314
28291.761612155417
28949.56837795114
28590.557467358714
28448.1069812209
28112.251097408418
28246.353634833424
28262.831487705855
28885.790961417948
30063.880968662415
28285.776039711178
28856.671936543924
28490.61209702166
29230.766919159676
27786.756882392277
28805.39786588618
27731.661232013583
29066.05207644127
28291.18317940184
32972.94877553688
27648.467409715817
28431.847543862434
28106.05197208676
28117.99224354297
27757.505561717302
28588.8553520043
27441.29817050422
28375.91340470617
28155.955556875382
29482.524883427322
28667.389255172297
28667.59245036876
28609.149212564735
28086.224982208874
28652.20626858319
27760.6196572718
29566.754328765794
28059.661250034496
28683.406701078366
27603.873196954588
29113.241627770316
27965.69228576912
28194.844899817122
28216.695535858904
27644.534242983525
29069.074653562828
27908.65629541451
27735.336710117666
28737.16709559883
28175.0703949886
28229.90740817075
28240.24919789989
27808.072996662515
28185.96370213659
27821.029958325176
27084.84093479473
28843.04566401556
27992.027161522612
29184.990017674765
28060.838537506148
28153.053086602733
29861.71582199712
28974.059761052304
29403.303267976065
27731.401184874314
28733.604070291778
28028.526640535154
28017.71162339829
28841.644921156425
27874.904483186074
28352.241401815343
28442.964988063268
29744.092775600202
28353.9984695573
28658.81969798163
29492.941169726397
27555.190944126556
28259.627921404404
28317.397139876433
27612.649065178426
30435.792921586715
28059.46781718819
27612.65217054582
27642.748539867844
28556.38008117295
29219.987288102337
28948.00007373058
27881.21330222977
28182.923249121428
29703.58994968602
28405.060515454697
27417.276047451203
28563.787870000444
28561.03550652452
27799.125806227778
29160.630022246234
28769.203451127218
28073.65011107056
28895.3951342368
29417.510273597894
29857.75318289941
28858.909871668748
27511.40804497087
29642.91219194521
28542.231346070315
29278.633968520975
28159.342618941988
28664.725382374025
28454.602725821023
28554.94992793278
29538.19974008291
29765.883357114097
29064.016567830873
28207.73533587889
27886.647257600784
29470.815259118484
28139.293052888013
28191.126214799726
28130.962716193946
28204.570548335563
28828.952255556196
28906.239750006775
30334.732095478914
27513.45759555195
29635.0495443135
28393.289275048344
27668.677102371457
27826.159583480683
28235.268370134425
28975.42638737573
28126.92931836296
27523.71344862929
30123.350107341437
average revenue:28531.53991888839
possibility:0.001