27590.06301673078
27216.867665844526
27544.24214727967
27927.01016320239
27451.146094245756
27299.09028528853
27578.473098635888
28306.612652379743
27432.03843123283
29970.368194740728
27486.907879774524
28438.804180797244
28014.24761400673
27869.09580174577
27260.71837822639
28073.326980388923
27366.335700106454
26992.12432542233
27818.046837550784
27965.451816299497
27122.759980528954
27502.437042462232
27309.632316877945
27220.356483709475
27288.657063207513
28212.805401299378
27576.44109420822
30344.28130673606
28149.057961430783
28555.32819537431
28540.2182048866
27780.546337076972
28149.184334165293
27333.756868723103
28505.231862213084
27747.732094885923
27606.999005625294
28763.82550698497
28229.250386927364
28790.06535966797
27148.54548095227
27762.19096066751
27856.875811349066
27933.71512885995
27923.102244957812
27328.63751529871
27970.65549318119
27513.657116637616
28619.811443486702
28925.249323920616
27758.510837472153
27808.5211044296
27917.15329176362
28270.9350457088
28995.653872113944
27962.090389644487
27682.416617623305
27444.72325872621
28237.10022236615
27863.587023059874
27654.729556757284
30194.03449848322
26972.678260179433
52726.67435788027
28174.20429000375
28074.230442788376
28119.40720776425
27737.695046023095
27532.6009959825
27917.521271465663
27304.979068013916
27617.40338962151
27483.519020396132
27607.53042565784
28451.72400632965
28258.469345513546
27946.067850821837
29069.627214575645
27358.23177363013
27374.866095566635
27564.87815196786
28149.981233652637
30777.165648003735
27126.999952007973
27744.12144001107
28994.717301199817
27358.515186912013
28893.485824669417
28229.087967855157
30345.676199633872
29197.285978445492
30070.62384575864
28368.397199477917
27100.853908586385
27813.095915093738
28086.104134305067
27849.116730625385
27455.905457956535
27713.117423252355
28326.06796295614
28404.24689446134
29538.01361197041
28497.40269548612
28254.096986501616
29687.052293449724
27682.703396201963
28863.379673919928
27716.331900393223
27329.250406544128
27163.62643401195
27424.61311760802
27726.056804157986
27329.588637761386
27470.932122537615
28256.539220448467
28091.13179694171
28202.51122374076
28317.89833486029
27579.976405397058
29498.465345727018
29246.721847949273
27665.005599248394
28271.709008156246
28204.425784753967
27869.885330681227
28048.570889038212
27879.6457314629
28002.47410179597
28313.786574936486
28120.726684301244
27884.29197960002
29359.644262701182
27436.599607653545
28772.01025686182
28094.0811860782
27878.558380318267
27385.901027824504
27470.080929049105
27519.953925637194
27536.574784283555
27778.377553264512
28945.336553608373
27397.929146252933
28066.159537671145
27922.960258732917
28641.474044146442
27084.993262408
27778.268810715927
28196.17188571094
28224.23179514334
27654.37523636742
27986.01979556132
27394.160351875737
28096.376594176472
28208.325533410643
28211.55964541262
27565.601832500164
27583.623081515107
27539.15940773818
27761.426121529792
28051.828463760678
28411.79504709198
28484.517673510243
27080.900252342533
31062.931803218005
29823.872920231188
27729.36814672938
29800.568020040115
30200.254364669938
29098.297355937397
27428.860541082486
30313.0831743034
27422.6777024544
28043.936339299682
28295.891655008327
27680.09768528428
28527.92352970517
29243.381415663578
27674.675883874967
28195.318784176707
28278.443379852106
29234.74125503993
28469.01216386442
27554.614341536726
28335.588125879243
27412.264059980662
27582.577722852668
28530.68975003884
28618.363373675053
27333.644135212366
29061.72159691424
28943.12587342352
27324.27974556657
28125.143669158326
28142.101690820735
28459.39389591974
27894.434592250185
27569.789130505324
27622.904953364377
28372.521618842773
28044.0769638704
28025.878471905333
27382.498202498748
27724.78177014845
27393.74651451177
27461.260456558128
27344.82273638757
27379.190446388035
27204.07159111831
27374.538380863403
27764.035957491185
27479.42908468829
28801.511037403638
27335.343616355516
27326.268710392702
27379.83078803941
27854.933781206822
27982.161588006744
27519.960404471174
28176.910700735818
27820.150429498855
27732.259279517333
27916.976270883384
27596.02562786802
27348.985271754205
27878.0699509932
28302.458456079592
28318.929043511005
28891.151875725514
28612.320107431242
28207.290979621484
28447.805585674112
28868.76685923098
27810.660101371224
27791.276123375974
27490.394445369267
27627.775787422248
27561.13652077937
28060.30689294703
29260.812436919914
29018.76647081202
30090.913281465248
27688.26224788007
27582.598373761382
26759.618470055546
27412.2545874015
28350.124512183786
27493.535224440315
27202.94016100067
28825.46752084073
29730.267032681462
28618.743098382758
27743.728938570148
27392.054455195394
27658.058426602787
27188.337993615845
27473.61949397889
27849.262196521653
28212.985020972937
28875.891053734875
27739.385926132392
28074.397887816252
28175.852107860286
28116.172497537227
27939.034360737827
28756.76320482466
28564.826936331145
27783.51671354796
28777.8192315726
27674.493132139793
28066.46520988188
27767.027131068277
28251.15595925831
27160.318482893093
27975.092314437075
28594.04084981582
28320.659818913697
27671.02035722024
28308.55738885243
27409.532690463166
28576.65314770456
27648.9730723436
26937.21038876088
28554.603113858288
27822.440637691598
29118.315377074003
27608.817386543506
28318.122498107274
29101.306580113625
27375.484266323267
27661.871157691603
27667.015977375646
28121.83428204729
27642.889098848627
29111.790136854088
27571.391648670295
27535.511238715797
27333.721826597375
28995.755739866516
27668.502823985367
28318.000685510666
29033.475127383168
27972.90423756331
28682.23071416496
28124.201004626393
52737.549848399765
27253.519882834345
27539.606493473293
27774.55327422404
27351.98712704553
29169.995458639693
28302.177086310414
29103.447031182935
27994.638610252325
29562.82207635075
27525.96205756877
28103.49188720477
27977.264542340192
28139.381508427923
27412.554287779272
28239.442519776247
27295.657074502084
27600.03856683699
27991.54461702778
27732.908234694583
27107.577499427654
26954.73509310719
27302.631067712286
28023.413184670124
27293.598380531825
27899.326960994025
27492.944480570924
27506.566382909652
27636.62758846072
27472.957309983187
27750.05489962596
27642.798853355274
27781.7278835334
27416.94475952428
27610.367318092565
28174.505684656197
28383.969722777052
27216.345663323584
30841.73566819632
28888.412930490376
27837.86733941093
27711.996118110837
28957.8434964571
28771.567564139143
26935.410465831483
28013.297660100157
29949.53810541855
27918.968727944983
28204.142255506977
29027.870988372553
27281.28531320917
27392.290107012803
27564.298171388775
28169.550288457205
53084.48032021099
27970.56043844216
28252.69077182353
28490.045764120892
27615.514528806216
27673.07755281093
28158.477562395416
28309.791578423603
28771.540239431048
27484.896945592307
27895.947547513504
27732.37315962322
27861.062076070633
27913.817941225785
28018.344089651688
27482.688537484337
27610.181760072195
28318.057519431954
27756.965910632443
28236.441784449653
53169.050705167036
27705.21762974941
28427.976514147063
28770.49822584144
28502.620998775215
27249.229232629
27657.395973462324
30767.17935825889
27991.689198088643
27492.489105549615
27767.786482353124
27513.67098766959
28436.448159554016
28314.581161708553
27150.955860892598
27530.547057045456
28268.57774880398
28627.904629834182
28360.041402537965
28100.95719958079
28588.324319683663
28418.154700486073
27547.90904105268
28150.02078731552
27306.691209022578
27901.526415803255
28307.45167558577
28786.902892486225
27982.358323092856
28242.163297982057
27789.22164314457
28978.39781141368
28698.630049138963
30420.94062472518
27589.55684605687
27612.514997099363
27836.913376294757
27451.61584634817
27535.272818511898
28041.518234967734
28626.043388296548
27271.689060322296
27786.810757775344
27720.514939449626
28135.723371696608
28932.274307286378
27257.870596787896
29839.6631844427
27802.3138774797
27272.5954969159
26818.536308152394
27619.17628680969
27765.88368290885
28499.877801470404
28564.74418505315
27792.3463354971
27423.505785782436
27627.62804138317
28292.17301404841
27656.806147083218
28249.38850770361
27678.679808609584
27330.08403406283
27858.896256435197
27811.266932103987
28153.386234187452
27751.506663126267
27446.678181699663
28127.157033891013
27458.260042628066
28460.738296691135
27864.4976886326
27683.240359937234
28771.66352450769
27702.708004172706
27778.619251959437
28768.139985050653
27861.325308394935
27823.95409884009
27907.492033332448
27238.75077766265
27413.093620773994
26765.083703235305
27847.591923034364
28873.093630969073
27576.09440811623
27540.688768222168
30733.187461276815
33740.09213056763
27477.984381729555
28377.42854456027
27826.75819190133
29426.467667395125
27608.671062955775
27747.88583274357
27713.82935368146
28122.599498921525
27629.88774971
27986.305128141885
28033.049414621586
27936.005163616373
27623.748874615107
27413.04598912403
28242.795971910353
27866.523889795528
29265.37377628662
28385.841652263087
29809.48584680289
28000.510739075606
27008.60488799679
28189.47588646075
28274.957438703386
28041.108290118987
28349.927249022498
28211.771583471436
27973.60640934464
27735.612751388322
27769.852737300425
27539.326323056375
27714.48047499895
27897.427893969885
27327.741282080224
28723.29929771336
27959.11884052027
27654.026923976042
29402.392749920597
27338.036442069562
29202.247327102265
28718.04236751492
28429.579953883294
28650.895737011266
28155.41251597178
28533.236252578765
27563.586757059114
27178.222485523795
27821.88883690126
27546.90286178063
27361.28918450734
28451.952976495755
27872.097916421124
27380.165346667458
27740.704104559303
27684.70180378982
27173.110846143038
27502.926634399828
29732.442718153416
27896.38070581425
27435.940229774693
28419.75427155851
28413.786012178145
28265.110712801586
27240.897686713884
27802.934380685023
28943.08354068924
27727.515939454315
27796.219469650798
31088.587122150075
28056.11300876311
27805.205355060447
27520.548813612368
27494.25002977544
27940.985392046012
28226.57908670918
28165.58588840797
28848.82433455936
28603.19550638575
28831.546402754244
29353.263198959117
27688.42207573574
27646.92017555565
27966.002460047544
27367.385722505394
27926.406045992702
26986.103995840906
28032.117582169783
27336.04423946397
28530.057553390532
27848.257838028854
28153.976288473244
27510.996851993877
28997.228892087955
27070.846176227282
28912.638866379806
28028.809003598584
27518.580579035963
29053.81300678702
29944.52930485277
27604.007960002757
28206.773232488424
28116.79287250216
28072.85942004234
27075.738984248062
27879.3720802413
29443.588624861357
27367.926944107214
28692.317078017437
29370.383054921305
29773.32186619722
29190.09746600942
30048.726993376386
27406.435813603966
28223.27328050853
27416.00713789092
27982.303923874497
28044.6401728893
29427.937391107247
27943.166266695625
28979.449101567083
28212.621184332635
27655.433979026006
27195.05000133586
28720.761528251245
27714.693224803326
27596.94597218413
28288.71127145955
27334.750353199663
28664.23652202676
28086.84581416355
29429.214872436183
28941.810870039717
28102.161447407787
27486.667796936017
28897.514107861014
28757.583530707863
27836.878378940833
27922.70943860088
27060.220584114446
27940.388777747725
29161.486194604375
28726.88711405394
28966.370318840454
27615.181074322267
27181.722235003013
27587.218150772303
27724.305603509445
27403.3210948161
27233.68505416454
27565.43234580235
27461.264014115986
27991.209556461083
29112.415045489575
27683.15741645775
27769.314156844288
28120.172649593733
27439.779118492264
27481.093730549943
28064.199336897454
30886.93732460518
28470.491075298065
28469.847720906455
27949.653442930372
27430.516635954555
28765.906608636215
27700.72768866041
28755.70490609505
27816.580458710723
27511.172457181372
28298.444464373493
27672.729854616093
29010.91761271309
27558.461716954374
27440.34672267941
28243.045434005606
28150.48103350957
27960.51009519442
27732.882393252643
28263.510044256767
29798.849705261568
27521.26007123276
28179.636011359587
27478.945839612625
27757.225882108185
27472.259541856674
28124.06027301592
28660.718407071585
28747.903239582865
27533.622275731806
27535.272716452604
28146.845910337954
28817.949965547054
27629.375915871537
28410.813382234253
28545.92192537571
27630.81299497135
28827.923639243138
27923.231123219844
27803.53036224703
31543.92543914952
27405.302289016
28544.028617947777
27508.652443624957
27567.181260132995
27270.89320645927
29553.394204106797
29120.351367083967
27468.316412594686
27449.851225287293
27575.66978467802
27556.36257093192
27849.990587412674
26989.71311084231
27341.75602340781
28189.86794875314
28387.109380498845
28586.478630549736
28447.16057590429
28629.083695230165
28376.96062517056
28373.056699603992
28936.89908894668
27940.72029217846
28461.61288980837
28238.33308233898
27866.392837030548
28209.282169837017
28735.651210331627
27825.585420085263
27522.244266751164
27209.99300182682
27855.828540821756
27610.751288205345
28252.391708930456
28396.132750785833
27703.97178911423
27495.097969738046
28031.36395613377
28128.97826426056
27448.411618052618
28788.657595674864
28508.472885740914
27289.34257541621
27883.94255638355
27314.235898697476
27463.8855940068
28017.848358399206
27327.70150237563
27180.210880209812
27916.499325326295
29689.171159346188
28790.074464451744
28327.781683211637
28213.722294544525
27329.610566937197
27879.17900653122
27342.260035900075
27545.558837431472
28197.998553331377
30579.54775625955
28317.06223770111
28986.434334651483
28066.8543467633
27349.99634805956
28554.18800565209
27442.215511647086
28458.51750428014
27609.192436377685
28232.390712937267
27143.885291871837
27324.35586601796
28124.581364081747
29541.794371323405
28695.749729074774
27151.24774500782
28608.55517386029
28510.739006190015
28074.31138084681
28720.110755643243
27109.16925459316
26987.36756000043
28534.932246429533
28400.845521136667
28021.664749941006
28757.039420293077
27969.711201488557
27403.57039077449
27616.860366769008
27887.571411686276
27531.11801598279
27989.248298778028
27730.763238574815
28199.71591206892
27837.272877792097
27164.210446626224
28474.299527627434
28258.68607232202
27503.88614904126
27984.710129131952
27621.16318897067
29286.54774550534
27265.92215447122
28050.84717284275
28869.992015222368
27771.368170346075
28728.127159012834
27446.87173130777
27700.01499377553
27664.909608165086
27772.932403044906
27293.395842933307
27826.45315724575
29510.012086560615
28044.089374789717
27772.626918136248
27755.954542154133
27575.897865139963
28656.89771890737
29884.58464693787
28991.333543493707
28396.382438572557
28538.388699571653
27701.76212755562
27971.42453939678
28523.017942661845
28123.1888735931
27586.81276720637
28543.844238269783
27622.24202978185
27342.580987036676
27132.96242774337
27729.278025014126
27669.364684819022
28392.409605519275
28149.816016859397
27823.67729851197
28252.607638148544
28985.399920181982
28244.80210729165
28030.34722167205
27680.282187937428
27213.00845105525
26859.669561638904
28635.732369637288
28001.84684193296
27299.40128325724
27757.092710825324
27956.650890858607
27846.43389906275
28416.20299538508
27730.97203939988
28498.65338399425
27813.213818236483
28517.801536656734
26980.529140321796
27607.79054912387
27343.139813672013
27980.231620486116
27550.56008550716
27312.333598626297
27576.38231633868
27748.54058715978
28687.176764456533
27659.502826590906
27635.966205052715
28170.01162973137
27621.696331680025
27781.595706910328
28079.475024916483
28064.090887134185
28121.421713158685
27336.04283816491
28092.94965040837
27730.06079169652
28031.494271678028
27795.55681523371
30028.730820062654
27592.895929737293
26993.2827971884
27494.537105940326
27778.944473356754
27562.079459234472
27294.291641048054
27609.416941202388
27715.17789184619
28667.063270807557
27679.943859285293
28345.347812194625
27660.800805553994
27589.83803368998
27085.85057752299
27525.79100254977
27906.59413164591
27223.678825208364
27733.234715018087
29877.663268853925
27476.930148489642
28044.378962397655
27805.500468952832
28288.017783541858
27815.280443391333
27947.286402217916
27143.87000235728
27511.36214973537
27465.659539804838
28914.80025988645
28373.817012950865
27702.912796889752
28336.157597142566
27448.170058127936
27576.311404804732
27601.58680437835
28442.553754978482
28852.25001483978
27616.192303389947
28238.516465828536
27428.210612129158
27686.587255663595
27285.387761187038
27526.30011310277
27904.0377225568
27852.051695202077
27478.889313645614
28694.482449157447
28732.081815007627
27582.76828531952
29352.3595071467
28201.853567466904
29406.761378912703
27739.355259597178
27963.950723996473
27980.4059247149
27651.536985967472
31680.287952804192
29476.93404323293
27317.324989888893
27796.238123156258
27578.15271881986
28150.71238700378
27657.6459118382
27637.37029593611
27587.302925655138
27872.533429864845
27449.564738503697
27321.29123911015
28602.991697537607
28351.505905076134
27279.61243037433
27481.73839306828
27587.848887941505
29124.46678112935
28305.088578087612
27998.735250842332
28648.85048189222
27648.516067243287
28475.305211874664
28065.37077855501
27481.331200653418
27766.54780650383
30837.372022046846
28665.529032312872
27823.321709791897
29198.182622955057
27624.418973046777
27477.996867429963
28334.77705650991
27089.295537180013
28840.221883428414
26932.302566140686
27898.47739937608
28934.00663914252
28173.936248360253
28236.07217723875
27733.81001732996
27735.677403993937
27153.833453001975
28641.967275339204
27679.559239182912
27825.173321464976
27779.386670518645
27624.69833883261
28151.655175711447
28106.58750818594
28333.790313866495
28501.74147311234
28271.903226162154
28009.457260006562
28413.164701554266
30117.375102164886
28871.548940302848
27916.198549718116
29023.739504465088
27741.409457070604
27546.287657735575
27960.660363846113
28369.76270226695
27353.2777683195
28450.500738211627
27607.934344459074
28385.218626930142
27653.6876973645
28786.473337794658
27353.563762223454
27465.529475680112
27079.920654495047
28133.29928995881
30002.382981356186
28314.568737284048
28363.149419169804
28447.389819339773
27105.71738864632
26939.603884227716
28070.043968276474
27465.324745588616
28044.459291169114
31824.821913624808
27999.90818064304
29548.93847792964
28378.538266337007
28446.737683872096
28842.228099291584
28384.25599816547
27268.91731392665
28027.45094837557
28879.115510057494
27343.797970987296
29171.285708410884
29198.685455160074
28135.81725413026
28617.11225261505
27789.683259883073
27773.232112466994
27585.941520956505
average revenue:28165.42031641788
possibility:0.004