28375.512460875412
27715.01205796035
27229.886154498916
27012.349637024854
27325.451482412227
27683.174555239428
27608.340588758198
27629.66756448499
29313.34460240236
28363.08851199845
28776.80069404683
28033.346971885996
29156.32196170062
28047.196897743142
27898.509759478275
27212.0486440539
27482.699276816227
28531.40941675734
29287.853322963103
30675.89237967112
27463.891973433987
27660.07652887724
31722.32650737808
27478.571246265037
28548.07552510589
28502.41198934051
27183.2780088679
28184.987764037956
27845.73329975557
28311.337586411348
27265.11846600627
28284.733961205675
28126.490023829214
28146.87082532379
27365.490370615844
27846.342970715916
27299.091141972185
27256.876173377685
29191.97754343809
27618.52434879884
27869.770061109437
28214.054582986642
28354.234025152888
29093.417779281684
27728.651863917847
27591.187369471558
27766.105323113516
28582.08436512861
28591.422758058317
28899.81133059396
28135.88684597285
28160.90043241334
28632.95624838963
28148.862742115773
27895.56661259705
27356.681415868865
29255.784873852088
27918.116707528585
28168.4625032692
27785.604457145688
28192.367833089636
28482.14093626816
29557.465687951346
28287.748447854814
27482.663204992285
27960.660536619893
28259.01761520895
28030.02743117689
27197.347155220614
27346.654687239374
27999.734182739405
28553.879511860545
28029.2961966104
27309.26995787896
28325.894997000025
27242.598902502803
27268.997594134125
28227.60801217459
28827.056820129696
30543.14883238432
28009.120606286306
27257.19523692906
28729.509260331506
27269.06718341943
27670.99978080126
27863.102703008182
28823.599339465116
27798.328588800698
27213.03367526411
27997.283155631525
27878.37420900135
28183.366671412256
27734.727495638068
28236.25085769511
27967.07438765623
27308.52972809426
27752.43200990923
27948.17203044145
29301.884122594038
27786.933950713898
27149.11080307195
27674.72840795816
28168.889857908925
29486.48449143048
28202.256767016006
28607.89669717567
29024.337462556017
28513.167506360776
28305.075788237005
27282.653800896634
27441.983124111262
29173.147253964707
28767.649938134884
27670.46976736386
27659.67340687404
28339.508709212176
28035.22601909954
27565.818698419207
28907.798785598894
27740.823838680022
27856.596317520794
28465.782289667724
29245.297159823473
27899.848893266037
27911.990185968076
27397.707720548457
26960.873664794253
28045.768174766512
29008.243778703203
28586.428834865346
28110.710514712875
28116.769552176014
27851.716521212296
27503.270837548924
27255.706106834117
27734.026999099682
28218.462652688264
27541.45091746711
27311.583303266736
28591.70765926883
27361.93104266974
28276.954215316808
27806.589872124016
27634.678537199776
27395.663271312034
28361.880694340503
28174.482171551743
28345.724036119565
28561.906996766902
27850.275599328845
28432.394382918865
29997.588383087354
27574.393714317226
27949.049248464915
27410.984928186732
28025.68236987419
28215.31378986744
28669.645526519944
27817.605145368085
27775.838104437807
27994.822794769458
28278.09530500539
27917.535888968214
28234.76841988979
27566.56259015033
28229.64248143985
27447.779923539594
29359.06064262173
27511.326683240997
27096.331043036684
28073.930591958622
28067.482444629142
27675.1912373214
27890.367827813927
27994.613659161743
29941.91695161661
28054.659238784225
28693.910780955317
28065.012291429994
27651.771386621047
27214.16113823023
28286.84550708159
28303.571280266126
27997.352531263376
29736.629734114755
28198.674462556464
28257.952956990746
28031.90641590623
27346.100373140718
27676.255015589995
27673.154695290952
27253.272982807932
27326.951545949527
28079.4256447326
27924.61425809188
28326.7933213558
27892.02491078323
28522.553988330194
28001.24304600886
27974.23857950306
27782.483427302683
28219.055792848856
27719.927678085387
27827.929546363703
28341.985969748865
27436.245690181946
27710.653051748686
27433.08264395898
28285.599476382216
29153.81593739653
28023.151843471194
28048.089227640008
29098.99221891904
28025.371911819464
27626.35026307543
28095.192708767085
28482.54667693081
27098.42697496144
28136.232986838582
28546.17003535256
27588.78200790135
27459.439809552485
27336.95894027847
27832.744089103886
28350.492057812382
27698.52413843422
27799.29820114806
27513.759460509464
27669.80695691102
27937.1606004417
28346.34688196745
29052.447484444067
28586.3066767341
27835.93823838462
27718.65315304841
27445.349621575504
28644.45065796892
27716.901059559266
27811.140304757024
27354.99611971932
28565.252314789075
27452.711226010313
27179.740391271753
27171.591652837553
28703.554160940257
28071.447045778936
28025.62168255452
28691.440393878725
28045.841384973613
29092.67444579736
28808.006197688996
27815.68597875561
27271.385437279037
27668.381759340456
27086.72318151814
27824.800227414897
27348.151212334986
27879.00522929948
27974.81032347922
27429.451521068986
28017.812277716497
28400.18322585118
27662.55021113809
28072.737406926834
27277.621759750233
28265.694584933026
27564.276883335562
28293.898759133604
27431.70757552886
28473.097080676052
27971.886674425194
27418.04536864139
27407.094225926157
28056.093436198214
44893.08416988475
27725.172738856196
28606.494052348065
27448.849423999185
27455.820645838583
27477.815544651974
27252.521076650246
27813.599476730033
27209.736757029375
29681.90959064131
27857.841182195294
28012.75290362843
28677.553788328765
27742.903496817835
28505.623860241718
27695.11296621328
29393.15331543828
27791.00556890607
28235.249465780427
27799.29249658494
28202.089602053446
28008.011548220013
30630.71973657686
27654.88922407898
27380.41732777204
27874.264123388944
27719.3001086428
27611.143079502363
27762.23356311951
45162.66067444042
29110.33000918597
28491.529910710844
28425.812786277926
27639.484458851133
30389.942499521552
28178.857476131707
28501.72433786918
28312.763811273897
27700.91585951724
28584.87446045332
27588.843057574708
28496.398376522677
27670.67010612709
28276.908555621554
27646.729259272222
28004.7476358033
30841.53947647837
27708.149250974388
27798.805583906837
44562.769113369155
27374.113701261467
28217.25819130178
27667.653128555095
27654.304579817934
27587.0521831487
28072.693095133356
28069.71011233963
27503.793206511007
29116.106325298224
27804.03789398289
27206.8230524114
29047.166538995923
27589.54395665521
28694.963985386898
28228.549852432163
27472.04765619382
28452.806495586818
31515.773806977235
27996.08329725538
27857.760724803677
27932.102249294017
28391.596301061312
28214.379507220932
27398.841366305536
28284.628483659137
27930.654004834254
30519.098458779237
29609.02746548174
28022.367296934135
28645.1841007642
29028.132289943474
28548.164330831183
27022.416821433177
28481.33552951774
27605.299863040822
27706.693015307785
27494.370203309103
28101.638434146214
27785.88894581963
27673.38334309871
30831.789515055134
28021.171574257507
29075.289936502148
28626.164081369494
27724.828701835184
27423.301503724477
27340.63681186304
29542.014522481684
27960.423520421922
27940.839268983444
27076.369754485168
28300.693420646905
28469.34837836499
28408.84028404785
27464.35353673903
27277.728692296907
28608.704400898092
27761.612382730884
27825.306804959513
27680.10827288176
27300.65865407573
28797.39646066454
27624.916314814556
27815.915411915397
27641.694289817402
28015.608095102085
27336.172954299393
28823.237953465545
28237.65855694384
27453.590972455593
27796.72148853532
28281.72064325574
29114.635267185906
27143.906813432528
30012.44535656049
28653.16586880533
27360.541187413888
27037.929321922278
27437.40227466685
27528.01660279895
28166.054733071014
29069.778633135196
27790.821714527556
28684.595122548795
28498.33682204085
27846.37117940693
27814.758584168456
27618.389948221335
27234.918432540075
27529.61516578174
28256.54414010925
27963.35601849143
28330.682379674516
29290.192572599415
29494.01618654628
28566.78327095118
27376.249094440347
27955.621141898297
27563.26269017105
28235.331148684327
28128.459601127295
27736.89360624391
28272.053937213408
27379.679210449805
28584.412628455517
27177.2799232924
28306.65677815206
30270.81980285376
27359.18003212356
27786.33674162663
27448.04690573397
27331.58605943867
28378.39987629188
28174.637431315397
28355.411863644043
27662.351641214635
28328.945701066936
27782.437898358105
27785.758401425028
27151.319892729967
27679.011796685707
28260.742027440763
27348.909616021898
28558.909771202605
28085.6589334287
28662.499632278264
27440.54967145531
27924.05114569616
27407.75590518387
27337.68360970323
27302.563962064643
29426.53527965473
27915.720499706906
28423.341271893907
27176.51000180923
27568.477097534542
26924.041673093943
28165.266634600433
27517.494258901497
27459.394778445854
28652.261869066882
27522.33724512035
27504.57112016854
27616.21853098111
28966.36264259017
29385.026424995933
27779.59757081806
28716.090538991873
28486.949390388556
27965.25309984116
27319.27892514212
29990.937947200397
27672.628079454054
27690.991025826366
27575.540283919712
27676.679721983808
27050.900713663756
28293.75352813555
28359.29640432092
27600.14042441295
27426.327766891467
27537.409907901907
27831.464769242186
28912.822200452443
28572.91556644117
29394.268646294633
27902.853838372903
27277.767619144484
27125.854462687847
28192.74626659976
27727.86857189557
27498.663302380042
27812.230700751246
28416.66445601131
27733.999637291963
28887.87151757928
28383.698001084562
28231.085501151392
27453.383469028155
28067.955508577383
28237.537780285544
45114.393052464045
27668.070721187818
28586.19105434715
27723.552790333528
27915.418521905318
27741.445726417474
28692.437573478495
28781.067018628124
27249.440904475192
27243.17619977393
28430.946045689223
27849.097713799572
27468.006718464392
28435.762465803276
28548.276531230353
27499.716920830677
45049.8400249818
27612.689868726466
28133.199499441384
27539.858773606244
27633.729834679125
27431.916071457857
27797.132569012683
27919.715877502946
27886.93292174162
28576.92739160563
28164.1143852138
29211.650986229146
27279.096069421776
28001.00807308912
27966.435607859672
28025.41188496423
27831.93587560919
27449.86608643844
29021.142068681303
27285.339223103645
27191.016870070922
27638.756225806545
27685.39553616282
27848.720658778155
27779.283091295612
29764.710616708766
28913.753317223316
27956.83259992636
27748.677150834974
27647.29568027402
28210.86966265164
28118.305335349833
27788.603596805457
26978.668997667806
26999.3902585251
27340.934154088958
27071.988022011643
28791.951820848557
28344.99027836237
27919.006984065087
27200.317473004183
27450.94819553657
27922.9144871021
27271.23088869016
27197.33882338894
27730.828527897353
28373.251274698392
27394.292371455784
27669.491691665153
27654.21889346025
27610.510964902114
27559.694498835703
27784.49533341303
28403.82585871243
27338.927555038197
27847.52478211251
27579.920931631874
27698.882829283157
27110.89043974718
29487.578718246416
27534.2459995643
28548.06110139115
27370.38529460593
27931.027215972517
27459.367983661657
28247.19279752703
27677.21443348122
27646.420037579886
29317.48813152505
28321.559074331846
28074.454526374626
27676.92717013178
27568.468824550317
27796.064187486863
27728.40191800627
27861.357825442214
27488.945599307095
27586.986041427914
28342.61926357089
27541.21137514428
29320.561483776757
27895.855670024488
27866.40141023523
27762.478278287497
28139.479315513145
27895.888146140085
28202.551933067774
29339.066472599272
27636.123886356425
27193.997990578926
28764.00181674433
27583.34836814593
28346.08225176222
27917.437319404038
45077.33597399817
28930.830532839507
27839.7179813595
27864.51163395869
29758.900338240837
27747.363118558667
28409.06306395385
27461.081985342484
28162.66110039109
27380.909389970835
27427.569783116498
28103.484015792652
27520.00667120889
28282.46227189243
27748.469530995822
27639.64021534547
27631.924682894052
27164.538026667575
27639.133134276297
27319.272521717114
27269.6426507095
27687.54620848646
29102.722508802028
27284.960864193297
29788.08667557583
27115.12876210149
27554.392869847517
28964.146863291553
27727.74464644739
27563.478966863666
28145.736800345505
28128.245787499625
27360.419490940752
28213.862721309226
45361.58007156835
27387.790010072946
27573.125290826003
27452.27442426367
27827.14800983716
28196.434675553253
28615.208283153093
27911.80264472663
27470.722093899698
45269.50247121997
28669.778362562993
28694.205782401234
27409.83911602972
28413.454721282298
29044.78747328528
28546.54461018233
29729.48994466439
28279.54797319664
27059.30067076795
27608.96087945923
28341.575812650608
27987.750645946493
30223.603089052303
27809.993099148967
27708.75919579929
27603.22264407195
27441.4723332547
28657.344695084776
27383.83387842194
28959.621136282145
28923.78709390371
29301.500576532486
27820.10652957114
28181.122563878245
27256.719848085133
27691.525559834696
27063.727140819323
27973.39125478079
29428.577660844076
27468.240274435433
27572.821686210922
28766.830151170427
27615.7648496427
29175.138576489415
28575.115152046365
28876.993310149515
27317.799388677056
27389.994688077863
27453.474688416885
28136.475790799373
27634.330103828903
28418.679748848717
27936.772245618416
27348.75357435947
27365.33566453232
28683.84007718749
28443.26348353895
27294.566850038846
28106.39946620362
27381.32844187768
27974.935593311962
28144.611225635672
27372.827318558335
28165.902765555926
28474.387985138816
28675.681238018253
27796.51216651582
27284.284377171585
27468.353877725804
27888.824387906963
27083.937701015413
28182.216947619727
27296.27540793377
27789.420115385357
27587.604852654316
27486.6397959734
27178.905701382042
27583.632050129003
28137.75130687965
28922.55567279686
29492.750561404177
27767.3986039368
27430.839427986106
28209.123497409357
28178.304633633805
30075.498543274738
27507.27999922569
27539.084267550308
27629.87302024597
27813.0731473125
27719.49662318831
27104.476993056967
27997.427044485594
31206.85759909772
27377.33643077118
27268.76753940193
28528.253099707716
28026.963031256946
28676.09048536376
29743.87174851318
28284.92178281095
27337.269299006326
28258.8370112949
28109.388198091052
28591.457850774466
27979.62210210895
27010.39830733931
27217.397957297468
28137.236380544757
28145.96620171679
27507.983323805063
29025.750287681512
27644.80908545164
28721.485602193065
27807.380961531326
27651.79875866241
28390.158941394966
27845.015523750575
27380.16414843883
27639.756403223884
29893.237258018595
27761.11578403886
28078.30464050658
28050.916073294375
27678.534489442358
27645.280993166314
27637.83552974739
27682.97194831587
27470.070049654834
28317.4541859613
29496.73150045273
29002.793159201356
28391.67504415126
28745.94169523189
27359.038055918132
27215.16190351836
27598.28336330429
27863.296108486138
27738.50320511071
27405.99322603225
28257.873993853624
28210.21651086152
27619.194603537955
27717.893562355646
27715.69960699168
27473.316095433747
27648.454907274598
44282.72381084774
27409.815492914448
27503.287972167593
30073.923298260997
29399.541406280066
27273.394632609157
27573.53299558923
27772.49820824652
28388.694232920454
27874.606603469103
27593.51426467711
28491.72702111916
27638.4137513145
27986.89303401686
27126.058618382536
27897.11174306457
28462.60042269348
27324.470858526496
27506.21581763688
27317.182665653636
27532.82342796389
27485.419678789607
28302.282001270327
27840.39853638962
27650.856979827542
28225.60121156762
27361.690608824796
28373.423464774103
26951.008325526294
28808.00446786731
27500.494839826963
28086.333060964687
27922.335433937864
27895.91144871223
27630.229257896222
29137.166836381846
27792.791604706705
27385.273436633397
27807.92023754913
28029.679597237915
27757.003164016256
27462.479061616617
28247.96360718289
28222.26519115804
28021.625843591533
28520.67907387102
28432.787271477326
28528.499414775804
27567.72383073949
27644.442047799123
27450.222921134275
28530.64905126281
27345.247894883596
28100.43008511386
28434.310093239223
28189.7748085189
28881.960733388976
28293.228773324183
27213.56975905831
27789.653753061884
27617.08924485519
28126.428791102888
27911.102386287177
28389.20766316533
27493.241746470972
28092.51484517343
27824.748125971935
28364.205235724497
27012.891797034237
28688.63614959654
29286.395595234204
27804.446932027702
28497.01224447344
29453.62843019084
27608.2504603415
27162.215905602687
27491.51792292314
27582.395967019707
27960.050316121455
28486.813759801265
29406.11981680541
28076.58961773169
28035.61642501468
27759.457740443508
27566.711580371015
27458.288917581714
29341.86813969197
28907.21878155906
27823.350385168644
28487.797991882064
27562.94471994742
28178.398806230256
27679.76868561485
28143.591805285476
26916.228225923565
28154.38784975549
27045.36815673192
28095.14649946974
27543.486268534463
27710.802788615707
27576.535823147406
28033.839198201535
28600.33101363104
27613.668689262966
27373.368953044235
28157.304196819732
28653.51437978574
27449.887577167887
28499.44251083648
27649.659885238074
30084.43937769942
27400.476199151748
27468.622787784294
29023.321582292687
28478.95850960759
27491.906067537442
27798.18996089628
28146.15253461149
28271.811644354755
29913.459435446857
27401.3829676938
27829.10711127922
28842.98035314138
27481.770010939523
29712.826315485265
27514.511159925063
27802.015656618565
28535.240947674687
27755.903149923026
28445.93363386621
27673.199071736126
27296.129665090644
27653.860367866575
27857.262031311642
27560.853371538953
28157.274066394697
28733.59813363059
28654.62360818546
28302.755157917916
28285.60997761128
27624.94893683862
29052.61840077506
28669.50747246396
27836.40255186811
27803.191442390933
28738.999503401003
27128.4565545559
27596.70993810798
27292.09209020057
27793.86403954631
27809.88261723152
28604.88831371601
27485.788756976228
28899.7573370695
27389.404936473326
28063.931103389037
27864.599130657487
27658.772901479566
27710.07329610058
27823.06867464659
28393.47127332714
28399.69081562283
27429.505310988956
27656.459214681654
27903.768346720564
29022.347750403937
27816.841691453046
27309.575298936856
27319.2918118298
27714.13999194555
27399.150869102155
27523.65212297839
27294.53179671037
27819.612648265353
27411.548618253735
28026.663647436635
27800.64689366449
27531.413495437664
28177.93001592034
27296.418734721734
27636.218173888443
27397.44804230748
27344.00858240192
27584.10932055683
27887.703115366498
28067.977206802145
28196.455256936904
27504.511819163694
27664.85640765246
28756.492265578996
27728.85217079041
27855.24701247303
28125.698410368073
29239.386712248004
27792.716110822337
28142.685381616953
28420.422481371825
27609.26321952455
27897.119106007085
28140.357159436655
27853.038723783102
28530.415461655408
27547.272168079897
28935.396133567756
average revenue:28175.74954178109
possibility:0.009