28411.326581334928
27433.32456806124
27548.71800378288
27326.72566382428
27794.415117957113
28889.301294540815
27765.26449607747
28860.79949618862
27587.29037660094
29184.773224407152
49636.85310040265
27551.74624687351
28802.218897524664
26941.08279368616
27921.660572353077
28527.391325313187
28126.105404103728
27519.83025749583
28436.07954985942
27556.6856824668
27396.31203216103
27308.80529329129
27213.817056132957
28184.280067453663
28524.63758290631
28139.928894107717
27581.512984224526
27236.003931712028
29115.47961407319
27988.576376492223
29277.094714017738
27542.269141377426
27485.29282180879
30073.77632933464
28887.401805531797
28385.281119048683
28404.132097680507
27461.332752218168
28109.17875107475
27708.72746666795
28650.369182919978
27767.61690605979
28154.638223173188
28380.448355170884
28605.761616861084
27529.302202355877
29413.037094863856
27119.26061988443
28380.838075047086
29191.692115485585
27516.947511114544
29123.671609558274
31147.558118994668
28823.728290383904
28892.34777092374
27594.11796751872
28204.656610596234
27268.75584366409
26820.109569194916
28135.62769041232
27206.01958656234
27747.159961910398
29716.053466689504
28054.819423872534
27671.556934161268
27837.639152082727
27629.74211003505
28474.300062416594
28323.62229478179
27502.092868819287
27917.73980015531
27446.933575634186
28111.841314978177
27613.288759662373
29042.74249301734
27385.57453542942
27503.911512961837
29462.870931458016
27831.842140343975
27723.049803465507
27895.84940268395
28159.75874391882
27993.83976251642
28642.49569299658
27304.920129019432
27530.38381329051
29222.37254882196
28045.914021209057
29677.776385519297
27573.662142169418
29145.71273133508
27808.993634656883
27229.51297495653
27823.641849560117
29425.292490187443
28379.034656930686
28347.67431500218
28043.81511222721
27070.63447060141
28107.154168702957
27340.68024211133
29618.714845187205
27447.063052487454
27996.001214851887
28373.119433291868
27468.665241984105
26959.112024116497
28773.626806402288
28061.269875455004
27421.309552354243
29102.157174877448
28589.630464410962
29746.766967134026
27211.111458217943
28756.27587883667
27982.35789040453
27479.644015878283
28296.741848496236
27792.984184637648
27075.686496495808
28539.45557783368
28737.862951284857
27469.48245173011
28099.144673648014
28020.014019816863
27246.280522595844
27554.328236617846
27988.183789113195
28532.610072491054
27198.83991383013
28345.156419259256
28187.318655883733
28037.73123446166
29593.820061812923
27402.79017711393
27531.612861811944
28165.907994544465
27798.769514700918
27408.941301734838
28319.992156281824
27538.094724617986
27008.139157301175
27853.12680674569
28057.790819458507
28028.195765999983
28584.01916308997
27779.372426378
27548.040293566773
27386.534324654993
28705.65082131866
27695.51366273052
27301.110479933843
27789.630236508074
27962.973290605714
27612.59657750787
27326.49028273765
28355.708071982393
27504.468506950965
27424.608308505158
27345.282126600065
27473.30504067311
27227.457290886767
28230.69239470554
27143.779201015288
28825.607222246705
28345.710223375165
49624.444890522645
28185.429108709835
27502.131115724267
28883.699025957554
29138.418701719944
27584.148736594376
27431.052447451006
27675.11310340265
27914.07912121797
28453.548071889738
28301.4141453456
27862.642186857116
27916.96831510671
27763.58932352975
27866.138520556855
27167.47888572478
28398.377385388998
27334.27918658387
27563.85063788769
27739.998520575737
28744.61979624307
30355.241092578824
27676.18237957713
27462.402052571513
27358.327853435592
27898.969121001548
28153.219486320297
28292.749524212864
27133.794354291473
28298.034374216328
27708.728616747136
27639.243473812607
27990.02693768305
27295.89509490375
28888.24303028331
27765.34997794241
28129.868134957633
28388.992806573788
28074.013756939687
28339.259663059638
27502.977742618947
27586.339410029177
27327.987900097465
29265.75920986063
28320.21976601042
27598.716066874553
27957.304113683465
27944.242434002674
28024.7506382918
28130.994104239657
27571.603191447586
27677.079977039422
27967.488460301243
28443.983738859308
27462.01916900797
28152.386185495652
29342.36197857361
27569.747590991305
28527.270229285616
27920.436614209433
27705.09306901037
27401.304806775013
28181.400337206407
28682.12541395241
27146.58161609722
27851.253684889394
49647.62513628258
28865.57844268437
28212.87609508229
28068.25657466543
28726.49883962987
27516.20073643086
27742.041645541423
29172.626404368366
27999.152722349747
28101.517278975447
27186.503562861322
27846.43082469426
27954.11693771337
27753.307517920155
29721.291655559344
27647.266711526183
28548.346979409416
29156.57976117866
27905.77830771117
28269.026416604764
28528.820175998797
28648.75068747188
27390.538856846244
28490.880337796483
27889.614299059835
27797.599153159936
27696.92508274236
27420.26298999654
27640.05974012003
28816.036459976338
27652.455935130638
28021.059804703305
28058.270889405405
27373.25705617233
26981.73240634418
27549.690884978005
27186.691737644076
27823.07674979122
28194.837379785495
27680.792951199488
28265.020920630166
29010.96363458032
28375.419345580296
28175.572783451888
27442.71663385274
29481.652354012564
28906.769793278963
27484.090976444193
27991.55614672783
27444.043047777544
27814.992637014213
27945.65611828578
29383.66647602908
28062.440416893296
28352.993548128947
27228.64605780641
28145.049339298283
27055.2678582526
27588.056080659062
28547.776008939007
28214.979632834486
27791.57645588577
28452.507063039146
27507.496213397393
27333.305787331024
28168.881758047417
27322.40539805897
27954.283221014495
27586.640905001255
29117.54546880781
28298.985820820086
27634.623004146255
29331.177119166878
27925.493525831444
27900.92793896158
27925.271520825474
27350.256568015287
27709.649299235436
27908.440092650446
27830.17892691416
27884.79482024729
28287.220368022736
27623.480693784157
28813.004007439184
29174.33324297254
27329.919594061714
27292.791915477632
27457.394018879888
27566.03778569684
30307.4093922541
27491.93242510338
28278.447569266078
28001.357879765925
27269.61150693079
27554.082992487998
30936.87098954028
28160.43968639245
28969.19161749866
27952.558373255124
27529.65343896876
28046.19499633459
27157.860587315827
28082.381539896945
27383.163758725408
27235.111648356815
27702.466722414447
28336.89094019142
27052.00667755726
29068.306332636563
28282.599828994236
28077.453503639383
27433.55868573632
27871.270119017267
27617.734972762373
27789.011513475718
27470.418077084996
29586.01385145122
27148.52642269572
27632.88010143952
28258.633781029668
27880.14724521188
28724.545303127907
27722.27107544975
27358.196856234023
27524.304527551314
27425.098802208286
27551.53580800493
27385.64436125278
27542.90573784461
27980.811890670328
28211.25529043899
28130.95114344091
29421.758418442038
27827.105479750673
28492.554298137504
27687.445417095878
27080.866227289956
28179.877560122975
28818.721622688034
27309.66651593824
27968.43545454497
29379.743578313126
28727.50159326668
27785.652669288374
27718.964817007087
28726.405705234418
27475.16259840466
28183.4269769355
28982.936331253983
28107.58626749775
28189.893302696317
27962.92946390628
27994.44995929417
27993.693758557532
27266.693141167012
27567.210856872098
27319.052880004034
27325.731863481557
27587.43741828113
28644.919397481648
27537.26341200093
28009.851669667813
27636.53514122804
27687.10860179328
27982.675322110543
27537.326057505743
27326.26783922252
28213.162959388574
28073.39851936467
29229.84391675871
28390.632993877916
28419.930776456113
28334.376940254926
27450.61462515015
27841.144827406297
27670.266605953315
27738.736085357184
27719.02261902816
29776.769017346054
27376.54769624222
28161.53970631144
27739.441673617377
27833.39884467072
27714.063708991427
27439.621273384135
31664.16803249161
29604.180248154455
27415.615481638364
28688.866486712424
29697.271747644874
27967.591732961322
27657.431627058733
27248.350151005907
29176.20533520703
27519.351423238946
28126.289554865885
28552.78074897045
28322.856613062046
28348.33379353654
29128.303955649826
27494.333894556432
27943.26002932852
28155.875694231167
28022.776134818803
28704.356964313218
28346.815167281373
27511.505519980634
28111.45070282673
27543.428614421176
27725.75946260988
27078.92019853258
28979.4322188558
29533.394969044137
27923.089968686825
28061.823820072263
27390.408868849918
27371.844653441993
27209.57329346651
27155.991931900488
28118.9385144971
28124.078953188506
27788.774240638897
27691.483871470155
27686.746425347952
27336.81660312862
27307.0933820205
27836.705029477438
27686.160270739787
28362.216283463527
27453.92856060634
27054.170427180063
27997.475816238795
28701.39605105907
30628.664931421074
28273.827923264897
27633.563412527717
27478.858466493195
27230.410718536084
27215.03359319345
27192.54868095956
28452.00404387289
28385.337664186285
27722.8418384756
27994.674149280167
27908.35980464732
28850.989024744726
27675.655664314214
27707.198687170916
28077.67110998324
27795.140590614414
28015.11820606798
27198.949306009446
29811.617846223424
28384.64289662781
27580.033377696054
28778.566771808488
27588.117132909174
27566.944102469188
27533.230065083295
27972.870331205533
28597.197311562933
28459.86131132678
27819.827081969914
27894.10866921794
27686.7083941473
28038.088303963388
27192.952776781527
28316.428562988225
27403.7412290801
27693.778750020712
28478.11246911853
27876.473087032893
27772.184318276337
27797.674281762975
27515.095352900844
28928.867463506533
27745.084245624897
27906.59709777155
27464.525084796758
27718.601987897357
28308.331594499887
27642.462352290953
27559.280724648725
30699.79965071089
27715.265782120903
27299.991761224752
27976.720512944295
28321.827112472456
28614.04140145696
28466.20781249967
28905.093844274146
27148.97183091238
28061.26401640471
28426.982340576586
27504.35559483945
28157.922398616793
29305.763599177095
28040.47179419567
28155.398337612765
28687.945590542484
27371.30076633998
27053.431605529637
28013.23485633023
29379.24638961954
27626.754998438868
28282.27545325512
28315.06482988968
27771.14843121949
27910.092992760623
28445.758829857048
27822.9021310815
27455.159226537107
28213.069235899322
27849.43414355823
27459.675433607877
28627.990336891828
27950.381637748404
28712.078477741015
27965.60549343268
29197.114808194037
27933.711176100078
27809.19519029157
27155.82373831965
28147.552576546543
28198.535988701577
27591.554522665763
29244.326092794377
28620.825121074882
27498.61527851047
27222.784305771187
28004.830472215763
28415.009136926656
27694.653704757427
27501.157194137697
27446.094277980745
28133.12274493686
27974.179439054205
28653.32152523229
27987.63314660311
28990.53095466306
28214.025872737326
27715.77318254734
27768.344404699998
27864.74278952809
28306.513058050412
27473.24636743673
28698.24139088544
27160.227425048794
28093.56614383451
28357.886712988922
29261.047457868888
28017.61855288489
28251.40554643434
27583.64868123411
28449.62610599277
28208.63167496458
27652.79714787347
27703.881283790164
27677.590916862948
27610.025162079743
27378.173246020706
28838.395724753773
27927.08376252761
27877.473076759834
28516.133756968215
28121.006859827412
27417.4467439126
27431.1933489124
28368.55409247086
28258.968567352196
27121.329044652004
28057.722449873374
27830.45321307864
27468.51331972727
27397.277620882174
27603.335599918224
27839.23915712988
28847.405229880296
28534.750054390333
28051.496773710012
28046.10102784816
28695.1939957573
28085.750453497618
27747.36654386101
28451.823449591728
28553.7436799629
28349.99490223504
27535.801181894407
28136.561801402702
27730.00669385913
28962.75358629091
28116.671396248792
28341.350850243267
27807.59564085371
29062.372288463157
28161.215387964065
28407.352375717695
27292.69970341966
27202.86210003878
28329.387667728195
28217.128983581937
28357.701520999988
27954.55430569197
27870.608809740017
27770.141866106547
28597.87554803978
28350.866208510153
27897.70715952458
27676.076047104034
27800.33726314497
27699.5366657208
28051.67895854887
27438.002336509482
28611.509717578705
27649.056117929802
28193.88253499433
27300.867389953106
26881.595760635188
28446.553659551428
27376.791838148863
27762.951594919952
28583.057244367126
27911.590633436444
28329.512579922583
28361.589339396363
27250.87392926911
28274.547661102715
27943.600528672534
27579.201309307664
27703.43696475916
27397.84866901409
27168.48238576254
28131.922023353574
27676.39998661548
27470.749463165976
27236.456963096705
28329.925054182113
27294.3023632144
28079.06737752593
49622.00120079462
27289.749788364705
28216.72166003492
27542.968620476564
28838.702966511988
28093.590850090997
27399.804589213
28770.58342069991
27687.94451836094
29589.328225409085
28001.404526782168
27551.34771048063
28214.81649650357
28032.748973876245
28547.447990714852
28168.479982158347
26987.81290366679
27401.547959226635
27787.178927239176
28982.939693136108
27159.031636375923
27709.939290132803
28020.292162031754
28220.04212114781
27847.359365632496
27964.101973574037
28375.53404705644
28233.79760464347
27746.302972688143
28192.47435595836
28251.11451962387
27286.19034994372
28873.393219230777
27518.25239087962
27061.139913764804
28455.4747148731
27739.73984130998
28376.269374579075
27599.344517059064
27676.82405852509
26992.762647812095
27490.138787060703
27896.098586689986
27695.622857911032
28055.890803953807
27573.785490500784
28608.54205545864
28904.43159188511
28187.178107407424
28616.56761540429
27433.231334757795
28587.724397198745
28568.712594211935
27961.889464263117
28526.611779227274
27274.53860255812
28989.878097207904
27771.741884326104
27508.324443223457
28011.065860837192
27582.063290521804
27212.309129071782
28223.899916138875
28096.79405893667
28175.57517191526
28560.647568326393
27289.737155657964
27695.255082181073
27499.453093732227
26894.124708035964
28366.66588235941
28532.255962496645
27768.044155602875
27337.830556596306
28133.76998507476
27837.321857697567
27277.283970462886
28346.733544971157
27682.940689652532
27095.759998985086
27943.42495425798
27696.400159347708
27834.621822605972
27265.527528780127
28122.064895239
27677.208276664787
27264.480029952618
28327.988062958953
27252.906974371475
27748.82888518328
27865.83118261785
28896.310506244397
27763.634045405048
28192.290898195643
27636.766115331135
27878.10947459708
27219.40707226714
27919.39901991987
27811.95921952864
29310.766688460564
29491.550007042257
28144.88041031515
27273.274392854924
27422.201664403932
27876.76434246253
29040.12310692244
27271.01576946929
27666.371983225163
28811.9156603014
27104.976303659798
29114.75550920268
27703.79978306998
28447.79458409082
28609.118482265792
28115.12096210965
27773.799301488376
27834.040632622786
27707.69522832906
27932.546955809816
28123.27579124146
27581.34908461171
28046.8891393215
27741.590414987535
28592.794105672074
28535.452631671775
29018.761806242255
28015.82082721274
50108.55587026944
27523.132000931062
49286.11541974132
27909.81657916963
28345.963806903226
27967.068085909377
27567.106152257955
27989.866095900943
28153.793068849955
27249.60465968125
27026.15671148177
27248.11940835497
27428.780073969196
28736.067408587303
27025.207086562827
28169.523462691683
27892.867275424433
27533.537027185735
28105.956559623217
28115.289027516083
28004.267440971144
27602.333668554387
27971.46657428383
27824.33326276744
27792.763806379622
27693.433300453886
29318.005613975216
27436.083089534197
27468.588492037776
27497.244299197562
27477.00464729771
27392.464641488943
28176.29466484029
28916.4334122618
27529.394672581362
27615.04046406056
49594.98254785134
27835.28350936935
27832.263450962313
27903.428422999863
27536.75631308008
28089.921704011806
29139.676117267776
30167.976277741545
27916.64879045167
27620.550970407196
27919.760204030954
27778.57531061391
28997.146723108748
29509.473604488438
29364.550902079725
29018.347372924156
27723.976258206545
29696.03549175749
27353.92807894651
27175.255608055933
27381.44966381698
27647.712514633058
27122.18778878731
27563.512981436255
27309.748929507692
27330.106685909574
28543.572305735852
27379.410720130356
28103.369276363846
29287.450389026853
29669.818043471023
27734.225987819165
27730.367047957305
28290.515709079053
28164.704124186665
27407.767985258684
28377.066732868672
28576.694865059148
28086.34655066243
27393.89181866535
28333.49473837449
27652.224024035295
27525.350392113665
28818.889189043508
28790.5158284671
27362.7975419479
27860.884413000997
28097.778165670996
27832.584963874364
27593.931602481804
27396.537807305136
27206.1847243838
27656.54480589255
27539.07004973329
27823.698154520713
27524.510166075306
28081.451627350638
29809.92998682664
30453.81740066031
27498.67473024971
29051.83618133005
27548.102691556098
27552.280927965334
28080.525154734834
27729.853722524644
27762.50950249857
28135.01140882731
26862.78521048494
28513.302795859927
27701.909091458565
28019.715621078194
28039.136808270134
29175.94240745569
28383.761060843586
27773.35091950052
27131.378846386546
27836.95234653228
27820.038064987177
27621.776983153926
28050.08973191453
27458.64871480057
27260.41272016842
27477.049713818837
27959.89821552312
27669.213609645216
27639.371625527063
28341.09986999743
27694.127077165984
28066.395114214127
28355.65201833477
27236.40904297161
28529.546496672643
27203.273076652036
27647.552687495874
28201.47443834634
28018.21519982119
27954.753238577185
27823.511651322726
28392.366653737226
27792.40414863598
29661.781754059895
27630.076653390504
27988.045903016013
27534.35993092284
26990.092884555103
27705.73158814196
27441.364533458218
27740.564115570294
27287.578740518315
28046.467450438086
28035.056489087598
29509.712904676435
28500.1512633496
27869.345198775976
27442.897246387773
27568.81816896183
28953.19870971439
28002.9577516454
27312.496739783874
27411.890326129647
27109.867811889817
28044.90181790031
30967.462284358706
27684.6022207664
28987.561071177588
28227.116614340972
28466.240015352232
27256.786374833388
29135.207818181443
28026.672613882496
28045.72151425823
27678.234499689013
27689.701948785507
27770.820825188603
27738.88422746811
28064.152422591265
28004.30620795851
29228.38583429229
27350.897199422572
27532.003011328274
28111.505565396747
28250.21843997745
26840.383491265606
27226.674390519405
27511.763682199187
27721.917500183434
29830.546837386813
27810.18876297644
29416.967611916312
27760.80792819395
27801.789497599773
28379.411694210037
27902.528072194487
28765.80147781601
27438.076184156507
29036.07364521232
28334.303488764355
28198.551701703458
27842.0527758695
27841.016481345694
27855.795978017708
27846.625447210543
27448.305944605017
28040.867972129792
27806.911114137154
28101.647735976934
average revenue:28163.206105409536
possibility:0.007