27467.871191135855
28365.48456396243
27558.16850073097
27946.05911947396
28227.622813286976
27003.575452089604
27493.808243935015
27906.65892353084
27858.52064843007
27933.205989605507
28583.998004490542
27379.2401799686
29674.264631524
28407.13560735217
27281.483127293854
27547.49458017366
27459.89340646773
27610.78236970092
28340.354379909993
27845.324434075847
27207.04922829007
27648.597439955352
27665.14143197618
27611.33957580752
27737.247133701636
27973.548065734998
28207.806040504445
27715.76546035943
28290.24009165305
27756.11144767594
27336.103711423548
28284.7464252525
28225.40153316544
27923.032888116202
27580.96594591018
30332.800982277222
27233.14445750443
28205.09431997572
27716.30825561166
28120.179154655852
28524.73090402715
27710.74398291855
27290.89127493987
26969.595571510486
28968.68272555072
28097.18316586812
27259.390474940094
31060.27722106569
27129.606063806285
27070.45179205372
28000.41239955687
27434.57543285344
27612.573118213924
27612.953674646582
27363.399706894194
28926.156105288337
28494.084773918337
28072.70565782292
27584.385983815693
27360.875993482303
28073.326922701057
27575.32167977311
27716.521903802637
28253.265676756393
29157.752593741363
29056.52333122564
27482.64434316262
28801.760829488725
28304.327040269476
27454.888999797604
27655.697946944063
27656.4273496994
28618.93908494804
27533.857282666802
29838.133630136308
27867.90990363965
28049.676134151952
27977.28780134574
28384.64430989135
27396.323367281424
28933.493269856717
27401.165012831018
27159.6052731524
27956.76687825115
28755.770796891444
31469.475369573895
28724.84346878712
27339.01127834999
28867.969749771004
27510.451921871787
27528.926095021936
27653.4896442895
28830.46200842265
27457.984568324675
27909.29435111671
27957.65392230698
27212.439690526993
27784.362500641048
28427.877312252855
28369.152310259422
29746.99073512097
28608.95919008926
28269.80461914793
27561.8715300832
27244.52439763186
27410.70498530491
27626.181683539162
26855.007172517275
28156.139639997833
27416.80335326367
28054.784256066734
28084.88954786065
30025.529914992654
28071.311212499582
27840.443395144634
28863.213995302747
28367.397862481437
27625.028633672937
27257.181227504596
28464.209414616253
27292.280808054686
27788.932749310774
27588.029876022174
27618.79571571666
27759.221998223184
27189.315852957097
26917.40898643188
27754.881350869942
27905.947631328243
27288.208954197456
27777.473250226445
28094.373931367823
27615.713924894706
27698.787951446822
27715.01097136413
27002.145875323702
27631.396733779187
28203.240123452804
27486.63963547666
27623.484337197948
28448.49422490686
28940.723711858296
28180.81984459621
28533.575852559472
27451.727846620655
27459.605414085716
28953.483081756345
27244.803306463753
28685.517176958758
27757.947643966654
27493.12453308571
27530.833295290187
27366.515078748627
27480.13784938249
27514.385359723914
28308.70218712523
28405.160656570286
28270.971385803376
27660.087410744763
28509.49031755513
29165.902655957656
30726.191023711457
27145.325738226493
27302.768586767743
27802.728221467733
27629.903846117002
28042.608068238114
29300.856520704645
28301.845014675375
29371.450965555032
28620.70729977328
29051.731640963244
27277.471017922657
28451.775055552684
27846.63132039991
40493.80395710589
28037.206602406375
28426.164339560262
28065.92801188939
27921.080870756607
30190.22400050816
27922.23156204943
27789.84590983227
27646.32266341473
28161.793246225072
27578.546319570636
27753.737309814274
28813.580819784765
27420.628514357577
27500.105167819467
27828.888541698758
27891.130554367268
28432.551148619634
28367.272116734886
28455.843705823027
27440.7953704818
27976.445069413552
27595.970013607137
28158.455415177872
27600.73959820057
27934.345297677126
28550.926466547768
28111.205316413838
28305.37291277052
27470.573959013527
27992.88795533188
27838.119174529627
26966.603548206756
28097.898960478848
27466.036175749385
28002.364587941047
28721.646480834017
29136.448865395494
27783.480830804885
27963.406822587905
27884.955408650952
27752.37211329343
27425.705300538128
27646.113967300087
30582.720410903323
27701.24922166367
27046.231242148242
28932.61366302448
28071.454894410206
27465.4043897117
27323.92861120339
27286.071855972394
28111.744918408825
27364.288017695166
27865.70748188076
27540.8221714284
28098.59760681274
27642.470554342304
27676.836823085596
28208.80062252496
28366.246199348818
27984.474070160864
27921.52577875519
27508.98791158508
27649.14442915904
28632.406871412157
27459.27961486641
28739.520224234417
27662.926298326533
28259.4975852778
29211.921030402045
28001.00330705071
27370.128693191436
27960.141781656006
27998.866334385148
28221.48253456533
29250.54084364865
28318.14104389925
29228.135617223088
28936.88449916226
27482.359432225647
28054.782251620283
27795.547994466233
27534.547522689594
28689.577103403048
27265.47396253248
28281.63947827522
27796.16650742717
28493.071068242472
28501.424289393548
28096.157972283323
27756.217024379792
28183.711027366247
27879.843559194785
28230.693949976765
27867.049719822822
27898.18132240062
28470.524519307626
28268.76088514009
27313.5234012164
28604.842096268567
28138.62367658814
28115.233084059848
28077.982192787418
28648.260713269
28054.288734399015
27353.05696245845
27919.542184596554
29395.829049160126
28500.931197645303
28103.735516938526
28377.14944326855
27046.906785774776
28074.674525178772
27919.991240980875
28648.192657475785
27668.44282717075
28246.478227734224
27842.832072153233
27379.950680156402
27716.51863426434
27582.205045134026
27243.04215512451
27474.396802378695
27818.316665747618
28247.640066801963
27326.206324839244
27518.28797535855
27218.448820412785
27314.35918054194
28643.336661876652
27949.547459925343
28083.74264407866
28423.014993229033
27820.94140353208
28496.965545530773
27568.500752102762
28499.440727865458
27686.731632372605
28637.623934671185
29355.39753193746
28686.24395962378
27093.356271712495
27888.192164549535
28862.306164452108
28023.296573303407
28310.72070413277
27912.974712866486
28473.40469129162
29411.15386415332
29367.53273864385
27434.616985824312
28221.474266982324
29744.2167536129
28657.304911002146
28014.24724519493
29506.55728109099
27640.066753191055
27897.442682386325
27817.065590360282
29082.51320954686
28159.55182699992
27105.640358367687
27570.973476320873
28596.249189714024
28124.47707838708
27945.73703963755
27528.804423044272
28629.953460402743
27915.567441975865
27747.072931266495
28248.105744568853
27442.782350528563
27516.493061262747
27558.786328194292
28401.515932668288
27767.898178922802
28097.675810644305
27755.119505919374
27413.07686348077
27529.383313245748
27981.16107539636
28254.373825582814
27350.78083026498
27901.567314260898
27501.480976958283
27868.722542853513
27741.182265158783
27815.865719863577
27427.006798543047
28323.34210113518
28559.206147098754
28000.943005591773
28065.20079324027
27249.136356026458
28093.094637993283
28466.56515174981
29407.994857289337
28091.50386828727
27724.373147039278
27497.25479660807
27990.288285613307
27934.02682682437
27453.250577613904
27834.85514420046
28179.913586694227
27319.79570935951
28141.409755615652
28577.665225149187
27365.050322745286
29802.565580571936
28273.549143932505
27594.134011927494
27826.515492347127
27548.450866641357
28160.67002770436
27989.581016269003
27636.326400062666
27698.081366055536
27681.291224859546
27648.328235925594
27439.579409936236
28000.3175599928
27337.077479591317
28805.332518285988
28029.762617303706
27433.915802568597
28960.866420058937
28274.103370991583
27538.198702703925
27873.66579436833
28256.772902881858
28178.939009339138
28081.88814625857
27534.950170461478
27896.446029040086
26899.015617584748
27577.24260005464
28174.442227462496
27450.536541718753
27763.69184465783
27648.558263094055
28251.205248059585
27237.201102567702
28011.14693105158
27570.28292224032
27506.72848167646
27828.369788903878
27624.713379380522
28254.961294912664
28350.1289037072
28254.484870608136
27857.967529918496
27192.15309978941
27774.30527017393
27420.471212235774
28157.507302859893
27653.83056313212
28538.212154056502
27655.732087845317
28509.010485223447
28175.933181475295
27606.02362910642
28059.91528000045
28187.825498228292
27355.280509872737
28239.018506882516
28633.72954194026
27951.29572484215
27527.854946809955
27973.24041020802
27971.736496546528
27581.154160574857
27771.515414638223
27483.61090416901
27657.316381398003
27359.285366440803
28521.830914679325
27724.676097253505
27943.80737388172
27812.07622546744
29317.424833226567
27493.845120539812
27740.798207761785
28576.120674921873
27106.40267547932
29378.88011972976
29009.493684496603
27252.020033983998
27669.88602450102
28755.528975011977
28226.95865076328
28185.815041730322
27329.16950365085
28422.357656140863
27051.357564224647
27618.140281427874
27613.997082827053
30583.207232349312
28080.41887012703
27359.079609209002
28727.426979288073
28002.88604743743
27142.313581222497
27828.261829504605
27754.634799557996
27775.627100493493
27779.99100719035
27137.311702163704
27350.587730240994
27181.151830552826
27254.905110490912
27559.31029505913
27878.443789451507
27615.402068670595
27889.48425803162
27451.590198725065
27115.172588433383
28492.30981567438
27015.209409322186
27850.84420359347
27773.42389479311
27772.859222247767
28469.369164332
28273.84741980082
27950.68902079112
27389.61177320129
27210.95436499194
27557.795744980926
28455.36874930855
28034.027718778212
27178.148886540584
27734.83425398702
27457.344307964377
27824.232801808215
28069.065742412677
27497.341380512036
28729.196813277948
27898.588945018884
27907.718702608156
27396.16179356982
27169.587941176746
28945.744139481754
29827.18994518053
27178.815819513045
27516.024810678515
28375.49682505926
27784.88752514931
27782.42377580359
27067.29940938827
28016.49661418608
28598.021067198777
27462.519570945056
27835.53042261761
28170.8247041533
27349.961846237202
28873.496742344334
28100.087672184294
28039.216601839722
29073.108803879313
27199.57409810547
28525.67846393491
27330.721115779215
28350.05849680912
27586.781745846096
27182.33328727574
29830.223212572182
27885.56381390422
29569.179344153392
27231.423831510387
28032.382944839093
28082.43847651932
26870.28439422192
28095.573054051052
27356.39958236279
28637.857277395156
28135.951310650617
27731.67406622119
29494.278304709165
27461.166440368565
28123.400501327404
27443.940285788063
27340.355186566303
28628.95292673429
28573.854568128645
28247.613716153654
27973.531691527332
29797.75910685947
28127.181103001127
28118.878762645883
27536.912150267028
28790.13241520425
28695.182238609035
28972.65246228771
30320.519630243045
27677.0382999845
27850.67887545182
29626.0014395679
27304.251773457137
27845.697311773365
27860.93627830952
27809.138485817355
28810.36680508993
27748.600602369457
30104.725405455272
27378.06037860128
29754.828547941896
26962.574824455667
26820.640897957794
27972.998976618608
29035.387573779586
27170.565091347446
28264.27158675931
27613.927319123668
28414.50865335608
29020.723462986567
27619.78219523687
28696.209694333353
27537.494730139504
27693.272257046166
27906.161353558826
27830.362249685848
27975.481952735718
28231.377801451385
27893.622083453938
28159.387411422096
28035.111468062492
27321.38332260118
27397.1595059365
28831.76288380657
27589.937259870727
27232.196501681112
27661.308356415127
27376.903895569274
27560.477089855613
28050.971379275365
27905.05169254408
27818.5352184638
27651.999535262188
29690.20648265839
27417.962910129616
27724.778808452516
27281.552209660935
28061.725554820303
27599.188703168747
27959.814030391535
27290.903377403232
28358.16456123875
28261.47408392362
28615.63441424829
26928.20222459079
27587.265914350675
27041.759251362997
27668.41126698386
27387.912645827513
28228.166190623022
27694.63598958218
30822.765475203676
29454.274517421498
27289.62711812508
27854.050134107067
28612.37652364512
27845.82422072188
27285.443084803523
27954.058153895665
28456.70822043941
28982.562699944196
27875.156580196337
30239.102021184735
27273.360337297265
28182.23481674016
28773.254623440713
28389.393756438036
27716.534208642683
27198.259705663702
28184.503803718064
27582.68576566023
28665.530268709575
27508.225660466167
28602.31689305108
27804.87532343086
28727.6806171665
28204.96806197715
27425.545002236435
28753.81494052233
27437.31434537572
27910.578782804787
27825.306151117482
28126.913024789537
27423.27762987614
27436.21524120145
28097.85274865969
27370.282519020035
27826.604647019616
29042.27016157645
27692.03801371859
27196.958131459534
27817.342515508317
27130.292915337002
27596.254300040822
26946.015315952427
26899.163460905995
27668.48878339494
27966.144494264525
28095.06565276129
28252.289262894163
28913.182936851343
28110.965031716354
27167.61745752558
27672.553224193198
27244.872884687884
28098.344517924936
29033.32794826237
28864.19970573581
27204.098906545252
29211.49210176321
28523.966728942687
28968.795369732423
28197.730688117084
27686.56174757774
28353.679550862027
27263.515432963275
27760.211304604232
30933.011856994883
27737.69804725039
27417.477248274983
28373.235541836246
28849.891910516308
27877.2957448676
27688.091370430306
28278.675889670874
28061.57172558508
28279.706482743095
27774.62973815649
28222.20919454597
27733.854524975628
29379.265379706063
28536.64396199447
28416.817005905952
27437.927365554973
28548.51184079178
27928.454530365332
27522.27688943404
27868.158361285503
27109.811413003285
27311.274506522357
28453.0048722398
28439.956147961053
27124.818698738854
28522.210951069985
27867.353391893546
27700.225410690553
28385.473070148797
27968.589549073105
29235.777537536396
27634.22339761516
27508.346451897705
28100.89454658892
27199.818703682922
28119.218356332894
28033.54461537901
27792.728041902268
27417.492270621697
27386.915606011804
28256.85508429067
27610.75365513873
27311.02221238779
27476.571511192444
28203.306911967375
27440.45752737787
28631.773621517328
27993.39451049455
28240.16499135741
27472.427910878516
28005.135395421818
28450.813816563677
28097.037493466327
28475.38281781578
29381.927355777552
28321.51028224356
28294.310745640123
27820.180689762714
27644.393659584675
27920.25615310169
28094.48497155604
27980.210023046286
27012.380494539728
27550.405171745206
27788.472861123886
28642.05654910137
28661.46692338648
28584.422805768103
27499.270637578873
27644.794169735498
28335.769193933458
28278.755232260075
27452.4735123869
27476.91510097909
27228.888694541823
28679.74662920556
29042.729728928145
28272.3978204415
27428.565698430564
27465.016022091688
29598.34465784369
27462.24827649108
28084.490855259293
27198.87045298803
27672.074078137095
29354.98746768949
27666.183484714056
28223.016734415796
27233.477297499507
26932.74158797183
27549.38612287107
28245.846702992425
27821.563024337327
28873.590425422753
27330.08503203838
28342.71557401267
28415.46518029707
27627.144791113555
27809.690880399303
28909.643297729686
27405.29824496281
28769.58626311431
27295.143925916364
27457.20880764627
28536.686151637743
29429.309123951367
28047.327726827305
28731.174253147547
27132.65741149729
28429.93343594052
27295.720952367457
27792.03391294963
27808.38253750083
27437.269693120717
27843.15478279916
27558.13803459689
27588.648036370283
27461.898178493586
27908.061343068875
27544.063992254505
29874.607316301695
27468.446965436287
28213.37686483188
28404.496571227726
27583.454763541347
28631.795726356253
27668.408859162166
27600.848225100955
28623.28180463703
29376.955851510247
28889.350533129076
28538.673444007592
27570.73296201302
28930.145436211114
27637.117029888646
28442.89720841248
27242.942590695027
27426.799736499008
27521.331490595207
27257.800991893582
27570.66083772346
28784.258688313705
28794.92720868549
27684.289804498552
28222.543281215032
27074.866031507747
27800.942392689263
28886.58825278705
27820.68469159826
29209.22298542906
27764.59451419597
28266.161478371854
27315.033906126653
26931.285443087003
28926.024591320434
28888.290372231833
28028.613966367277
27552.333829885712
27685.531924227438
28230.79017165628
27911.107931066937
27975.089281734756
27529.05652518479
27322.06621352246
28695.05135965773
28493.49317423166
27861.382976445246
28379.06698788699
28295.61700553849
28054.83106289226
27698.72683343648
27690.154794952185
28067.501369831374
28394.54251000046
27668.468925221638
27960.656569534705
27579.889554919646
28218.64832946721
27773.561408663383
27793.434898194024
27446.924452774503
26985.65185881863
27777.630588331605
28097.977170650738
27563.508107398928
28315.48446933261
27892.5017943316
29942.129088426547
28306.515897361092
28105.591575396742
29008.523412130085
28338.431061902575
28806.510814505826
27625.13654333412
27939.513594665015
28841.276965496218
27724.548130649186
29460.506754616403
27702.417775305083
27810.279739826852
27994.49060397011
27996.05532536528
28375.60246258164
27342.4351262784
27677.414194681885
27586.61183357555
27903.537912252268
28205.920783473197
27089.917353974146
29157.32505337674
28368.05892219433
27917.753569034503
27892.30773040228
28587.566248193267
27570.730240724202
26868.508196874936
27758.24443908881
27544.88909810042
28428.32090821582
28041.748520905145
27510.728967088646
27417.21011663546
27597.251667419725
28109.147461343007
28270.810502170014
27305.814619483157
27168.588390525812
27506.055636318033
27938.629015401155
28682.558839737416
27771.25262214939
27954.940246286562
27725.8647116333
27229.284548306594
27606.322854927883
30737.59700569453
27977.238607004958
27926.729265125818
27476.222807533
28252.519121969995
27962.67794618822
28189.809964159074
27856.006791874224
28273.573683835646
28022.30992136537
28109.41055006159
27581.76852135855
28135.78704404697
27568.168163207578
27918.621327279765
27944.297861004594
27519.143398925775
27519.995368973898
28199.744678935513
28959.810760249406
27762.567717457143
28392.6236205597
27160.323270324756
27960.164233956068
28897.66271468504
28392.388392226756
27372.38872014786
26880.081271609644
27820.18735512401
27381.58451179909
27313.87827542274
27517.16633743081
27328.089616978366
27298.510133802323
28757.43572010021
28497.755294464125
27275.09428118538
27562.315885227017
28206.97008064673
27223.458419906034
27345.1502556967
27771.80617975661
27506.34529738857
28051.480845863494
27384.01756212689
28310.721490952605
27230.820071076316
27000.66605362713
27455.891757370304
28528.886654104143
27504.066076901225
27518.942763397597
27599.051562663528
27942.261441639443
27421.414778505663
27543.836990051845
28435.368824070192
28138.031374786526
27550.607896639405
27311.74009244895
26983.159496897457
27628.21822086097
27165.575389827914
28038.418912806042
27297.714926082448
28149.197890914566
average revenue:28002.91182316893
possibility:0.001