28221.866865716518
28041.807191470853
29177.85151090691
27627.87230816894
28091.514548452047
28381.246250237615
28025.387717876438
28047.73176802489
30575.861866742543
27609.091717412673
28561.815450163504
27867.757697708897
28186.92809890635
27430.405303272495
27185.667157142565
27878.267659131652
27242.274906646006
27270.134208178544
28815.881923824236
27725.30840246023
27797.784296416346
27710.275942663928
27416.165776345264
28260.417201344204
28274.741358030493
28533.92999917398
27603.9885536508
27901.473329840566
27428.333679308427
28187.303708073538
26886.691919470148
27507.331320508183
28153.954244032782
27920.734493319378
27438.039581333873
28712.86845475364
29364.89201299511
28129.687340279277
28966.58918577856
27790.526808149487
28734.00603778388
27494.4516123118
28529.063462347956
27982.745102298446
29930.959910434452
27104.790711849128
27849.685360549727
27346.401002604256
30338.92185066688
28022.2798092534
28443.627888834784
27591.39909991921
27244.981306800208
27359.28400042612
28041.781112440003
27436.71716588706
27853.069979960652
27289.762755745975
28145.93754606021
28251.241650145166
27369.39153868844
27809.234188519597
28089.445334137803
28262.931866759132
28062.816386379818
28046.156076983843
27290.585186194687
27233.06441969303
27846.835808479984
27978.99774087909
27442.33958341289
27872.56242243125
27504.739473434372
27714.95060686268
29098.26827902693
28160.790388706988
28072.14677470691
27673.953265375938
27592.175603421314
29071.159801215515
27447.65000990313
28189.233498478745
27097.01678963955
27913.787290079905
27467.150881294703
27442.510906215586
29425.457847436737
27824.839102766404
28155.195943778956
27136.315139343296
27953.852709201306
27961.679082936433
27821.235859776807
29105.14711272953
28336.84391727087
29710.625653863237
27993.277127096542
27512.471791773543
28198.131307759162
27861.611657025456
27849.03390554385
27841.72763219832
27446.558335183887
27894.473963332824
28074.816780105764
28054.057619444622
27629.685044021462
27649.232038236132
27676.731689199984
31158.89303817433
27367.149500609972
29408.219689623416
30432.88759083655
27681.491361961886
27834.67643916819
27546.327718865006
27568.65593119041
27206.163187279948
27441.868655247195
27677.744043510567
28145.15914914711
28310.108660426547
27508.022234682892
28468.28693378696
27297.216121140988
27494.457511063854
27762.473238962062
28602.1386596443
28495.539976041808
28771.494111592892
27271.53379434082
27797.47336682954
27778.335191761475
28695.937208074578
27432.404829058607
27550.85674930889
28013.75525341114
27492.107217607223
27648.503634565466
28563.179577082377
28108.70382178505
28113.36622355887
27422.091951445425
28659.39284392116
28022.172768385124
28045.777845335506
27511.255522663316
28223.955816956815
28239.476044003153
27604.77088573438
28746.790940990293
27137.6779460207
27656.718389557325
27319.151824526532
27930.126223633222
27600.80640415313
27795.75896236321
28879.857381834558
28016.614021609475
27852.738386367982
28293.289336605165
27842.429415341103
28135.06742080536
27187.648597870877
27922.69264561329
30789.47693123542
27951.187371051354
27768.16913014552
28695.493034353854
27583.22677948066
28294.18752499527
27257.115573506013
27460.45471972697
28272.35418324003
27566.40379438045
27204.862784385863
27675.247990754055
27316.726653494043
27347.860315489987
28336.80789993666
28020.124378106633
27763.912603089135
27369.364477057825
28311.30178342317
28011.10693544822
27578.463109461336
28136.196486293367
29339.999006513084
28188.134966901758
27783.235111997445
27993.444167311336
28487.047605536813
27671.582518192925
27849.098308140583
27665.454037269126
28073.248939678535
27253.04071383361
27719.179674827945
27956.792002627248
28771.801093387923
27411.11010110278
28331.76885149335
48069.698909898536
28746.73840815854
27533.551659102595
28321.967953964344
28464.28899364509
27847.51476987844
26857.715972655107
28087.94019441723
28031.026535069806
28546.587736974063
28511.02780392654
29285.975978794533
27697.96421243171
28629.21501199707
28857.918316708077
27764.835034204643
27235.04345517381
27591.14080370992
27978.961768436548
27382.03413990513
28185.26890199951
28751.63087289666
28357.9033861909
27075.36553626875
27384.304463417917
27917.24754461849
27855.86705062111
28072.44625468438
28112.04908392394
28094.096092874413
28349.423518119358
27471.876282785448
28611.62891510175
28894.379979963884
27296.233810264966
28419.271818933757
27613.33852197229
28018.62537927007
28451.81828998783
27674.33532419029
27576.701940278057
27361.964864674414
28124.74877280058
27630.987023486585
28428.458526949315
28135.253265753425
27362.18796971124
27592.214846087816
29145.573829592617
27465.249200490893
28662.53839355037
28370.840908610913
27919.101655549333
27405.581522515567
27003.875470426796
27614.050214000137
29355.696042819884
27939.948547883956
27265.261387115414
28070.27846328596
28543.732638655965
27466.895370982893
28859.910791080536
28333.240423272946
27548.338733624772
27490.722625266477
48070.36715064383
27415.429460447274
27627.388982886863
27192.570940417547
28283.705463034083
27523.252252187685
27978.493431716986
27348.447862243265
27923.652992461433
27466.50092548087
27599.99225477412
27747.886053619313
27502.14819825457
28927.094418439454
28701.201788123544
27756.170126480523
27781.32728911498
27583.908781363014
28196.368993131357
28130.822414743852
27361.420661478474
27633.78502114366
27519.062228315903
28414.206095940033
27462.158861417192
27713.216191536583
27443.554358898422
27687.302553960046
28744.754851011578
29706.073703958926
26894.430489942493
27695.838115620783
28483.282313680167
28460.67088858687
27887.97201260751
28153.106513617913
28008.20956530605
28111.068673861395
27456.45872708759
28066.92192330385
27405.25771995261
28345.743149236023
27377.96422160634
28239.89537300971
27785.49247161589
29607.83830133863
29230.51440543844
28432.965159204523
28338.330072424313
28700.02020778028
28763.98874620131
27843.419475263076
28152.505995679472
28368.919576298704
28692.33648246557
27885.705108160775
28010.405901728245
27292.423332889604
27874.77601194997
27899.66471426005
27432.66648304612
27968.694832899564
28154.399956571022
28179.157143478318
27098.083106143564
27506.26494154645
28044.559254971817
27564.676076369797
28773.65756996718
29136.76195618893
29107.650534222394
27272.67371795676
27989.07074558885
28114.89435692681
29532.246226379426
28782.36119860247
28548.68928998108
27761.78710348529
28125.92408012571
28656.04134315374
28187.955810597294
28468.658605943936
28470.95730280925
29105.714889490773
27264.612785131132
27911.981718412422
28236.525774972808
28382.371723305096
28033.86811752264
27801.17355112079
28574.014366667445
28608.008146143802
27728.860050788997
27624.816251924418
30191.16117018311
27607.72715473061
27775.862954245553
28502.34256706878
28625.734982645798
27646.057839900233
28075.451892364676
27397.898097034173
27307.075845078885
28084.86024541761
27538.205994809407
27913.028932289857
28788.610353598044
27489.514535948692
27180.925191153223
27546.1261020333
27710.79563685497
28545.530077400654
27440.550204552204
28165.95380583968
28028.0855634456
27437.820399244396
27418.073254053757
27479.771355294582
27957.26789635911
28163.215951752718
27622.04937301687
27832.234724639726
28800.628935646568
28045.035891903568
30612.61756077199
27179.51968475686
27388.412517580527
26967.039538612622
27567.32716017735
28211.352513507652
27625.50491442086
27555.883648687915
27578.291865468607
27644.66032933511
27680.65802823936
27686.985791982403
27289.899028527274
29672.689150718124
27790.48942493282
28552.956047917134
27612.353503655635
27584.46258404319
28201.091060154886
29353.940607032488
27396.48983152693
27412.055380585305
28875.6023162385
27974.42175465945
27344.944206925207
27430.432277012183
27258.03539740318
27902.48094795908
28015.983198993337
28209.640928095952
29355.953376451118
27616.6819915758
28960.202598492353
29324.324609045365
28614.055255795574
28306.62459677467
28233.047926579016
27311.910046410063
27264.479827439256
27562.056901399475
27701.02300742833
29538.83048422323
27917.25129423823
28178.980766264085
27905.489475059592
27374.26355296911
27741.889996474238
27311.041884154572
27776.93130184859
29055.672884173953
27809.696933845084
27247.82878927124
27139.303753748765
28266.663566852345
28277.966922894317
27720.17194127775
26837.46015168541
27193.860713921225
27494.68721789715
28518.710459776146
27668.215543320035
29633.424260845146
28230.882443321065
28712.841998612395
28130.098597447664
27838.584430361527
28377.458953654645
26940.787890546646
28413.267562540652
28040.688052164085
27103.325468472383
28259.302478859998
28047.063869668702
28704.15232195078
28186.32634698983
27483.027020123074
28321.149390364244
27426.791960168335
27938.367145251526
27598.09480237882
27727.716981005502
27809.192112203888
28029.43411202516
27735.625602922602
27843.95763280257
27624.59191814104
30276.60439551422
27699.056925404395
27242.299121191292
27234.764418694158
28175.28812524755
28478.10870363011
30051.562159245485
27171.07736464147
27406.79592899387
28076.61611234535
28412.73895662021
27911.576152459587
28490.16770071467
28298.171022211227
28045.111277148593
27024.153265259916
27687.47234129169
29265.50356130428
28025.3014054604
27792.940833757308
27826.948405879164
28181.748960339588
27608.894455056758
27891.227706836908
28158.133137064677
28056.973042305173
28183.820157299113
28837.34687033464
28000.627092760693
27992.507507563314
27177.39522876727
27754.16711047337
27474.1832390992
27168.876717498115
27064.611216845984
27506.06065043531
27965.38799198264
28198.00469958082
27844.992442726885
28495.905498699492
27547.019110879737
27070.238778372357
28575.17093111601
28150.040701101378
27097.31371224508
27188.91599878306
29224.58647167096
27375.042354889254
28305.722183420807
29180.565724590953
29271.961373478694
26777.25379816693
28193.93187078369
27682.428853047477
27630.510583270145
27709.404537751216
27740.323126392366
27838.65903246578
27392.883061814653
28181.208432420597
27652.678449531413
27304.493210077966
27777.71862067464
29350.787932524858
27656.91451770403
27613.116566175275
27507.175293562726
29393.322883182474
27607.29090405425
27810.08193650191
27546.329497656727
27625.989899315136
28277.472504855024
28499.857150195465
28157.170110475152
27464.339070122962
28232.436842460076
27079.634151046597
28290.142833773276
27811.698129370056
29094.379989660836
28065.177533882757
27537.467611394095
27157.85216354308
28263.50257543252
27881.89546698657
27426.012228391868
30010.97223084212
27973.89945672155
27312.74773951513
28134.49787106644
27787.842982457703
27972.075908147515
28447.319001984455
26989.193978301013
28077.2141289437
28081.145389494995
28038.2436901157
28726.311956837097
27471.157123624787
28302.386078823027
27826.54122822419
27653.488200566244
27398.11255232271
28483.236480503874
27932.829306198775
28247.059847508317
28245.81834899495
28537.50485926683
47952.697224325704
28699.754034160083
27743.731233241244
27653.531428020648
27810.453613107296
28065.35443734834
27428.391396377454
27733.037068378388
28373.26710258706
27798.75047440818
27731.6561035206
28562.001112731836
28621.075116114123
29102.235193167962
28140.829646001126
27613.397648327013
30590.519563982467
28315.262065904095
29377.260513043984
27902.204213732246
29462.14200586194
28638.213697971125
28022.89613065346
27211.191166099678
27818.90091744074
27365.049706242116
27483.677040091246
28643.369816010665
27562.960572864205
48515.388481558795
28381.187206085608
27534.267749771203
28008.9950712836
27727.318044845455
27442.980254890623
28273.071295549715
28511.878497226407
28159.450921934014
28029.167082190437
48098.823775464516
28813.555730238375
27209.264686148483
27776.107509005295
27919.031114252743
28079.547066859897
27717.043164883617
28242.722028755914
28023.357932514176
27225.72343225074
27374.911412534082
27674.003189893643
28052.091543454742
27495.623147529943
28810.739622060428
27472.95328480069
28800.957651337092
27438.48367187954
27615.99699793872
27615.969460912496
27743.849655329683
28845.321420243286
27878.823826673266
28824.159728820596
27118.885021875525
27778.40970413176
27662.65837864517
29506.860670584272
27659.843036632163
27681.030437015637
28422.618700592247
29779.836661238907
28095.46349239116
27512.625889341838
27123.570794975698
27604.96242518585
27361.904112375712
29806.78049354947
27723.23366614947
27467.661808269546
28211.59597033173
28236.001259934972
27425.61319689427
29657.673124495243
27084.747603976983
27579.385901708243
27916.481432496625
28362.43811629099
28663.400446079984
27992.73242312614
28892.02712172291
27858.10114269546
27941.933164682563
29054.856481427287
27844.57191516186
28320.489700188584
28053.97698296508
28170.18778913695
28018.50757755312
27796.210603982414
28188.86396743049
28846.463830095927
28121.78329845928
27744.268407393476
27316.25900504223
27976.121300419443
29141.6850385392
28075.032534948212
28215.122903046937
28033.476589030004
28426.937675909896
28795.226646617983
27741.01823093061
27668.660265422095
30654.779617881708
27407.341950558985
27708.54767415874
27530.214567067644
27826.66248413771
27839.157933471997
27061.962643840907
27705.48476768063
28105.584837665043
27217.086626206856
28277.909785761545
27998.663690098278
28204.235465480728
29476.467153095608
28160.122189397334
27807.382373416654
27435.461806780975
27718.770834441297
27412.581238498828
27047.80299836821
28464.700410214307
28645.259217529165
27127.666345845304
28557.519581444372
28511.950816889206
27421.341565239036
27199.533499271543
27743.759021183698
27571.621345519467
27860.34821852231
27383.996185997163
28688.369720013627
27629.337586360358
27532.247913542677
27763.261921459783
27464.61025457339
28102.826192102937
27896.739366940667
28839.38349464287
28361.351636531424
27745.49807925424
27511.431973670653
27930.506331354773
29765.113941889922
27835.410069721336
27425.90653293748
27868.962473246236
27895.747959762022
28035.419589504516
27018.7797190588
27879.319079864905
28449.236414229814
27995.993172524955
29462.32597342122
28592.4428574716
28788.449673167153
28382.569375983894
27315.415571527854
27501.517586053797
27673.434828053356
27881.28648302263
28106.336025754335
27737.198977000313
27564.18620885305
27281.132004950785
29296.901036903455
28125.580419394857
29457.81810613662
28180.9095820274
29039.598844280157
29206.234614155008
27925.366190051867
28031.267169313
27681.52473234219
27656.726484149534
28185.43951094899
28354.79951033956
27165.105666818177
27628.69976200304
27833.07135016919
28375.79604136158
28673.388490450357
28503.883007714772
27961.088984000227
29731.451894201065
28768.96667423084
27616.147188211176
27553.619963339755
28727.566159800874
29205.82573457069
28127.04253489765
27113.623169445975
27849.627462973283
27744.948780222367
28007.366589838733
27906.404237767987
29336.01781362145
30012.229416506507
29348.20083894494
27854.724461341208
28009.794401057283
28443.816870544386
27069.269007950734
29591.045774227736
27477.963174067863
28408.47228871582
29288.93758688078
28508.89540802709
28261.153406749727
28114.112930905558
28441.06597054121
28473.85321398711
27788.069971032968
27279.740763357506
28522.234872332876
28549.638681144686
27554.453091653686
27486.875893281973
28655.031783744518
28011.066092266272
28632.65970248961
27485.127953412255
29887.751175337984
27803.361937948768
27839.25263189293
27671.07837360658
27839.132874314808
27835.834802075744
27228.836109758715
28055.48807062524
27979.27052071263
27378.992961825265
27046.592281315356
27466.41600695552
28357.73249823384
27908.767925062788
27298.126977494387
28717.93087438952
27728.59713815755
27507.68213732772
27493.71300851261
27945.703420830083
27590.856323696746
27339.438435754077
29776.1051255314
28506.04564498362
27786.98736575345
28080.147778365365
27765.893966126772
28660.539965009626
27898.084778633583
27788.583795390387
27517.432899412957
28337.46422934736
27790.91822483557
28109.180031295356
28212.46240716192
27250.840208539612
28509.117330147907
29576.859646720277
27398.94662992328
28915.595697023557
32370.149051338674
27975.42117061675
27536.675217884127
28461.17985012777
27375.91509047239
27928.87817658471
28294.8325385313
29544.740357579143
27697.0999102247
27309.481134804842
27476.347783850943
26957.929649479065
27978.048143073414
28413.05363931499
27842.93641826375
28012.199083190604
29166.372259856944
28192.164123738916
28641.4083440132
27283.180886270646
27543.74255140393
27587.325847287513
27970.21486160678
28071.926087268042
28455.87905033941
27694.270638771595
29195.608864777972
29178.228178969344
27893.758494951366
28638.39436318779
27901.13021379003
27174.05106563401
27959.44601824376
28901.66395370003
27563.15372162079
28410.184793882632
27498.68239983297
27194.352797675798
27637.68269396539
27920.453645076108
28433.209147867852
28342.464577395855
28179.65919810347
29232.22099453515
27553.768725354454
28212.392278434654
28275.28657180275
27310.815809422096
28081.1330641378
27720.7377997851
27837.956604424715
28484.930920468596
28490.69389858688
28182.602560412004
27874.435780956203
28185.585984356738
29249.389754011838
27738.3001110348
28417.282694882117
29488.874597984177
27170.784421695465
27561.4179162668
28442.69969854748
28543.148820511964
28013.89917531181
28112.926285865356
28772.624164971392
27446.983370259142
27777.327430850208
27525.38296715714
28510.583742055172
27598.713306741734
27552.87820536318
27464.684802849508
27700.209334019684
27982.321569690543
27764.28489011331
27218.944936691605
28462.097251955278
27789.963370742054
27459.123123920646
27796.350784730388
28035.38250481593
27949.7799171039
28725.311107289657
27571.22993889189
27593.774216500296
28925.4284041771
28254.99366240661
28374.52225022347
28204.24738850828
28030.419428702055
28004.62231903587
27818.278725032404
28202.8287692936
27076.54605412706
28163.344394970412
29315.241481127785
27815.44422050136
27988.080844496184
27295.150468273398
27700.01955351129
27696.319462611194
27999.57945684135
29001.030372669506
28580.49601207728
27689.847057644845
27972.926692055014
27263.92880229242
27598.941116557024
27577.025811909876
27731.19327787282
27149.774558560508
28261.08286093217
28081.025060450083
27419.08625757766
28164.173043958126
27481.230466478435
29179.170863815718
27754.378175873546
30022.464248835488
27277.469739893408
27708.212317092497
27698.878335930018
27933.230323313397
27976.35064065817
28075.234774658908
27403.40615598736
27833.444377804084
27674.620915157775
27617.239655680438
28139.957056610652
29078.973904752467
28155.586600162816
29456.99786091493
27536.761030858783
27885.41040803735
27596.089103310922
average revenue:28130.78252588061
possibility:0.005