39034.79999999966
27810.025338919575
27941.870239508276
28003.909764377375
30349.886396574504
28934.152337886288
28570.192160474555
28301.875704799968
27989.856494752064
27777.920965913483
28646.03644355836
27995.24765792991
27524.231877966755
27742.923766136635
27987.777806487782
28272.492291076098
29653.016968362917
28289.482815635834
28611.170462385744
27611.11594133423
29380.591112652903
27926.75073548532
28164.880433165294
27264.714900953135
27994.571387583088
27267.406725356683
28370.48106529516
27365.299388178773
27791.305658502846
28064.01795388062
27407.935974805223
28021.33503867324
26863.998525286715
27040.76303246655
28089.136783234546
28831.865779424308
28571.90248983674
27221.963597742473
28070.448180241787
27180.132058743824
27904.009106110418
27956.98183355128
27818.415047462713
27598.488586065447
28399.508861613183
27912.94204271089
27060.555248894034
28715.048986108817
27941.380895592156
28015.381816069206
27284.694774056145
27468.793434440806
27723.120486612446
28715.307333630808
28688.184866150237
27540.613815631466
27995.132415029457
26967.29755428068
28010.70537791355
28766.677654144147
27892.975679157582
28086.538780114264
28192.02926791746
29233.712661993723
28113.01766057466
29937.113451837296
28580.00486864525
27717.67572341428
28099.957701091356
30178.52780920266
27706.692044242693
27139.06881392106
28146.219233965105
27301.730042933934
27555.952172652294
27215.451805355744
27507.013853227152
28131.77372659562
29745.678113329115
27466.13824767551
27491.021515789726
27823.004292005666
27578.38445868423
27291.608411829817
27684.369694785215
29164.16878016218
27353.79933308286
27242.842979708348
28191.171488421627
28015.18040507756
29260.33796711671
27449.46979452926
27376.2488899919
27348.09287166544
28271.375670161233
27672.67663212926
28048.75524662884
27367.185047737847
28958.44856069755
27775.699981932652
27497.573513557923
27394.342479498915
28591.08369783777
28081.72917896404
28848.88951753262
28639.07833362163
27259.598026262327
28622.27973619115
27756.244248649153
27441.18786393085
27581.642479810027
28066.600512934463
26999.735516434357
29362.05299991175
29403.20921635562
27427.717605037382
28523.011229928008
27754.787251941292
28535.640905053333
28089.64407963667
27442.35455369623
27048.863212507473
28184.73477202506
28926.007388182803
28239.144617886544
27677.06200546939
27996.026208030165
29172.661046272497
28102.51117216756
28807.330797614613
27361.86307278712
27984.22212786183
28870.117914059218
27728.672162286304
27532.660354350075
27771.12893309338
27399.076725458533
27534.508343896214
28146.78166745051
27391.330266764926
29838.855203690335
27373.932756507485
28136.20324140994
27560.780745064567
27754.710284760404
27946.17635543891
27723.65267310124
28591.887759802674
28115.53929254382
28875.92000429259
28037.435835194276
27517.070880311356
27672.637519453343
28009.082344440336
28082.947281069737
28349.425745370663
27099.5047354753
27396.465005168488
27489.36742759267
28439.477601949624
28100.656616722623
27781.575451567227
27440.55698908531
28294.291141023383
27132.688025413732
27774.33657806917
27827.891210779977
27007.490902025867
28006.950914446614
27618.315672909994
28175.296245008638
27890.031562089556
27918.913460288055
28377.31088310245
28100.194615593646
28178.02332098426
28311.515430256597
28004.305677765966
28162.053646923956
27842.93938967568
27831.85579653139
28955.573723237787
27840.607261649464
28212.721675104392
27297.728396761366
27610.98973620705
28477.915842016166
27085.56718764217
27432.747585373883
27241.24752647337
28037.575708005344
28115.49946320333
27746.41674639122
27459.855244760085
27485.51177014845
27501.830247134072
27908.575810308655
27687.163693452596
28814.642548645246
27674.1340611453
28010.61763443877
28083.339103705282
27313.518455895966
27661.360455262966
28589.809324884438
27549.798380711534
28685.39933101297
28100.137546727037
27916.165516972032
27770.903939966545
28459.554295992737
29777.822866940536
27842.084715848257
28145.082884428426
27332.610959769045
28241.222232414417
27936.182979294223
28073.985956092576
27245.596119482918
28080.204188865897
29689.668471411846
30947.070707016068
29566.747315646822
27567.91144996422
28083.86749317005
27963.31956083681
27661.10226729216
27319.698995957842
27649.668997534507
28151.008529103212
27194.869582141295
27454.328140125035
27153.772780558185
27617.606758034035
29653.733865839324
28814.72536875932
28192.119490650643
27180.2109274957
27438.818914651034
28798.4912677385
28446.11952054894
27144.712636847413
29184.61501149146
28186.618192318467
29445.838853204397
30545.754861904203
28235.998103689213
28030.420535098554
27698.18676138476
27927.523044066365
27679.76840562831
27112.78871928805
27887.90355425174
28157.81602364704
27792.091333747165
27704.449373659358
28465.609671340957
28345.028096334052
27953.309225256144
28065.74349567063
27683.33689857573
29912.8505001
28313.882236796875
28585.69837106245
27598.797863524665
27739.292469757613
28384.300236534666
29154.795399344785
27279.67056237205
28440.621349129775
28726.429796609984
27655.438244168552
27592.805054014
27219.85132350669
27541.140952572485
28159.01650177138
28276.4610068967
28308.243426510762
27952.888073505965
28014.3229887962
27787.925053743278
27694.66946108363
28334.363971775514
28142.319728889124
26976.81865944333
27461.804132250298
28269.979637078075
27797.445494741012
27977.932563070954
29327.073041881373
27379.693773785537
28255.19286938819
28365.569618102283
27758.406679585918
27866.361047253646
26989.615926748455
29215.09604812634
27363.59168241892
27589.03776763812
29863.070391292207
28420.549227294665
27669.637813232057
27987.08566925794
27698.54767543307
27048.031881695348
27274.47418268214
27754.52103688956
27888.897237978115
28291.690548089184
28210.09774394028
28049.08483301761
27697.357266011368
27991.86592022655
27352.862438336615
27889.89872237656
27532.376887836326
27399.639615542445
28571.707609180285
27589.93312735742
28005.924059011464
27805.386386197377
27721.259016058797
27613.72621220343
28900.947352727406
27886.59160856811
27291.971566410102
27493.800541565746
28182.961803579256
28032.522436675576
28326.21413489173
29260.552443039283
28252.286987039428
27477.93666997814
28310.082130048584
27453.18788542557
28077.27925395851
27534.8566814467
27653.680472414344
28374.44512897671
28559.82190416682
27941.831260086597
27556.21546786658
27322.87542663624
27553.98346139468
29949.036195313613
27692.348461266585
27506.951466089304
27732.153916104533
27629.624234963594
29367.31382229257
27658.10854802767
27672.188684277848
27581.391104297814
27685.853955281018
27539.150012047703
39181.768917429334
27722.598243953624
28549.65717848846
28443.367453292703
29541.640418933417
28005.011581780465
27394.08868834478
28036.321478349004
28275.30818344388
27608.29533673617
28178.17593912936
27353.02293091762
29254.93230041763
28563.275886214826
27617.14618743242
27962.21477768422
27483.735795602533
27253.76595613552
28112.34214366223
28340.025895208706
27641.76443041302
27895.463874182176
27554.042042955556
28108.92478352182
27198.414727921136
28034.747237958323
27938.006328462314
27341.49299428305
28294.593412017522
27344.711789632944
29114.140979583302
29389.169962563086
29297.600019446083
27773.183152557387
27868.830678886472
28629.002448418632
27744.710463801155
28858.03783703504
27895.71994914853
28027.969302939677
39023.17891408899
27563.71528383507
27474.641198521025
28125.09483878524
28516.831341193447
27856.113463737172
29810.828553542473
29849.907559726053
27681.006733042792
28063.38900373118
27529.42883214246
28449.267437424594
27788.59814323588
27400.79433579918
27791.314063318292
28619.375557458538
28966.207731026392
28161.61943634434
28949.0859097832
27923.11612093564
29311.169459119115
28633.020786125042
28228.424706387148
27949.13099791015
28035.791325132985
28239.780532639343
28641.71231832158
28188.44665853116
28004.76853325837
29489.673767394495
27355.5099663563
30910.43985654349
27413.889296410704
27905.761243298457
28657.650291268124
28508.78428639708
28024.56745122787
28159.961156725665
27651.120215104234
27331.679939085385
29835.572579343996
27788.037916482437
28228.713813619557
27921.1515201958
28710.603121018317
27846.86533187875
27736.677246963605
28337.375737804345
27516.59027078243
27577.008235556023
28278.622848931504
27492.83573997726
27768.18644524612
27570.69671975557
30334.143975553794
27697.154917415748
28739.54356906581
27986.530824550657
28379.535305833066
27728.126502187195
27404.29987568586
28322.100753222225
27975.924253059904
28062.143032824835
27592.804135111517
28555.895089901936
27370.823979629276
28352.137516107043
27631.789993332146
27495.298796688872
28496.161182140284
27053.720358099166
28091.228684542497
27754.11273568534
28454.212770443683
27359.977076475112
27060.999695517956
27492.417056035312
28659.43086687542
27335.721070386135
28835.70532132653
27101.901851622486
27977.997450468083
27215.347302644423
26916.81866608336
27672.390958037482
28044.037477948328
27458.317444417327
27286.02424354242
27513.12754193589
28519.91999846063
27974.853596117457
27722.165752785837
28532.92157246135
28306.44103182488
27672.696930342223
27974.256553598385
27692.154617013315
28940.965822679515
27650.458968439183
28483.74051015777
29539.45179301085
28419.15490939181
28342.1550513183
27926.11520397996
27945.56154721379
28606.720078499166
27736.1096990049
27523.952042867644
27339.859717722204
27994.453454864877
27564.620662481135
30004.383008757937
28309.919337092964
27246.774855530904
27992.167390441482
28176.14834212277
28290.56677615423
28123.954692202853
28325.643970186917
27836.96308230666
27178.783324300806
32390.137244890833
28442.39927279187
27460.009695577453
27579.526282308878
27643.631612455687
27831.93841315309
28172.087277361246
27761.85848125744
27778.874198599457
27983.35720992222
28015.614585013867
28592.79775168223
27506.92269097273
27542.041341533208
28121.156969977616
29341.078244636523
27525.34631183299
27950.088351191625
27258.700461687793
28635.486805580338
27877.378643514086
27710.596948836203
28016.80660186177
27847.2678243046
27924.242903581195
27465.15091593883
28473.171607530643
27782.44363213979
27724.45605322827
28396.448595550326
28746.99767982191
28535.21432746389
27692.10526946318
27391.02990028113
27713.870678188166
27846.062434707965
27556.385487678257
29676.897763883873
28198.10486395372
27540.971287422708
27426.289366204674
27087.98407977717
27460.257544237113
27889.37462107284
27396.265132271506
27994.293679060433
27183.569670305267
27564.294947160968
27413.043931760305
27917.252908832616
27837.439228662923
27088.725671519143
27517.38375894594
27840.41602017691
26940.34727601713
27870.1792197594
30151.167078589453
29859.581784249356
29173.062835469093
28382.927013086326
28114.549563679986
27247.647252694358
27969.54388783725
28161.571149725387
27704.551894725668
27721.008277877296
27665.164612004388
26852.1035489594
28463.299070893117
28719.160585181973
28719.728550403623
27674.268407951626
27893.19714413749
28014.019745497655
28816.237052263394
29093.7965751677
28854.39749758873
29540.281155099565
28172.11681373295
28714.792244065004
27393.71476039346
27792.348184481867
27784.664146005718
27311.763884384814
27792.068170315397
26996.91498889194
27648.836254836813
27249.198948740344
27750.575364307453
27655.107420248354
28134.805436218634
27036.484128998236
27212.59557367673
28123.567708479295
28192.751591364537
27778.94239572565
27520.67430003026
27686.62147543186
28128.881714364623
27687.605778232177
28337.505319127642
27453.543023990922
28080.157324841624
27776.80280116939
27154.12451778527
28773.355145148387
28134.666765559694
27376.352990905303
28390.373012044773
27531.07149908493
28108.371495014224
27660.71602059204
27454.326826280547
29012.646810926537
27814.60462464845
27699.372107592997
27818.557136732525
27675.539196871592
27331.58072390544
27104.233461340435
27485.92025408856
27776.813089193198
27703.846010683992
27990.68702438551
27592.00209170793
27271.71975856602
27311.911772291365
28563.409219687128
38404.901125336
27051.522535840482
27869.973387431186
27692.042882194586
27854.537703369675
28214.888832775156
27317.698030114563
30227.08169923294
27430.847751987847
28039.341600873107
27729.295608135053
27906.05974989637
29094.872829751872
27715.240964635992
27790.66572438848
27759.20369056008
28751.27990588066
28430.50053588219
27585.06437971302
28623.388188863475
27630.32962256663
28476.900214472982
27153.99228853343
27599.48781824948
27846.283529080916
27405.632464258866
28517.964369190708
28296.940646861727
28525.198727245734
27968.47411742013
29233.48079667228
28159.288392655868
28130.627628368955
27495.404805955553
28145.08863143503
27926.967888891548
28588.94071499183
27447.74677019154
28177.679214433407
38761.83706553644
28343.07239781493
27345.69100756241
27998.911612193227
29237.759502920948
27484.715263217648
27690.17339379329
27080.18881891453
27538.198131674486
28668.03130969366
28525.775482964098
27559.40820583059
29150.08858636203
27957.771063932894
28326.240835794877
31504.427682021127
27519.341537120115
27270.3258306309
27910.64128768204
27608.869055050094
27936.544819616975
27106.416392507534
27503.423758343753
27979.43091409934
28067.72406353843
29776.437725695505
28104.892871222768
29574.06673272883
27898.599828302493
28720.0943017306
27106.303561606328
27534.96192162833
27304.524613364592
27674.823844663195
28035.079438762932
28096.69097263658
27439.021403112114
27925.42349885163
28444.374464163444
28144.59508741451
28026.374683166683
29855.44630420335
28565.26852805778
28420.58278926863
28572.94448126856
28487.849832487886
27696.389657088923
28428.297463131395
27407.39620016313
27598.456081649092
27161.988338461597
27363.945943160303
27946.88195298843
28174.08728845987
28274.852416364763
30433.141043078696
27734.94640416375
27858.597469153996
27524.07955022345
28302.538505724864
27905.544723468112
28528.779624879317
28844.32408484073
27905.61389483778
27520.90978244107
29792.299649423636
27238.875768514932
27837.02032700584
28579.949819114623
27595.51067856421
27611.085793392427
27824.17813305247
27998.70193776705
28863.124993764868
28099.34617929521
27587.963453212567
27520.57656985936
27754.244726001918
28428.475914810802
28214.120500561825
28017.158522147303
28611.435061415967
28052.691482406604
27701.079661192467
27177.262723837575
28373.310889634635
27448.29059888454
28335.880866073756
27208.98481427582
27956.282208946912
28613.13071344318
28027.846896028102
28264.44586129645
27646.645507158166
28493.855242599748
30092.63883325218
29762.68701186115
27483.98073797897
28128.52416681464
27948.793956649853
27280.38909427137
27802.441159084676
27588.126446440307
28192.50139028923
29121.499114979146
28560.228276165497
27357.132214556783
28963.80587298308
27808.445783296833
27590.149974210857
27677.354651472004
29168.68874392985
28426.47024317601
28547.517621557527
27475.09408845797
28084.65956021738
27905.026259058457
27260.66517183682
28304.655746034052
27874.42831183516
26972.14357483661
28482.55459875762
27413.605686918494
27672.172108980823
26906.278472304995
27845.856300331325
27972.610305059792
27498.417877811113
27584.69989356068
27349.62210802031
27255.651893312013
29410.4248341395
27105.302835895443
28606.609338345355
27365.631263611554
27289.049513105612
27973.44345383554
27766.657764364285
27880.304627758378
27619.960442428397
27570.969260568243
27474.408256698123
28002.35884138056
27778.624142006025
28194.410112538688
28186.846365359273
28084.09871656006
28796.086200695478
28413.353523416787
28364.46128483464
29140.086415484857
27474.371372154605
28212.384411305655
27380.04466814011
27838.765570402884
28558.951883806392
28300.436338113243
28265.52016908344
28030.559906839248
28114.181674919804
28924.790320382115
28454.51261382336
29397.78788011475
28418.600886600303
28688.203981862367
27330.97950278477
27275.452588764823
27989.511409153347
28328.45192710027
28270.349277091944
27846.95841080625
27173.69647855122
27572.14984528936
27472.6320888635
28307.94423756584
29360.484319316245
27605.49888847587
27108.964749938204
27752.447108261047
27148.41204493599
28039.385620116554
27719.542497287162
28546.921177337532
27912.09837794175
27941.492065721282
27660.100172431765
28139.86289407717
27780.82491272422
28426.580712454484
27440.959210207762
28283.288792233685
29128.779440435956
28114.54663524075
27092.592210333136
27820.962524053335
27117.31051532087
28169.63301618593
28291.264883242395
27956.778584991334
29397.858130717315
27659.931676739026
28804.96422268701
38793.64508176736
27885.563969897277
28519.699670758975
27605.483562018304
27754.120833173303
27522.761339364162
27624.947243279854
28189.387013079544
28500.96789291856
28421.31898955004
27537.570907875
27494.00544716551
27860.10505161392
29573.187477086532
28310.75678510535
27142.902934962152
27837.453998167
28270.368487954176
28052.417733171576
27692.275707487683
28540.4139506896
27672.05834701409
28424.019193914515
27975.38337956339
30500.13019261627
27385.3116368141
27278.82823984806
28263.667363954028
28000.02922695698
27763.736424274528
27638.07224424229
27336.546508058593
28563.448004968526
28034.862178283656
27602.430291641536
27379.212138788807
27843.36257536569
28052.19477682282
28187.002439895623
28067.45137183219
27999.573367259687
27889.41257857331
27350.171434528664
28897.136270004245
27276.168553125684
28076.7207175187
28241.44546608802
28467.327866238727
27333.770762434866
27085.66166086912
28367.75604894696
27732.077863565897
27944.42412363562
28543.700028037776
27997.378874181508
27803.14087632172
28432.870648260046
27433.745483652452
27485.444903263004
27772.592497826063
28998.669191452605
27645.204153845163
27440.067377373176
27986.676024299533
27383.796223758145
27382.387184604024
28601.816696190486
27622.273637000824
27495.197856364175
38838.07672008408
28307.439753393122
27580.58348834995
28335.90812469861
28397.82246554695
29087.727238375683
27078.23693485469
27356.340398261906
27861.27803656403
28066.275355325077
27551.481161497824
29895.485859828073
28666.908863805325
28009.768070970986
28386.393358403708
27683.86438549019
27614.406712405224
28347.49853318207
28557.011040398527
27943.127500343617
27952.44808250628
28509.598572191375
28062.854883012184
27659.760856611712
27615.67667025203
27373.435355502857
27103.947586385457
27531.76666621641
27149.156448382764
28581.895907500213
27642.769926961995
28877.99630656791
27660.527864309235
28544.221926931055
29520.670214731912
27663.940968603412
27995.636299723636
27365.477842253335
27422.17466542803
28183.03478968724
28891.814946594764
27388.066925985928
28594.444272927212
27595.83287666272
27255.575304900412
average revenue:28099.447796099998
possibility:0.007