28609.58857689796
28585.826173899346
27611.486339617575
28242.33434894552
27418.8360632778
28776.869767398704
27655.782825399056
28173.744745407537
27590.1870600453
29039.67931302802
27999.11636792175
28348.452511316093
27621.345792362074
29473.08682812121
27962.801524441205
27274.355391386438
27948.30056426778
26962.24652116219
28526.05234097053
27443.744383655507
28050.726950945984
28732.18316243823
27699.633900066383
29089.328703143612
27733.807170873657
27763.663609349485
27420.586884010674
27991.29744357289
27547.16851749302
27119.525804385103
28531.320543796865
27866.01343916111
27712.349012247367
27853.011241256223
28071.219448652377
27935.443992289453
28066.27643300533
28042.752907287646
27406.4847221867
27290.322275461356
27458.919827336118
28134.40904955456
28871.85006466096
30194.24433684867
28068.9178840049
27185.18471945606
28382.27536344835
27633.43430611607
29997.70452573896
27560.54978597069
27417.436021421192
27971.945484865002
27368.48556495816
27632.849373511588
27162.11984784556
27971.75476208765
28322.428139576637
27087.695818271095
31275.34053330852
27401.403593719097
27556.512657223106
28209.90303840027
27429.886028619858
27095.9518166695
27456.84364488621
27650.078718151897
27742.983978551285
28543.27528823896
27739.399895683066
27272.724063743815
27989.527535009966
27532.33475354269
28306.982794299645
28225.312048300737
27768.93754543071
27174.171812186287
27807.52144183011
29300.86630900348
28373.168596884665
27877.64097931265
27499.258129412006
27530.9052361826
27217.70909635914
28552.637232528952
27598.997251632267
27640.737978748555
27415.889726211535
28545.12908574263
28250.762870335366
27312.974670998803
27571.69688193654
28315.26890104322
27966.409156052352
27719.407395226597
27425.96251525855
29186.69145286155
29068.273593047532
28003.610844258787
28204.51472206794
27695.650462410376
29620.041881719586
27110.23132296939
27728.133587923545
27404.968891454402
27801.20680720194
27505.434140215526
30376.129616534523
27511.974295274955
28990.878254510702
28179.975061253357
27816.230499391302
29063.136539039053
30126.65071252158
27482.95146147392
27327.547344066217
27821.67196445444
28447.776636770282
29712.424782118258
28216.509854062646
28396.272202502438
27373.08817546543
29320.794399675484
27239.260486622243
27935.39099658052
27359.620931349094
27819.313941371624
28284.83718268876
28102.31855493459
29409.571943231796
27126.047867691734
29436.07159395896
27462.488759751468
28612.442190532725
27492.229743955897
42098.05005465966
27425.185706796452
27935.4647435544
27304.443566375066
27343.911675082094
27435.08420255731
27647.511882423532
28900.30232480544
27785.355512748196
27796.449977739223
27515.409183254855
28215.167697245357
27300.92860779229
27350.700884561724
28844.984132900663
27697.611211682502
27754.301278562594
28008.84721298571
26935.06554127565
27043.815538059316
27557.6483867187
27818.222787609666
28976.946519603887
33299.91444253
27798.171986476158
27828.67959945723
28755.227623838386
27701.43327119275
27299.764644524428
28793.67860357167
28345.94782306261
27400.904151044375
27800.167586933498
28078.773815367986
27956.080400891366
27771.911976805404
27725.095980950715
27810.08691717566
28764.29233492459
27686.147010620618
27571.751001476594
28065.168999846606
27601.961061070993
28544.290609844124
28824.045079629734
27415.440282256222
27173.28355809406
27799.294469735458
28460.394039588115
28189.350379728785
27286.269748768438
27730.03186072701
28188.488900641954
27473.275291330978
27750.747710601936
27617.456774788523
27445.794184582617
27951.91203000086
28178.27514891373
27776.439394813293
28347.842646910176
28330.277916096464
28755.896434367874
27644.062802615495
28514.116787676572
27642.92201047709
29279.688953627574
27701.640882017717
27851.55847238474
27602.108202157382
28183.653309483685
27755.062196318646
28094.192171892588
27980.69814321635
27588.88010511655
27898.22133084816
27523.383292606097
28384.54035145574
28404.26625500116
27676.78576407515
27937.68741944658
27328.041194352394
27365.10762634105
27311.703239978022
27885.26499126596
27516.353635409643
26988.602129149578
27302.07217890906
27312.445393328544
27747.834873087504
27860.046313887116
29512.445605262772
27937.845753780744
28945.27595442786
28757.9109042019
27396.83443628319
30124.8704855971
27573.27470906631
28387.134958305713
27250.503416549647
27657.493418877897
27507.125548620777
27946.792433207185
27492.20833332865
28073.844615633476
28733.38271457272
28938.40337067699
27434.93483392215
27507.851809279477
28639.723135218763
27671.832234072022
27232.75496601765
28075.7910805498
27117.17401113631
28243.64502954947
27701.711315302902
27615.627702567974
27702.54052076331
28195.71219196541
27429.327550117123
26866.559614036374
28474.98574244958
27662.513519012133
27571.04937641756
27980.20457668393
28349.805047462996
28156.06381493991
27346.90965216422
29056.471825071112
28195.56668049066
28105.644484625547
28820.851338188437
28179.449675263484
27181.66644118617
27661.171292930932
27876.71347560895
27912.348159514986
28089.764008015867
27576.830393036467
27640.64454781578
27952.307385073484
27869.592284786104
27914.209382756
28042.441909136436
27543.596507806742
28319.54875939315
26860.74991206937
29269.437184120812
28268.328345491012
28321.204349478696
27232.345456887357
27624.80225772427
28361.711600245828
27450.381159955625
28217.261891989718
29036.346448281827
28500.64784236177
29230.451048678715
29152.42525541992
27855.02378764642
27456.799970171694
28641.18033577379
27640.604514955103
27248.54228371595
28184.171502978144
28975.458399621253
27735.545601027814
26867.109639907776
27432.621357892513
27262.376702828762
28232.749272043053
27635.929551005484
28013.94332541093
28637.61620744749
27611.82974946363
27834.706094445737
27629.8352396576
27339.68669129783
28349.971079982806
28546.940695891746
27242.66902758115
28406.37036931961
27955.091294545873
27579.152312702132
27318.551199869245
27896.661234148014
28034.900091269657
27637.036368414065
27632.985377542806
27974.953132797276
28364.865067326256
27707.264504358398
28188.73571912408
28068.943079500405
28585.19316772103
28730.11352813266
28154.36210970583
28243.888666682626
28558.825351851345
27721.506585821637
27355.41461764444
27408.978683337456
27489.256304688934
28708.955989021713
28177.471880845955
27991.044904427283
27814.175405966853
28071.078628591924
27815.852492374088
28305.37113681671
27354.294608620363
27869.680386652577
42096.39420523479
27886.483208602895
27921.567775747495
27361.477341479247
28659.25089149723
27772.414389501024
27788.988173467533
27919.709160142564
28280.678666861313
27653.818376007992
28229.20809500676
27848.683172168272
28293.318778570218
27385.013528809985
27423.953392146588
27613.75401926022
28424.138054084287
27355.005827299385
27312.93179166145
28352.326958980826
27593.34940950335
27618.86314387094
28012.446982119418
27748.821984360588
28032.53500556147
27415.92211617294
30673.892231676095
27637.982814799856
28046.999757483387
27369.71930141874
28898.652684734432
27974.475120327388
28138.98888859264
27401.108477633083
27536.83135887251
27976.436279240268
29833.216606201197
27935.305001023127
27241.51955313897
29225.927374895353
27525.53581465222
28593.152413885862
30533.89018701817
27684.783822547673
27434.626309457108
27911.515702962584
27935.735625726928
27954.77260485915
28589.649089597417
28382.594585977982
27416.123531691614
27477.31038232022
29322.202034807047
27576.895328239556
28058.231572670185
27709.871343756975
28076.721235494075
27737.695508722165
27630.16746691223
27629.549833428944
27871.670957985574
28221.48237884866
30099.48513061247
27713.399682406987
29808.326681036575
26980.227163561874
27010.43167185651
27973.92187424174
27808.92310768744
27757.10780686576
27586.591573729038
28158.430199260594
27960.034750477276
28374.06015230743
28250.91583909986
28016.747624606865
28241.783470139144
28638.12844197086
27560.605179339684
27698.355685671926
27724.784223508985
27252.613492842625
28316.284882352502
28286.889187818673
27796.535951258524
28167.55120641813
28314.861892374047
26921.195185376866
27596.374155039786
27473.857227063247
27823.3396316404
28143.152351640412
28360.22486189512
27545.128789174985
27896.52687421026
27703.19527257538
27241.02265706367
29470.142044273423
28008.335119705695
27795.56325284495
28262.178623593674
27377.609906795158
27929.05550825714
27810.807171896384
28274.937792293025
27832.191716147197
28117.48353984331
29452.227784339633
28798.358865942588
27517.784692972033
28161.231298011655
27829.112965401695
28698.704568412588
27576.883097599308
28707.036047716403
27800.911840340763
27893.40560647184
27841.161594754918
27886.911799778605
28756.359746208054
27969.74857607096
28133.665363482214
27389.92391557221
28289.13528945097
27842.696756570615
27741.72558645051
29093.62882145144
26982.628305468123
27232.190259095525
27228.563271074563
27432.374985006973
27576.45722944941
27276.89029329566
27503.138396819213
27915.577168003474
28032.211364466282
27733.82350410679
27753.188733527677
27183.70143835198
28349.999015936315
27620.170759925106
27326.93940028477
27686.409690426404
27904.971762942438
28434.111315565977
27994.00546381066
27904.15683233467
28030.083372606154
27367.660614946937
30207.64860854442
27664.597607730866
27660.587240446406
27926.17193303441
28147.98411698367
27317.260368676114
30038.374603181404
26935.442636202744
27517.4168021715
28252.91911942237
28469.666284413244
29086.606819287317
27753.801749357357
27087.716978499597
27148.8041886804
28486.483997548585
28709.14726033652
27752.17098091087
27924.65784642071
30466.72258130146
28192.473885200485
28294.582760648147
27172.477556416718
27302.28108472772
28136.82740976832
27936.50142820208
27549.08089921667
27079.02721782429
29244.21576268981
27291.39981947162
28248.583688155388
28076.851784479546
28459.683112614468
28992.748830081142
27730.463042706535
29076.69562333623
27626.335492438477
27843.654006274115
27517.277388992352
27360.96260777914
28111.88471513211
28436.808361525003
27384.32910857853
29026.039097685647
27233.678097075706
28469.114764674905
27905.612389655435
27571.30898177628
28044.34171957323
27682.87555259528
28682.803652390907
28264.401767498428
27965.178636944267
28234.49975882791
28238.274410906575
27753.342065115885
28727.522607932427
27793.370499586883
27682.648599545286
27774.059560145764
28181.757756938663
27606.431469930652
27635.777206664596
27628.292628278636
28497.126613847893
28740.995216140673
27841.754595501505
27991.57487696132
28331.45832542598
28726.490151649694
29111.196429265743
28502.213945616528
28003.854284844663
28047.99563835476
27122.750711265286
28525.004472929813
28163.085502700447
28021.100900680514
27547.985395227126
27254.13520553601
27113.57229969631
28304.417102985888
27696.44288378497
28758.630166234518
28376.70897057394
27313.958862334643
27222.0752005722
27242.33169088088
28361.60905797265
27259.355748106824
28546.76407809648
27609.589888611983
27198.699094954638
27480.357595032314
27197.884570111473
28324.809823272564
27528.083482253158
28300.329835208875
28498.440146100245
27582.904496735722
27876.372651844144
27176.677504860283
27736.923914453328
27589.94750100684
28196.617873577987
27877.803958126176
27749.79820521426
27815.30363291531
29939.74438385553
28706.15226902938
28002.079682619606
28473.063753908376
28930.44891633731
28424.614242384934
27557.47929947509
28856.29396108705
27723.827954659613
28939.244873449465
27513.98584710046
27720.12414040151
28198.134116322013
28089.504300006593
27641.132054410777
27556.524730176094
27597.114807524373
28257.243803964895
27379.71294454281
28298.20529572405
27246.812479809163
28941.680733893783
29014.330727712782
27594.953924369434
27940.349522597575
28015.777372420183
28382.196529408164
27715.679164093257
27339.361208982966
27953.49831144465
27079.59730617689
27924.11380538877
28361.785147648112
27860.0666715012
27517.936473872414
29002.768626885605
28230.50937254208
27705.448269329027
27474.34584833049
27543.788619365863
28062.907712062017
27872.02687496465
28198.434775621907
28131.78396820116
27830.352345466654
27349.911729331863
27635.919714751777
27685.027531251726
28817.14499743466
27921.73871730097
28207.31443778604
29318.001319745006
27570.58683639179
27718.12503063841
27746.71181708771
27353.548861047373
27450.509888942175
28304.314139500348
29083.44429112523
28620.957994217748
28386.52977063403
27125.5746511934
27328.588342463983
28285.309400918406
26997.703633834106
27418.051860865304
27433.80052470023
27040.394428478412
27979.013252424615
27349.53747466965
27697.250726261882
27872.163231278915
27199.239777834944
27444.87827595169
27313.50776599048
27741.760550033323
28974.710566461672
28439.05932484727
28844.65484640049
28449.195155936795
28845.394343639447
27339.39679919413
27430.79222068451
27560.764320248913
28164.640536196264
27260.47734068202
28002.438001854367
27243.81136048908
28227.954933896868
28421.974862408413
29040.97819048639
27375.649802816974
27639.821926297336
27932.789978306853
27935.145212917207
27549.971747216405
28445.818225363713
27787.712749559152
28801.416741365414
28389.632336146977
27719.242676154172
28898.02691729356
27397.230082270726
27649.010599553163
27237.96822534024
28480.658200022404
28187.550649383742
29093.20597243112
28649.076357762176
27074.72758898282
29439.015003094155
28076.354323933265
28277.55932161577
27587.518465021378
28180.187294844553
27950.955825782912
29922.6934270741
27367.200084784006
28363.000943042913
28037.828868489745
28336.478120677086
27259.298133109063
27485.469840820126
28731.65046342483
29290.812580772807
29976.87001351861
27901.296213348214
27790.559012156882
29200.280738159825
27288.114086471833
27753.823071146762
27730.270473360728
27164.756285644857
42059.636771720645
27545.68834522336
27727.520534303476
27618.02536916993
28036.856983864793
28095.424334803938
28583.929463447577
28537.82124466816
27469.903172612154
26899.3002292896
27199.60101216712
27818.468748689866
27400.072085189786
27797.544864406223
26845.499483197884
27678.667472160716
28007.40114338214
27183.493362382058
27699.07122112142
27390.438122193143
27241.899350388077
28338.348153766925
28649.13901650069
28346.55745009492
28477.92435669762
28929.423546103877
27209.11602026049
27579.181876433635
27047.0707656556
27992.336455606557
28063.203842207276
28630.100612096783
27748.85781677755
27417.737611398028
27800.133950428226
28130.75221656767
28825.777488173677
28048.546029924266
28452.03892482235
28237.01745109366
28053.74175757726
27714.306380844664
27164.796756950996
28103.724615578758
27507.0752572062
27708.391571555385
27655.900895867562
27149.60775901721
27244.898333744222
27706.589659566773
27685.277612492515
29243.162038327475
28003.371653463622
27754.055285987426
27429.045140194637
28754.867770244306
28128.48322722226
27301.9788536196
27048.251134895287
27328.3197964241
27511.134116307883
28462.342548134297
28364.549308089194
28753.903348881384
28966.601420358278
29106.804681893485
27709.38795759106
27807.219589645818
30546.455676994337
28539.281019896272
27902.836598544807
27643.05705550708
27692.997873022614
28718.653873516745
28418.90979731611
27512.754829405403
27980.81715189298
27091.6687554298
27450.627904647754
27674.619288861846
28980.08420367376
28402.70985652787
27671.73187240773
29071.023551215912
27351.198259256664
27965.747218099605
28863.48920878903
29246.297951463486
27813.331914169346
28040.170983370506
28027.640730504634
28075.98212498491
28342.09490431141
28174.246065526215
27956.53686866062
28046.40147787186
28112.8149116965
27818.03062385046
28660.903056222945
27525.30462951023
26828.467784300825
27791.537777954753
27859.875617458874
27876.26106732747
41878.09853259776
27522.372102181736
27678.65279734191
27912.68391839501
27054.905983386732
27167.288220879862
27953.83521607086
28805.65763603933
28278.696425359525
27900.681429812452
28856.56879715731
27498.104853946825
28214.664449813583
27897.808866300926
27982.41724850066
27306.69836641958
27551.648884051177
27263.51592671095
27375.679137788942
28228.443068903907
28270.60228999971
27512.84057777867
27782.733217900757
27423.11728368866
28063.370937178
27312.936253405835
29177.342780459203
28167.22427944127
28316.694464428445
28295.7617325368
28336.41779854005
28282.06288780159
27393.009661052052
27771.622166801437
28288.534089338093
27165.836653443806
28162.835819337128
27809.934809699054
27843.214160551066
27912.425474552936
27589.67032422426
28099.531209782253
27512.31787695309
27596.623980111246
28769.38965879886
27983.991731214028
27570.597831822066
27401.368331578557
27598.878701919366
27773.41811514258
27471.94038511599
27453.738613787817
27858.25571534363
28075.08626368065
28509.816512759
27077.549000679755
27743.534871279255
27548.324145470644
27540.440496247138
28061.403003776923
27380.953589480672
28374.509960220104
27668.94289282428
27309.32074612899
27309.523676159093
28003.283386987492
28216.978652807335
27882.973082038177
27788.803155552607
27985.13868114565
27421.69272029567
28467.184041335757
28405.16751042388
28599.668919568878
29405.42587340571
29014.634742324044
28032.210440613468
27526.52543215267
28461.87268763313
28283.339529734607
27944.41295103258
27621.441402402532
28306.012116673704
27817.047917364598
29676.924066027856
27806.800644735526
27422.308143418144
27554.86473458516
28197.88322674953
27844.399369716524
27308.447556606287
27805.74845921529
28713.823701245597
28218.21244965612
28118.782501155954
28427.881265959084
27786.527794000114
28403.811790212254
27991.9372809539
28444.592393859388
27427.15364240837
27433.776187132793
28642.556682382772
28209.135245504032
28320.51057290364
27250.170720219798
28092.984415823277
27933.771253029645
27685.277539334977
30738.073857787436
28217.35004727022
27163.412576223673
28034.43015659157
27822.411086097105
27302.33268768168
28416.580117255508
27837.978907747132
27568.30111414704
27031.796340842266
27822.98832355493
27924.219035999653
28143.634513740308
28063.015078679993
27949.794050801454
27601.69826574678
28071.38646667998
28063.487633250064
28276.47117718725
27305.6273096763
28336.38045010053
27954.37448024461
27081.34922678013
27420.32566973741
28431.83881061863
27593.104797721247
28323.722500773492
27497.783150958967
27904.57885587392
27923.68667945209
28542.910073826748
28084.220072233544
28169.312811016196
27444.44380149725
27652.445245558778
28197.9237071639
27366.674282465814
27602.57605989748
27477.80831389929
27840.51516675255
28470.469441453683
27934.581870823284
27504.006924127767
27774.515795718493
27610.601819751053
27854.43470416091
27978.042158603832
29830.381470505574
28019.730864259644
29271.04510754748
27438.39717847143
average revenue:28038.528674585556
possibility:0.004