27576.26283333005
27809.727577342914
27764.637221185072
27208.56491596334
28449.97437257254
28490.42915127654
27376.37343761523
27646.920635918155
27780.832489020228
27710.780729232032
28166.064094316695
27378.80715421503
28179.014302609743
27754.60607396032
27713.79255372271
28234.76513948467
27485.638700550473
27650.18668334918
28519.48677531174
27551.908653452578
27772.206174976538
27397.873129976502
27794.896534500676
28720.870142608284
27427.190793892743
27227.163551847545
27150.18928467269
27925.43245627497
27774.304876224916
27380.859200668965
27479.288811353963
27790.48549519296
27911.593879199605
27678.106440075146
28034.009435352673
28613.029241234177
27977.74252129676
27931.218367088066
28365.058455840535
28935.866071307453
27609.445253703692
28152.446385584597
27351.43178156183
29296.502693347506
27842.23923612101
27767.9825121854
28664.644155316073
27116.051674460632
28173.649576178766
28455.59159395095
29498.234177107275
27633.133346591483
27066.932892617056
28162.33468870513
29132.142032599408
28249.268957510976
28338.941776285108
27014.53651268696
27202.770043635104
27551.419119094207
27906.23734810961
28181.394817147102
27542.350021801325
28264.396707624885
27917.054195702993
27905.2873081572
28841.855769364745
28689.818838180792
27216.984591115175
27559.619330095622
27379.197198417354
28027.719103944768
28170.17977695468
27688.557244874624
27612.102484116578
27084.953863979143
28471.91571538989
28494.710051989554
27611.837956862004
28003.585815868693
28844.666360775405
28779.939643443646
27399.21371681738
29741.242405449706
27373.421272247888
28172.19186481935
27799.746099334614
27129.666693291998
29321.282310580325
28215.932336601203
27423.398570723068
27300.827290854053
28588.888981053635
28049.95516930162
28455.872866626534
28026.14085635841
27413.92839956376
28536.003442471665
28175.230183036376
28109.782498642788
28704.63637799748
27285.49141037813
28504.491341704947
27669.553299636533
27822.295970531857
28086.339557773197
30599.89768020337
28722.022502009764
27274.87122929726
27617.482362889725
27632.226274129833
27056.276703050626
28782.367188732966
27469.432790177467
27676.263652615355
27413.345261841558
27417.780304967408
27954.25653328294
27893.73732023298
27553.052500912974
28894.810347435177
27661.540109439644
28937.754231150964
31103.01788552052
28487.198169517847
29688.56564429868
27379.584364367543
28489.99181451003
28028.558876771756
28362.568953493213
28609.7007386771
28002.85730242473
27808.306889654148
29182.96843787562
28378.04319877287
27713.5763850233
27710.33556008448
27296.777918025524
27457.46562710834
27209.47618262626
28943.896284443796
29317.854203457304
28165.867978128976
27728.494251319244
28653.417264125583
28257.47346845894
27407.562547213933
27187.73104360713
27742.535220249552
27841.521424293518
27702.746357868695
27965.991702881267
27556.047012544008
27957.554923181982
27462.930539133158
27364.855735008725
27916.967913407283
27631.30232578407
27873.56343961937
28582.73690211131
28082.459364665323
27390.316892165596
27587.515301831143
27956.32498545702
28862.55286120227
27556.910029124767
28164.615996350913
26929.73587434402
28681.164331401716
27621.720392355728
28353.43732146372
28077.038556375664
28076.941443353266
28071.07296103524
27918.887951437926
27868.45231921351
27853.975256169684
27390.23696538521
28628.1070405434
28293.267967195825
27456.38140671735
28141.09126637261
27946.929709333886
27286.42058936708
27628.635512752917
27799.567063483275
27856.297446218832
27456.38972053349
27731.149656570968
27855.00664902864
27427.095488728333
27551.566228238153
27920.330021996666
27401.355999795225
28156.879737899464
28407.511999239243
31232.532369787914
28287.470294927614
27889.170822527838
28451.16784293367
27468.590583575
27557.539525108976
28764.186837989844
28329.113679493807
27851.81139982361
27465.492768273056
28227.792519715655
43285.23977832459
27279.172348810545
28213.24157383471
28566.114984283788
27402.653942081528
28691.940153652755
26942.817379514392
27367.33815247224
28602.30799882083
27332.28404735258
27898.452412863986
27744.16639173889
28917.242457986453
27673.616496380822
28431.764242053774
27818.146217733105
27586.856964430033
28222.41377168711
27706.256925048638
27791.68558718132
28631.713260769127
27298.330761614616
27380.844418694483
27651.11133289705
27615.249614154192
27303.221129433237
27680.547377237177
29560.315935620216
28195.3547835955
28269.870236604413
28325.577290596455
27235.03280324624
27673.187715429278
27538.9160583678
27888.21229601084
27404.9322391168
27495.193167368394
27729.50560147434
28655.59947465524
28651.749967013173
28911.034851588924
28246.320254357794
28702.60487228783
29308.832709737588
27672.437367166618
27913.322668263183
27780.32284948688
27831.662450989428
30136.321140806725
27750.09615886482
27253.442825446466
27030.649716163276
27866.618749894868
28497.98306350435
27134.433963460157
28959.238008172568
27535.720507032114
27395.451790990086
28130.32318145497
27728.5825454069
28073.69511360994
29505.46486244918
27842.759864607884
27489.507234106943
28227.168496562514
27163.45438097214
28006.25246656025
27794.056027542112
29894.784680688954
28615.45296629174
28141.385829830746
27988.3292854254
27455.836573219945
28004.764838134346
30094.330720887243
29080.12667571573
28392.30310721082
27903.557484787067
27250.644648195397
27376.74824529016
27927.71307912072
27779.014821522316
27140.04244228084
27694.30305227249
28112.49598336546
27600.92463477867
30263.295017348024
29162.804780190556
27220.284822774836
28613.652103800992
28534.869764197923
28322.54391084314
28353.426885985817
28988.127268533928
28768.115484374764
28796.89301992697
28840.20166238671
28259.604528557007
28251.832316294876
28513.056947697136
28938.035212816834
27986.42772911771
28347.361807008514
27716.84799667298
28004.394823757026
27910.23374599708
27495.554041089646
28402.982669115874
28714.859383339823
27511.19683799338
27930.043824914017
28058.70206207278
27518.812306798467
27380.121984243106
27918.642740194282
27583.044246246496
27595.874361129107
27890.658542990153
27578.258223437857
27799.321006857088
27228.980368638142
27274.040498307044
27882.492712818683
27735.5988813381
28006.32051405915
27753.738653655717
28097.03842924705
28599.69534297005
28154.489010939535
27970.958589775346
28052.149377837977
28718.127568620977
27712.202382057683
28102.167770122418
27772.782659110613
27882.137988094142
29006.612592169924
27610.965759781517
27282.622490172675
27294.309939221348
27669.412452719993
27370.959827341805
28132.265930470207
28030.85481548431
28841.056451640063
27701.53124594829
27770.96650685792
27522.24806109296
29178.21040794748
28315.737209930685
29436.945099310426
28058.071698054777
27131.332457976994
27402.43993507903
29659.695762092913
26947.5588780405
28457.69743656777
28932.68931264518
28772.357697034535
27666.293473638016
27618.22569360254
27394.713203969062
27887.00956608797
29674.194185222957
28316.608676887543
27886.870119068815
28329.050177239977
27518.809863919378
28051.60640732041
28243.57884074203
29071.866773178106
29062.457069437467
28539.16487635731
29819.60455615006
28479.521203012704
27714.82409854402
27699.12736026074
27445.918667868133
27917.35861181454
27958.148178512103
27327.483936002798
28316.81540610951
27117.74941053808
28591.666657866954
27869.681058399925
28210.36572164044
27919.610684098116
28289.291229653732
27677.393543135277
27337.224483786977
29378.893489549366
27104.893007463314
28331.33283146765
27829.166885824252
27883.01541832906
27238.494797446467
29822.30859793943
27587.87369477731
27121.016952700636
27957.57626999485
28958.70789854403
28442.265759293874
28114.70460972089
27876.00839660642
27234.336848188075
28658.14875258995
27423.617318362358
27681.664950535236
28697.572957234577
28618.623833425954
28313.869763308147
28302.10785332159
28191.16491742979
28017.789664788368
27262.73030844538
28591.310449826273
27992.358419863853
29214.782900689093
27868.13921992529
27943.431304137066
29308.125606453093
27493.722907480304
27723.465294869926
27898.077968509097
27138.623932561637
27706.845864347662
27481.534142190943
27754.434100187933
28938.2220767422
27919.422069207652
27396.79844910108
28005.81117218323
27859.918623800648
27945.000409995213
27869.62917808169
27686.79050152045
27868.332153966676
27375.875252145335
28374.17798487128
27084.974782763253
28380.100578569178
28435.20093239944
27486.06115542915
28068.760216294013
27946.711564977766
28219.621392951034
27579.7545553223
27461.187336905397
27127.471391251158
27399.09985763316
28909.340001730827
27211.35586491434
27775.68252902538
28235.85333586026
27845.503129795048
27684.575723727085
28524.469476169037
28377.91568810254
27687.100009547226
27553.795473175294
28427.72860383315
27262.835104272166
28090.309994730007
28299.909147704144
27231.43711970004
27773.849404291963
28358.525669028524
28348.13019785393
29255.75987054237
28012.83568228847
27880.50589148384
26770.89379260287
28093.50715637991
28500.86229732606
29806.693323291045
28139.63319535344
27769.415048446222
27339.573613250333
27776.59517443345
28402.718807978017
29634.138641539666
27482.815574871067
28042.558133580984
27857.71314419124
28610.765635876833
29018.94086209973
28686.174045269156
28650.88244526755
27142.169263357817
27309.644006819293
29481.58125972703
27800.071318818886
27354.335273315046
28014.037210435665
27731.646225991044
27826.75833675606
27614.303673944738
28616.337233133207
29982.01112451722
27050.547297220157
29079.96110666189
28229.501091675727
28068.30781208585
27792.188742402857
27367.235160943983
28235.541152171932
27887.727401024382
28707.490319043587
28049.77416679798
27999.111485584475
27440.763952194764
27479.69475361207
28588.020666337245
27657.455022015944
28805.916331162254
29190.01703465627
28673.555734318255
27572.45740911124
27755.66130540318
27979.6301402703
28265.319546800696
28119.819658403998
28041.433445702492
28505.364484993534
27877.918614582977
29013.023458594012
27628.994288579303
28400.390736152105
27819.80904082667
28364.76127089587
28592.040099805305
28464.239782687633
27783.855579865078
27224.32411858336
28663.18028655956
27680.403088086492
28214.337181868075
27147.290042272045
27977.021815085845
28378.00084503118
27875.837254345704
29321.595532997602
28449.143947667406
29756.32010692971
29056.19013070465
27817.361728270516
27838.925589571158
27212.462080457724
27952.39830869479
27822.037335487523
27195.829628308828
28358.419982244333
27807.64039932784
30492.26049938964
27550.29529218363
27754.285376326752
27702.475457008346
28092.47770706982
27881.946170169733
27891.88749919261
27233.236927417453
27519.696418649142
27574.64834970864
28369.90210762747
28173.096102458974
27507.36761082243
27457.52833068824
27661.139123619287
27473.979842820878
27531.362620279448
27758.31086636451
27311.008831655454
27339.875980991415
27559.026359464686
28447.954770098524
28866.38549584853
27135.992341667166
28190.47363205069
29124.09321322292
27830.783167292226
27967.592669371654
27710.391251403333
27661.13153226202
28376.889401401
28467.14531760663
27774.920019273733
27387.787912362764
27696.29317994443
28244.34932632909
27607.477414381556
28663.974340674067
28063.262855853154
27788.790192869605
27760.154056635973
28243.0855913644
27233.038163363744
27737.08218779726
28438.001414111477
27197.993507785308
27970.26741748836
27877.509649508385
29068.351442936742
28038.659189814007
28114.848089804935
27686.791649002476
27405.608210888375
27925.877058795028
27303.70711309456
27867.542744359893
29931.46829433873
27531.963656645476
27937.47832008909
27385.715474136934
27696.73549922276
27595.18936116654
27911.896230394974
27614.48853404228
28072.490219866726
28597.310216889113
27872.156079590928
43900.267880857835
27573.139535520382
29330.825006438175
28577.645458985106
27467.29976059529
27978.5849190176
28216.68699891947
28010.294747990254
28230.109473058634
28982.63554179252
28315.363090603045
28453.02224901663
27334.264842774985
27553.272699897632
27729.233830407873
28144.24615008815
27333.51705188115
27542.470948375623
27581.852503110928
27723.148560520433
31401.41533163602
27596.34527384421
27617.300617180783
28595.342331358675
27986.266341116956
29601.624763623204
27703.72473908538
27704.61511583989
27976.426839985892
27809.27289053222
27447.145618511007
27591.11622447942
27969.03925870285
28043.910325330882
28482.568804556904
27536.505902372028
28129.758475182753
28277.852173788586
27719.272125578846
27260.316227436346
27751.08458347996
27121.950138071534
28482.60623631596
28085.6450063701
27165.495405740414
27903.023696025626
27817.862198099418
27293.30542829913
28211.474166287117
27579.433811779767
30086.364313664446
27963.646569758133
30091.115623283236
28418.481762376898
27879.53087548948
27103.489926594444
29494.403008071284
27374.501777981826
28033.759963606553
28646.847694636068
27954.83929066814
27281.689242885557
27615.79922039291
27723.06707359279
28080.31871386998
27753.247774303072
27593.907957577972
27560.34500635938
27867.18943821043
27824.18217158645
27691.587015272617
28209.85109559939
27485.137652957448
27616.56607681256
28569.219863295322
27483.443303782424
27121.104643820312
27800.867508833482
28067.994550473024
27512.12654834227
28087.561831878866
27607.934741728328
28650.911056650053
27308.88483439057
27560.877406942403
28162.534189352307
28672.908250353335
27404.269970543024
28347.366677807113
27432.868042922277
28053.330285750137
27574.815163356892
27381.443248704876
27439.566356705916
29925.675946983672
28368.499985863607
30570.64138880511
27413.112234297845
27279.978048849964
29009.051895236564
27346.747497600187
27881.405348394226
28054.444803749862
27645.111172906047
28941.53086789445
27212.675359199504
28362.384500874778
28485.637089437605
28605.717477371436
28233.559621174252
28922.723494149985
28706.89919643728
27718.65322038127
29116.42921369763
28918.040990084763
28326.828727240434
29410.666260307953
27683.295990257193
27498.938974838333
27557.263204977295
27635.29988148441
27512.160411249297
27864.35359755488
27461.236005358947
28236.363876918
27541.14736989559
27536.676327981535
26987.320514240153
28227.327885287923
28327.985587425967
27912.306605192593
27715.254562734204
28409.456835779307
27445.602541744156
28173.833491357705
28503.080567173794
27746.044584598607
27190.92973633475
27258.513997964554
27913.691401717027
28984.858691325655
28020.022328076193
29333.930457182913
27285.92987340788
30135.2328125983
28162.348611734473
28239.726843643166
27939.12171512603
27534.411283905745
28392.13868657952
27897.73843547837
27586.480611665975
27501.735402503684
27675.826709980214
27241.642660809313
27995.880075110515
27925.08805919977
28276.928595934387
27416.194245529823
28254.51027130455
28177.344059901003
28501.57194440187
27865.66732634864
28617.06455695375
27654.909026411868
27648.2637511242
28763.190271600997
28051.35008266252
27947.38204403536
27160.15123567883
27458.399777609004
27966.552509109824
29101.884752188234
29823.472672057007
28691.016784624375
27577.316261954194
27774.59138614868
27178.100630779325
27333.983245256055
27342.90456831989
27245.63271850691
27459.001589057294
27448.668331358484
27591.179882502827
28132.058445347335
27170.96784420931
27526.21268230894
27786.51450353709
28879.64091619313
28102.3929357472
27756.102588525016
27801.090976085074
28761.74736589356
27795.344101902454
28024.958969467447
27207.356476775112
27449.023462458303
27776.620403683144
28015.551538777603
27308.34103118817
28224.14504243484
27127.951672693423
27463.847864012398
28166.04190791756
27565.85165730336
27254.12732705983
27058.660753283104
28816.6964319295
27826.483596496942
30637.034750911724
27779.31530763548
27703.666801164378
28722.0521846693
27808.343761115444
27435.87540295915
27524.19108124966
27904.44130998036
27708.828407960995
27108.872250965847
28523.005472893048
28055.996906159315
27676.38513573215
27308.744864681383
27573.96170716216
28860.658052681156
27294.45912719278
27368.341715248953
27741.83652835802
28083.678756143094
28273.408825243638
27822.34238474975
27161.46588770072
27868.069801271253
27238.265779191974
28391.512028845176
27741.86734195808
43441.231237069514
28000.466198416627
27713.857898588583
28904.954725130305
28033.88336812045
28918.704573199182
28189.448707036816
27420.539264646613
27828.064751113136
27622.792830771592
27707.635212719968
27666.061489563814
27646.424446849414
27304.359202854987
28740.63858229647
27666.583341654292
27825.642324665918
28420.979499877012
29165.259269354734
27877.181375825658
27977.609648316407
27440.05325891076
27437.384619687593
27134.496985518206
28439.104137436843
27579.857849107546
27013.927535481576
27461.66761912459
27909.86649678712
28169.101286888166
28946.56024003467
28213.55713128307
27324.66702190307
28952.649911623517
28305.48763627119
28088.381095953413
28168.46734964535
28119.210597081943
28275.615118494425
27805.84522225271
27998.350601409158
27760.84328906146
27496.407358354747
27146.888799603286
27408.0741641498
27244.934708392626
27861.226041808724
27362.919392719745
27443.17528615906
27778.48890982475
27453.995296637175
27860.39072106913
27735.341265861265
27865.284611511615
27794.934556920925
27604.338447968774
43616.77090635934
27313.323328093524
29172.504618911782
28376.630342747943
27522.184090764295
27747.479373249866
27641.800090265362
27685.804808354857
27722.22293593091
29039.490914671533
28063.139564181587
27572.98967715798
27405.137910135214
27669.598415189295
27448.87146690365
27508.65507409414
28974.298680219974
27287.41868554203
27699.924129221847
27417.13565450971
27791.846967972637
27334.994829286716
27865.315518178817
28124.912661700262
28076.97042282941
28280.940119227602
27640.66006968743
27506.871366220348
28070.291491033753
27496.47386700584
28409.801953306604
28050.5216105584
28437.263472370243
27910.653867455658
29002.599136745397
28201.764666903917
27645.783617057627
27925.590405158026
28173.42183118466
28345.757687554284
28268.01219401728
27974.86216239907
27412.31359682338
28222.11045776616
27776.69417087927
28049.176605972476
27995.36295725284
27308.369907467055
28276.686980614926
28672.94264879673
29312.989945995454
27893.46613367884
27161.138537503324
28631.889430214876
28216.753579207954
27628.559835373802
28074.679849922315
28111.459137759022
28078.304640023092
27588.29222953964
28356.827225305897
28414.918279483216
28485.977994850993
28605.363002524693
29082.51172788798
28633.883572355542
28022.34995409346
27404.211291755357
27807.377674821837
28864.995758046727
28682.35280254988
28722.696959484496
28170.51206056849
27837.950564430477
27355.81623307414
28454.552613082655
27517.613190569504
27193.8402713857
27975.59562319904
29516.887605007163
28017.48960048194
average revenue:28070.981697792373
possibility:0.004