30107.986497748734
27183.194069817517
27586.352425587444
27622.474393074437
27862.78390815089
27580.31831164295
27476.347276541663
28182.03782357896
27516.582399819905
27784.51082697141
28439.583284587086
27945.328710300848
27706.947032374264
28923.137473047464
28841.53232428882
28148.2751345516
26949.36180526066
27238.439630197452
27420.804565151764
28072.802524916544
29110.214402422105
29258.04066077745
27502.023331983804
28173.96703925086
28956.615748029377
27558.024900769386
31781.810496160168
27431.286486979116
28082.15422866975
28503.526609280572
28021.70441803963
27624.778389757743
27372.067699331797
26948.718400636862
28089.2016013831
27900.49660953524
28911.084719471037
28216.729257127678
27652.66751266539
27901.52595232309
27575.405284584915
28250.604828181276
28555.079758955337
27651.16314416785
28121.82308134279
27904.29537858281
28229.336116794635
27750.250784164476
27414.212766417942
27557.375802402796
28015.76522563344
28409.41985717108
30900.352742044273
27918.365436383847
27762.071984682192
27649.487035031703
29573.25308190512
27629.519964062387
27869.92479348745
27948.56284652903
28064.70181047548
27460.553960894875
27232.100390075597
27707.437340990346
28171.35929747269
27666.067447159105
27105.42651247978
27791.497337026703
29308.41472541907
27939.327256417924
28667.865597533215
27816.220953623048
27888.15406818836
28099.458627067666
28172.557379802114
28485.647383683387
27282.033495323423
27307.87017992715
29123.264172133262
28010.41946418005
28074.938130737486
27683.448721881075
27640.689739533213
29567.34021333961
28094.605769079797
27880.958852973068
27520.6862593427
29070.136813503243
27353.471797649076
27065.547956873455
28182.256009806286
28244.284312700423
27699.77593570191
28625.794420330996
28587.960071265206
28218.78540371768
28062.920661878718
27557.653010974598
28193.86764377138
27940.400237559836
27745.721642108936
27888.39324943767
28661.68985083304
27635.03172061934
27905.61381590583
27895.92336802393
27690.887761911785
28356.007031502057
28286.579747752014
28162.10241181191
27859.247938314864
27671.928353744588
27818.639537036066
29658.170810759664
28320.653374804886
27528.912902045726
28644.893120898418
28041.44678165571
29165.920916182316
28029.5362114651
27756.985032555283
27243.28520742484
27754.91839393543
27870.318995620037
27804.77500714268
28689.36433739306
27167.872575090816
28595.32006205409
27935.63574375751
27679.923917492975
27622.862755276845
29195.332637680363
27643.05296265581
27157.79697822204
27768.706138603397
27897.035632364696
27357.801665904746
28757.399332274555
28288.7479748475
27265.563237159
28465.426236927662
29251.763243824018
28122.199029341344
27523.1255651049
27978.56686166712
28164.515650680827
30706.59760400872
27264.640684932456
27885.51126589075
27825.550814636816
27862.9999558596
28190.05713199409
27850.21958810268
29017.097344053775
28578.057514349635
28453.472345670085
27190.516652788858
29878.851912689748
27649.069729114173
29258.054586078524
27805.074163448327
30109.85589650946
28349.237617679202
27964.650025380608
27669.342168147767
27689.097664834677
27588.563781172146
28550.41927477401
27555.852145768862
29892.23443590667
27687.47137836501
28136.37578383032
27153.796087435654
27454.26377659971
28312.21123322078
27961.34253672943
27811.929613624736
28679.58996217892
28673.191958473406
28401.15422762507
27570.14160177397
27626.126931151535
27431.43474904606
27505.382227156828
28056.145645118384
28803.88032355206
27426.693350641777
27793.45481647376
27954.055237021814
28120.34866254764
27874.996120791675
28734.323856343173
28759.731928582052
27737.47127392638
27347.007527214795
27825.236126005493
27719.12861729458
27489.367728577217
27525.204892061443
27668.391689615604
28414.352033904972
27961.765365933155
27465.627319804542
27707.771656103512
28283.331698924878
28517.77601446357
27780.914348007558
28139.9287250064
27969.210756574525
29644.71104962012
27263.480513622606
27948.205956139976
27461.340044169217
27503.937970286264
28152.995088290645
27648.790260526977
27721.166022763253
28089.221038316486
28645.238593246424
28159.315396274236
27430.241386475718
29030.96809768723
28743.175415453545
27498.046792724246
27989.741530236206
28557.498129112733
27923.392536266976
27098.286215382814
27434.244301568466
28380.204491639426
28998.48803738057
27099.195666306718
27630.688553466076
28119.648810598155
27123.674261121832
28195.803429245847
28833.87059938635
28305.5006350198
29589.301085958457
27384.420471304784
27453.28777056182
27194.595360982283
27664.351737282406
27896.61168483746
28700.234562019767
27756.541550573587
27858.132901654368
28355.000855192295
27925.995412594573
27776.979774404554
28303.69254625018
28506.442791621907
27896.262892064762
27556.40450520225
27472.168443562794
28146.737050034295
27997.53914286626
27573.479485404354
28052.667149306937
27628.143945151736
28165.01236976336
28961.903671479326
27965.03213917678
27803.243687246733
27755.79909373636
28071.967899696316
27602.21356919595
28011.109187863774
28167.2008109113
28219.199271584293
28198.24173880788
27904.27834860572
28156.60862108284
27267.43706880439
27318.296878397094
27633.70404566705
27625.674594331533
28242.700668760706
28208.909437229555
28018.82205026952
27801.37901325466
27456.68237749549
27989.49844318652
28359.006265962886
27752.072185192017
27957.848120893414
28120.36252854929
27357.44500589635
29023.83856599176
27927.210999007308
28416.64029161714
27452.685727866727
28488.96479257734
27833.1879530858
27765.705116321067
28532.832765909836
28364.90894164934
28913.37459086163
28283.110247198227
27204.059421892893
27656.236170873104
28390.39082376994
27701.560908684296
27487.174394117035
27711.76820641752
31021.739075891815
27274.25119092343
30161.147305264643
27990.269418721065
28116.68943920273
28639.437582180435
28956.277714641557
29222.84346612049
27878.083755238888
27805.021523903444
27468.381968414873
28249.873829521384
27729.63917610306
28193.903138988186
28974.601274882956
28599.35522759994
28166.506297573833
28470.987361620395
29779.896225663826
29423.42193135998
27075.344419156863
27965.7209131532
27651.997623665862
27645.785631458548
27131.11798292983
28205.000244773175
28390.225153191583
28094.262722211566
32411.125812612157
28863.690152867584
27395.705298175704
29883.06021389468
30009.137330545942
27587.999342055948
29751.148382020063
28105.875813846018
27888.88568832667
27785.804435143116
27520.428271280234
28058.106485348628
50814.78138736401
29201.022405127642
27378.068822803252
27593.991370495827
28557.463425051552
27841.41921703045
27893.211470883303
27598.263040045666
27416.60854299585
27928.523631557266
28561.10824982612
27592.647773051256
27901.77976355916
27573.362245671295
28413.465001229248
29528.49797397055
27723.688407386
28317.304782952757
27734.958135389235
28042.170149474583
28182.399721697246
27161.799136522677
28090.926293340206
27654.978061503847
27260.880588609973
29078.01312928921
27851.438150009242
28791.049642602553
27378.352615507018
27947.385717153753
27662.624743680204
27660.451619691823
27642.7643257798
27300.063635130107
27758.983104143306
27445.255643018972
27403.647745579285
27517.410145504917
27421.66320837786
28530.42957725014
28342.348433701292
28291.9091730389
28204.187133051095
28448.905542265828
27763.4568201051
27963.55858229699
27576.7042556138
27867.01188606205
27872.24128055496
28680.359651150684
27671.811861052403
30255.836816518695
27442.797522211753
30454.87389833655
27795.187182878515
27793.95945005001
28113.657974172158
29133.297468562218
29002.641653784096
28420.69034334632
27423.101812091078
27641.16228591498
27361.306198455353
27534.06242378217
27785.78027221396
27567.14366906415
27898.481999872467
27644.163725735605
30740.580662691656
27537.131081253112
28403.248791919945
29564.201777708848
28881.219939264658
27419.12432731249
29688.23946993171
26943.53508864254
28438.191276413807
28658.942343333536
27843.96077433714
27919.666032532932
29253.448963833765
27539.922405333178
27723.56477145088
27491.084680207015
28364.125678161596
28650.30604535773
51189.38080378602
27897.952461592395
27809.865307139517
28048.742168665187
28345.518026422236
27527.837784059702
27300.556630256564
27241.209206769
29058.15431531212
27364.28925744402
28005.02357032552
27480.35885624936
27487.95332238127
28110.576113032857
28776.415843508632
28996.020048252925
29075.423591409624
28151.839836243038
27408.177037375506
27330.51083358743
27565.65059754896
27590.296135896082
28728.730533997696
27262.31040574761
27634.73150657812
27919.178459313403
28931.532753595184
27316.943398131752
27818.657813869242
27753.259054687434
27402.939324859046
27585.191136981663
27440.637398870225
27799.86265102409
28474.198604995152
27509.767118359334
28761.960562142547
27258.81664313169
29339.987787607482
27581.51166881617
27531.279583096948
29528.860699440585
27390.919493278005
27389.958803405523
28308.20700158009
27478.036659083828
27743.56149824111
29156.24489972025
27862.022701051323
27943.069268716063
27561.562291402657
27617.34735820856
27810.387595433673
30433.962079186258
27834.064937119158
27446.32781048069
27032.077518587805
27953.943268979947
28138.075706834785
27486.591922782416
27450.62250640711
27992.562045519702
27099.699362210038
27282.13987558741
27929.20746113882
27832.064488631982
27049.97247294697
27775.931547621934
27713.48064726558
29435.163339418785
27979.729136131795
27887.81552924537
30441.45771567219
28273.073007334322
27327.533373632363
28004.235424875416
28919.254901053344
27706.694249377786
27991.821095829077
27879.016946549636
28121.447072685725
27350.160782631345
29507.955855438693
28091.975231204546
27302.88781653724
29300.718638013906
27789.889412026925
27522.231293533292
29388.799363191803
27497.833736527937
28199.076210761144
27561.612171156947
27320.797922391805
28199.040053229535
27519.248737074067
27677.74048499862
28616.27340209751
28049.54437251591
28311.226292212985
27469.358920101433
28338.785600941155
28940.05624579955
29734.607102924947
29023.640509760302
28260.109317837934
27167.21860203834
27847.396815264252
28306.73690670643
28309.453723312574
27766.84893075998
27732.64424110686
27536.581452058123
27064.640174271604
28728.439857856294
27735.34972145331
28784.44419277719
27586.569573785408
28350.277563612708
28051.047714442
27832.23750671503
28443.294855826265
31161.75905791149
27178.540225911882
27695.45605635789
28901.373665553245
27966.53197113586
29094.892402531423
27547.84298118544
27382.463876966645
28240.062405260942
28251.78130776278
27666.05208297402
29378.604526952302
27481.051715033813
28155.410741513017
28381.712657419077
28168.567308630852
27630.902080029042
27907.586666772408
28144.617710543927
28554.685197143775
27439.818805219656
27791.064294604177
28135.558224974862
27277.672082638055
27566.70225443805
27904.769664745225
28254.248144760226
27846.94201833775
28057.87609913311
27168.228785958698
28189.400130831644
27309.89736537954
27708.354749961356
28424.65324352008
27853.911963691204
27139.207544000867
28744.047365700888
27324.707280445422
28371.37686096842
27542.506468725263
27360.184554727064
28870.69194465264
27521.866287439698
28746.99449825278
27706.168000034635
28148.016178844715
28781.840190796618
27604.734470354902
27193.10895470116
28450.71960908751
28295.448100045174
29030.383673036376
27665.407681112814
26954.209419465962
27885.502454356356
28441.91339294265
27706.743901051897
27631.821979938253
27679.197969720484
28300.12635064997
27166.847710738748
27468.449639327733
28910.682408071898
28175.193840129592
27991.143384856772
27517.867984352524
30359.58433533795
27329.754513935917
28230.77062305591
28005.110186385453
27678.22688480625
28958.921378391744
28546.21101129249
28083.250317180795
28517.345161049754
27185.1256679332
28405.36521392264
28228.30599784209
27715.71181957341
27960.819208176195
28072.452163442264
28206.58717167774
26769.038136084502
28396.405977585426
27509.509216424114
28380.841625230714
27471.42191321116
27618.616734430092
27895.970006396856
27230.40478777957
27580.219490986106
28078.50925285326
27869.410738442148
27511.34137775762
27494.85614684243
29216.295484740032
27901.64248813028
27159.33289732262
27340.2731987126
27489.45939437915
27885.6452699975
28387.308727434185
28811.758117045894
28278.687429484657
27553.191018926605
27346.276501336335
28845.707216195224
27554.28233947067
27121.77190543097
27919.49540719016
27591.222447027038
27246.275401358464
27397.86792970132
27422.438173249913
27863.748344143514
27332.82683618667
27184.428323334152
28325.93078078324
28068.200147090785
27566.68237001013
28560.247259002757
27078.85566471619
27964.916382756513
28742.10428753459
27750.76908675171
27794.889046260603
27404.079872424278
28738.78180484378
29232.8956050169
27807.858681666512
27613.96495526085
27625.444422927903
28475.361949414375
28552.621777480166
27290.959472174683
28134.691512250145
27969.166314708706
27443.903180290432
28234.479359078417
27930.24631160509
27956.98346639293
26865.708647787356
28066.31026244856
27614.583561342057
27374.294371385087
27798.470096996425
27225.658099483884
28372.142350727674
27463.014573545606
27906.279954675243
29307.814420763574
28774.610904611796
27810.570145611277
28038.944898407753
28123.514124534657
28703.933608431525
28658.37444047504
27664.550584815202
50448.8817444
27975.08742355188
27856.812820351483
29118.90999496692
28656.230540357
27256.232360138983
27431.38421055975
28649.11634569949
27649.48108720938
27967.509040189736
28038.640811608875
27705.47494144723
28071.20207780745
27753.408020936946
28283.902297446402
29477.91902915328
29840.522888360225
27990.227580788433
27815.601691280826
28303.86375036688
27565.37190087803
28224.3363606441
28290.717505065542
28925.271352281707
27374.88817858477
28059.161031086776
29061.314802977286
28116.86369232803
27850.680212830477
27798.9665127808
28117.13027787553
27389.642048504935
27664.88047964845
27540.88099857884
30079.92434467399
27982.63258111119
27150.43526923726
27989.018315969057
27481.04061569977
29187.070060586673
27591.812866790784
28505.732853533646
26930.44141700972
28027.89110200869
28318.46159326419
28257.792969374023
27142.350068781685
28195.928434877645
28409.84306000921
27939.904946712395
27729.367449704296
28256.809029240303
28030.776738316064
28242.15842787558
27946.74124092903
28685.21225535077
27799.878570440233
28623.919010306654
27770.64618723858
28136.756312337002
27839.8418001309
27319.186620395543
27377.031445350964
28050.46552476478
28000.62477181394
29475.209842949535
27845.462027805585
28498.399306559873
27616.203753777343
28634.535954527782
28907.699353496853
28172.543932711123
27436.890368583718
28574.556641320498
28371.593209782182
27559.83377113973
28106.00927452392
30227.635808537943
27715.853950687295
28243.398684639247
29167.333635412895
29226.634229925436
27420.989488867235
27767.92730335351
27870.338451294607
28007.336907844685
27593.316555016638
27789.26454207008
27535.33005930867
28068.828065276874
28386.153645513838
28199.149622735273
27629.428542573143
27298.389716118585
27568.574203883098
28949.11513116582
28485.97952347818
27920.203654290268
28628.441644598766
27942.29367522531
29852.122979968684
27252.781832301644
28175.73623496891
31129.420853090556
27294.227022738898
27235.063975787663
29003.821348567188
27453.270602602708
27489.689805648908
27238.95797361691
28040.24715896047
27077.93955503021
28280.5496411459
28471.709507747368
27825.514054082552
27814.049092909274
27791.197601056883
29653.051505614545
28050.155341892754
27260.828847007546
27935.968579012017
27434.532768624103
27621.958450161757
29109.861028450927
29147.28057882802
28194.16665587613
28025.234333577908
27715.79261742059
27864.268619926923
28901.617461310998
28776.44397283923
28192.653242954115
27102.367866251425
28944.7321814455
27307.899607131625
27795.916093602824
29489.15865221691
29974.36108003131
28293.42593118916
29056.78259588655
27389.10107287329
28584.826343437475
27197.953548169062
27917.902017764573
28230.498895975004
27818.072620056228
27398.542213415174
27451.665289438417
27468.88613691159
27798.816769899753
28364.018184709286
27915.31906624453
28511.616265885015
27308.460757048735
27452.865700167247
28206.44493693458
28772.243051383095
27277.684205565227
27694.830088952553
28007.9731302176
27889.94639167257
28657.009552465282
27780.72279255916
28506.569590838528
27574.140961368743
28190.788546097847
27055.078368493432
27948.321302734796
27114.428573207068
27898.07698678194
27442.449212759788
27497.488510992014
28112.104777892957
27778.932431994937
28446.401335717583
27641.130007687432
27256.766299189596
27346.1873851448
28150.499829046643
27659.9799687425
28181.774850372556
27576.23164610842
27398.925033982014
27672.930675888
28092.861048992276
28813.98550138226
27236.143193869164
27974.661777196936
27937.626232773193
27517.344748006995
30504.65378436538
28300.351177270593
27977.282444482167
29116.43139264313
27739.077597663836
27938.503207197802
28608.611063272256
27502.52325587735
27822.769402034315
27383.924115287147
27627.52212443069
27289.40608773801
27081.061475797735
27809.34370970236
28290.72565450986
27126.9350079625
28292.38802752813
28682.11596011206
27251.305493022002
27482.82276605641
28085.840262336264
27787.794470843517
27591.68153861476
27384.59891302128
27231.306869249696
27306.24052361549
28039.924857213293
27909.827029118896
27469.904520368447
27704.45889753997
51115.97450716168
27834.092466064663
28028.460671008324
27992.13847003314
28357.19692193531
27520.59528715271
27646.872200518203
27667.752236445398
28647.11987947066
27629.327359399194
28652.805703468417
28134.806964951968
27927.31683984534
27096.09033013085
28420.915872716512
27592.69329323524
29205.53546622436
28906.643872549324
29156.87710068425
27354.400841877294
28500.902619912078
27272.647724138955
27176.12399111198
27304.595172820056
28324.889397409916
27869.93696495127
28681.466716669176
27972.231686717394
27618.96983773821
27485.446697239153
27721.54882548577
26993.67891246791
27610.80275460855
27715.66735917454
27727.464551449535
29139.323809052767
28085.377266685835
28152.812222083743
29114.642949447927
27423.060243112028
28116.63976966155
27941.0762294504
28872.06049412831
27188.706331744306
28474.756312141795
28637.842802175335
28642.209422770604
28058.856474000466
27370.51647406841
27177.65570722844
27536.46582447486
27915.10433591439
27847.854003263357
28320.03842631796
28749.908550161734
27158.34894045276
29080.03721455994
28101.490464830677
30469.013167526187
27655.530639125504
27427.950362028536
27498.295075988248
27592.59598191173
27754.379106472305
28116.389112119294
28568.27319516546
27999.745702163345
27463.260545597994
27637.009281062143
27501.050172772648
average revenue:28136.552575352434
possibility:0.004