29533.04214385749
28083.24756941718
27678.46288707466
28782.243955817008
27938.49111399048
27774.223650693784
28570.07105159938
27557.123448917315
28074.534853929068
27526.854441247848
27678.16287410608
28211.39979638183
27542.46931257427
27371.449720454882
28083.469214251818
28591.355597706788
27660.486331582906
29249.90255197458
27375.125965608404
27798.075864909493
27971.329260165734
28115.138871005023
29028.015277837898
28530.027927305146
27272.863625649232
28402.382340944157
27364.11566477967
27499.933580331533
27692.894527676257
28034.122353897743
28215.432619700237
27268.593695607404
27362.16149331045
28609.022389721093
28130.824141982244
28355.315664989343
27848.717396362616
27601.840275658218
28278.466404573308
28427.519376400876
28342.789201594376
27408.031549988893
28164.371220313256
30087.33637151074
29348.12805346062
28122.630911087308
28044.997621655824
27584.876606325564
29303.472108306163
28305.529913466027
27445.67287946259
27698.906351801506
27079.024958849244
27722.27823056471
29689.99482544233
27540.46487062718
28759.200770672014
27976.61951467482
27431.99147114576
27327.200172027617
27828.07794888513
46575.40586175991
27822.432243879666
27643.544648002775
27566.480190583537
27932.590532354156
27851.180985709274
27579.034523482158
27790.067773481267
27183.20128439753
27201.90752743333
28185.63213728411
27830.45619729729
28744.283641092243
27463.1077213936
27944.24018764871
27597.356389684115
27852.105622398063
29917.06911780505
27911.43052335207
27801.069699811276
27558.71321236726
28551.762407383892
28692.722973570177
27323.73771080039
27801.86854309871
28225.74346826718
28226.350562623917
29040.895467185073
27579.370696406473
28633.393832266534
27988.036959499426
27972.789512942596
27490.3381784857
27790.127105676085
28052.524246578752
27603.01577624021
27566.477114383513
27565.58991316064
27324.994475440457
27916.635478755565
27852.644848127224
27944.148656408957
28592.549263204928
28635.503200506606
27300.85284593727
27314.260187299362
27694.799582752177
28685.147546621654
27164.884276816196
27418.63709484601
28473.139125403995
27273.547542344422
27449.339791280006
27996.739964840624
28831.30663259656
28496.63045785315
28357.9000409349
27618.450342880074
28138.704866196334
28838.63413552358
27817.063913075253
27652.002705222825
27719.047292066636
27314.158840974764
28155.256387722475
30116.37106692932
27658.111328330495
27826.478011591236
29978.16071712285
28441.885987117108
28135.86616874828
27585.55893702028
27630.262274976503
28948.28610992669
28177.501812789178
31666.51810998201
27280.591753251905
27633.619925525392
27442.80092600598
27540.168240686027
27677.28890018733
27820.07850200759
27261.08500881902
27275.428457864204
27654.465576238992
28303.99506436314
28829.115720816917
27904.80960758446
29950.715019223215
28407.458515524013
28406.178736949514
27383.641128376967
27267.61371486604
27835.589047010537
28214.33174460153
28154.720197339047
27864.23972783409
28433.604679823333
27982.47930125667
27676.157499357294
27157.15154575355
27904.894638767928
27272.541811523446
28498.90148012224
28098.812180967678
28243.745215815183
28021.5383580402
27633.699169764986
27485.161656467953
27540.72984094357
27216.38623587783
27752.408994354697
28009.38659849031
28844.092557372984
28484.314772096466
28887.918642701155
27464.46308118204
26878.36787836526
28271.000970484904
27420.650305834522
28239.348812381155
27254.228707371698
28006.548070143686
28295.108925824778
27629.451091635437
27234.380328406423
27216.279016072844
27673.243959005566
27401.197804832573
28789.7643105705
27747.664819124337
29241.320762492698
28118.514738657428
27621.082055961688
27826.481713616628
28194.426729946823
27008.235422894177
27375.482665997977
27028.317509469187
28891.018064285367
27524.674002626252
28800.093142450554
27532.38849070564
27947.17012988911
28216.166590766494
27846.14474257818
27654.170222669858
28651.402844039625
28399.632267523124
28047.258875734406
27580.767246452437
27857.94617774943
27902.577749108128
27105.292147877637
28062.489253371543
28507.544638614552
27715.55992361976
27214.17998252006
27299.686692983123
27457.43317057426
27717.746750778744
27914.15156515644
27492.290906867005
28158.81082627601
28796.173769479923
27941.41180022897
27610.39262131604
27562.76116039207
28902.06809915
28248.986143314236
27822.573330115774
27843.7897639886
27420.35029501357
28139.159248659384
28571.72195275466
27715.47741785443
28414.10213603039
28222.451522789375
30718.315300677743
27333.037635742512
29892.009774067224
27595.347633889935
27633.581804620146
28896.425985155558
27875.13404469495
26911.93911229635
28801.60438482478
27347.724917766125
28636.530814568356
30206.437605612322
27901.184465237635
27983.916685664582
27294.61091412718
27596.304129229222
27493.09184485799
28325.189771022022
27328.595187225925
30023.47452833917
27945.950383656054
30291.062146703898
28269.70278340127
27223.233354140273
27162.335833212317
27260.01885300993
27457.72577165441
27710.21646464767
27481.465295498954
27971.78304083467
28188.40863338851
27908.689614783
27665.812276413482
27476.81644418754
28744.700806815876
28115.039906398473
28328.60510839234
27865.40934179358
27537.39338612105
27287.295910238918
27113.879029554995
27878.21757438626
28585.57054558293
28794.12047334444
27695.385422485502
28746.659596823127
27561.2244645887
27325.24752794269
29539.339622662785
27367.907789051416
29941.411244113195
27550.14067077597
27658.32442929431
28400.608117412776
27652.095330559594
28016.01914401568
29355.07832116774
27308.62383316107
27897.145152647507
27440.105974347032
29773.607400188146
28087.108044926037
28568.25025340121
27919.192768089157
28000.62776266516
28025.090694780356
28687.83236603016
28182.516287688384
27596.12023361157
29159.103509136825
28558.924645757368
29197.1130880295
28046.093597712246
28004.18517970908
27478.145333173434
27935.623706417995
29289.480705638696
27366.24844340677
30883.200033541332
28591.750142378005
27369.890666648535
27725.002318198007
28060.15254587697
27656.2871353382
27413.00158452915
29930.544501317
28364.524829728478
28554.53616792132
28281.159809017052
27638.20665934698
28056.398925146645
28468.75772370998
27402.833419660707
27451.385489955315
27213.394689313867
28871.997326445926
27967.958299570826
27528.509683655986
27698.784422507208
28212.21306584568
28066.816006675675
27888.566509324242
28858.51486060982
27749.340707208103
27253.28216717477
27898.006745103263
28347.55744986081
28354.590268442098
27416.12571755015
27630.316194750983
28041.947980980407
27259.408510369347
27785.70735757903
29600.587739765953
27539.385560377777
28689.051561549928
28257.704153921564
27753.287356575813
28541.18649043409
27698.834927358646
28435.34222258144
28479.918355255497
27503.69974354967
27146.075096890465
27610.792565027295
27706.424372544672
27108.71758215617
27512.766596789323
27551.027319186098
28132.74721851172
28050.023405724776
27239.723525073812
27594.42993355802
27467.35873204994
27714.82299715022
27662.604654283125
28430.802149440737
27738.21933284185
27738.922718441343
27408.492007006254
27559.787877597493
28129.342087193607
27881.390573346533
27496.626816574142
27328.634151365146
27151.550617368524
27240.420257349924
27465.905974742444
28943.736688581863
27652.29429341708
46872.32695694736
27906.436495004837
30298.747593608277
28402.028303263494
27798.60966491269
27397.083459507405
27447.11779245089
31986.547429121656
29187.007167176696
27064.09268718742
30328.769280536577
27616.664063057353
27479.972320833116
28656.55776167799
27442.559827065103
27753.58926382233
27335.067080196117
28120.93908875532
27167.198200674968
27595.30984037663
27818.315466732794
27900.966802673964
27656.361737270992
29146.109807702243
28358.78671755035
27395.19467066108
28174.980763750355
28246.23131608686
28467.032800324385
27118.454407503614
26919.477425941568
27906.654055995645
27574.534622872052
28187.38755231204
27186.844098358517
28110.617891136128
27597.264139779956
27542.447938621546
27493.295490872464
28163.35442453119
27511.91937172561
27728.147942573523
28091.934644409026
28073.07399822234
28465.35927411836
28482.99658604227
28184.489185950628
28227.78094495381
27588.27093753574
27572.096568488672
28151.03339187048
29028.91701923768
27255.147187265193
27326.97580164472
29290.413039540086
27941.809363210792
27843.2810384167
27849.48985336337
28070.830142904775
28411.87305767344
29118.6710616571
27950.06714768571
28143.02451003627
27389.004012978174
27630.84726795826
28102.78300558636
28661.178095467247
27530.613633232257
27677.290733788705
28575.64740089195
27988.422489989396
27410.751494656015
27844.18545442769
27674.204593941184
28319.22267153248
27529.457944591242
27914.659449835628
28589.608897741626
28172.005484362217
27824.690442133422
27988.761500201766
28160.82389199616
27625.66032652648
28470.550018692087
28250.301593844168
27748.732642961986
27553.14390300362
28451.86903497364
27621.43237611755
27432.857042399184
27418.671513777244
28524.555202787327
28297.223164865034
28979.735248886893
28850.324044550947
27411.20957673908
28270.47438645196
27606.570221616686
28030.337558231968
27986.97525931147
27567.914744805195
28265.031905703843
27388.11933961179
26973.81171491027
28796.604064848052
28300.798539244584
27565.50296736357
27501.22232551027
27639.060500467083
46566.53183200444
27521.496122939614
27088.419269417256
29733.471753997484
29433.76879058908
27868.809726617736
28283.51903603554
28110.695283017394
27875.910172354404
28836.662990851895
28059.909360749898
30071.035681901598
28378.380856012103
27591.980801227124
27321.68757991585
27171.728106354745
27746.736083467626
27404.366116218178
27628.930381281974
27571.84601904422
27187.731979674758
27658.150350239463
27067.477885351364
28465.18727982048
27472.90145498644
27230.57295298925
27201.602463101783
27668.52600550682
28493.140713604174
26982.653805212518
28200.062579608555
28010.185375767855
28128.25139277102
28726.77327838127
28262.84135725144
28249.074393465875
28483.46614632785
27526.655437653924
28726.56975896373
29135.16602260367
28030.452631927903
27899.959583638258
28591.10437180979
27956.06903738621
27885.22123304438
28338.316776273175
27577.610710331257
27035.01298919949
27834.938826308316
27329.12335950904
29342.22182720561
29114.54485435848
28098.79997350102
27802.12870391273
28323.09374294133
27318.58509923949
27501.868552182168
27936.81125753883
28458.265546239778
28154.909445550937
27836.90077827295
27534.60324615388
27222.028576005956
27464.7873855299
27666.556291460805
28769.332006081768
29049.470902846035
27987.73784137531
27665.638329165802
27600.251240071306
27299.621521039342
29009.23409369776
28344.127232310046
27356.93319314961
29076.248939120025
28372.390062844133
27383.597351298788
27532.165873758204
30681.47804396803
28920.48390787471
28048.71085330889
28053.721941175383
28249.102972673907
28165.124188797236
27200.372084811614
27679.732419669876
28668.711366693362
27295.363328787786
27190.743778562828
28210.900815254972
27601.181897860453
28114.26128871119
27803.426525114606
27467.269051959072
27800.81879911766
27630.973949763124
27459.337405734652
29066.702793066972
27402.00726769612
29263.246976454793
27956.08786890376
27408.26389699535
27220.008495983075
28073.67957372594
27670.2372123018
27673.172190539226
28672.730700910466
27064.43272238513
29612.893506131633
28123.60482585484
28277.09110269003
28867.506839940415
29740.156265710026
28106.349107529106
28388.48819306017
27872.626888485473
28277.300838167397
29635.547876969038
27471.122443244432
28149.075663736316
27753.837473130254
29807.403885734948
27488.270858956203
27360.01631216898
27278.48501508941
28421.32644150205
28569.132298303248
27163.353345090978
28301.33784972007
27166.578991530987
28174.056782861746
28043.84472436271
28822.270097632776
28314.471066483908
27632.72607797755
28259.24503095961
27149.70402330441
29584.910711216275
27292.893179475115
28144.43093554802
28002.58753287402
27657.926999085026
28979.227977001494
27582.514694747086
27742.499781077197
30180.910952641734
28652.17938224709
29049.66380477388
27551.50201859291
29463.064579410522
27663.063291988732
28111.347481351968
27110.251637068086
27301.640430521267
28735.202970370246
28305.73256845317
28066.671975512087
28166.025460869583
28417.053355258027
27851.198268697208
28989.168047723924
27814.19001115525
27418.86563211637
28397.468049741765
27186.317728506037
27516.107426812432
27775.102265179616
28402.87105439816
28265.864519446906
27192.55955314879
28082.553618193688
27691.948610625197
27927.250344523425
27933.905029788275
27284.840506309065
28491.71285433403
27430.14431731454
27292.76115543211
27080.448841514564
27241.19419499139
27577.683642301417
29278.66032889001
28026.25612044162
28321.95341037261
28089.88412770048
27799.08336677262
27162.115125323857
28819.09914297426
27794.698475219684
28255.223667980703
27156.474195788964
27118.17832618715
29764.055015472095
28326.594031143053
27499.173853214306
27388.43081855664
27855.913210798244
27782.129025032616
28056.89442338151
27280.96695166805
27756.109000182834
27515.17314324844
27949.92935745377
28305.444157709717
27385.655635851024
28226.158299692488
28676.352912605005
27827.13124400774
27779.21123491667
27469.62229675513
27719.528674690788
27845.67304002921
27764.220337460196
28125.838021745985
28757.158473588228
28237.12556669702
27539.677596690522
26996.609368232293
28629.51186743029
28458.307956021607
27905.026064286143
28468.506788820578
28194.399880729332
28225.79321982989
27799.92304777119
27331.124314595992
27339.23974734654
27712.548054858784
27398.45056559377
27938.401293245184
27523.861683979492
27534.402619178836
28665.450347359612
27640.950220592884
27873.75695393377
27100.526980920426
28491.34463928528
27430.059494211917
27569.38849047855
27290.596722629492
27504.173636941407
27826.7369291858
28248.715171416836
46567.40405012017
27785.055129054686
28357.220506543523
28139.739473214522
27651.65143143516
46121.37546047259
28504.45270880351
27076.77694760743
28420.27444354368
28414.028591929473
27672.45735892861
28061.146659837945
28621.89310926743
28721.042609815115
27350.53703235498
27931.742749697034
27336.105692445395
27472.82395527704
28298.88398558098
28672.939488359316
27842.429878117066
27632.302478820216
28026.96486057658
27680.60287367055
27886.676023466087
28072.34087603628
27522.758949421008
27249.551065366824
28231.183165068935
27905.57690465773
28506.113211602504
27880.727676114027
27911.923897157005
27679.907343590912
27727.150624087757
27588.648602548972
27291.331605302654
28281.341320774536
29187.689322335882
27978.754144246108
28084.52742486458
28021.642234156
28966.844740270997
27696.1059745841
27596.878378349895
27329.063932665624
27331.428640292517
29229.65804074895
27472.56312520212
27838.247477919744
27728.40868435634
27547.49435206412
28457.315523525125
27836.924560345782
28549.92882815598
28332.863436420124
27388.216553579623
28585.95234373424
27976.51608465523
28031.083921460446
27635.226323099952
27282.69936724225
26986.151187885152
27156.40662630671
27431.401339445085
27676.224654231057
28715.0354302445
27967.233526585536
28031.118771980473
27756.000910296523
27381.506009756267
27400.239468491985
28155.004663698925
28134.8476052915
27333.685937847305
28803.761776329808
27681.588170907882
28384.551743633907
27641.46187343132
27287.06090601088
28934.160098016975
27085.250032358195
27641.545262304193
28094.284247769945
28004.505961710383
27199.47975643885
28881.507845118555
27995.993199470515
28612.270074807493
27607.12003024263
28260.10680560474
27566.1415183936
28036.696181744937
29108.094962426952
28905.03535493537
28206.407911418057
46593.25084174197
27980.932718540458
27225.773041580745
27702.13409923141
28484.744934456634
28621.72801457989
27478.7739906661
27664.535023095465
27678.178984327835
27609.137363168415
27726.761949162385
27775.739339806543
28442.144480838037
27424.939470748734
28640.572679397483
27231.892584276247
28470.725693988214
27866.157789516812
28493.048071580197
28685.12296889294
28110.35900951399
29204.95921081855
28197.607234420837
29191.215286029892
26965.102388518084
27973.01855803209
28225.019516523134
28085.6260451238
27954.52862450316
27850.693813424397
27491.609459646115
27839.602373653404
27627.368986983012
28142.18829320657
28002.64324310631
27807.745568556136
27438.020168958104
27761.862959849263
28212.29362972186
27722.3225615082
29437.23159816363
27695.502907724363
27711.40939314211
27080.357995306713
28167.831706204917
27198.18430878028
27693.861992656348
28159.26716148276
27314.202718746637
27333.95214991095
27773.9112153899
27976.772383731783
27806.792247773104
27492.81539284502
27718.662573391823
27688.178994530022
27492.010546787278
28807.597659503946
28150.130718246535
27780.27852823373
27808.529627516273
28007.31227930834
28234.13163403294
27555.74517897563
28315.53042750072
27740.54271655683
27158.462589438386
27222.189672657543
27308.898578349297
27368.204140999995
28457.50546858723
28037.29754866526
28030.383317677784
27708.07686511308
27380.963419163505
28100.821266838255
28026.04287268908
27778.545970413554
28224.767171147123
27930.70658181633
28248.928419807282
27843.823642648105
27327.150507054183
29081.212930377424
27442.764627770423
28452.102680547476
27873.28300936888
27616.384153279603
27627.689892112645
27479.791694320473
27464.155054350802
29660.309633382254
27746.35445459105
27157.149593426966
27534.1066039377
27752.15084449128
27643.230447494167
28333.49519806463
27634.25351040826
27533.940638297267
28262.937877810724
27500.721627886443
27747.28838738873
29382.734664038548
27300.846769758537
28726.352881661438
29638.614067617298
28315.373995849186
27421.66040205789
27756.86736560442
29122.65463372558
28740.122671228004
28124.732368960293
27358.048595180753
27693.402090751344
28843.182730803197
27869.701505197536
28286.131370948224
27495.990173384835
27807.447635937144
28641.94119952264
27708.977464831496
27495.491428181154
27941.755590117475
28391.707434021304
27507.915000802666
27520.882195810562
29202.819586142396
27368.400998464345
28287.48780434895
29165.97915370222
27301.960071762656
27567.66097421174
28222.616435343
27206.569789496887
27733.0509451092
27545.43938598709
27822.451487745227
27170.556746329607
27416.911977570584
27620.516195534736
28379.12348064891
28397.873795547406
27685.741380798758
29070.33264143671
27655.087190794748
28308.119603965566
28540.54716084051
29797.98180637653
27629.96291438468
27052.20554899564
29892.05695342277
28027.17147088081
27765.81696261211
27297.575348170452
28767.22500463098
28182.84284691645
28803.426396573654
28142.835749043392
27632.29489013255
28764.485004399827
27381.097595230407
27919.2412218789
average revenue:28108.117776112067
possibility:0.006