31006.74026536953 31032.299585733694 31057.662420813074 0.049644000000000015
30989.00225480559 31013.63286178613 31039.912379419337 0.04938799999999999
30976.630929318344 31002.383178296048 31028.366682264455 0.04896000000000001
30984.600905279596 31009.21003781638 31035.489515467165 0.04856099999999999
30961.16380626191 30987.17161949074 31013.075386312154 0.048167999999999996
30959.573822753267 30985.516865812595 31011.487840693128 0.04775700000000001
30965.57568792354 30992.190337338558 31018.55391165222 0.04717099999999999
30974.62043910174 31002.923302158077 31035.0476248478 0.046735
30944.215821383754 30966.81080195973 30992.667928076266 0.046126999999999994
30953.418799955376 30984.903943580226 31016.865964030774 0.045518
30970.282696493316 30995.087118083145 31021.750513903902 0.044899
30951.777498995758 30983.214399573273 31015.287469731542 0.044962
30952.587656577263 30984.674671075976 31016.305104545158 0.044427
30942.584319425085 30971.68058061394 31002.82039613281 0.04388
30933.502302182733 30961.470922929282 30990.0505475492 0.043632
30954.476794825132 30989.599042561204 31022.523613258727 0.04284000000000002
30955.445773747717 30986.569143272223 31019.613341159155 0.042327000000000004
30946.630707368997 30976.400494036963 31007.381847437853 0.042206
30960.40448470439 30994.11785303691 31029.678407693267 0.041726
30955.32340289496 30990.16136998003 31025.953860002257 0.041470999999999994
30956.95692107623 30989.714901181884 31026.04041483985 0.04076599999999999
30926.606425387807 30967.633120073966 31013.126207806836 0.040703
30967.159684898215 31006.716843942042 31048.388513153048 0.040401
30979.172132516214 31012.76292622208 31044.794609904086 0.039454
30934.715022800476 30974.269508682803 31017.424872397845 0.03963099999999999
30965.664339054907 31008.267070740407 31054.15805316808 0.039017
30967.23488894265 30999.298299336213 31032.816981890865 0.038794999999999996
31006.48507722321 31043.34664642686 31082.440836276408 0.038163
30989.44576668498 31021.559149877132 31058.51374334984 0.037764000000000006
31008.651031837348 31049.248597390153 31093.89048751632 0.037194
31002.05864840532 31051.442441985226 31099.164874802576 0.036966
31020.47420601878 31078.098475752828 31134.94808727273 0.036542
31002.401382204225 31046.01813048177 31092.525162834674 0.036277
30998.575808940604 31033.302756796154 31073.161884925565 0.03585000000000001
31007.64191253184 31059.353239481803 31113.326026593288 0.035778
31071.950266146447 31125.21600473597 31188.453251191095 0.035102
31051.931174103454 31099.507002395094 31151.17681031341 0.03524
31102.810056211412 31150.74514246852 31200.24605567524 0.034478999999999996
31115.788561608337 31181.487960520164 31249.71475784479 0.034406
31107.71365880594 31169.59794649987 31238.345738537282 0.033672
31139.52740619377 31204.86189707631 31271.82573708572 0.033549999999999996
31119.356731219184 31177.734907674887 31231.222352602264 0.033208
31142.945579118197 31209.66127592305 31280.53171430939 0.032642000000000004
31206.95299369514 31285.113527201196 31368.251191575262 0.032431
31220.271665392494 31279.634124412536 31346.570610017876 0.03212
31257.71691961869 31342.793304323088 31441.01609140671 0.03178500000000001
31265.030999917537 31360.261006617155 31453.82255600754 0.031286999999999995
31312.812136346147 31403.147950449715 31495.04907646751 0.031193999999999996
31283.0811323868 31369.869830009327 31460.76837621526 0.031190000000000002
31400.38663263526 31560.363296964155 31813.005626662496 0.030396
31370.614860297457 31465.908291279586 31574.52587233169 0.030074
31410.69849245779 31507.33204930956 31615.175617724784 0.030125
31447.674918448203 31543.839165146157 31645.919837762132 0.029799999999999997
31433.73644606027 31594.478450047107 31824.261259328727 0.029472
31490.675362376227 31650.724819123516 31884.239438928915 0.029108999999999993
31559.844853254803 31649.77681873012 31753.250451991134 0.02897
31698.367317983553 31900.482908383146 32157.688729596313 0.028623
31784.468394658874 32022.43190059072 32337.813544108147 0.028221000000000003
31745.623782282448 32031.58538434724 32402.85874197235 0.02788700000000001
31753.856121091194 31874.567449317085 32006.207692211392 0.027736
31884.651048783864 32109.28300195592 32386.610528066554 0.027532
31931.847798096416 32093.12879939571 32260.59234092205 0.027336999999999997
32058.00260548771 32250.34237647484 32542.660868391118 0.026763000000000002
32367.96335825494 32718.04084501859 33115.857880852025 0.026312
32536.947315998226 32916.159592709395 33390.191531727956 0.026172
32461.261708961767 32883.99427179329 33390.91167447547 0.026185
32688.802082403312 33153.14636779928 33700.23672988111 0.025803999999999997
32929.95784460711 33333.978999259525 33744.83465571057 0.025386999999999996
33405.015951281326 34017.64529915004 34643.21675216078 0.024902
32996.1901170206 33431.298402089094 33909.869294433964 0.024886
33291.75872305657 33804.293014094495 34454.538871959296 0.024992999999999994
33788.56286667093 34309.285810629044 34912.455663968525 0.024222
33357.16456488781 33805.27256604496 34293.43058768659 0.024409999999999998
34021.684808693535 34620.407265461785 35263.351379247026 0.023867000000000003
34111.32609156321 34728.42091893316 35372.019324471345 0.023819000000000003
34477.3711362352 35067.81380843215 35733.63224334027 0.023388
34167.64066685045 34774.72578847708 35408.20009438593 0.023800999999999996
34346.71953518917 34926.98273865462 35523.580170700734 0.023145
34730.427818640426 35308.56264039886 35960.98979980775 0.022941
35347.95273818191 35959.95385008915 36554.64539249611 0.022681
35047.70109045321 35617.2097540992 36232.56740958858 0.022501999999999994
36033.94312668529 36671.261397368966 37278.35180303704 0.022155000000000005
36274.468805215496 36903.529186236905 37555.11729534121 0.021891000000000004
36428.29230707903 37043.634840546554 37700.192615675995 0.021808999999999995
36878.03561967487 37486.11938147092 38157.718313399404 0.021453000000000003
36324.55756548823 36937.71042664674 37528.43454239929 0.021536
37036.92312701867 37636.723390667146 38209.63073606045 0.02085
37392.39997924809 37960.56970788949 38511.39783630822 0.021093999999999998
37847.31384497431 38375.091671250855 38835.5115499365 0.020610999999999997
37999.747462268395 38460.67722304772 38903.702077132686 0.020307
37887.66415983037 38420.02733096042 38893.86247945165 0.020366
38744.65592525646 39129.065175839605 39554.696126594485 0.019601999999999998
38409.9716124136 38884.20096146322 39308.34815343054 0.01976
38355.25831152792 38836.239257538444 39279.440107545706 0.019719
38785.748737396614 39223.82079700946 39610.841020945445 0.019666000000000003
39021.23011070554 39451.64200254966 39834.689649458305 0.019166000000000002
39306.479167014775 39650.01164579865 39946.42069219055 0.019004999999999998
39427.21244609074 39719.290469784115 39980.83209247934 0.018541000000000002
39945.27424521537 40144.802229527784 40328.91288621881 0.018392
39443.336175924174 39693.8388842778 39979.56274926842 0.018572999999999996
39482.99392331236 39779.73158788521 40063.45130557199 0.018411999999999998
39871.07819714984 40059.03351022672 40250.26638676534 0.018179000000000004
39626.75090366852 39892.44561781138 40125.2891174209 0.017707
40023.23327775867 40200.08964710958 40360.13282683568 0.017723
39897.41234589686 40093.11488082121 40269.66509707557 0.017581000000000003
40050.557202245436 40226.4711131626 40376.89878443053 0.017508000000000003
39932.368384387606 40101.02851384512 40259.81929938045 0.017351
39972.902884701994 40162.96039484884 40347.23459277854 0.017178999999999996
40261.97949097446 40354.45256829982 40440.99984999707 0.017105000000000002
40216.58136976405 40311.99177617298 40395.75462147549 0.01665
40318.51080270372 40401.65171478335 40481.60810938599 0.016390000000000002
40126.83769477347 40309.93231931007 40443.06844743726 0.016499
40173.70583038204 40304.50816018208 40427.78929267234 0.016202
40101.94020846768 40259.817674199694 40383.68302531652 0.016392000000000004
40359.707556206435 40420.08082575603 40479.01204449128 0.015978
40332.689305736036 40412.00697779483 40477.749404587594 0.015578000000000002
40256.74081144493 40365.117603747174 40451.30270148334 0.015342
40335.461037425586 40423.35774246657 40501.5794996608 0.015312000000000001
40442.796712147654 40480.28770053754 40516.71077702856 0.015113000000000001
40372.832810939144 40421.7472197764 40473.135006445256 0.015215999999999999
40373.8392120431 40426.69637587915 40477.91842784996 0.014884000000000001
40293.04236409725 40376.806297685 40441.35747899084 0.014782
40362.64404323896 40429.48292905098 40489.5973158142 0.014851000000000001
40386.01654218932 40456.54388066382 40505.932520785514 0.014526999999999998
40399.9244878539 40447.65884131231 40493.10885775737 0.014461
40404.294876667496 40439.79718282757 40469.50543844353 0.014253
40302.221443544615 40364.83969448965 40424.43750886947 0.014222000000000002
40380.50245952677 40415.4296841843 40448.35249543386 0.013928000000000003
40392.678704135644 40432.620468300884 40471.89607757111 0.013883
40371.29957498145 40410.92200381727 40448.95474794922 0.013869999999999999
40379.769231062106 40423.5622002722 40465.36536460982 0.013483999999999998
40368.12149337258 40418.108916988145 40459.79918929277 0.013383999999999998
40398.95710794753 40439.28543255757 40473.46283042177 0.013371
40352.287639287904 40406.41150505893 40450.30475749906 0.01307
40378.689263832865 40416.2775826042 40452.59448004198 0.013072999999999996
40361.92706943493 40403.25114450992 40437.15253075934 0.013038000000000003
40382.81042619703 40421.520893542736 40456.81848987991 0.012832
40343.837877905375 40384.65491881993 40422.84777475421 0.012762
40346.08470255714 40382.64410850793 40414.719302016005 0.012491999999999998
40386.01882100816 40417.28600885689 40445.5536481212 0.012190999999999999
40375.78279525682 40406.27546562471 40434.67845827168 0.012402
40355.15354534863 40386.571325232224 40415.447998692056 0.012062999999999997
40364.07300815917 40392.679358981324 40424.19529066005 0.011998000000000003
40355.43670956537 40385.37144837599 40414.95113191488 0.011899000000000002
40369.015605663524 40403.805894087745 40438.02261982177 0.011816
40359.49181014419 40385.81795407336 40415.5435379956 0.011543
40351.560035144736 40385.520196702724 40417.51171094163 0.011658
40354.48261552729 40382.70422152874 40408.714289140735 0.011321999999999999
40319.62749254606 40363.151589882815 40397.49213253194 0.01117
40359.90921029793 40384.65434933346 40409.80951676696 0.011338
40361.772281977566 40385.94657986143 40412.93013395506 0.011006999999999998
40331.78943880931 40363.94315742107 40394.84039085716 0.011058000000000002
40317.691553119184 40345.93630684517 40372.63538866919 0.010822
40354.7495405467 40381.60559998729 40411.84410301949 0.010762
40327.89962578701 40357.923832432905 40384.703025482646 0.010422999999999998
40332.53207334583 40358.82581030924 40381.98755921944 0.010684
40289.760578449175 40320.612455604605 40353.72085046443 0.010454999999999999
40322.864334268874 40352.43548295811 40382.459937904874 0.010483000000000003
40306.414243982996 40334.71155597446 40364.47954360219 0.010332999999999998
40309.53886003137 40340.8039411928 40368.33087625341 0.010158
40322.701542518604 40349.51784039943 40374.935624038495 0.009816
40307.967528300265 40333.671301636256 40361.70806882911 0.009803000000000001
40311.57698888465 40337.77020123153 40362.216664407926 0.009786999999999999
40293.02753666543 40318.82233481968 40345.7916114585 0.009902000000000001
40284.90103806454 40312.57959006943 40338.87672990475 0.009601
40308.63774066722 40335.80171140928 40363.12116416425 0.00962
40300.79674819896 40327.80235949304 40355.583687549086 0.009471000000000002
40287.20874691785 40313.29230583791 40341.44539021563 0.009372
40284.27711001001 40310.87751015235 40337.09085286692 0.009278
40264.93388107545 40291.934698867706 40320.123250594996 0.0089
40268.05130155798 40291.775288884885 40317.69406090619 0.008976999999999999
40278.92409079845 40303.457933857775 40328.184533408865 0.00895
40270.98452706558 40298.868492506816 40328.909192203515 0.008848
40292.53873835266 40316.34119300214 40341.697112878595 0.008687000000000002
40252.26079666272 40280.839107638436 40307.680827033946 0.008685
40270.51443666506 40295.542344318834 40321.55445881869 0.008481
40272.02868473853 40298.753555641466 40326.14622990408 0.008418000000000002
40256.0484354686 40283.54303983348 40310.57079106281 0.008536000000000002
40268.35048926393 40296.45515158905 40321.40178066009 0.008412999999999999
40268.9481514293 40295.128320714364 40322.82397326741 0.008167000000000002
40246.199685188876 40273.15528429568 40299.84414519984 0.008069999999999999
40229.10065100467 40255.53725309149 40280.38866933119 0.008135
40235.16814205788 40256.678893835706 40277.74925398039 0.008129
40240.361632486 40266.126760986976 40290.690900823654 0.008069
40269.91236692084 40295.27671110852 40320.42403468275 0.007859
40244.09316320374 40270.66774440588 40296.04961664782 0.007729000000000001
40218.857784793436 40247.999594580484 40275.68822766393 0.007705999999999999
40235.90440060633 40258.49766511229 40280.613039762255 0.007525
40220.952275154064 40245.75769646736 40270.54882585235 0.007526000000000001
40212.62356550898 40241.26298635092 40268.387605489304 0.007432000000000001
40189.94946915075 40216.66467332015 40241.29675975897 0.007446999999999999
40246.361847244094 40271.94626215201 40296.48188574055 0.007394000000000001
40217.43562735828 40243.76816233844 40269.99368432321 0.007294999999999999
40238.99224606119 40263.549685244405 40287.23856030274 0.00732
40187.562514346406 40213.930359456645 40239.01366643794 0.0070090000000000005
40197.307605769274 40226.937893753806 40256.4912744713 0.0070820000000000015
40197.33594453494 40222.006684957705 40245.41874532587 0.0071140000000000005
40205.06092749534 40229.19816378126 40253.51240023269 0.007022
40184.43158709104 40207.46128945312 40229.760942380315 0.006860999999999999
40197.5361326312 40225.34961638356 40251.3518105991 0.006743
