36326.75495356095
35191.32450613914
36743.385263193915
36928.69963870295
36288.38734135153
36507.1358356015
35123.13669556296
36550.41641824426
36329.672657287854
37037.23584834808
37162.776269717266
35193.1520219352
37064.38886493833
36720.34989972007
36858.149344634476
35634.456820965745
35443.146709079985
36214.589403998034
36553.348751858495
36972.27746108865
36970.58757277723
36473.47909642404
35860.92553615543
36507.62032097201
35887.69536131587
36223.193677977404
36181.94970648271
36731.10224866092
37514.11075997912
35531.20633398131
36405.706652970344
36155.569573953544
35773.60645907732
36605.633080017855
36112.4112422149
36899.44030823502
35734.688640113774
37703.44484329928
36191.29238085743
37154.91872829093
36257.36367047633
36581.36959232581
35659.879885983086
36770.42968396323
35933.09786509176
36528.21103481025
35974.497876372385
36091.48461159814
36023.21813025235
36027.81686847057
36410.163895225676
37246.457655243714
35010.24754640048
38640.584913489685
36629.16610473467
35640.11646642059
36200.704201056855
36184.10220260857
36055.619404530466
36131.98234616
35552.71472377696
35963.199638972335
36306.362069066185
35909.681655921675
35546.886494231
36732.40770332298
35929.02053285369
36862.667629904965
36322.25360839232
36328.166794201716
36408.593503692115
37912.686826750156
35737.47757184643
38625.80694213186
35530.73934707888
37048.35986680624
36102.11572439701
35903.338213890034
36551.77502146294
37203.45301377586
36195.493659051244
36020.57883146189
36479.22672095055
36413.38192678214
36120.433574816976
36063.657892785355
36350.466416153235
36686.17433498818
35865.086926734046
36022.377208603786
36265.1905497717
35969.391845199134
35696.67194527784
36912.204842718864
35742.79023083419
36001.69495176676
35919.19929135258
36397.87456315386
36659.45282789366
36170.20208235597
36645.17208249442
36262.60380411702
36893.661729393876
36370.58399202964
36817.20714310234
35966.25087844251
36398.57669318443
36118.54598621505
36343.088082006085
36128.76405030368
36283.51848453015
36334.9023060435
36894.99854231078
36207.50755103688
36079.31923954093
38466.048601869385
36478.39729298493
34791.20833670443
35940.654538348186
36269.05593817517
36130.44019567573
36708.82063614439
36915.22772458242
36603.35848614886
35864.326393442716
36714.04622005366
35824.166382932926
36175.63494506608
36326.85365789183
36252.173077284104
35186.334859961615
35702.164487223425
36992.674961628545
36242.50039876912
37412.6518857
36778.175452673146
36369.8737905656
35461.87203978493
35907.753582226636
36887.07759128548
35572.24051558231
37312.05427163119
36873.78981516838
36399.222256233195
35997.96100475421
36325.33691671099
36778.71931786042
36306.25631756152
37019.02702945902
37027.81149915618
36036.693873602795
36387.05430698926
37166.88553907419
36641.37674270545
36600.81359669183
36834.05415425898
36331.50529485595
36629.56617406
36063.298095829836
35815.49248333174
35450.74139859401
36803.77720533422
36068.45743442574
37301.47136981194
36573.64659137913
36520.610318633764
38945.2021077245
36450.67961441885
37237.51146156585
36675.74855497832
36020.31643821901
36734.24897853705
35714.42476774929
35437.4436976119
36615.56190644385
36424.35997551287
36843.62504361559
36076.72331363428
36910.88192347612
36207.55579342285
36188.53390554017
36872.23913436594
36631.77520062804
36467.70224168856
36762.48475037985
36402.73515620163
36017.37899206292
36792.12796858164
36123.90031821093
37100.541528717324
35810.136978589646
36401.03625376425
36131.707960063584
36704.16470018868
36747.27686488074
36705.84546939273
36764.13654882286
36016.6898055026
37112.88075207646
35459.44446743755
37531.48563060061
36317.52023709615
36831.22209222752
36261.66512861882
36184.13630844762
36263.99070438804
36586.36062039873
36653.043770636374
36341.03280729904
36528.98444197164
35711.14166231571
36562.74190093387
37532.407621615086
37111.067601664116
36502.91907949814
36725.85064097008
36988.12049620308
36743.32058336743
36230.93707108124
36101.22849602037
35777.38173384686
36073.00597325276
35880.45485396132
37662.301157543254
35743.98912393065
35712.109535930154
35674.18095068372
36138.39887750713
36887.45191384699
36455.20930674188
35941.273429296816
36831.76483678131
35980.490885173276
35826.730788578556
37014.10637738393
36719.985910454365
36459.719513640404
35884.43982170436
36484.617338820426
35439.94432623424
37070.96206306602
36859.76788500445
36490.38895198318
35907.340443721056
36119.51467999663
36623.02739153527
36674.167215120644
37060.767249519646
37022.34002611772
36450.869723011536
36440.33192050806
35912.67895500023
36580.07412061762
35701.39112631523
36624.86875384956
35907.23903115518
36373.32692067614
36185.668058767376
37058.48466921346
36653.75511488013
36237.721607777574
36441.46961726066
36316.00797083004
36898.762710702824
35727.36321719186
36280.57343133362
36208.703321297464
36976.60926253128
36216.60410169675
36916.909692620924
36879.69332379731
36399.62994738957
36000.99031017482
36165.050230938374
36414.76197827515
36269.906536128634
35245.288900862
36901.097218655006
36026.383341979985
36343.78162314691
36612.91931702182
36407.40586881878
36177.49085786036
37379.9375495977
36507.538087688146
35910.550040802074
37252.773156315365
36895.57357450465
37630.936822397314
36826.21795133311
36445.05107364631
36422.644916063146
38057.4953839177
35926.577050195374
36885.06112557944
36740.2412503518
36815.65570784628
35536.50368032796
36470.495685005684
36183.90387494237
36980.863968071164
36161.243502410085
36673.00776079053
36005.25713633804
36817.31621042634
36757.288496634836
36553.42647374973
35576.34945558572
35745.246260108026
36490.37630892815
36073.531169505324
35973.49683574611
36472.66203867563
36212.72318647923
35949.48021418021
36095.00673292178
36490.53256687976
36629.559306137686
35798.725735805674
37470.91473136512
36577.39362526915
37587.4393439688
36622.29681612448
36873.07014239051
37153.05546645623
36588.63534831717
36314.32302688489
36602.58328639024
35983.3286837299
36563.61932952354
36717.70022544537
36033.31788164579
36411.98921993912
36984.40193367463
36536.73266408055
35844.378668721445
36841.42026208139
35880.92553623871
35740.058753040335
35766.3871955376
36933.34556440823
35905.4439463072
36463.442934525745
36794.85834029929
35551.4555460791
36904.71379537404
35892.44108536324
37295.41015894568
36465.69168143127
35821.92146429305
36631.23080383632
36636.846269683134
37001.68155992673
35186.883800152376
37204.886617909164
36940.91305762156
36314.259896627205
35783.326818480855
37262.22330703242
36001.17221485955
36786.54318419287
36147.96402453381
36327.44149089807
36331.28178051433
36414.36377064501
35481.515507225275
36206.48693079541
36715.9117168309
35960.20264738756
35750.02595934621
35505.172297971665
36331.228930216515
36423.74970475676
36173.518984893
36937.793773858386
36347.73860185159
36471.04680334631
36560.667204447906
36197.02218651597
36369.009605572595
35641.57396042033
36290.05348062622
37696.541212428245
35776.24679244664
36139.58238645098
35629.60123194167
36410.42549856115
36479.45251316774
36601.593448913256
35481.83116715221
36373.46327002208
35800.98697308481
36331.41305299838
35879.85860188352
37169.26519364147
36333.419311152684
36102.32229805673
36217.97516113026
36499.431338475275
36874.518002043405
36866.303442513126
36318.98648015726
36380.80237072315
36866.25320182299
35548.851002155
36040.4108491594
36384.280276785736
36602.78795926533
37021.1314416086
36538.177515145995
35981.38584602645
36210.80487671516
36335.834567132355
36239.96492255233
36342.889613060026
36483.24693499616
35763.99750996226
37060.39067868497
36436.91621073335
35951.26683880346
36657.14433079348
36322.897332344095
36423.31094413102
35972.98278292067
36389.6191122755
36516.26936777778
36337.790512894775
37109.451791644926
36488.94989875143
35866.310275295225
37132.84095460062
36453.51993931353
36821.7384149689
36394.23214630009
36303.45283592448
36193.17580876612
37049.662460131076
35720.511753918625
35990.308496634396
37063.275068138995
36062.29977417315
35831.688937454375
36407.111605847254
36044.26324717216
36448.75900820417
36317.69099876277
36877.11155339976
35533.56029893507
36174.78963249424
36423.445714322566
36368.86689101131
37106.16393152779
35813.05550403369
36190.071769104776
36951.29034309438
36865.317051845595
36077.08685961698
36238.14112404701
36790.04594665769
36529.733369319096
36305.13963634096
36538.78390730375
36511.1511285126
35585.81395033466
36189.4441183715
36223.431620310934
36557.10986264288
36830.36229233303
36089.402614991595
35976.126277212396
36289.62683932987
36827.89337578629
36362.91830026998
36205.01116393772
37045.722593952516
38831.83282070955
35946.21035448542
36075.20877258887
35895.65277089631
37183.46001113931
37205.23296914839
36514.3050556419
37119.920948980754
36374.11100719994
36947.231556506966
36428.28936401113
36167.11112702944
36818.92172453502
37156.22315661012
36519.86125911707
36611.14256832749
37063.70238147344
35289.378402095754
37722.01008409405
35495.03139300523
36580.37840201903
36313.347254454144
36572.02934022631
36763.97043926262
36757.65993062204
36977.37395279841
36447.914837303935
37047.32739256243
35721.05018924392
36300.09511041623
35960.73450967832
36852.55152678909
37014.34023067109
36104.87069712577
36122.39714725497
35621.29923520497
36819.116869409205
36196.89639359037
36881.50442561578
37306.470175799885
36297.08348883168
37084.06930353896
36815.988850467256
36112.60729668507
36087.20259318643
35830.051911872164
36576.00290461957
36542.53087256101
36439.49121486296
37225.403804819856
39084.772077613175
36067.908698064915
36273.929766188056
37168.11860061013
35785.53436432395
36443.72062766836
36273.510220933924
36809.40490677568
36560.04397199762
36945.34984579876
37488.71420025351
36283.23508356975
36329.83812816453
35272.15105491044
35815.15142079091
36654.5455431598
35749.1669245467
39089.14950563268
35583.211510340116
36081.406670445154
36565.221100873816
37005.505270796515
36277.326483863115
36175.87107039704
36585.141643528026
36392.20396024657
36046.47482715188
36989.51727526612
36847.60444264588
36025.81780073211
37222.70288125521
36201.74878544168
35491.26809626843
36236.3367169544
36080.85753828167
35557.98775344937
35920.831960840405
36225.010219579366
36443.94702994117
36040.83073587819
36933.94955077652
37060.45830670916
36053.00884271828
36820.7751989186
35644.30266426847
36288.99766065212
36003.99772529998
37304.610043098204
36173.08050095628
36283.59970617617
36229.16191833391
36059.145998400185
35994.687293065435
36016.628620516276
36300.07937391495
36458.663293613994
36401.36094414097
36171.89032163839
36377.43412996526
36311.06078292051
36378.35575981185
36882.62446511772
36105.29969934333
36894.00739878126
36430.984744758265
35911.50316044291
36769.582457645374
35678.67556776863
36727.359123479815
35743.56384175671
36977.26779863736
34944.18616427219
36679.07258985342
37140.75111581029
36226.61807656731
37736.581591746384
36750.12026351374
36736.53810874014
36472.79578780001
36729.90393510153
36592.44364599689
37432.11969294631
36768.22296845038
36125.60259539995
36755.32528192257
36559.20508797517
36762.875934422926
36435.67111129546
36855.744006002555
35951.98916319517
36551.39828242025
36103.6306457848
36454.13486905492
36500.0615999006
36813.19352750857
37725.55536883622
36994.120234222755
37447.437031048685
36784.78537616501
38438.47122142222
36751.87765395148
38215.38622332653
35828.34630606063
36285.248222399656
36973.97868450537
36360.44265399822
37256.14013073491
36207.88353979054
36297.187334452006
36606.46696092182
36039.94844970766
35953.60167910193
35826.19512136522
37560.180995302624
36588.1998620761
35810.92297781726
35899.47318133918
37028.568639746
36694.16253738966
36351.991423459745
36327.74919004906
35742.20575159998
36424.833002423664
36283.86342668333
36551.069155354606
35832.96989774024
36364.80309232659
35932.321479285274
35519.46404603168
36156.05799832151
36945.354781492286
35462.62432285131
36919.73394587287
37173.65939619796
37018.485880876215
37036.08711791054
36441.87029970759
36121.11397819395
37117.53578244756
37139.17087505788
37313.81782641645
36724.730953050755
36340.95946641585
36413.41342643092
35433.4012743671
36825.11661264251
36537.636921485806
36422.73211345992
35921.573461341184
36333.68117540506
36397.67650530097
36093.08667569387
36249.57330095177
35933.46253477731
36933.967916437876
36206.5427532051
36681.317576547895
35570.37719502299
36887.04502697863
37420.05628408187
36172.8861638848
35973.887893470244
35890.59962133085
36752.41107914283
36303.219207245194
37009.54643025372
36551.40558780792
36299.126971286474
36987.56020994095
36625.46599223126
36685.583474841966
36491.51047448398
36421.49983229315
36313.42773981329
34929.411482658026
36176.59582942336
39088.08442783455
36929.95357420675
36827.7425215649
36998.95770752374
36972.31552028855
36284.439269878305
36147.14332816636
36852.05802458303
36374.59093656751
36566.12046758419
35735.280726552126
36710.69303852206
37117.24592770692
37063.09510309888
36026.17910542675
36654.62356378959
35735.49829959981
36125.93945722145
35746.32313797092
36992.73731396235
36059.63317114612
35977.85114663703
36013.6780934172
36952.225721364026
37052.273095240285
36969.528853794436
36127.227174012485
39223.59658016946
36797.51065443588
36398.48264715798
36404.83091811736
36729.15644984774
36861.6779455093
37236.473880367084
36007.661019994484
36041.11801831181
36108.081202253314
35570.572279426866
36687.3747359271
37303.471238030936
36159.01965167003
36403.982886861726
35372.2504780788
36549.30063976633
36788.96520316452
36532.840395072366
36562.61569386284
37242.049306853296
36630.73156775185
35876.23072885738
37313.76089416877
35982.208536270366
37017.97618987836
36529.1772069246
36718.785045336466
36498.05892017388
36174.50948804159
36651.299279018865
36042.048651487916
36154.51782934265
36772.3360658164
36009.73124816896
36263.432083049964
37055.43200643398
36761.44251888404
36975.61459413257
35827.49369054636
37343.60716537197
36091.72633083251
36276.48617998271
36714.72229789901
36053.991929767355
36655.20833675494
35581.312713000145
36858.89680884374
36222.16275763036
36770.72976889386
37325.4520486794
36796.317333935316
36922.74224995089
36172.136697037466
37482.98460266692
36387.597331067154
36093.02264706684
35634.41941146109
36028.37494144697
35845.1036981156
36698.89604983515
36855.54970762968
37513.306778524835
35879.16156823318
35446.87807318676
36639.759102875316
36777.687655721515
37266.537360747
36718.90869357019
36005.8025206698
36861.30566225484
36696.0197580372
36413.299392242734
36979.29160000328
36838.46616232452
36697.51160378219
36726.09736722521
36689.47307597149
36161.49970609605
36017.96815967702
36746.60269107047
36196.95807877452
36422.11184811854
36303.38206686247
36963.71231296781
38938.05549183933
36285.92049054088
37138.23729105751
36657.44025782475
36621.82972473584
36600.12779347386
36402.5012854512
36095.20914362747
37030.202258599726
36046.77255957561
36647.07574669254
36776.34185048867
35962.76928023876
36616.492531895994
35953.998119680036
37609.29377497286
36413.19855278102
36032.67510525685
35857.45892798088
36051.51951173158
36525.11626124955
35873.327121453476
36921.96199128275
36701.31750795767
36613.54161862266
37246.7332764249
35805.11350722635
38292.751532854
36233.17175155219
35950.925596586894
36699.39113844159
36646.780282913365
36400.451295714985
35963.91743007821
36405.76916426422
35390.19526258789
36939.397045361504
35074.99595105177
36725.02212191562
36634.483644256856
36378.048734659205
37223.53504261347
39211.131143443046
36845.50916182067
36692.025824751094
35589.876283199104
37361.01966594481
35843.256114109456
36628.18886629924
36885.8692599664
36650.30852901348
36068.69511155345
37208.56785191125
37349.2177542202
36314.78081288135
36090.16990072539
37439.11787646473
36428.95614147396
35854.155450013
36553.423301147035
36144.751985805065
36249.3599319746
36885.12308874375
36915.91206954172
36401.831002340434
36209.72530663521
35977.76789527816
36543.47704538482
36082.85954525012
36001.59375829232
35959.475128924525
36146.24649955524
36380.886632724665
35917.19752628729
37239.61887300746
36383.8632665364
35680.78935101891
36938.88491544358
36638.70231987451
36798.8097501983
36543.11640022005
35945.34185395575
36163.379874590246
35623.14492204629
36452.91619103498
36797.6081351917
36706.68932320789
36066.41071888561
36719.89140892135
37018.65558506918
36804.714920676684
37350.397784100576
36125.26906609796
35655.09742770169
35575.212563128276
36789.53743377077
36057.71029514192
37006.3616009057
38966.422708236096
36833.871681102166
36224.97674707159
35612.24314115945
36115.13727843668
36531.92706742514
36114.11508874829
36487.78313304593
36238.21346967788
35909.30057444649
36239.13932897256
36395.957776240684
35966.68210673161
36698.0771610406
36294.120242783945
37156.25272246634
36380.53102662144
36538.98038900885
36225.66058252672
36555.2103319313
36522.212709702435
36315.10739991675
35655.864086590045
35652.44657451466
35683.29542224746
36332.7284353871
36736.48357154332
36512.50214310042
36305.376336329995
37007.868980555904
35483.6336838505
36035.37039426735
36219.7672718217
37085.06078834995
36461.109014984475
36507.49573473373
36191.301599590195
36539.82070351691
35428.92982440598
36857.80129281134
36007.43913008202
36395.09754491646
37376.123582446824
35006.33707960361
36302.82009876662
36419.792386791196
36501.72125901578
36659.867110463085
36544.75566910074
36231.50727059997
36041.16288873374
35819.85493750638
35990.7231333866
36186.496307631394
36448.54019460748
36061.46541536433
36871.07559075355
36579.38722412518
35239.335656462354
36654.6299228648
37333.478236786694
36174.263402764635
36964.84042791028
36922.680948399786
36014.377556921216
37545.264258723386
36232.659023216875
36746.68918322047
35332.59841043272
36404.75218238852
36138.47747361558
36872.28085953641
36153.916323843754
35981.64553462682
36108.18559663865
36297.54150527526
36371.29214408288
37022.81934898939
36586.09468344397
36724.69666377891
36845.17321571164
36311.14890062771
37059.57399723079
35857.950711357356
36207.36144672235
35549.274755686005
36614.44597852199
36908.74394044116
35882.80121491485
average revenue:36449.10707587681
possibility:0.017