36077.0224834323
36156.97137712777
36733.059431508314
36507.70053607338
36125.884339975535
37107.1674529982
36358.861893319125
37264.85543605001
36010.851045566844
35709.17242673689
35815.94456092305
37464.79862212153
36399.90016718735
36865.175321842566
43885.881025418894
36293.34096445283
36615.94922196261
36389.330108589784
36555.91544770442
35685.094312402965
36023.00853774379
35891.65706775342
36931.910467836846
36709.315448155015
37207.917960970226
36234.45209184739
37098.58836603063
37219.912239956066
36055.57895835755
41558.42141800112
35670.79362076835
36426.354897042664
36521.93176824832
36402.4672454236
36488.97702489138
37145.01264040942
36721.882963895165
36342.051743981
35474.04072796275
36399.58260015684
36821.311102842046
36531.08043670384
37284.09729043774
36697.115658718256
37048.80233187527
37044.953018999746
36865.05837110218
36146.37213049803
37679.326155565024
37406.85168269786
37304.61435501807
35933.095134012634
36025.11945448787
36583.98054173087
36549.07661100438
37295.10997427391
36365.9878294658
35916.155277258455
38179.97838566105
37492.437392943895
44941.6070633643
35892.340765308174
36151.30507869339
38615.93295053397
36313.86922548455
36845.69232548448
35636.08615998802
35737.915392877156
46677.81082995497
38491.44703270516
35413.96710539761
36870.314037600074
36166.65785874407
36643.15274515611
37172.96810374952
36711.11461650529
37604.62509997465
35719.55334218621
36499.88677131345
37129.03996285814
37199.129427700456
37232.978450044175
36119.16542364848
36630.34069504745
35957.30274281195
35924.08825894712
36782.06568365157
37314.589875309626
35964.38612334902
36044.56508063441
36281.859526782355
36680.70540692248
37072.78006885537
36910.3492607713
46668.596212025965
38198.27811637496
35483.007656238675
37017.16877462003
35796.487848621495
35004.91751460971
36897.37220151313
37158.00947841542
36597.879942255146
37096.888204218885
36354.76944723108
36574.16791300725
35841.417621266984
37253.31319798313
36598.921713317664
37066.401499095984
36877.248141579956
37594.56366762346
36484.056764071225
36432.3855971603
35921.840971308295
36033.02839222402
37229.45292667196
35900.8150145146
36574.43506513374
38034.206498221145
36647.91161749885
41703.827950100465
35989.06092307023
37228.49789226028
36796.55355300106
35331.06151409026
36353.52507408254
35859.11136174719
37262.0547481712
36631.47950795839
36903.2716707322
37231.30153360379
42034.6163012589
38054.19567834787
37109.980202132014
37236.37253732513
36447.257807365146
37157.90384990068
38019.779760319645
36895.5218772967
36117.37066153875
35842.52403852056
36590.46483999797
42573.82887864159
36109.940296790184
37335.23214897206
37090.068208060475
36401.53040354139
35904.16623787541
36336.63690986596
35967.147851094385
36312.54886588288
35807.88353068745
36205.402928407064
36953.81508504849
36845.69194750652
36536.908461787316
35819.64681863972
35609.958659968164
37380.3205557522
36665.739715345524
36247.97907977919
36763.23497075941
35916.713770937466
37476.72464907646
36111.1556161683
36891.56175207472
46397.20894830231
36457.876481298874
37219.43216378913
36936.08291584843
35927.480304980054
37187.80323842819
36239.70710849045
36708.622258330935
36432.50564445761
36221.39414415442
35853.96463335069
36146.13000898534
37084.80524130171
35370.310467225325
37410.805665440545
36861.7004204854
36565.573231733666
36824.56171075212
35682.55386086659
36731.400092521304
36218.12448661323
36522.804444199515
36800.49261122387
36742.18646284446
36504.32733310741
44751.290054086225
36594.254316555154
35196.56676708197
36243.15256481006
36611.92557691007
36482.91590637381
36000.59520962918
35201.822246275566
37353.44789494097
36447.90064915441
36646.737944177425
36421.40770587658
36665.28519573803
36106.90945215223
36517.36052644433
36372.58157803227
37498.54139854396
36861.58619009849
35946.470403892665
35665.41294720951
36258.47299275082
37406.24391919776
35879.98266327037
38394.74113199146
36411.687002629114
35464.90889856109
36774.14408164816
35000.159496161265
35203.01185296213
37019.52769417164
36633.77259193177
36978.50072466288
37527.017206907934
36784.595832322164
37492.2235810928
36857.48404543991
36647.594235114826
37491.65024273153
36612.58049356566
36325.93760647961
35832.03729260611
36090.64212432347
35879.31162317366
35585.055177808805
36909.337022694235
37389.77565873996
38150.67683156933
36413.47589522583
36381.199505608754
36359.85306043573
36537.869106073995
36464.360008299744
36585.884026150874
36413.28981889094
36685.84241322342
36126.361667907484
36181.91031026614
37257.94096650331
36544.99852774386
37301.518434569036
36578.224698857826
36641.56783709317
35591.41900517708
36932.907687493025
36941.99570399457
36125.64261354885
37030.50540820205
36940.08247789983
36348.61951036173
36374.5660373302
37550.22375796612
36056.67882966112
35802.75530370153
36264.100443703566
36080.218536012966
36954.258211511864
36733.31095976468
37483.82170308186
37038.03305460801
36646.247706577764
37194.18402887501
36212.761527188515
37639.521571798105
37273.31243211527
36591.387493596325
35774.07753264387
36925.659381033554
36772.94953296001
37402.43953745282
36337.77679966728
36787.580832294916
43373.34403891342
37219.16032904016
36916.42526158136
35489.19193773423
38006.43346467689
37603.931089403864
35717.5495288261
36310.6254025983
46360.91662217809
36754.40354680143
36904.37566531674
36704.33403433262
36300.32421597462
36691.951757236224
36192.45253149826
36122.84949844996
36565.22525218253
34956.070649993664
36264.193950696834
38926.58630194908
36292.24898492459
35565.07059541342
36927.97838906943
36620.4313531125
37280.63114332786
36847.32441110893
36690.501221268416
36517.13745522796
36053.62202671184
35881.388145485376
36049.97661711727
36208.82179261349
36338.36908773511
35485.711641524715
36470.85709748544
36296.02875863428
35513.502904596186
36487.65212543991
36451.31272367965
35918.79836871557
42633.07857032504
37338.766430557254
37567.376058897564
36407.741819665156
36456.29416948021
36785.024722039656
38574.65988152121
41775.887179488316
35963.503364903074
35708.617363723664
36779.335826460214
36607.40456462496
37041.51456755567
36342.2664156171
41291.17760703176
36373.76998279741
37952.95204269469
36280.56894022019
36788.09073181731
40733.67587727013
36544.50316379692
37778.59697368998
36072.84985449847
35891.090429113916
36314.03715441317
36834.07002458657
36977.038602081164
36326.09165238838
39997.38304644486
35533.03183715826
36022.759113469125
39262.73372055841
36306.64522033777
36924.774898057934
41064.147262989914
40041.61884696012
36407.83582363985
36820.06411080963
46498.63129439132
36235.3547671956
36601.22404244806
36701.11112684907
36014.83463192061
37392.129455356706
36090.90566818243
36730.760003059964
36195.05823021008
36080.87508854621
40104.12379077476
36529.89129880056
37339.18175721779
36988.68722043393
36172.74109177421
36107.79181684704
45853.96974704086
35916.50570069591
36298.4136099448
36369.66286855896
36988.9329527666
37632.09417912881
36120.40952854844
36492.19342617962
35364.11779089305
44897.769814046405
36808.91339767509
38099.689670525906
36007.97421914374
36543.62659352759
35590.8503193851
36555.977848454255
36321.00824391075
42287.73400117092
36860.657898975776
47005.90420315902
36689.74147555046
36146.94090476704
36328.540344818866
37298.60402394964
37197.39417404662
36714.10287288451
47046.08869662209
36291.69979186271
36733.1767102882
37018.969232505246
36916.301888194095
36015.60346470662
36488.954851705144
37271.60759163486
35871.722367360606
36784.186205338476
36483.488936958645
35802.25407161702
36533.894179455856
36881.65098768274
36762.11498886835
36441.21065060389
35374.57977232356
36716.73417784407
35963.831541944586
36451.0832840202
37096.11941523143
45483.617183333554
37164.92467290939
36445.301858008555
36999.779617956476
36513.913567048054
37629.5945953397
36946.63121584214
36194.04266458738
36935.35308421414
35931.959331120015
36079.62287602592
36656.230687131356
36610.330116379955
41254.74106147642
35958.30112803926
35914.65624362659
38585.45432608823
36198.48780851329
35839.41258831311
36095.663711015965
36264.17269311793
36606.57437535972
37306.7833815929
36748.41932317445
37465.52625955847
35923.37175874729
36768.189281832034
36125.51852455358
36446.76052053616
36343.05593824901
36318.81781993905
36388.90884830915
37557.25214819936
35470.84084926737
39146.876611208754
36051.59321019259
36836.67718912368
35542.392687988286
36939.6380126499
36934.098829881244
36129.92503675983
35732.83315548473
35995.883121286446
36405.14048171479
36345.866733758885
36989.98542111226
36340.37742417635
36940.434742617515
35918.42848030928
35570.210460864255
35257.72495910398
36850.33999017335
36569.30994412564
37128.425456776036
35458.25984503168
36740.93969285937
36193.28371616417
36947.59770108647
36346.67032956445
36118.661599128194
35976.46959527968
36303.81942049229
36439.12515781929
36245.20921460539
36309.32300202386
36243.21530712456
36854.484990455705
36545.7474638343
35361.672725871744
37404.78918069245
45512.212848158495
36319.41214661119
35707.79920884884
36894.690806519364
37162.44460397072
36704.18554705013
37022.73841418142
36130.70309323792
36038.824287284384
36868.22390666295
36514.88323823994
38913.33783956188
36705.1955972384
36730.56815997172
36503.54910603284
36537.70512394565
36994.94258529689
35618.33669906619
36190.10179631978
36666.44457489913
37127.944295985486
37160.02403537789
36627.61996186495
36523.76143778474
36317.73002480566
36385.59409004897
36695.4709796725
36473.32086503782
36251.41446683742
44759.92441056074
36659.025736404445
36387.81461651247
36727.64201687811
36024.37710764768
36327.3527486823
42255.646896001475
36101.785322438926
37079.10728772605
36454.198824600484
36094.61704028702
36649.37993388748
36721.396581294845
38121.464969965076
36515.35777801479
35635.56209152502
37311.92608323596
36053.46329656001
36417.51049559847
37324.66806334245
35874.185614827635
35632.69092691003
37569.35651998339
37018.92420315307
38554.197211640116
35576.43080106338
35893.561327649164
36880.8673452462
36464.122920205344
36672.347127177694
36610.69885839762
36626.9730116437
36034.17499080681
37081.94029342876
36246.8363579603
43678.5627029641
36868.71043846461
36827.79674985696
37176.40059539341
37651.053129039836
36194.98456457006
35622.49819226405
37098.57042257953
38032.197443791105
36356.33907723127
37437.40135319333
37125.71282126414
36518.31970976415
36512.45615183392
36224.792220020085
37123.32017472874
36113.13274141129
36983.909606806315
36565.73774433912
40273.339685397674
36359.79726604116
36989.85902970994
34982.064336559255
36946.46093100803
36199.98923570098
35481.97654392348
40889.820156932714
36977.11951773909
36202.181596552364
36505.2720120688
36027.859526208085
37107.695441957265
36630.70110934272
35790.44509452773
35986.92752997738
36504.03721352061
36328.741104374014
37343.55914886758
36763.3050841776
37123.69601722898
37325.40365435852
36108.04182362906
36699.65697166013
35473.88686331669
36011.63837925532
36199.74697671788
36905.934174701055
36712.570178603964
36418.12785246475
37058.31960445407
36427.45491569434
36665.679766394314
37171.82349025475
37604.48769490519
45381.58238732632
37200.38372074974
36540.90744393452
36750.949088025394
36409.43276268774
36948.839221866154
36238.24060235456
35972.181752938144
36660.987516646535
36705.206878630706
35205.833710260755
35486.62642716164
35669.86399924375
36471.974166021195
36184.71269993146
36462.238696954424
36582.308673237254
37210.849045161856
36423.00902278496
35359.54448153273
37460.74566468686
41798.93249623089
35984.671860952636
37289.36164422658
46724.495618289315
36987.27743656966
36148.97115707964
36348.66067986718
36652.63672755516
37595.38813313316
36486.85934932135
36323.62186015822
36501.04147041142
35551.74231438007
37015.97991328985
36855.10882368386
37120.37326701007
35718.35416525747
35914.70009118063
35823.96470357509
36568.3654601576
36925.13229088152
35938.667457299336
36071.56883201632
36559.87049445125
36317.844036904826
40156.362723347826
36471.51607466312
36573.8510754829
35992.29831577011
36542.763900509424
37072.48668456219
36029.30802277275
37240.74204205643
36231.49260027801
36620.954686409714
38326.90531530425
35636.47060633823
36090.62182843331
38511.37970071791
36320.17641632986
36904.85385202959
35386.1951513831
35718.56609832992
35820.68003044398
36439.68068339825
36052.189687457205
36918.56623212605
35983.956900006546
36828.56243982586
36655.62907876366
35772.603279016024
36820.94229802792
36581.51836939774
36855.48249337471
44108.85903734053
36987.56597964137
37036.53021171613
36634.80140691665
35746.26418747638
43469.378197618484
35764.85446819043
37127.861299184806
36361.10745434011
36943.20474557091
36049.200102688155
36442.60589603297
37306.628001143356
36508.64189975299
35940.110715518524
35805.18545907192
35540.56539330182
36233.895047561346
35972.870561183845
36641.68987039783
37491.87119806469
36626.4882457289
35952.9239975732
35694.47072488448
37384.201633597106
36622.38864699272
37037.414227659516
37316.1342538397
36201.70526214954
37678.24429058337
36918.04583620896
37208.349352019904
36707.95237288163
37776.67452156896
36330.57923471734
36321.23400719037
35486.930003462796
36059.85518205358
35949.362407528424
36972.38813309351
36623.622387134375
37150.35197665774
35532.96099133153
36218.74091718212
35880.10217349449
35871.358820558475
36373.76321371888
36593.678778411544
35882.144731507455
35713.85153580971
36557.143091075064
36753.242733677434
36116.14145940934
37343.07841480267
35511.10775614495
35802.05010699341
36758.25043880604
36315.37026079198
36243.97887148191
46844.37608760628
36700.25959679445
37041.98787207823
36630.84505615958
36321.353940162604
35739.17383554578
35725.62592036988
35436.618009199505
35312.29838454485
36562.64575926465
37163.876364465366
38433.06349505361
36402.59302485947
36541.28625531464
36036.42112304778
36223.79520278388
36254.80122010604
35733.37750429849
38165.96649804228
36752.92660091775
37562.72312375443
37685.67421945905
36267.16424279665
36103.88263162747
35773.607424684335
36149.72405382122
35780.63544159353
37570.15687243012
36636.83981528223
36098.16877931188
36207.28757172657
37280.40897381705
36501.31187963502
36581.067940065164
36588.42110914083
36509.15016658287
36644.36593718931
42113.468506752266
36190.30405175237
35955.9260431857
36083.03055719684
36311.48878215795
36971.296031221806
37655.49727906976
36149.2745681194
36709.97171815818
36993.09263439525
36579.650125360014
36691.93398629965
37470.4971577153
39763.360099162914
36931.18267874167
36010.97523992989
36888.04942008036
36647.61687064293
36609.32697167835
35724.15064702902
36221.297967358114
36439.057526160264
36490.52146241801
36719.31251232323
37508.65403127244
35773.58563718512
37792.45165397612
36663.08234539364
39030.35620209265
36239.904412828146
36103.49174069499
36389.650519141556
37363.83457295772
35899.62375916868
36788.82039724789
36054.48482765171
45717.02062467429
37013.983336805875
37224.54634558261
36845.853492878785
36213.862199520685
37073.86636059725
35631.85079051635
36784.186476028975
36754.38374111139
36929.90677594593
35859.3063384681
36993.74165186208
37510.37383489024
37609.97136842642
36816.538036627906
36952.31512552139
37529.5193470898
36526.507262287814
36845.442963757516
35836.577215912264
37190.13619907617
36825.57733095477
36965.98480643841
36603.31496315134
36251.06727439179
36384.30338254502
36535.435562220635
36997.77351826491
36974.27478373464
35958.20941154434
37368.662994335624
37264.05483760615
37131.865160762965
36388.49953551075
36250.096232051466
36923.224603350216
36905.8151989985
35803.22318816684
37315.598914629656
36688.532599561375
35604.36152203379
36665.76211997163
36777.72597323124
36118.06054523908
36337.68517172931
36828.71541988201
37296.1251739307
36842.470604459246
35690.59478663553
37008.726092123376
36282.12591780492
44820.83991827123
36284.44274909428
36523.76057806806
36794.99674245943
36762.96361455376
36267.342851023386
37180.0838012319
37346.90411724175
35793.38816530485
36995.52782758439
36182.11720931042
36217.31733425066
36786.15423789799
36113.176700240016
36142.742505058864
37614.27061388181
37294.75270996083
36318.10986361783
37028.71797818286
35110.55610632654
36976.93471092857
36405.418324971804
36594.896827217344
36080.855294245164
36442.10928013407
36311.5243619098
36066.8116972546
38112.04782574244
36814.38287198861
37048.991760367244
36721.738608581334
36427.511078238334
36748.314376005255
36297.7301849521
37413.8153297251
37016.31281141357
36795.43946497067
36386.7899471374
36720.49975104666
37229.29508453347
36405.20663857289
36376.55794708326
36957.9501207673
36374.487781909156
35578.12132898045
36206.30759866111
36093.91902386913
37517.009825299574
36911.88781943196
37195.74254210958
35559.628297197574
36137.755760563334
36077.68114749011
36436.19471024997
36752.81194923438
37267.651019416335
35866.09256673648
46742.31945278231
35623.710858848455
37479.41334704528
36030.65940946161
36533.236012925714
36807.90781409631
37111.53758263173
36568.75642375291
36662.610227980105
37123.16942643771
36223.29806861854
36794.05796609408
36373.74754477845
36886.909945898566
36445.53752778106
36876.28029523606
36265.58607930335
35694.30660770376
36107.52865264842
36592.4713793262
36740.41564674964
36048.52141007266
36748.4261838487
37246.91233996904
37488.20185015778
40450.07139674905
36516.09178388764
35820.212864297035
37679.35348926419
36170.46787652085
36974.18952896476
36914.61225014035
36724.73753783049
36318.73989167202
36671.81505576625
36609.469173132136
37598.63521277556
36319.549423398545
35481.492044215294
36907.315574778855
36235.02830412739
36745.307054238925
36752.592727622454
36502.09761355302
35959.6397064803
36065.067597651076
36341.501597428425
36706.19852123221
36991.861023294885
36466.361698369576
35718.75790145074
37292.07197726634
36489.75744056344
36082.89010134329
36715.1021772434
37125.787959160734
36544.13722777143
36666.11070200216
36793.78574783203
38086.32657215449
36153.17954236459
37091.74334162872
36273.478962053654
36203.707246929596
37047.63369377773
36601.12840636093
36712.8086596645
37620.96757742421
42351.66036723989
36629.292404430416
36481.276022859536
36241.09837944329
35818.48072178462
average revenue:36902.785547855805
possibility:0.02