35838.77335688609
36053.233141899516
36323.771376025885
36908.322338702834
43002.47590249697
36189.510528547755
36968.24647549924
36944.450429790195
36411.98270506749
39739.978248687956
37096.46642980054
36533.30755607375
38200.36797049833
35615.81624374267
37663.27620921458
36810.00547904526
36622.99227260066
36895.49153848111
38993.47664423832
37307.62307513992
39102.649577245655
36602.719183494664
43108.86401287882
35707.194399808075
36548.835453742395
35463.368956584505
36594.50608915192
36588.80257170012
37038.80535141724
36086.67056866269
36826.223492334466
36701.14972704028
36897.31806000925
47431.52827283265
36321.97733138955
36000.34785184149
38123.332028377794
35350.19326754287
35288.86113958609
36710.73099193372
36753.316449141756
36233.13525201502
35860.6683960243
36242.021522010764
36534.91873490878
36565.28927976267
36268.51499854058
36494.517551741206
36511.065952957906
36421.32245413406
37718.09899888321
43245.05364449478
38492.81119991539
36543.00127968181
44363.24532191984
36305.47659819914
35684.80360217334
36795.328515254645
36775.00742914721
36502.2047281636
35736.21298760756
37840.2472467192
36025.52836620552
36907.87356369922
37252.32466246771
35645.17374310139
36613.87844304505
36671.68726590603
35628.04029819686
36957.13900896324
36311.22491498562
36295.304262406426
48339.992046285064
35298.405963879864
38068.3587667582
37414.577979633905
36479.73180540017
36888.692876841626
37479.460213567996
36914.08173243978
43684.27004995226
35633.50473447907
36723.571474409415
36262.373943467435
35886.4187061805
37258.56032861056
36284.9605368596
36511.693777439876
36762.00553257933
35640.0326408534
36238.79972837243
36213.63940221014
35932.85707965852
36165.496781843234
35838.77252155697
35479.737693522016
36530.812691523875
36825.37485317969
36165.85732515479
36452.29916198133
38007.61493915487
37062.21483284485
36628.08045217727
35708.89873076907
36604.044086029135
36576.48633255573
36575.73709169319
37698.671454152376
35951.998437442184
44812.302891536536
35845.996253132886
37025.99872421158
36403.30621104404
35720.12987211715
36794.90172495017
35868.89774854357
36948.70302798638
37672.08054474209
36833.18928626688
35817.470501216114
37043.31170971961
37377.249555606046
36459.71304177926
36833.62744196064
37819.6348046543
36557.5308887274
38131.683558314486
35867.87356235578
35257.617185212024
36137.834169887166
36163.14042479149
37025.62498720439
35671.64040726985
35671.47924016547
36260.206540135325
36734.53246529032
36567.68160495744
36142.583405625046
37821.98956792824
36430.159596600315
37210.793291135975
36468.44193458392
36915.572204136806
39831.20680642572
35831.08910960881
49882.22334892222
36874.062086242535
35869.22302108007
35534.44232808116
36680.18699550028
37246.6255742388
36349.40776435692
35927.53025545288
35667.26767474751
36393.62166295507
35902.55754700577
36049.10910528894
36480.43804809689
38852.69260716871
36251.015626281165
37708.390387624895
35862.869910440444
36121.93691218683
36795.57622512138
37675.85107502259
35880.120897426066
36407.993975686215
44268.26712734446
35911.3678382666
37603.428276765415
37086.005416651
36439.00247420131
36009.949509314894
37294.95928543637
35720.28743756089
36905.111081146926
36387.21405950068
36317.38839031176
40233.59033827372
36690.73820538871
36668.42393426677
36950.99764380635
36321.018348486
37542.33044876468
36560.972976822144
36511.893082573675
36434.90881448532
46175.55969748755
36927.86612245097
37365.44725919281
36985.01473432819
35708.28539649004
36327.69054826869
37770.14330633218
36187.451531331106
36407.60784650225
36011.48720885676
36190.36468469356
37027.262314736625
36919.138749137426
36809.032898874626
36004.56644978962
35695.4510904187
37087.59390652207
36865.100404644414
37299.91595920157
35905.726187999484
35732.922473430786
36035.74912673293
37163.71502360002
36025.768543291066
36842.05742693785
36645.92618420394
47238.73091653982
43159.71970245796
35600.698139110915
36607.69912560045
36496.452114436455
36472.74176753226
37083.86641203369
36591.35262670687
37211.62148300024
36590.90556750194
47927.42691677058
36648.39847754292
37439.05054400921
46986.683189586685
36658.07433170775
36646.59049595396
36785.87586457712
41851.737138659606
42293.7472673332
36452.871362044425
35609.1907755767
36967.64663061385
35748.84579922709
35741.8926133448
36089.84129078071
37101.04361049567
36421.21670430083
37269.98884700981
36348.93592970604
36823.28345212666
36532.641909284546
36964.938690975796
36422.0657729641
36772.97354048955
36987.8208895391
36536.01222561359
36673.94775445643
37529.40930227171
36306.85253760126
36648.51841555908
36025.99227587749
35674.97163893402
36010.50541021193
36072.39436171423
36118.90396142299
38378.532426328304
36737.580622014255
36821.48258349759
37706.984653776
35697.62166183305
36199.470039030086
36031.772821731574
36603.733874132326
38026.096520844396
35999.000543816226
36141.42714487079
36807.497175998105
35724.39137734548
36524.7955836093
36694.649721193884
36486.350202075424
36679.367803936
35933.925077249005
36097.54890954449
47864.14495188607
36398.5493802441
37478.571730590236
37336.26948255694
36824.10000091969
37427.79808383361
36359.64822099392
37438.82465883521
36673.81662091962
35896.19469763645
39330.73938615968
37419.293910887245
39371.65799811826
36534.45230024169
38449.56824879783
36056.14687199916
37115.24238296981
36582.42624911064
35912.096381844545
36281.333270652925
37317.22199287671
36570.134934871785
37169.44663476952
36709.727134925466
37057.59094634808
36315.94215498012
37010.88165069176
36848.17684943456
37357.24300090643
36113.45488135352
36314.92984371939
36272.07016805451
36394.41126784358
35935.349045022
35675.51662936289
37444.10612613216
36361.186849847756
37067.429416016406
38143.83207560065
38056.74913662507
35497.855925799915
37248.482852456764
36456.54187117701
37146.52372976286
36053.120016701636
36511.29204428199
36094.219656295565
35790.78385728554
36344.68617103045
36786.224033250786
35688.458246713875
36949.45743313843
35858.71588578298
36490.358490006445
37301.46048394165
36234.640628362846
36917.388799176886
40067.95005007682
36250.38576656142
35893.62407022496
37121.783234401955
36424.32976512825
40223.70504686989
36469.59468359543
36542.9497014997
36119.32480721491
36956.21336711564
36434.89822131052
36166.59993837387
36873.44047193032
36644.139267772254
37357.51737759298
37189.23172931548
36353.81846313008
36183.42323800061
36326.86997674234
36543.56057382569
37518.55121802011
36265.89521849958
36889.98791984632
36588.57812044111
36351.552965585106
36433.2941231766
35495.121657812255
36374.03600994841
35850.94433032225
37834.88095957665
36356.29553038259
35061.08823527022
35525.13764966516
36195.61051949083
35979.061995809825
36375.50476224165
37775.93054039914
35960.05028639093
35958.95274668475
38621.39239103116
36643.58606269974
36344.70180380065
37645.067679737105
37447.84863619646
36870.202778204635
36096.772611432796
38165.81997518779
40354.448641036535
37129.853926032265
36404.63892798241
36647.0130337799
36315.17615831862
35402.616096790174
36170.31932661959
36718.54168350791
49901.88006755535
38654.97603836872
36900.44955836068
36626.67602335827
36103.250750475796
40670.45198438564
43284.694746509565
35943.8542518835
37088.228486285094
36468.02127251948
37129.138947859276
36429.375110247754
35867.806888530926
36207.81478211646
37025.91551407494
36733.18814346202
36158.83802876836
36900.73197700891
37109.47853450083
36166.95611593481
46310.02444982284
36452.77859990189
36466.2854997455
36229.733210338185
37136.50491114079
36927.09335084769
36422.43688841275
36892.66824726208
35833.97890517197
37038.02293618711
36985.72386447745
37625.98015433525
36950.16637488927
36549.20614681772
36823.87388384324
36834.49469387954
36768.85228314498
36949.9844427663
35807.363356109134
35844.829748066026
36434.36379061118
36048.252334267905
36374.14262502221
39462.03829343961
37370.5437417072
37310.947387547705
36774.05486927115
36338.16730931152
36981.294826820034
50178.06452623901
37187.82424680403
49912.856568142524
36758.53491778032
36950.74421182565
35799.67216366995
35568.93016300339
36831.09635783384
36734.52623783859
38065.84399692506
36388.45040745192
36606.65237299452
36558.38428860593
37118.77404074901
35886.678433456414
35421.704894807066
36131.21583803993
36335.37629475685
35699.308637379196
36744.04124952828
36025.916071479354
36143.43771376893
38312.85133959523
35908.48834264752
36518.96207382808
36978.745915090614
35857.66552725776
39859.78617110976
38477.086957530766
36595.038385002474
49721.23301384304
35886.95872477393
36763.94612567719
35505.68781604853
36348.43594979951
47940.54853122107
36549.266131161734
36469.22953952304
36110.84770394448
35962.73906502534
35509.13467684913
36694.34273575258
35744.21143067941
36364.25282785972
36754.110762590986
49809.351761293954
36693.03227213727
36859.8826323858
36423.32340333945
36597.3063978824
36980.7200348433
37013.05559142335
37261.35513670953
37424.55112467273
36672.95464927463
37278.46300280501
35839.641132660945
37098.648578209926
36221.75058036906
36529.4186946123
38015.74036450971
36343.62223276026
36471.22867318443
36642.45120167358
36507.161904935965
36112.94193336469
38517.92612793986
36292.69890725329
36128.17513627354
36598.80101699032
36175.17321155074
38470.66848554131
36500.735843946284
37309.31334489014
36154.78695758034
36766.782936408854
35930.06814770401
35367.229311239316
37045.6612843027
36314.96809314296
35444.96442768162
36132.17330809244
36925.94374048277
36351.08101143652
37104.76068102077
36226.45097864323
36832.1816686349
35629.381297178275
36258.061608061194
36403.15347009692
36100.71918366791
36953.198605268655
37201.67728836147
37464.29824748672
36306.528664691155
36647.12952078893
36328.74103910631
36739.608950848546
38013.70880855728
35610.096866502114
37093.21683025569
36901.672711650026
35982.24297040046
36462.38902690853
36620.927762749845
35153.10577051782
35993.68007277877
36801.28257402896
36059.751846789644
36904.15440490671
36662.37182313311
36992.546833550456
37992.278400731164
36542.99359834793
36853.83079616935
37008.342630447325
37553.40296921369
37192.16307784674
36424.243810264416
36320.820419843716
36800.32743015467
35883.38697263969
43790.21396704601
44970.28768507605
36909.29416234762
37057.9118708668
35694.276608574335
36712.10214219149
37160.793137003806
36628.635572770516
35648.24884954315
36037.59751150919
36298.34669933691
35439.62561031031
42611.55993724237
37573.10063077858
49349.62604177753
36080.54240421863
36416.236512018455
36138.96058816107
36959.09150751193
44787.91380888358
36352.851739834194
37252.643825035
35853.13226445996
36429.819114872276
37641.00131584095
36414.01571908219
36409.46709337605
37440.50765563242
36109.65437191104
36269.27930105147
36304.54372751278
36776.189929256
37509.15240993484
36621.70525445607
36827.22080737578
36125.427121525216
35318.129788218095
36803.213248730266
37224.8811477918
36044.686704500455
37649.62296965651
35719.37023960223
36774.22350674369
36312.83061232791
36141.33547912614
36646.222475133414
36692.77628866172
36715.17189276398
37344.47847247753
35785.226192268055
37066.50850047243
37907.34827691149
36230.482115378676
36461.543501508684
36863.39819304586
36800.72291995658
36415.850068821426
36188.03622189625
38582.723096888556
35887.110818287234
36922.4100363445
36544.135257282425
35688.55423222067
43731.60121675498
37928.82838595755
36090.777470751884
36005.18876253283
36477.374590567386
35420.42439379833
36836.84262833452
36411.91670316108
36104.86558592778
36220.61214819364
35892.8830489264
35640.9272776542
36121.35500198896
37091.317715878926
36602.15064556896
35388.42427815444
36330.75071348781
35668.48916858832
36420.761060968216
36368.18138518094
36336.085280715466
40289.30104290763
37423.99864100575
36597.47533195523
35788.47938956992
36308.99207047972
36581.65826850288
35931.40156550973
35367.88749638617
37368.20705702779
35844.60005103552
36543.90905573987
36984.82385743775
36764.45911692529
46283.825066210964
38516.660306486236
36700.85873448616
37167.708447940466
36350.22963291637
42641.59690967902
37412.5619078273
36506.76308867918
36412.42652851784
36908.34258353871
36415.93343636091
37669.10418521129
36899.656062460366
36439.654810791035
36582.13676856001
35843.74535645145
37123.14894208446
35648.301520482295
37190.44961841535
35983.69119383496
37371.44947138534
37682.41840518101
37102.28393602104
36488.422407350066
37192.124216450786
37045.445999406635
36964.09070696164
36156.93107761728
36813.450888091334
36290.51747576922
36542.78732763867
36833.71781883176
37042.65501666976
35902.807825414915
35851.753886297
35807.37877475901
36948.06527007808
36005.77249358591
35911.238184293776
36911.05258632511
36535.99779155671
35600.09016817417
35768.62809470959
36891.59992029578
38122.51253171371
35948.122744052176
36480.41347890164
36651.04985077583
36942.08260859926
36950.81776905614
35978.17157316389
36451.88599762877
35911.06125369388
37820.401202517234
37364.13126622425
37255.286345967565
36754.77346009242
45877.065102332264
36151.961076580534
37764.66059582374
36692.20138760269
35768.3726604573
36999.84303509412
48644.80224403057
36278.35698313439
36400.344891445115
36815.79677831045
36625.39655021192
35725.091233101826
36678.53358616205
37821.81678846539
37221.968853127364
36143.26682093038
35883.387545768965
36787.30446225188
35735.7496297701
36450.19608146485
36269.881792176726
36156.03564107626
36513.287277205534
36535.25669459894
43844.012204562525
35510.45661694162
38728.27398228846
37945.43065348563
36917.54754274028
36584.73064276447
35915.886925352504
37633.91288503266
36329.938666263966
35608.917751662935
36076.22347941283
37267.59098013737
37524.52425576987
35864.657546085036
36098.19750953292
36706.085427123886
36987.705324697265
36225.00687868186
36839.32487362704
36272.09746402527
37217.95926379987
36417.16009333542
36488.46603827166
35654.84502160637
37117.63097082703
35684.804681056645
38052.137955214464
37083.82219886267
45869.507657976144
36076.66931932243
36245.22348114378
36598.91661916406
36457.99097854327
36072.893724336005
43403.9218602063
42360.62646935242
37530.71088179419
36756.07428084162
35957.8337739503
36221.55472167353
37657.24808094401
36169.86912821186
46121.85662116234
38030.08012528386
35561.45261224209
35222.637661114866
36641.65837616552
35738.89284274837
37731.09126540171
36598.77800756553
36429.89336110777
36695.150275699445
36528.47611842282
36810.19748645294
37182.48277368633
45240.436070780954
36478.98571358179
37093.48720484258
36694.062743984025
36112.655742865114
37414.811871248334
36080.00733632735
35707.37345207004
36782.76001233639
36400.854509023906
37335.17017726303
36645.178326145004
36692.63084817844
36992.06804183826
36659.85871559621
37621.59294437866
37423.83205815668
37067.613489334595
46051.247028739075
38873.47042499426
37152.58903000513
50063.10951574793
35849.68043774628
35207.527640601234
36385.443199447705
35646.40415046109
37614.297509714
39984.164272617454
37026.882529990275
36969.12342608022
36414.05222366926
38050.71657364879
36856.62446938853
36097.43160893779
35937.652139809295
36572.16292641085
36902.233580337306
37506.91441155544
36288.24293405598
36693.16857796058
36900.26562780495
36381.821320686286
36095.6425857348
36184.29020564445
35794.14955012884
36364.75969897268
37294.07849979405
36457.431963839445
36276.19545349371
41215.241229995954
36028.44209879715
37787.466515398046
36129.730980458306
37409.762501166144
36848.460686537095
36438.855182657084
36796.74563046261
35659.66607734398
36294.17110777675
36584.083700630355
37026.56114196333
37189.01827450677
37188.36165756718
36407.56897429311
36241.18935904161
37684.202446889125
36130.34655888936
36755.57394011798
37584.30358543954
35644.5530817863
36925.05310921575
37296.389399266125
36095.24813970855
36798.54516831584
37454.71349960699
36680.09752999518
36401.797234200174
49628.896184487014
36299.33048756082
37481.49757927371
36903.677898742666
36087.55493174828
36868.48903068238
38366.59951487773
36110.1396369141
36229.344612139605
36557.38046104617
36378.59398654696
37040.67422294017
37576.341558291344
49866.83043864198
35954.307629907016
36312.49397534457
36392.0041678729
36286.48575511458
36692.97160402773
36384.84701259835
36707.35683723169
35764.308919355135
36711.64668289194
36328.747288191706
36513.261779446104
44282.67274536471
38179.00686615198
35789.15920269946
44356.18996440848
36192.91170035597
36961.76096804321
36046.511365549064
49396.17975244746
37240.13670441166
36642.56627382301
37016.602605108936
36497.18359217463
35425.22116869175
36141.6977630526
36053.5375160897
36394.53070443052
37435.97519256523
36595.324656077435
38280.14930391208
36593.50162543503
37002.65286772097
36744.244221134184
36104.79231462947
36857.50040256321
36601.59102091385
37781.633029762874
37960.789787486865
37327.65477572723
35901.519667393746
37432.680075494085
36612.137006855875
36036.37380312492
37064.136143170625
36501.624823329956
36463.79468104936
36324.04593687014
42691.77394243445
36062.36952122351
36422.735270853496
36794.808017427
35639.02473607872
36775.98916922034
35917.675543271405
37882.046322809474
36258.85055124207
36416.16938144789
35134.486741684115
36107.22917267179
36658.24896473845
36246.90299052851
36378.19122308506
35863.47026670382
37180.83701838062
42231.07126264177
35731.35855913135
36267.64688239318
36668.929602515476
37603.9150000816
37184.23473656832
35673.85630427754
35856.17365201106
35797.08992375697
37303.825437571584
36013.27769975896
36402.60081535031
36143.58291068458
44067.73136498699
35858.106576499355
36486.47995990865
37650.18454058663
38279.6493221363
37374.552139070205
36288.1446919373
36566.36976832137
49916.38809739533
37453.708421390525
36751.9541298058
37376.377654411015
36500.5288626113
36302.00774216378
42016.62027373856
36679.46483431983
36411.22215710392
35713.17093206844
35650.22502674748
36068.008326861716
36257.56352270025
45133.95498503354
36872.161794905274
35504.635316066815
36630.70259720311
37419.01335758451
36673.49728383298
38416.819644836636
36122.92953624314
36074.406181472616
36742.908972520374
49146.11331424295
37565.64194125261
36961.09687992339
36379.43013316013
38729.40351429107
35863.727240596614
36952.65873405322
36105.0499468652
average revenue:37172.80232702799
possibility:0.019