36124.15458304316
36047.540939717044
36501.55719727151
36061.60962994072
36763.22679524794
36364.38096760567
35938.78147780516
36290.55347440404
36284.903768173135
38319.71249920522
35487.90455797678
36649.75274700856
36784.18909297099
36031.59761763893
36236.90697328081
36058.59045275945
37232.847297981265
36912.213991777375
37215.63668412643
36409.33886296514
35693.680628486814
35857.30901949099
36000.75197112286
36221.93598188636
36546.353899550384
36121.26476249533
35637.53605630203
35941.17586707401
36161.12913575333
36281.644446569444
38360.010201891084
36265.28865478036
35569.51950736202
37598.14603756412
36360.72026915585
36188.75934260117
37017.643764780114
36737.04318546316
37328.87109403645
36303.86863960216
36562.71011930662
37509.054708447824
36386.81761315503
35619.91931242714
38134.74147343053
36568.607459746956
36228.049895701784
36478.215308817234
35897.76538890068
37097.49468826041
36177.41480484648
35590.502006096714
37056.50134360609
36993.49771781671
36413.43191903001
36572.298324136245
36876.60562623429
36393.22343809376
36850.21179926238
36409.306165597336
37412.50482914855
36894.455372957804
36937.171728573376
36756.68725947917
35420.321505653366
37065.79300973226
35785.3611668059
37249.94091373913
36546.089466005906
37032.81256698508
37252.61828252643
37492.301919966994
37145.42954421069
36687.655215823455
36329.81399495941
39856.629558454064
36853.26682883384
35460.14776541106
37170.87506086627
37186.061375201214
36367.63018462512
36906.56183351163
36075.1924481509
36809.36710929658
37027.274440918365
35868.54306126084
35467.19344165418
36237.347725901775
36271.52247754399
37353.24078422065
35526.61671840912
36703.69633931734
35556.74286715718
37635.37211126422
36947.833329873094
36359.457708141505
36447.739123462685
36400.27070502971
37090.181549791334
35990.30072725983
36482.82520246466
36046.27263318432
36813.936336193045
37519.46595649199
35571.01432441738
36494.12907925182
36626.718951181894
36580.35244493558
36176.950110648286
36075.490605566134
36705.38351068544
37471.30531583687
36487.17741470002
37220.15181105601
37917.164459798085
36537.59811608514
36206.12750742884
39162.4099195065
37229.863915398506
35903.86794316159
36392.90976611131
36842.61442781856
35822.1473310461
36480.4882972294
35879.289449322634
36497.86773126043
36139.8657217308
36392.9310413907
36645.38375777256
36691.91539502766
35966.091961867656
36708.91829091563
37189.31430291077
36352.987145405925
37519.21195743837
37362.95821103627
36945.97487253328
36639.03924728701
36084.37364607305
37037.23163441181
36316.810162247464
36500.55289658171
35053.166636242044
36438.78201885725
36039.73009503528
36410.90955478765
35642.29090759649
35523.296209365086
35877.007942833974
36302.05616310209
37794.62879128716
36942.86205942457
37026.77660819314
35842.50767741183
35664.60144766988
37013.5801332116
36700.944449532755
36889.92027265882
35960.162030670486
36164.357012521556
37349.25110047226
37812.16771677318
38298.603950299126
36302.985728090054
36768.348130380225
36803.389558012306
36193.35660459459
37633.27190357334
36030.83394452515
36728.89906069547
37709.44691279208
36367.495579832816
36394.74345572868
35625.954198905216
36138.17656626656
36501.62839676171
36699.47526658986
36097.80622470788
36783.759975551846
36479.40649788006
36696.58229763821
36423.615495719816
36945.62351648102
36960.66277200284
37122.75000601125
35879.71431307286
36072.77444160167
37616.260277411595
40728.31080791529
35890.6958236006
35539.375927875524
36249.26169527744
36428.396848930475
37757.94453101035
36216.81495992433
35675.47060509128
36410.656736617704
37429.07926095966
36799.87526481614
35893.262570270956
37001.9135590712
36946.535994437705
36163.54685996075
36091.65617519234
36757.24705851146
38003.559051138596
36593.47257162772
36490.27894635808
36262.76125597566
36184.81461907295
35239.056677924025
36698.8950543325
36810.90477307989
36883.839146718194
36499.632613554735
35466.35187069614
36142.50844447461
36702.273556336135
37164.52126245831
35635.867889174384
35587.32573308991
36671.57278014167
36005.97487383382
36309.2736399781
35820.500016370526
36995.17611365558
36354.86518380819
36429.559952256146
36613.56323516686
36423.77302061898
35894.92194439225
35761.13187763598
36098.77273888855
35338.50141273308
35992.88419889015
36435.62186354482
35917.508633058154
36991.531533292124
36256.203768887055
36825.18270139903
35620.17049798786
36209.26091482311
36191.80747243959
36649.25396138435
36685.94070500918
35402.8739697879
36338.730784927546
35969.487010371835
35612.06813128031
36276.66062017431
36109.992250668416
36268.00441637402
35782.105265113074
36866.86460021191
35945.198656977474
37043.30067554022
37608.127621054235
36666.58655380757
36606.405925590785
36361.77147256924
35883.81234800687
36568.04534465231
37235.745825234706
35292.825365746736
35925.29528110145
35858.587881557985
36682.70676126166
36780.26686707144
36539.33762090482
36199.09023785517
36650.49880606189
36665.45593739048
36363.36270109554
36753.18450787264
36684.121922753795
36843.95004676287
36502.62076074886
39201.15140020518
35460.871092068606
36387.92684755644
37073.754877152416
36594.94760193744
35887.02374064793
35868.04478977488
35917.97555181952
36431.92853288346
37091.20618098102
35244.91246927801
35515.84996665195
36398.198091988335
36508.68153817768
36789.672391103755
36617.99471075793
37030.03084858519
36928.96643402464
36527.26254298376
37188.5684558662
36672.109145594906
35859.33202812802
36249.62613533429
37074.53370392805
36170.28137957044
36433.10467295949
36655.4039819638
36289.30030028262
36472.39934865839
39997.583619088386
37178.427572269175
37117.14967197087
36858.25444891259
36422.35283077139
36863.93744105258
35929.99304150204
36940.08876259943
35702.015975558505
36571.48004152659
36784.024129998455
36055.22664761248
37151.17844448622
36116.965549305394
36636.60615810444
36869.21519439132
36131.75091558544
35731.8984588319
37204.979977961404
36228.17783435542
36728.6159091339
36191.48938753197
36724.832371945704
36481.24408263979
36490.02203885204
37927.41001183661
36341.789876769355
36058.52124558169
36443.34820805956
36151.606989427026
36932.247037684385
35730.23934752178
37512.874912753956
36165.61657256512
36505.05177868519
36008.132624679834
37180.48987265071
36479.38064368827
35898.14661160943
36901.6603109885
36764.599196573814
36967.94954474906
36125.16992830126
36729.16304282614
35833.775394444
37330.571337632224
37159.28384950153
35665.48941080876
37007.02383378588
36657.68755551383
37040.64351111536
36571.89943848967
36246.87329670548
36624.21750766746
35834.62976765966
36552.77261860451
36442.822575589045
36606.935174786
36155.77294291125
37340.14564149468
36801.30391551471
36144.605789176756
37063.581879512945
36478.64128562606
36284.4763612217
36380.26761133722
36233.83520772589
36885.89886469528
36299.90248912522
36585.664169226264
36255.607895962385
35598.85735968017
35897.05690051669
35807.916958450085
36397.27610700338
36453.93046852264
36467.43990950836
36246.984067236874
36658.81141938159
36665.227249326716
35911.345059444255
38454.13573564141
36680.53248195724
36284.23544041262
37322.095744546976
36081.86991487256
36201.88206500116
36812.847897773085
36938.60447443326
36611.44590821648
40394.376582709476
36634.92070614355
36585.91170100161
36654.73453659743
36218.58809436181
37558.398106111024
36392.829081292926
36124.0325989729
35712.94165193179
36470.70017261702
36442.86955991548
36787.87845859416
36130.145296972805
35600.03991503149
36081.947374954085
37067.25710184336
36175.70345976611
36173.38168557809
37223.403248689705
36616.55263376698
35895.42828549606
36301.92740900874
36391.11041774001
36825.504632685734
36687.21100534019
35574.078807045706
40374.3560782613
36251.536493255575
36320.593490702406
36619.773008857
36291.51528352191
35835.19529260621
36829.291947024314
36912.55643109891
36462.6503354013
36308.652062082016
36389.89986037939
35649.26256719182
36727.26672051047
36053.805147993065
36852.58929223365
36324.94009025333
35674.40411832462
35651.12935705541
36756.93006603551
36249.12223013934
36153.324185150304
40293.7827383348
37059.042873608014
37059.41380001508
36929.21701576787
38089.067058662884
36540.872401904984
36398.55131691615
36300.56672235996
36179.46876582063
35964.438260436706
36610.25307445869
36313.752281222165
36375.882881460886
36547.64922141713
36472.077604390404
36338.17322971368
39384.257495242346
35699.54151074433
36387.74529513485
36327.45625442352
38548.17292722822
35915.85088528181
36381.570058818004
36822.469925062716
37497.11211875678
35811.141040805116
37332.79739752791
35692.6106372905
36594.40081910076
36941.055420131015
40375.82615563829
36256.411404482606
36510.032972046734
37472.06037245559
35709.4673567205
37001.25382648411
37140.09913789535
36520.59348348864
36130.699756846974
36965.25730323933
36266.47797022212
36268.510868375706
37143.55766006838
36975.383407029585
36991.43531703865
37143.123636619755
35723.303502198134
36221.91124639419
35408.349426531
36364.696350393
36449.68003151267
40649.353050526
36002.046538415256
36298.82129167503
35832.30071374454
36386.64737535345
36781.806619001596
37479.20972648113
36412.135287758334
36224.63571792614
36929.56738643811
36981.72607220983
36847.266247920605
36058.01559571202
35682.72188508278
35700.164734841135
40168.914363460884
36342.08208974191
36001.46392251354
36632.889920732996
36456.82295631853
35908.07036119662
35878.48768863765
36628.66619201609
36919.70709864771
35933.65895341057
36594.363844069376
36689.60469877379
36844.81532702198
35948.73437037325
36386.7752564253
37035.22460047466
36239.25675339479
36036.518610608895
36393.399903399564
37657.57538989422
37715.70423147377
36845.8823293826
36899.49454905388
37271.700895093054
37047.84309162064
36048.85480520269
37029.96414020472
36147.53900062646
37419.256426959306
35943.12249146705
36590.136577723446
37107.61476104324
35358.37806605853
36075.72002361245
36458.52123505936
36414.66602939394
35463.21949719535
35713.36713026972
35471.749425637376
37357.55783853985
36162.84331189695
35079.71262583117
36737.62829163976
36608.45977937125
35794.317557919974
37059.32260170181
36722.84748565696
36222.23582120294
36179.450714290906
36379.44298376194
36581.696074138854
35797.30575452544
35472.33500025495
36048.64406503118
36195.41672157405
36859.01261084933
36249.269590245895
37462.24546343972
36167.55483880563
37005.26587487679
36089.734099582405
36114.08087095037
36182.46935734769
36463.61803864031
36405.44789747999
36700.68575533043
36940.27394601874
36641.434648665774
36149.132729341785
36925.8574382845
35645.19181371908
35811.838215447475
36039.944302795455
35781.50953910839
36048.259154484316
36072.2572818366
36300.89292234945
36150.02607905146
36515.382191024924
36837.980504369865
35295.055691706104
35798.541993394414
37000.92299487076
36983.87457429153
36025.441744032476
36685.57252356545
40374.851551072774
35617.26128760133
36874.558759202315
37498.37076013565
35982.84739810129
36368.84705440674
36517.74742757969
37155.088574927104
36282.8017906395
36097.72205925002
36250.96714985745
37146.64067467976
36861.21074799233
36385.790754715825
36586.10148143064
36344.81424567531
35887.87577750748
36454.88528864699
36240.820810480196
37026.138413541405
37277.52441397907
36444.6273173799
36691.047870387934
36666.28478814746
38123.03020427322
36476.54577223485
36399.9478064161
36600.27901138073
35743.189613406714
36580.23572659746
36495.0478968022
36765.231962425714
36663.19714026473
36167.96014103996
36129.566252452954
36607.15920322539
35717.98713802546
35549.11990299139
36186.97354873843
36100.053994964604
35168.82963860699
36002.983952909046
37598.985939642
35692.71209762889
36535.44937275896
35829.43970934375
36525.83360353914
37159.41757263362
36344.08243453295
36298.33251856974
36040.99062829308
36929.20356900486
38118.89603986523
35923.63769978929
36921.83607239396
37690.47369699238
37928.09942572336
37176.213430605
36289.84296235052
36165.92330095714
36856.421860952796
36475.814066504434
36407.21266552034
35247.414652252635
35801.79542819548
36194.34637068442
36429.930186594574
37480.71035993486
35865.09158238493
36139.39509254585
36671.18142310205
36849.65544662295
37420.885555856614
37230.114144386454
36660.00998895223
35695.78363592511
36736.7026745037
36356.7061099497
35811.63688633736
36089.14585488102
35856.873054905474
36437.22802619484
36121.48584505501
35803.03762060716
36412.15861466384
37062.82124332626
36785.073786714056
35254.40456695536
36699.14884053412
35637.570454642766
36977.692334185915
36056.541978011905
36358.98036495809
36312.47747575355
36989.47363701639
36301.0243742009
36440.45631880928
36871.26829436247
36112.13233874555
36145.583148922284
36240.72769056656
36165.6419581192
36059.19164713878
35815.908192229756
37187.189857235375
35846.346325045444
36682.01255989938
40299.86355106127
36730.81583234038
36409.79004113244
36630.4824425312
37280.51352618942
37258.31421590804
36529.72763761951
37053.88148662318
34936.934695137614
36082.22065330108
35840.543050635235
36275.99035700622
36339.00653532169
36757.31171990164
36645.95315573137
37028.345961885745
35829.87140346876
36604.54253624213
36593.500353321215
36911.86997062709
36385.658393801605
35889.33372865416
37158.37594579521
36182.30493057005
35507.240907316766
36313.36795095421
36806.26902053714
36071.236312329274
36020.8941335708
35995.055010140786
36739.67014231913
36834.02722995799
38337.75476744951
36610.391145253605
35953.635989939685
35428.76466903709
36869.21165516128
36084.353344114475
35328.67680174658
36824.72103121744
36716.516636672466
36395.794547440295
37301.66858571336
36442.062014009935
37046.71620919502
36287.19307963968
36558.11792652194
36710.352254279016
36094.59563921975
35953.46432871516
37427.82242567314
35981.638359539254
36955.135177082804
35996.02867739958
36386.26320104062
36408.38796350377
36459.82508557617
35912.53247975537
36275.324700763915
36583.58103037435
36505.74266366133
35127.72648830814
35424.74815073872
37097.413079764214
35547.10183272602
36651.43421185176
39294.29567452688
37218.79779511218
35856.11544588634
36115.45395509282
36632.18280544531
37089.49705914391
35864.85205171149
36141.34676581056
35758.90809241718
36630.190803859114
36052.051984380225
36509.153213959995
36664.323942149356
36155.36399796552
36587.94311580833
37088.06747647796
36577.768069761034
37126.1099557873
37209.23445829404
36209.56540887609
36534.686710018526
38911.15443440176
36338.152636801286
35927.51885828546
37539.935184988615
37362.39538349854
37159.76413094072
36827.792638301
36532.310735351864
35815.69225041471
36468.89913585745
36164.51143111631
36170.544444092
36843.29014761519
36645.432218545066
36666.52295836863
37169.05421363505
36814.70800241459
36742.276452331265
35875.773485241225
36069.69141662885
36666.222471330744
35942.016628687576
36216.85902399714
36682.20220359331
36107.03020670182
35997.30242639967
35324.6518149918
36654.81895470921
36422.82183876811
36664.94383513804
36263.12370330692
36048.88318139722
36170.35741188829
36203.87775102808
37140.32001995595
35826.79069087207
37354.4939810755
35875.283683156704
36335.597785110855
36157.6830483097
36376.83478869271
36319.20229528658
36792.91652433503
37034.08398560245
36059.197659229634
36729.869459712514
36386.81198933883
37571.06140639318
36038.32971817175
35751.16823999212
36955.160990539756
36276.61600362013
36884.23976624347
36068.90762853398
36386.95098990701
36752.67045372167
35544.36530922255
36424.639004607336
36678.45356265283
36675.022861706675
36443.37229748431
37048.83316921185
37209.63060056677
36196.91708958256
37542.670463532035
36669.66756885187
36817.75610356603
36486.74610314019
36516.826380568375
36108.17401742703
36314.72882193192
36680.569455438796
36264.31854917441
36437.61924188431
36176.298055991574
37002.2207549162
37092.18997824628
36408.90823822622
36795.708776659805
37142.338781129016
36459.54897797161
36277.84262733736
36205.61546993625
37031.723057710384
35919.585729830906
35926.33794030611
36596.66727327357
36343.69908053655
36838.229917770324
38630.92806859694
36884.260090355856
36388.047705898796
36707.00912746724
37330.23164190657
36352.07562744862
36228.18084812176
37112.78878152577
36826.04946364742
36855.59309073969
36861.79899469535
36367.24755076021
35903.19175260148
36506.855662118855
36677.28516651695
37071.78662445537
36532.38307961687
36987.7920553549
36130.455951358694
36287.59126164521
37520.022232488234
36353.3622813073
35685.117618932745
36812.20789547345
36246.94316226952
35198.05161327741
36518.52680885685
36897.00527314693
36286.92338002303
36481.44629428079
35560.79470569177
35962.79671672537
36429.29347723711
36148.50201847497
36573.724624287795
36704.981743878874
36662.813729321184
36737.457098941064
36062.999617497255
37492.263704893696
35929.637821950244
36707.81102916759
36360.59320978129
37033.37336412819
36662.114102020874
36547.60565022593
36803.694085743366
36585.46442056046
36134.60102531277
36707.003612013745
36428.17107056906
36202.91401421723
36178.083271414325
37036.13185035405
35679.64637169002
35579.66645759963
37182.87012932559
36899.80300819692
36805.1767668445
37201.24885925352
36732.32895703261
36316.00151491855
36306.835600932
36574.632339575925
36528.48546148231
36669.43042344921
35840.885900790774
36249.98860855478
36216.558291404515
36427.557477032315
36165.29226742855
37446.5995000314
35648.465289209635
36916.50613224606
36283.22567525118
36575.71024903176
36605.29487003586
36226.32987883249
37069.62352654811
36001.55885435191
36186.4021778687
36227.983537416825
39457.84035289131
36661.88062205946
36390.616349909236
36416.160753794415
37018.550167818175
35349.57674370124
35609.32553826744
36972.746981289885
35885.41237396127
36266.46677620553
37215.67505929717
36265.57783778002
36435.64094994839
37007.87712463555
36339.18812728144
36371.05658479842
36294.38623634095
37034.28856154599
36404.3973615472
36231.79195344948
36387.697155343
36181.79249607161
36358.002681011276
36464.2433060144
36408.22661090672
36207.85051540703
35967.771859755216
37571.60832320252
37045.94130618885
35094.18300169101
36439.24991830769
36965.416908423605
35585.11378646839
36018.34256162509
36732.297232078614
36209.33970345812
36732.098296451404
35906.143233088034
36694.22570276956
38441.17269308203
average revenue:36535.56706678591
possibility:0.016