37281.2542991962
36361.41187026512
40333.058564833045
36983.486642618074
36259.89266794177
36928.828942132124
36452.05272378634
36982.89956990154
40119.99316374241
35505.52846761394
40783.80830125883
36759.27516568778
35815.58555860437
36079.94490011448
36533.01587324108
36580.93418014378
37575.04313656443
37987.47184685291
37147.342472481614
36121.13083439545
36506.12364963952
36073.10651619885
35765.19688353712
35339.14405509457
36529.559317154024
35920.61034952837
35822.57498667769
36133.619534176025
36336.81936464073
36201.67400343956
37443.10953505094
42103.24090810648
36175.51707266585
37045.60143360585
36248.306114604165
36986.79529572178
36747.87987013658
36850.33240790941
37050.60594423454
36915.76506088167
38140.81530095402
37125.38635587668
37760.862446819396
37064.73763094996
36604.0927655261
36432.64401318874
36128.118934057726
36460.54441486756
36431.462620326856
42234.575374029264
36235.62420745539
36103.16792522932
35639.16519614609
36625.53388755026
35967.38979775183
36004.73676333755
36653.29584932924
36788.64720580981
36767.52372648785
36716.46896861811
36617.13791399928
36272.26026924433
36649.08992975093
36139.8425526875
36527.513666455474
36931.77263500027
37258.01321099111
36752.91608638953
36183.34511048517
36089.2428030849
36903.139348071534
35908.989375720375
36715.02322769455
36842.50614483191
36549.96494212325
35300.84497420083
36947.34818366825
36564.74439862648
36103.67860293359
36766.48737197717
36731.20617548719
36894.28422872594
36206.032498810746
36854.75822475876
36085.34975016148
36333.516010059415
35817.209636789106
37088.81958394204
36295.23504624115
36110.46840756
40835.39175785655
35912.5826405028
36466.87118191704
37126.18494390359
35999.40794476124
40792.257824746644
38059.00353142473
35767.516524261526
36415.72967006466
36005.909817308435
36037.64857648644
36096.54785907446
36818.14420885286
36192.49577705482
36242.100863571846
36857.02590750045
36186.044252181506
36426.51677571323
37233.33916979139
37053.154291438615
37259.54249115436
36400.93219313753
35417.943188734986
36485.81783805922
35868.60589997582
37072.52850544924
36103.223457989385
37181.028584321866
36423.24776213597
36204.61531525325
36936.791605664155
36201.47848739268
36590.131238186375
36530.03119503475
36447.768365845455
36455.25341029952
35788.45424741017
36396.131939034414
35967.91994274591
36362.28466632532
37052.146005530136
37075.853838580144
36668.11609756445
36143.60385219039
36917.52135347436
36481.86499103305
36264.78891953759
36264.999403546986
36932.53710407645
35305.86802596005
35799.62303352315
36908.526752207676
35837.115678703536
36529.575719641776
37088.86755040272
36435.70609718392
37218.7355068344
37724.35247307071
36163.68870620228
37381.79112330989
36748.438104505905
36302.476524073696
36377.9249330999
37063.003563238424
36395.51656801755
37124.59485465422
37130.77425276387
36756.21904628026
37103.61517130841
36457.54827295686
37300.861486107286
36164.275810583626
36618.581379258736
36727.30868135674
35330.8806954867
36799.99529470453
37124.59040163785
37136.02829724241
37200.07790546245
36665.80829861589
36370.69612615779
36538.08556750861
37019.757937608665
35711.97633552872
35693.257961210904
36051.40754181865
36738.440666548275
36626.79089412264
37051.48377748507
35262.33398697098
38328.42155041926
36063.7315440183
36781.304187813585
36307.58572014058
35887.23254708674
36060.510194913055
35775.27039816907
36487.57911487486
36632.720700413236
36238.22523030248
36376.3615056028
36230.806964131174
35679.95361085195
38015.80128612594
37078.53472512389
36173.77502088015
36678.171296468914
36297.16666021518
36683.52629644067
36917.296836369824
37186.36875039049
36861.205080392996
36449.97301355239
36927.5185177004
35954.06104297237
36324.55488700642
38813.5815643601
35746.92312632215
36902.31047870164
36446.796163697996
35739.574504114666
37221.575632679705
36580.38893403863
36228.9102930623
36631.085245221635
39387.27898696059
37436.54586016817
35965.24055681389
36735.54312040943
36532.11911682979
36762.51386116415
37726.042049188516
37229.36914341511
36595.183431134225
35994.99192621749
35897.887950341115
35869.420087967264
38880.13457449107
36931.59540922376
36141.09485972785
36079.04156663286
36026.74450257449
38726.47135061233
37140.25592647779
37154.69467853488
37080.689507987445
36400.44913457734
36805.72060551186
37167.92303905115
37109.05210975067
37251.666844973486
36609.17041853225
36150.68947328234
35771.99918373284
36719.92239307281
37470.45810305355
35181.00725020881
36282.08080744493
35953.57907964451
41412.8896175267
37375.77113904573
36406.64228873254
36615.4923007169
35850.55978811713
37043.54934194658
36697.428393309405
36753.06102029664
36316.691862919666
36438.14423495397
36532.89109595479
37924.619655683535
35744.87504108689
36235.90931469435
40967.33020272381
36789.46775652578
36567.777204817576
36446.21252463846
36791.982075544314
36225.33591551563
35701.14433519672
36867.96327615087
36574.33079896021
36462.807442955105
36523.44597997913
36108.2497536203
36027.8046547021
35950.551427965635
36517.084115564096
36614.00873193039
35251.60413341862
36623.23541217701
37015.01100596245
36144.61648774108
36517.44719799358
37210.96863641627
35881.97177686819
36343.59499779144
35936.18389631831
39967.705246158155
36224.10206903125
35975.46940279634
36219.798921422225
36777.160949707955
39210.3355534436
36941.000839224886
36969.409804202296
37002.81877099252
35609.63209669085
36681.34320142204
36605.94769061799
36742.98791275423
35864.439893928706
37157.91912136426
36166.44476761984
35678.09882573821
36576.6960825226
36468.226440505336
36081.062408608304
35710.54189626825
36775.49559650639
37109.71785084911
35838.07736883836
36918.124363507755
36579.713839399905
36639.13216169566
41111.00046633061
36123.27404324579
36695.57778487731
36085.473589629786
36655.29239730157
37026.16040824923
35857.344093207794
36772.74663329774
36047.19290424755
36122.77132939604
37082.36584390088
36052.71245451353
36046.451729610024
35645.00731151402
36409.3864066248
36715.34768622759
36708.6486904943
36133.0586182778
35250.155075374256
35957.55495450881
35571.7958604419
35954.672744255025
35925.49628506648
36114.279976914164
37530.02577809995
35544.584333378414
36201.116087181756
37357.09293466395
36133.532974402355
36191.004314909
36466.85886985736
36305.18939766583
37033.36882677023
37076.737435809606
36212.218772528424
36783.50210936522
36314.81403905348
36420.216767747945
36438.11008359337
37978.265973311594
37186.06060160031
36117.930427853345
35996.26221496772
36239.681648475904
37313.509125566445
36103.17372207915
36550.81014660231
36632.525723027975
36325.483758778864
37092.9637254615
35579.394391802314
36178.594483389206
36614.05207086358
36847.98806695559
36499.97103611703
36030.36827459557
36237.940277782545
36767.070241222296
36722.002208919024
37460.871049948924
36883.74520480044
40284.88462053113
36129.932369224356
41556.64091916192
36957.87327018214
36007.545816116966
37170.95195744438
35983.910475595556
36591.52893169165
36532.967493794466
36149.7022032244
36982.21315611945
40037.27044344027
35318.58138571229
37020.09808529256
36642.29612020005
41745.92999071457
36568.36117820422
36025.46170640652
36556.148651352
35628.44496860442
36944.22380484293
36083.65315309535
36222.013646141146
36220.13157742037
36295.50925956422
36417.54603177464
36040.32904883543
36627.97054372912
36628.77610313768
37470.76972244271
36522.4091545948
37150.94893793822
35389.32309615459
36953.070864778216
35949.83428732008
36952.715058864946
36234.20036123177
35437.58195897684
35946.093711283385
37175.57248355983
35517.82531777497
37476.107658716035
35861.28273218799
35981.92569916761
36437.79913967765
36873.084176791446
36399.50543190399
36630.90446650643
36766.30448719837
36641.253984557785
35609.453536132976
37042.429752944125
37165.2406184723
37163.318744047894
35973.13417505922
35855.35657554436
36307.97759775485
35818.60403077911
36434.39435323228
36559.64020121101
35987.77386132655
40057.89370965298
36407.377696275675
37540.768264239894
36513.869354635346
37110.01353683048
36234.55545026182
36098.86180892655
35538.70251223482
35777.24984111885
37347.37397469609
35780.40024291972
35640.51191081653
37525.719903048135
36663.057323775436
35673.07272539364
37017.66304146101
36268.23707122163
36710.69511322632
36111.183123917624
36584.606196020315
35804.071987632735
35819.5552902294
36125.03525342139
36626.41585520515
37305.891747789916
36573.96028873983
37135.04682155006
36400.81873834736
36402.251471408534
36260.98402586681
36878.516304404475
36511.81722833255
35770.810187065654
35266.12482465848
36405.78644306439
37134.30125060277
37241.817015856366
36583.118009726815
36011.697684084356
34906.750830964265
36466.281936792686
36438.972309241355
36780.10808144067
35960.10895469309
36937.99682858599
36958.949173603825
37372.893950417005
36397.8535920047
36309.751811899645
36707.30761577121
36199.46083931659
36893.47518155544
37134.84870642494
35395.02924289904
35750.89432581523
35583.28912246504
36336.03006403331
36687.61226750984
35865.943697757684
36802.435474079706
35906.92326645309
36955.20663898005
36415.625591120806
42112.122067970835
37196.64841547626
35977.654001561845
36935.49104120209
35881.01252645891
37414.804367105506
36456.68366933976
37379.04773746602
36235.75641627356
35769.56494816874
35869.17087029289
36022.199765539735
37268.769330353505
36798.80119742329
35984.301994579575
35641.86986638031
36695.279778673976
37183.91071975372
36150.76265968089
36400.79621539072
36705.516979288186
37506.00965030015
36006.40508123468
36300.708298137586
36673.83867823968
36125.662813642615
36953.00657582281
36430.53650652161
37073.26760997148
37430.837317490084
35458.73548796012
36647.43773614486
36308.269158145806
37002.25346144748
36372.67343178214
36301.512977264276
35967.152022461894
36668.51625999173
36492.919056891486
36415.02154253764
36813.35286880299
36347.08532420457
35585.92856774587
37270.08411518707
37163.35410588356
35949.45573338812
36507.94422853371
36946.211140261425
37764.56783854535
36546.865470820114
35950.897453537276
36663.59350839196
36021.54350837981
41638.407703475554
36306.42979954943
36530.33405170623
36891.65925091345
36574.44354159449
36697.60215706995
36889.91951050053
37239.010475484305
36929.09887197211
37246.208418696544
35772.9586784817
37224.00478676344
36395.89123562686
35879.38923694833
36913.53999066854
36358.726813287154
36408.278714652806
37076.248582961016
35769.05249809983
37321.26882193936
35876.47123073175
37956.633352216966
36254.84943995813
37111.484963885734
36505.66037209147
35896.34487196074
36771.12851248626
36630.98726016649
36463.82196831265
37087.070822235095
36612.18825023493
35980.12189974871
36661.310252858726
36512.9293261453
36710.99669357205
36598.76982640704
36191.43040290987
36451.83754347778
36484.70123296681
37760.95661947397
36670.062512927005
35400.81683975146
36071.65107125166
35921.949170663735
36287.95316238454
36686.09399229474
40866.18976205318
36020.88494198643
36891.873634680494
35432.70352303923
35882.56606163048
35892.62375538261
37089.30868610628
37499.31436548388
36597.265642540675
36632.71462130047
36214.98363969311
36279.85354320532
36356.491084461784
36914.94394901036
36331.11480312375
36590.36268081922
37758.515506059775
36918.23664840252
36585.02719659503
37272.58613265
36541.437396097965
36259.04610903511
35695.85069661137
39101.07636137057
36278.172493193946
35161.35568252706
37335.212824990784
36345.41282494494
36540.50687824586
35646.57971953793
35850.974705848814
36441.58946008387
36077.04727023156
35807.055214657295
36039.59849409846
36154.32645046168
36745.12852965502
36321.85176653077
36289.35075142344
35716.68743253783
35987.29481806027
36869.946234993586
36543.607936606386
37137.95465233132
36771.0003154545
36450.42597584764
41902.164890111046
36220.23560388722
35929.35832851928
35903.789086860976
36768.2231021491
36266.87968121014
36076.50191845005
37135.69333506193
35482.28169578873
35934.76464357394
37250.04056864647
35970.42537693451
36946.32389097437
36613.75486180032
35755.77274178049
40657.05321998076
35987.289256009615
37904.66194321083
36295.421541160766
36602.16466565422
36280.43223768299
36206.64562492901
35753.33263235168
35767.73529798861
36453.29125501928
36529.07547048659
38263.23551301702
36880.80154787012
36695.63903164207
36339.67143872932
36578.86086047695
36996.574662706415
36954.43833157168
36128.25305713534
36437.53188713401
40692.39526157633
35868.95778306447
36568.64174633137
37514.91881933894
36399.013572537595
36133.29502814232
36417.562354822665
37727.500378587174
36010.87926637238
35578.345483190824
37164.82863113963
36501.112900634704
36801.2511406324
36631.978368494456
36566.91746879895
36126.86553209435
36207.7650077024
36778.09502563016
36178.69518085462
36327.130888556916
36597.93967375325
36220.92457685955
36778.150197306815
35792.85176804669
35308.86503041552
36476.63601313864
36659.32677459327
36001.32721665221
36590.99916636105
35324.52435389391
35939.35551495543
36201.601814435424
36411.73457638371
36047.97450597796
36653.769565906994
38052.85063741578
36584.08263880263
36451.02696533648
39393.23704449096
36120.537919512724
35970.36226523172
37124.69986975367
36572.169445611624
36315.590791967676
36795.282238002794
36766.20821269911
36828.391580919255
36250.567355499545
35883.4560880669
36637.26360354073
36528.89079635308
37220.367241646905
35769.977202572554
36228.106349588656
36907.78469976888
37797.57274336222
35761.103615798595
38022.70522588941
37449.49948550713
36558.24934878504
36505.82130828689
36651.35568302966
35988.34472333603
36215.24710817479
36409.18641580685
36096.65764433216
36190.14334024232
37596.09881629579
35949.35577518235
41976.00199470816
36914.02826846762
36184.57060397453
36701.293863371306
36627.54578614674
38171.92047939416
36044.34521207882
35821.77128899716
37549.19079289038
36934.37936314455
35992.994919416444
36761.36448313283
36854.61360096312
36511.87938279778
36580.9727418662
36560.93775458472
36134.86442706263
37227.74599827433
36496.0427793918
35704.36263818103
36073.28053692866
36253.564528913936
38013.378808190144
36772.4607726441
36341.655161693256
35812.145391293336
35809.260083483015
36354.74258171565
36958.518231417605
36688.60597305223
36717.787582468496
36108.96366623801
36728.695159467265
37188.99926738744
41252.29582397751
37015.32367125807
36839.07580014085
36805.01555140397
36666.3091121156
36912.415687195906
41135.36029873175
37669.30486389743
36339.41197479167
37048.58653735178
36779.66165566804
36554.98517289866
37476.7110683489
36525.46018067861
37009.13420823513
35860.3710236793
36629.19010672594
36914.767484313335
36566.40255943311
36884.6135235289
35464.6009934066
36479.860063680324
36561.151376050126
36004.924683174526
37195.779485507446
36513.65277933814
37401.448538467645
36650.28592418321
36049.01914641988
35756.5443204354
35822.25574827839
39256.05599727567
36009.17002528633
36656.743203182865
37870.13167393318
36194.4664853909
36957.45464621935
36577.15560610146
36045.84476439796
36660.90452175851
35879.192860975105
35831.46740759785
36504.30781663921
36129.67030526565
36557.25278357012
38277.45715859193
37222.11951846648
36056.18664667333
36065.05924478083
35844.93495971262
36548.21264541634
35990.325121557165
36938.23594931738
36180.61197279643
35276.53655125292
36233.35693440957
36546.121541974215
36496.301165652236
38551.55264196968
36879.05037224348
36586.083553850665
36210.14448744087
35740.004927963586
36654.12712140991
36616.10175159132
36520.498115938855
36001.89265400599
36115.72471318508
36654.22377947772
35741.472488416446
35561.62708648843
36601.62298525959
36577.033734432785
36587.53566847379
37130.95443053031
37124.890996061156
36106.4952279912
36438.51229618341
36191.31207133658
35761.71965821443
36081.4146477915
36660.20067741105
36945.5178832555
37163.332954971054
36505.91566945858
37106.99936350997
37891.159082432634
37176.86708452692
36498.32371770071
35671.003790462564
36813.83252351286
36619.91651116323
35658.893116749416
36857.78493237067
36574.193954510214
36584.51352218422
35646.147860635
36604.187422965355
36292.18895298393
36103.20959140378
36542.85568686749
36415.8061277001
36582.609066685596
36233.31782857624
35991.63453953898
35734.27182413875
36197.76815893122
37213.39758969846
37480.92139390923
35894.88783447118
36392.68324407263
36561.05482932687
37113.26816642324
36132.42384310393
37997.083073664064
36063.62848052284
36587.141019987976
35891.74568824006
37237.26934968113
36535.946459124636
36244.2453313498
36895.254909250834
36246.13462696264
36583.3879867782
36238.66813573063
42235.92105556289
36934.716657275836
36771.27490040365
36319.19824699329
36299.28079164309
36935.98169697677
36712.39277429227
36085.938552214364
36829.49550277774
36108.8170307665
37758.68277563083
37641.42922961182
36760.05490527329
37077.13939178688
36983.8252852696
36872.9572163572
35761.667434757
35849.62274220697
37333.89754097706
36074.075646941856
36401.93505420615
37276.70641027214
36437.59931542619
36159.15378590337
36010.53745287667
36319.58566010451
35036.57261427595
35935.73061776234
35589.16956627316
36436.99941262672
36629.77868089116
36294.383135630225
36794.152677895145
36829.48695589351
35292.1610741598
36688.61963804487
36831.2305866794
36672.766073795574
37019.91679875196
36946.172287719826
36252.74591685348
36191.81920139793
35765.6454573794
36507.639769469046
36390.99030356044
37882.244342531834
36299.064720002396
36659.03171740763
36831.7507234258
36487.360917189006
36279.144408927146
35554.709591313425
37156.8449366481
35871.57100875403
36933.30547033035
36722.50972314262
36240.03929050172
36683.233732455265
37586.409354550415
36321.72948856241
36869.95963401078
36567.86268547963
36576.2142450507
38822.57464423818
35835.47605190744
35324.68948004077
37227.94387566158
36218.43594790109
36742.163852375
37147.50477885926
36462.45955174474
36384.29506663604
36724.010867525394
36109.411928962094
35334.76379864124
36779.2709519291
37380.34968754903
36753.71329635469
37097.44676778702
36171.41842881653
36600.20314672798
37296.42189041023
36643.955161118654
36440.14540203256
36712.94880193952
35915.33092737269
36661.03918047821
36712.25996604032
36597.69343196219
36080.747148983464
37504.03965909424
36855.3206668338
average revenue:36646.065029615886
possibility:0.02