37470.40958094684
50456.70128128287
35944.19957330802
36262.07904896957
36153.292509771454
36413.9742581598
36398.58704731049
37274.8540081173
37265.55550429253
36716.866372037206
36362.45357338865
50308.32863235578
35619.69061485005
37522.65360237635
36770.02371663913
35471.795879445
36777.13641892234
36286.95867690228
46095.92013940794
36901.03206367756
36785.850624041625
43430.82993183987
35976.82356081663
36483.21497277005
37204.92110015666
37200.52210792785
37400.008270631384
36627.8954875709
36242.62924558434
36629.09821042546
36842.465441579654
36202.0379555266
38305.60069704885
36451.83806537788
38551.77073063665
36034.583334834555
36714.78571646644
35771.047211660174
37415.116762546066
36023.06156113079
35408.64127109605
37503.45977785993
36480.65484731103
35463.68955978938
36093.78887614313
35520.11301463668
36684.837205908494
37190.03984888681
36581.74526750542
36931.20346541558
36994.998457301524
36200.13437300944
36139.05044785732
36615.461013832675
36478.91231299474
36965.60248429833
36249.38336432137
36040.274653737004
36335.7318828143
36554.4504570539
36376.543425423566
35607.400699326194
36992.10825935291
36001.23317559476
37417.449678758196
37260.81103674809
35527.343414763105
36288.674808354954
36115.29393912323
36862.30569511122
36225.57143438649
44053.66380956498
36115.25073818549
36740.36084894465
36306.24028283457
35950.09739476938
43028.677413598234
36090.19395804019
36859.95649443938
35265.62907394604
35296.096472417754
36085.84386549023
48141.259072155095
35830.26786355618
37466.98107923915
35929.61488287552
35589.03706598376
37311.816141504816
37270.950141833426
36726.42188866589
35859.1923588251
36369.27641023988
47976.16349672153
38353.99993149775
36726.242002721265
35394.177758634076
37204.11790780019
51016.22539224166
35535.824865908144
49019.931903760385
36551.115450386154
37854.477285048386
36165.011763262315
36535.78275995596
36755.69852761057
49824.28531610031
35832.87484666933
36979.29113064723
37210.231990701446
36777.192556839385
37057.29942456295
36830.9211013025
36366.55398216951
36800.962628610425
36123.941376756055
37344.23072464662
37006.83967070301
37848.79143921593
36454.80342062895
36869.26357074607
35946.015109758715
36397.66508849671
37379.328131905975
36934.424093242036
36440.58677144173
37045.89296756846
35549.33284526691
35398.409380775425
37706.83095043276
37391.486611199936
36694.920897715645
35919.978910167214
37499.617422872565
35778.88886770688
35964.18045628724
37908.763214220555
36458.57420867536
36151.43645981876
36277.49285446855
39166.77121473939
36897.29799364027
37192.102031498114
36230.69712500741
37130.30072354642
36972.18542812089
36830.43113527526
36039.10947428134
36066.79579737767
36549.56794798511
36536.796714752905
36283.382481711444
37263.148821841605
45833.01274301597
37427.67817715436
36207.882316588126
49284.96702927845
36514.56535827049
50628.63266879804
37135.52605982476
37357.74593621378
35901.48393403033
36757.362168425374
36727.49151654475
36041.702786284055
36618.10619506897
36231.57820300767
36420.17288462066
36399.39598103903
36062.558561497804
37909.53007813618
36731.76384976483
36192.00309381145
36145.49991315861
35656.6878825962
36630.65883255974
36301.123094160015
36450.97035430881
36105.769429151136
36897.337811417834
36779.7075851924
37666.959255684225
45537.2504297626
36173.62208690319
38666.046172563365
36944.532148944956
36292.595509258186
36063.47472624313
35606.31648210534
37409.25053919478
35989.427013998924
35855.33300368151
42458.670942208024
36652.57103517591
36689.17395796679
46458.63243514391
36420.30656954979
36339.39103640844
35939.90731505476
36250.5991522448
37563.21910130646
36085.83052955201
37293.27977778756
35397.5900756747
35791.935709805424
36060.09988678308
35855.375744002544
36045.146146080566
37069.09355316768
44412.03614428986
36127.19620074503
36909.3898486615
36099.35182627072
37498.028585820466
36342.841885937
36023.32908883853
37058.17861457726
36541.65780962235
37194.81219103338
39840.892390119094
36115.24773844543
36405.048310207385
36162.83074201535
39495.740918223826
36452.99798395344
36301.939566094676
35896.061725914755
37565.55391562159
36162.41081710063
36772.64445119916
35826.04049252797
36880.38369780187
37402.19307780851
36139.68194622988
36057.316089128384
36136.693555807185
37654.089553946884
36745.57866659554
37438.35440256885
36854.39177956082
37417.1535438129
36501.067503234466
36974.02253310777
35926.82453100153
37514.92873576293
36776.194569345265
35665.757283563784
36806.747236952324
36366.42441753259
36490.030939330114
37454.39006305745
36681.31944863001
36487.75437475488
35651.9336374821
36586.59678445057
36346.55366023045
37122.48423603371
36689.32818696934
36463.02128413237
36364.63569906237
36152.84724612371
36652.43247266588
37010.085886471235
36753.01263976948
36970.531671565725
37646.43579809687
37454.425428240604
36094.02076744551
36273.518430353506
36457.63164456726
35641.313991233255
37121.20457183341
36151.83560395587
36217.11809630793
36360.16930066084
36498.293234107696
35052.780810613796
37783.38007619427
37238.45722564485
36592.08152206836
36539.73303057048
36346.124947869386
36838.38045375997
36492.53036634717
35354.42979388856
35343.45188050648
35615.338251554516
36730.294253518136
37021.18165699938
36602.2010751683
36523.544690309696
37517.838604370314
36234.20069233312
37036.130394241256
36530.06675496095
35855.194271679225
35647.923209760855
36626.44482837634
36620.63482114986
37173.67447249539
36582.25341206836
36446.559560297384
35856.406660740824
36111.51565223464
36012.73243165538
36746.248703687736
36400.19182584982
36442.16221296359
36751.802437076476
36512.56250757942
35765.09085964862
37157.52941178174
36472.75014806141
36273.05440752627
36149.962788379096
36091.12589595631
36724.700958275425
35734.761357495634
36823.21218471711
38430.10217739128
36628.0176911304
36285.84234855347
37285.82731696925
36234.7648726329
35941.547833660756
37555.418996377564
36924.39688311292
35779.31629911559
36421.70564156177
46903.4793673813
36791.07276827126
40626.94465983011
36623.964462169584
37073.91686619305
36389.94126448369
40857.754168251646
37637.47246316083
36371.53663625477
37660.21536096358
36253.51137588504
35911.63852159377
36537.77400162667
36755.760565789635
36740.70581710448
36293.19973462916
36055.70242997325
36229.18980449635
36976.19802129203
36275.818268222894
47213.3168001209
36798.82860715352
36900.55642186812
35893.85551891333
35247.06362349497
36074.730034495115
35722.11578444458
38195.57294352098
36301.499714282494
36090.415645892994
36520.00422938213
35948.89585462386
37069.69096647334
37018.98317786245
37326.50259133756
36278.868965739886
38352.84684110103
36734.2562125449
36495.501749372714
36405.66172970002
50053.008979777886
36990.89494079658
36628.89185363696
35275.771879365086
37579.29837540905
35992.2605370757
37016.25572914869
36377.12059268481
35646.624289295316
36370.6920776207
35823.353699759806
36553.389492537455
37662.639900227
36188.29724255551
37029.13115371959
35590.18421686591
35999.260406812995
36226.95677674393
36202.5985221001
37061.117715284505
38883.14311146879
36463.01010955568
36944.21582683895
38704.0584059387
37329.75807270513
39318.037392704086
45492.600758974324
35848.023162946716
36498.00514704178
36631.08868665168
36942.02579023912
36779.94334579343
36509.526318794626
38201.90233097974
36481.354354324656
36548.38699338005
35998.35250553995
36615.457327876284
37476.360360523846
36065.681820983766
45435.41123097719
36302.38701059108
36321.72731621803
36526.99270325924
36872.39269773616
35613.948368048455
36660.660872813954
35524.96958442259
35786.25409704827
35815.47465904579
37047.15722501326
37704.89246027142
37143.76655673901
36818.87577312114
36808.000668288456
37259.62911041599
37571.897273655944
36349.07195023461
36411.14767353044
36417.88749228803
36111.76020214218
36322.359137694984
37279.8150135415
36834.47875099832
35478.16120454453
38333.98944843403
36692.95267905061
36573.653874090516
36779.453070612086
37014.59615994057
35759.82298464523
36987.454583702194
37845.46715532768
36770.71316504649
37783.33855124245
35863.2659261695
37498.24606855283
35654.832839104936
36952.36356328232
36175.5511477745
36655.463723452696
36749.04029601247
35521.008237964714
36358.7820204674
36782.07200545767
37113.58418493457
35541.24111487447
36384.27210534967
36671.51825132438
37743.25065479018
36000.382718662324
36728.23542174145
36788.70978421329
36808.06859284957
36912.41017639475
36073.24201197572
37378.34464476687
36414.70555965393
36911.44736101143
37384.548182827166
36103.73595663797
44278.94156485848
36504.359649194426
36794.565303420044
36167.276602819
35968.52959888819
37996.41538036535
35568.236127651486
37337.42037374878
37165.66240365916
36589.32668088816
35234.52514122353
37138.420974079854
36505.1366164138
36745.98991778348
37385.23821774759
36437.47272216555
36575.637909891106
35860.77669146853
36817.82262681153
36631.03201142273
35931.01084327212
36983.67819197239
35976.36524894761
37222.272630176194
36245.18159834455
36648.996521707704
36380.70673312305
37195.91319964723
41163.53547541846
35907.10482855013
37130.931833632436
36619.88908292106
36225.95531537667
37136.05059023254
36465.033946230375
36415.55589968894
47949.01128156694
35700.45993113318
37246.27954189187
35436.25854086208
37654.3420017389
36429.134437419256
36085.666678219546
36780.63463533399
37067.69560468002
35893.32778873817
37129.995497673866
37179.91764735813
50677.96845424113
37213.054703165326
36673.3317920412
36313.48633281239
36388.460958236356
46850.15027432632
36194.635921600406
36416.74087241914
35817.37627125899
36935.0326308126
36758.19459276386
35738.81691646225
35912.54969285927
36073.0566267445
35301.44256205578
36651.10717092863
35691.43386051787
37175.19147940454
36245.501778864644
36789.603319823465
35844.53981811836
36812.54877389861
36720.856412004345
37904.09428443716
36039.50148378295
36105.925752736606
36781.61599618561
37311.94018296624
37362.959848323604
35544.90059626415
36845.16100780504
39217.6097170249
36159.81519947184
35807.85240990953
37178.44024454722
37820.23247514987
36399.82645818592
36007.73198464426
36334.44043586395
36639.12369551382
36181.291771237244
36103.635640484674
35808.09589307292
36335.795068960244
36322.52780581873
46873.90201791544
43506.41202286546
36136.82682671719
36435.51099207455
35864.378032998626
37863.62543996648
37152.12278495871
36866.41372758517
35775.36629003517
35714.68455885462
41820.059938324346
36689.25202200322
36905.16035669216
38216.6207735703
36494.366331467085
35204.275861244285
44375.75952302754
36763.648432741706
38264.45225122862
36331.576887219235
38205.9821101957
35698.37882148714
35922.7994207103
35989.010837016314
36823.768697336076
37196.8757335697
37711.501527234694
37350.39272178525
36730.94341668219
36360.226322986644
36265.7893387914
36359.504596342
36678.566140644085
37116.744236271734
36989.035268632324
36816.144791081286
36412.39216036198
36331.26808780902
36545.89426057536
36005.000095242
36422.36842942233
36476.88540889138
35962.85177872191
36945.60289178819
36850.743998055885
35762.73295379648
36696.743567803496
37723.2434451332
37713.12202046159
35549.07334938513
36296.42388846811
37218.93605945745
36651.90174858299
35581.13363273366
42829.87119600367
36929.908053550476
37178.87249913606
36062.72405071968
36438.354247661
37125.906528023086
35483.86469324296
36771.45486338323
36755.469503826906
50676.88971308995
36330.86350701957
36776.02380415882
36862.124378513545
36027.33153342462
38035.618401044565
35945.2987034793
35658.9041268263
37278.08605702098
37074.270814862575
36197.79196708698
37048.418097170594
36512.693487622455
36635.40719289431
35737.28400561921
35172.28561484562
36651.32965317977
36433.422719604096
36287.339104159866
36311.51567917521
36920.60442485285
36532.601838207476
46087.55576369874
36675.664908172745
35651.09504669668
35559.16416696689
36033.81760151723
35585.87392915738
38587.71586597113
36068.4145575187
35830.9892142318
37674.70141777746
37206.828254456
37231.79484923031
36058.758284214506
35681.228866685095
36631.649963332806
36321.478296683366
47539.54127098724
36572.4117933729
36154.81725281598
45223.771396525604
36611.42715863775
35883.99807462856
37144.467338969065
36763.62071824773
36787.69470755854
37273.432383134954
35658.533066235614
36438.48637697179
36168.95973312125
36493.863284092535
36716.45220288059
36104.41956450335
36080.339901868225
36555.924734706634
36104.14564944038
38563.45619133529
36534.49773212418
36804.48163107461
35658.53847923425
36336.401177582746
36201.87495641136
37582.03566103889
37618.8335031451
45875.93275585484
36401.12725953421
36744.48238392609
35864.724165419466
36451.72030949885
45432.70001937785
36218.94803923225
36046.51136621077
37067.00606109851
36575.04817284099
44305.54845057902
37843.33556661849
37193.241170296795
36928.131129803805
36241.381101686464
37743.41400602908
36473.15614285562
36527.87942323006
35980.484446382936
47520.98531700092
36537.9068815297
36657.58881069723
36148.661326929694
36755.7137844312
36457.96446803429
36386.077147217075
36266.50904643596
37090.67074284437
36727.458296981284
37026.490892343194
37100.643737168466
36282.590354324064
37466.77914010166
36893.34924271075
37103.254462424804
35937.30114848617
36431.385119296014
37659.05747843842
36130.92713757232
36473.96149505201
36450.55647560654
36128.96090617795
37295.560904398524
37107.22026760291
36308.564118976465
36128.48840496999
36853.76210973945
36820.4617454659
35826.32162957435
38446.037313744746
36076.13664757373
36973.924921661914
36742.39086946929
36141.3735430836
37054.43085282311
36702.93556029777
35283.09945174137
39244.87899991436
36717.145809358684
37543.4848794241
35652.29690082797
36616.50984507868
37047.28004676767
36882.87280417012
36774.58813535352
36769.90037985771
35923.56478895254
38108.25335036895
37303.45821145885
37566.68011861113
36316.17920540963
35779.78616153365
36904.38374283716
38080.68146911254
37310.66791196852
37471.76272077526
37033.55087954803
37596.280675831105
36392.71897916432
38475.77091013692
36464.69151164746
36885.89627347965
37062.061822096286
37787.19630299084
35460.90123812805
36401.4213135763
36077.17877735828
36898.745501322235
37562.668747054544
36384.35478228052
36700.42108253333
50462.09802207483
36537.08999989287
36765.175330876635
35515.31058421304
36235.3699865374
38047.551308171925
37447.37273408289
37344.03008685303
36454.93489643266
35973.28649638023
36291.0035147336
37900.27945930534
36423.35665865644
36012.31059493999
37317.90540828204
36417.42247105293
36150.96087877978
37195.7969482356
36700.33378806425
35606.63342040622
35956.05166552408
36809.81619738674
37250.300402019784
36464.70386727996
36718.22445572997
35666.99081600844
35743.02542922933
37049.86599126986
36315.010943245616
35944.86120863376
36193.21537525875
36541.668018009885
36038.822123520054
37366.267956000425
35747.75341922463
36879.556841162615
36397.34487636017
36736.26907615849
48818.508983444946
37079.22637447501
37367.08117944751
35833.954898508986
36628.500988482956
36069.567822423705
36780.1497041384
44196.60812247196
36340.05064187725
36796.26669658339
37089.138259232226
37319.46630711314
35031.03864891524
36680.821954636645
37461.57865382436
35779.38616908967
36757.19757218343
36758.520762443324
46128.37704031644
36787.69489601986
35903.85900464392
36703.188536213194
35543.83843670093
36573.71365159368
36141.20195402047
36475.723299964375
37424.29852447478
36202.73641608076
37654.08244790717
36088.1653348377
36503.17562763047
38193.81904427417
37572.18034382529
51320.8283624571
36668.899232591524
36982.325575327384
47807.93953830693
37209.233685409185
36137.117500757304
37821.04859657548
37213.30002129664
37521.999572891174
36741.388334591546
37703.09259554852
36429.457612055754
36860.09480099592
36548.38754443163
35686.48392583291
36246.17551666088
38944.26678455148
37724.22387594006
36764.26143800835
35924.11673233413
35706.55950730124
36428.44638673062
39009.720811185005
36801.87125933117
37624.72808938343
36641.80070633302
36171.7439550583
36706.5613284749
36265.993371309734
36210.4423463797
36827.71327949884
36004.03189606983
36453.66671562015
37811.35443411136
35717.94521172613
35820.62997313138
35768.5229258784
42247.50917614196
39567.589929803005
37546.06960658672
35180.86445796877
36615.98384579029
36234.35490988132
36962.404865518416
36666.76878499001
37599.45117210325
37102.75452794267
35551.85227246691
36833.1993771104
36897.22756136893
36789.417902450936
35814.43742207037
36855.59265403523
37790.36463395898
36830.42147225994
36557.356946562395
36315.83828394077
36501.140349803354
40603.875604123554
37979.74429401364
36540.275464637954
37549.20800317627
35317.41673699774
36736.195642773026
36397.51008875294
37233.629681853556
37071.50591669353
37002.057209099476
37295.59694044479
35712.79096216953
36782.61178569215
36344.66166726956
36731.607984857445
35913.93755017202
36582.41301881327
35689.84050370407
36652.2248122757
36073.12349514682
35718.8697588473
36755.436723367195
37340.54191017699
37493.05065059813
45583.25192500255
36417.384745873394
49921.58070574788
36238.034670507644
35718.69804372716
36198.40305848656
49578.05021444266
36732.38502447285
37335.53448306582
46932.74309478385
39282.618960067615
37484.644871651944
36714.45130467643
36212.46039024319
36549.48645603832
36541.09270745737
37534.777710012095
36903.5960731183
36083.37091560748
37148.98733570634
35948.97237815071
41811.65406567372
36369.585929250046
36373.22055557975
36633.075569420755
37798.320188733924
36758.421183023675
36487.40003750932
36479.32429293566
37115.12852366064
35712.433779694315
36732.18323298463
37783.748661488375
36000.7861018844
36786.25123491995
38484.38156994298
36530.73737441842
37703.70410572308
35982.482794639676
37505.27146899039
37586.95014555138
36556.45758062842
35263.45541570725
36370.17421279729
36101.147852982525
37556.79065319571
36434.606599910556
37318.610644708366
36770.83160309457
45267.00848124776
37046.71398090848
36914.46067108861
36180.869373013775
36070.53073942289
37588.2642240769
39692.39537826451
36728.82317950039
36294.94161689735
36690.85576208331
36180.010929790005
41629.433921890515
48312.38102852414
35848.21285645734
37198.51253619603
35994.66957136971
36655.186424995154
average revenue:37201.749630592974
possibility:0.015