36229.30086656111
35766.76449085377
36099.968091132585
36068.45073754333
38323.465434634316
35477.137534005815
36686.24671649284
37747.110424287326
37382.51266736704
35913.76754854263
36264.33551925966
36902.2694660741
37505.42608496395
35541.519462122385
37643.430290533404
36903.93146796971
46377.840948148936
38005.69249891677
36802.78335363706
37347.369234036436
35244.94189607594
36059.3589940744
37105.48446741739
35827.49122789469
35921.45692969068
36791.465195197656
38761.738141781454
37499.26373050637
36040.20581735472
37016.49825338364
38287.37583517372
35978.08390747534
35840.59762874602
35880.13226330567
37035.155831939344
37003.21929953611
38275.32252961723
35917.14123919898
37119.96160062531
35968.00608306834
50486.93395352403
37289.12707280618
36499.997887627316
36393.40887283235
37229.98239720943
35843.202473237565
37322.234903379955
35246.23612487008
36884.44698909346
37301.60174086624
36108.343002257105
36526.68695877068
37709.98835380411
36361.22205022309
36071.35179271779
36426.38790556059
37017.31556951374
36250.13350226366
36291.125810618294
36395.918366764265
53268.08093533308
36429.05384533106
38827.581862316285
37827.57549697012
36896.720075414014
36132.02749638836
37168.744010844945
36543.01808792757
36750.49830613629
37104.40497072906
36498.03282907529
36498.32350639214
36486.384025945175
37415.49836856157
36205.431317251816
36623.49347971704
36352.66216497636
36101.49540588264
36539.61263215631
38125.82533610944
36625.08259495509
36583.98412044577
36285.32133306815
36255.65485677994
35950.73870404478
37229.19481438753
35989.31848591184
36449.99940690534
36034.95135934783
36408.725152408086
36886.90036361738
38051.75782677041
36163.50118931981
36312.4569462902
36396.37938398405
37153.2293521887
37124.651927483384
36547.104070771835
35418.222435964686
36695.91125438059
36247.31477398735
35707.1232635868
37007.313020467715
37090.13643486948
36759.70857108428
35628.143665592615
36798.39161861407
37299.28830290095
35897.645379916765
37468.42015415626
37763.5158916998
36514.799746595294
36576.05293318233
36717.616440802965
36637.49417282046
36068.11487706814
35784.414981862064
36919.768668273304
36455.005208671035
36845.02339336932
37757.25334310598
36655.55413037291
36187.613169120545
36463.02362591406
36693.69764525361
35903.076726581
36564.21973701559
37144.6187750142
36875.11274001902
36262.10372723131
36638.44342997572
35852.36004998065
36768.32554631673
36167.05823828282
35781.168101099196
36463.898543559364
37687.635634663435
35475.52194928773
40102.4128511864
36468.21531498783
36161.10440680633
35164.29126961807
36827.388453055646
38303.951040620464
37078.670313547744
36703.59509990482
36526.15287118643
36389.45705359105
38049.694377022606
36580.21160424769
35010.662652515966
52127.097135986696
36453.475411796666
36965.20195159207
36336.621996845446
43840.271906182184
51996.545131817365
36510.45066869962
49926.751787789144
36647.06328831418
36748.57422382136
35792.41364429688
37175.657993612964
36195.30218793656
35965.38122035287
37092.81885062933
36607.24039516531
37159.881841888906
36102.0485269662
37059.41147854095
36330.1697716457
36636.80535841988
37724.33730982382
36172.75730152971
36514.57654614954
36661.295888984125
36962.80714988251
36455.52949503822
35927.74532917595
52657.8177701521
36875.884891802314
36329.86166970814
35842.58762582233
35864.68553340439
35858.847404721484
36980.64295652981
37267.57708997815
40299.61502633031
37657.57773058266
36715.99610632718
36484.215171917596
39565.24272978098
36855.196549206055
36432.46787042729
36593.02130717607
36667.475636121795
36770.29663470841
43596.369298734455
37270.672363621314
44394.75715545317
36259.38437247694
37374.832247476515
36019.21204632405
36336.53969194823
36816.494010993636
36601.85157830205
37977.43561130836
36533.76100637792
36234.102864705645
36791.70918403145
36750.30790630066
36189.40108357017
36543.51119931129
35943.2375354097
37225.72735965698
36489.27860629726
37790.067802735706
36479.02824702417
35877.19708461747
37486.85196953593
36380.879874009115
36829.97102154467
36129.95644065544
36897.22986898576
35845.17415606161
36131.289276783915
45684.42229143191
39259.017052781266
37428.264819453136
35974.889477588185
36341.904402981105
35880.823943077274
37785.17764148224
35978.48000726424
36567.36001638534
35741.08580636866
38367.702858806355
37600.48735930518
37985.95352995177
37115.633235205314
37248.14603048672
37088.924732790496
36437.954421024006
35854.383868480036
36091.70106819899
52564.55260998979
36279.01381766638
51323.4210041876
36707.840784544984
36954.50275504592
36580.067390876735
36300.493710492105
38720.75893916517
48697.62384073406
38956.071157962404
36487.91949928066
36764.62249813353
36601.89406297209
40257.58357714159
36856.91979346706
36505.94471942212
37485.73439118161
36108.48308791098
37241.4542070808
36629.49934019319
36358.11803807294
36205.82996186649
49965.35300340646
36475.53777782782
36015.12009725143
36981.095888504125
36744.368430070404
36131.046276667155
37570.21542680047
36800.460913295574
37596.71475805997
36840.700468228264
36227.12816621854
36352.40997224006
35980.4872010309
37134.369430518054
44251.7271546818
36126.32262780952
36828.89979183413
39819.048289548
36306.19319162444
36191.24091608679
37341.191328589994
36518.07422235155
53375.927034490865
35945.478973103534
36003.080119737155
36525.26741971683
36786.06423426176
36800.97735457209
36429.276641152675
36326.74745803908
36039.863953860884
37711.56092046375
36645.03034750956
36033.220219819515
36115.4989716474
36752.942229642045
36448.584894502485
35956.620228455206
37179.34994089001
36340.56208296923
36690.86627971735
36736.06970496735
37612.0529748878
36515.32228621314
36643.12777033493
38735.875734925634
36394.73843267029
38116.415944547756
36598.31864985224
37122.23787740366
52184.151075876885
36807.046167256565
36706.014635820735
37360.470679533355
36877.9104454302
37327.7194970521
36094.55401043788
36324.101451110386
37491.5636533492
36197.65221601027
50000.22753896697
36632.41753313222
36801.47504821777
36968.47951598606
36650.002612243916
36567.83900198669
37077.313163294806
37126.280324052896
36982.55118835867
35487.14617922006
36172.742912851245
36964.288384355066
36161.976292307285
37847.678237651926
37149.552606175515
35850.54549163038
37035.79534130081
35861.593384693646
36878.27908160225
36722.05245557612
36919.49119437111
36767.03787732657
36812.51521474186
38151.70435691762
36368.98613743433
36832.60223819543
35917.564804506335
53065.66664540308
36451.43096092983
36045.2911315003
36091.68961170306
53109.2818341353
36387.17904120256
35936.53807586642
38829.40876648702
48701.60381462387
36283.36040753052
37474.87558613825
38288.06052369246
36517.28159868869
36793.622572673994
36455.189254850644
37347.002630916475
36617.70430305741
40623.71034459074
36203.50572918566
35521.71320513721
37393.921967455135
45274.51475315972
36710.70815235998
37278.771533986954
35798.91172353561
37016.74935824669
45824.08719687995
37826.3132074239
36312.61265865231
35999.276198018706
35984.03079754596
37327.21987449642
35371.6892591001
37162.97848339495
36151.22963660507
36917.81543409661
36719.030175060536
36633.49457557061
36142.78936215886
36526.809545901386
36322.19865914462
36484.573063805175
36414.66308143375
37375.1054815457
36898.44002595095
36105.599860424605
36606.29905439174
41651.86379040533
36271.938815599766
37101.48712529946
36272.09642539129
36038.34642513439
36129.461731687115
36858.4631361538
35628.08119562344
35852.86685623095
36849.287342106625
37085.68159295942
36938.16209198729
37154.95567391807
42290.93712665319
36832.69697842477
36368.25123971613
36281.909824740265
36909.72343153534
48318.65955756679
44518.601124697874
36680.80337477884
36557.629335101454
36536.07043719659
36691.58654216504
36275.73896058442
36887.31949608366
36726.6348940056
36548.744333851544
36518.717403621944
35992.07430773805
36372.589632419855
37804.07582019306
36886.14157469116
35581.9171905516
36360.927968115444
36480.87446716817
38246.47168039544
37349.96894352577
36194.16423460456
36610.68345112437
37542.178263289
36478.657252871635
36993.85811655398
36744.775571636776
37096.19982519092
49098.214852415775
37602.58548318391
35913.81192530185
37358.873856602135
35795.774899055126
37428.51172365366
36895.31508980545
37001.3461854317
50125.81532702208
36562.898816352106
37079.593702908714
37516.43352264405
36759.221765099806
36618.445854325284
37994.3093061143
35876.06355444863
36906.00335667889
37349.79031311608
36325.482516890814
36365.64229727384
35876.051676144096
35615.07091463448
35633.00704618614
37081.69334360345
37425.53211998973
35868.13404172976
35906.49651693569
36229.42938526805
40938.819560297925
36111.52143029864
36504.40046399508
36879.72201312578
36720.82703797455
36368.48819683395
36321.50379377449
35674.054844576975
35779.7201242535
36104.38050667912
36191.82577278958
36046.495661535984
36796.4916796175
37404.80310447062
37989.222785428596
37016.9953280586
36481.71053166574
36875.807663590334
52697.593073128126
37548.206995442204
37023.89363408192
36877.62834009694
37172.93581949453
37200.02083921315
37311.52189258307
37572.74635949248
36185.33034224849
35583.71951805671
35428.875223307616
36917.86842502457
36502.28859237791
36097.84289850477
36556.07788623845
36763.64945995343
36407.146931803385
36051.45229352875
36612.21566002031
36541.27283727503
38446.065673072386
36799.32323585044
36282.29518836582
36489.6238304781
36636.388672862806
36977.950513201045
36320.077106957026
36853.71449983651
36473.15945961689
36390.49589495897
36319.22753861547
37349.76630521231
36942.09405242992
35627.41999023006
36887.16448031592
36394.66500712102
36846.56905212676
36480.716512173145
35878.41493825823
35654.513433079126
35993.79527934867
36991.920270484276
36762.934092408825
36884.92283952215
35561.45589693403
36811.68850645908
35868.370929266435
36944.461056426684
36623.877533539744
36382.40486174064
36825.957985074354
37006.86845835757
36223.75916661538
36574.12498136043
36548.97398919681
36781.14425424646
38330.267468714315
37255.59449763286
35743.68690358803
44608.22993466268
35887.84622239336
35648.795635924645
36620.590861812154
38292.69117388378
36613.20904095456
38283.53975769893
36108.02836161593
37708.3765206489
36901.98384709835
37905.41483369023
37824.79979763317
37193.879544304844
35425.47958402143
50636.67458650671
37311.20259977617
35299.99987139616
36023.330667565446
37283.10722951682
37085.8151857083
37011.05392476241
36680.889158254744
37962.861830186055
36001.993215744355
37421.27134864153
36255.55105522296
38268.851093239275
36252.79877854448
37046.185582656864
37219.67585746708
38192.441928377055
38142.90283278178
36573.66886817499
38112.91765275724
36160.47793833992
36216.357278401534
36213.085349983354
36888.85687853169
38551.19101740855
37012.82493500153
35655.3526333266
49660.10653222285
37466.209724117485
37317.68635274635
36178.00224918495
36770.41203433432
36724.47661366726
37178.72650240445
48130.08969317097
36214.787967820535
51446.31559976456
36452.01461083481
36529.16362713221
38004.31092873979
37191.05622354055
37286.2924108985
36292.179937816494
37507.14295937033
53014.663555386585
35645.11793950562
36476.16362331208
36982.77678728679
35267.73507111035
36476.69601305102
36710.643919685055
44202.40771693368
35433.66210148384
36842.27341267816
37364.30265804967
37846.44624250225
36894.76540993944
38230.78524421499
37126.835999504176
36188.39488253977
48757.18518514008
36494.97803354364
36666.54591705319
36592.629721557154
36651.71049528829
35471.537034904184
37548.13036526739
36848.888507350835
37130.521049393785
36110.819148064686
47805.46354053564
37285.209203856364
36960.14526114214
50700.8372239971
36332.86470295652
49870.66052897424
38123.417676508965
35997.624741067346
36260.352993841865
36672.45872119514
36493.08764887789
35734.890582847125
36048.04202940977
37583.65311634455
37273.75534649171
37229.65181124149
36827.10857140259
36630.58971543996
35777.67447625038
36913.98280583606
36257.780180779155
37811.46418228463
43726.00499802775
36656.679702827605
36373.822740562406
35647.18268103898
37660.91217889688
50568.51338723048
36161.7518432286
37088.87475333911
37307.86980084601
36675.91269081882
35484.189016124
37922.75450721246
35452.9183472671
36493.42263213218
37040.30169480266
37405.574854573926
36736.7708390653
35927.92353488378
50487.781023613206
36999.97915469505
36946.59083462066
37650.24905479469
36397.8416310608
36650.962756217144
35399.7739121276
36814.12541566949
36619.39964577529
37637.89262020395
38173.91325648377
37768.667533357475
36186.81094278094
38157.189738146444
36986.34783276217
36729.05496633879
37492.18420058268
35966.65920946953
37439.07240354887
35919.73410448343
37044.71433599501
36902.70716438108
36872.890171373576
37605.82769262582
36282.65399247305
36963.0649921905
35725.56191058962
37660.91272996396
38024.66851342556
37201.377375675496
36833.36916300201
36420.97138145441
36004.25356698546
37327.72605221627
37261.625190802566
36807.558877540876
36250.75662873391
36558.33558631831
35686.893458942715
37319.54532926897
37711.70377873132
36821.607480996456
38665.23349416918
36587.47693129983
36084.81687306845
35964.46947170784
35972.97590394475
36683.14748937953
36216.27057042516
36281.181451002245
36551.158171824834
36148.4561226185
37808.48384404124
36924.07595656295
36970.7956778532
36494.33601047292
36558.57123514278
37858.60976121565
36028.52036372578
35846.10787353684
37031.90089182501
35695.083036844335
38870.7296571804
36492.80573332893
36829.8475675535
36674.64384843356
35806.890823508154
35800.96917941711
37714.86038760494
36593.70995513549
35428.05578691898
37014.840071248494
35472.76535679983
37356.543280022954
37678.71283376474
35778.58710343406
36758.049225516275
45573.06921556762
36618.95802054828
37937.65381063377
36728.92299266121
36709.10745412384
36628.30520646689
35654.47381793496
36846.4726694926
36869.86777616798
36219.54205095736
35516.71271088636
36247.350192940234
35885.55952623138
36868.97682363333
36967.52399706817
35848.30350712755
38666.76587298792
36414.46147461644
36592.686866772834
36284.98094960259
37374.67956436819
37314.4939303975
35497.84711437647
37332.15025399984
36029.453533789645
36021.84829605287
37652.10961161085
36623.01082614989
36867.912223163854
36782.2844575878
35968.627469741885
35377.46349521617
35704.95016096819
36027.76393462201
35921.350579574086
35639.49446523382
36151.55600629447
37332.972247623344
36093.541239739214
36421.21526746089
36759.17771468485
38980.59573089086
36083.90878867837
37683.56576961632
35851.23700472712
36855.611233510586
37043.72800091418
36367.77393765856
35709.91058221788
36954.453248678954
36297.12972751179
35751.04482221124
40596.40633715284
37134.04863218169
36586.34238491554
36656.90020193501
37008.35222446077
36599.327571111025
36187.66970249173
37099.61041476759
36104.66588515796
35837.1698318553
37459.50650535661
36818.0529368883
35978.35297785175
36674.07603967037
37506.96766626555
50318.51005832538
37466.64889089757
36229.31407191878
45094.804814706615
36348.66426264351
37034.47501581107
37609.074861401954
37103.335172706065
37196.37483255806
36576.9107755886
36775.954289273366
37105.40787046712
35565.32330880603
36268.96123252382
52599.17289586631
36980.48985454339
35868.948578605414
36271.28180556276
36785.12005367506
41441.90269035614
35848.612333785066
36587.604267193696
35161.02764173058
36593.13547851862
36447.16378625434
36988.99436597089
35899.47032020644
35924.94409108966
36569.70214599261
37080.49126028324
45990.81490082696
36810.1541244112
37122.87477924846
36882.48104439775
36573.52907633623
36962.15078248723
38104.37223292419
37170.61855766681
37189.656313099025
37055.627639250524
37686.836035013686
36394.92264699544
38201.89438381413
36184.0186289917
36460.9994826809
37541.958128059574
35991.87937984184
36291.9688855477
38178.286771392326
37175.54551482531
47321.13698015588
36876.98407650526
35901.3903648639
37258.17396378707
36509.31965186444
36854.641358843444
35701.13392497471
36522.44320289146
37558.35999408444
35677.856726463375
47615.41729239864
36557.26260899852
36727.93637469276
35712.97347317619
35966.68400511866
36307.79853283241
36728.07129874983
37503.98280593625
36551.35863490847
37208.968221061914
36356.68539327711
36570.316292957665
36656.41045749304
36981.638624259205
35504.96378793158
36727.788904831454
35917.12090669931
37028.072605148685
35830.86678422331
34750.23918745795
36887.52056315844
35436.76007214449
36897.08849995062
51038.93179974922
36942.48101766925
36245.731995707196
36251.89107921522
36301.673947536256
35955.467296820956
36051.12512375581
35314.053065140775
37279.36550746717
38119.026085614685
37025.94976614601
36234.124138671694
34942.03969324264
36378.290850061836
36920.937791813914
36279.46870331176
36449.415783457436
36512.46612031552
37435.49564607174
35465.5979792382
36522.788372853975
37121.78843412083
36910.077439630535
36136.509396126254
36668.47884563021
35736.326399401834
35856.705708920184
36690.22388529609
36552.39417008866
37933.95661485874
35636.9504200374
36589.948258966644
37418.18997619177
37679.07047439763
36340.46945533072
35574.85975176543
36970.88507669185
37452.54926248408
37011.981155804206
36581.53221985755
37042.06950171314
35693.64079986905
36685.800070007615
35842.029924274095
35884.96798341173
36306.76450055653
36181.524975013526
35282.15040203112
36319.29080057724
36296.33392798711
37487.78487977719
36756.75545053399
36035.36072055846
37486.09597145438
35778.442744736654
35408.82465013242
36763.05510384631
35622.03934604823
36349.81398872762
35899.527298417
37237.135666730785
36885.5661982974
36910.053290891025
37369.512426267145
36724.75926556068
35994.367398535396
37145.37781928127
36063.490568268404
36856.070105586216
37993.1288743564
37650.93013642232
36297.20379730078
36686.33339518643
36971.535987408206
37427.841506774974
37261.71300437432
36926.06890935912
36743.13276850104
36674.171184685896
38725.259689748105
37581.20303335456
36286.55503872015
36518.013261483036
36050.82595881895
37371.59592166004
37713.87334086144
37871.357283326055
36207.58718580479
37270.79697205759
35847.144419491255
36213.33730327579
36680.91093620572
37293.411737722214
37338.83530212805
36134.340095519074
37778.48969179991
36804.976573951586
37633.456834161974
average revenue:37352.84031341564
possibility:0.021