36001.48603482046
36218.207075992206
36512.1060199419
36464.448232252485
36150.855565470396
35917.73306177122
35987.30341457603
36693.33906493841
36457.445361685226
36338.33840864916
37269.26283503895
36676.41154922679
38966.84311234069
36585.7221542888
36423.6144482088
36060.03848897699
36182.453574176114
37461.617425199554
36945.17241314648
35579.847537980895
36524.8550779673
36952.906799558936
36618.821094830295
35938.663461058706
36232.914338439325
36550.805557929634
36920.77494896923
36176.53642322712
36634.009075228096
35511.998592655145
35989.1596909728
36465.74985257374
36827.45297906189
36099.561589144796
36667.84354984829
35795.441633110866
35434.92970979518
36087.06937776073
36727.68200440387
36769.36622983277
36789.733023623456
36135.76146647913
36352.539880678734
37171.422284440305
36578.43245532176
36479.71646553652
37198.03421698168
36829.0078023745
40843.712547091054
40716.35053183609
36510.02218804671
35566.70874183759
36172.56160987398
37187.18112905544
37468.4813848096
37013.70240329208
36740.70521743974
37844.70355492441
37390.81502930027
36419.326867492724
36296.40262569109
36925.7956249913
36604.15558126273
35635.37772012048
35365.95923546357
36084.45540894513
36190.30426806283
35437.81721686692
35782.60647377733
37330.53841984207
35295.67777211788
43572.785548088956
36024.13776917465
36943.850346773375
35797.65185655415
36288.52833248694
36949.37325238899
43754.52412326924
38243.45578052478
35661.82688788357
36933.82905795907
36153.91998796475
36630.22280241276
37181.51803747695
35962.079260218794
35979.28649124181
37091.3091038285
36674.77600767132
35957.54886528797
37053.80072233424
36536.5619009064
35393.776601927624
37401.910615303124
36197.667349663134
38399.76133346316
36709.7256225701
37094.77758544865
36302.85874449079
35753.091318262435
36009.17070894739
35512.0138234681
36408.39052959851
36768.700044765974
37111.078807534126
36909.3541256866
37116.51423899087
36296.37480711147
36749.10226902967
37250.23174919406
36794.41060638345
37793.36137717959
35983.5160654759
37658.6832562732
36028.80426414266
37359.867246651826
36184.11115109015
37191.379565927404
36321.43715552915
36107.459114279314
36262.58560742627
35609.44639116074
37423.73354134676
35977.548352363745
36261.824839568326
36167.652183034355
36908.14049671485
36264.98658252445
35570.04025387696
36162.33444253524
36354.87646488047
35775.83440777561
36770.05473761341
36709.32081195887
36488.1696799804
37005.70873751035
36322.12566788593
35866.853935522864
36450.57466326756
36204.09787780271
36830.99402737444
36470.263863835215
43428.80755830593
36428.2605120821
39779.61795050972
36868.099783382866
36749.07829419421
36408.74936928088
36788.66602248378
36351.11218462333
36874.03313628709
36075.64770817558
37081.99937026076
36670.08072553155
39177.227676327675
36151.168986932455
36650.46438852655
36147.91498384262
36750.997233772076
35655.27509577427
36354.82272190112
36612.66962001502
35560.241330433906
36128.22911250556
36134.00596757479
37190.99104801549
36545.50015226979
35807.202285877764
36514.42636503217
35683.02709445715
36081.80358665325
36493.868423543056
36125.82406446696
36909.089181230585
36324.11567003849
36949.999394235536
36666.142784127616
35470.33649151975
36513.78775339166
36444.002077355726
36403.88443971105
35736.30907155805
36802.23658423248
37447.85354062731
37830.32474151724
36429.12784601073
36522.45784030686
43966.537141564535
36252.07440723994
36003.33557576152
36593.816580465405
37292.40609854559
37006.83194985979
36069.76575736102
35829.887584994125
37006.43246837659
36422.825454005375
36311.33663430655
36614.21388712452
37043.687438975896
43821.623333001604
36274.556179154046
35637.23170431213
37232.456266081244
35743.39865765544
37035.30477828261
37685.37454800706
36419.57424734393
36782.171549481005
36129.53495580227
35595.56677472347
36553.25559685106
36972.762262665
36302.17085925394
36612.85855579282
35693.903660652795
37495.84730654812
37639.10437023734
37033.96165733359
36517.30036682254
37029.461719689025
36357.541217330465
35895.75003704929
36967.475553342214
36242.10615409922
36919.889599200156
38595.87173281268
36912.26713121196
37110.25630891842
36033.82800584196
36161.33606352492
38057.99810200936
35698.84663590903
36468.501499457496
36406.8734485589
36165.68388557702
35989.74108208605
36300.98147428423
36351.12829593096
36345.74858161848
36882.95455579835
36426.19968683413
36502.749101213965
35693.84917485666
36686.65311172595
36611.94421134381
35533.45275454182
36914.2832674569
36312.597665558795
37194.007966355646
36837.16646883714
36330.35983699006
36362.740406856276
37674.1008146991
36635.76632611608
36108.91089909922
36257.084176981
37075.01124930321
37634.049369005224
36689.98056478951
40010.447827440104
38196.07463602487
36273.73511078056
36840.10362481197
36894.92556421888
36933.840513904404
36385.00878126298
35763.06767093833
37055.30437340254
35876.250924910455
35428.33996625023
36978.09041747005
36538.31401592389
37178.727889212925
37828.99257751156
36197.3865734444
36699.05277705797
36608.63204846199
37221.583867610265
36800.7494552015
36752.57532654203
36155.58812446831
37306.477898134784
36522.26072552509
37515.734529213405
36731.52837822947
36267.794082737266
36508.12004313344
36199.16255076453
37960.676412561465
36176.82475587551
36777.69635293995
36978.03332914557
37458.165031961886
35516.57630187244
36181.798070498895
37062.39487693269
36141.01686965118
36687.05921932618
36796.25476845111
35865.27941941685
36458.35295748817
36819.64554472497
37309.3112021795
36695.4055230912
36423.84903532353
36170.36153200182
36840.531488724264
36586.25565618924
35762.08285068681
36426.80155541429
36763.487679605976
36746.34992985903
36272.52891654061
36901.147061171774
36918.83961936906
36297.67633663222
36826.66662191116
37495.6898259792
36321.63763813646
35963.18709569101
36188.22309066823
37271.27923507509
36975.597910016266
36034.726038675595
36987.70063854698
36988.134019324505
36865.383058992506
36406.56216981312
37622.396511650244
36396.79762956294
36626.185801973974
36976.79099877342
37123.21922162798
37214.264986468654
36690.193929136025
36763.84438892963
36481.42859061126
36440.64462484785
37859.989730658584
36632.29566732384
35776.01223173628
40275.74382210978
37008.12910637376
37103.68936912454
36972.96836636588
36091.65391655321
37513.773261048176
37416.69695559873
36815.29712427475
36614.25736604405
37041.4080119201
36082.2174362785
36359.73440808378
35824.1402343939
36770.814273947406
36406.87563097642
35876.24101153887
36011.32348608556
37216.50130822622
37069.73079879913
36845.22246137384
36670.44310858687
36158.209052706414
35452.47060988831
36239.43486659093
36763.837955270494
36595.49817010452
36371.83395135677
40251.64278872272
36705.4754667531
36514.42431978957
35911.928368214365
35941.62388919994
36342.46057653228
36053.457521462566
36008.39437788583
35470.644363765074
36740.55549265204
38121.74367740262
36665.61199047806
36118.30976899665
35571.82193290224
37207.35689775785
35891.680268248354
36516.268654427884
36928.14502080199
36523.790321942644
36592.350979054485
36147.85046764888
36631.94417324026
36580.1566492138
36214.1324149833
36017.11106859385
36126.64592330475
36057.20106211424
36803.458740717666
36431.94530817951
37165.118047875025
36036.03831051351
36235.18035404683
42401.57936825567
35747.01333029192
37570.29614155406
35829.62474551428
36356.71961444937
36517.116440280966
36825.12763411521
35244.580447917244
36266.904075144885
36152.502424558945
36626.80582994396
36172.76019145037
36703.44328443915
36673.68774471402
35821.25963335531
39494.926608546324
36094.30143979354
36150.13617345554
36414.60032177691
37068.30636904647
36115.88902139929
36069.57145834731
36077.57811208432
36629.862423252955
36757.312717735185
35671.32132661442
36277.55638021242
36764.10878030296
43172.03834701867
35737.44877800212
36067.02003829423
36138.873376598356
36324.03430694757
37240.7310010176
36289.528705500496
41076.628382511626
35629.80358514775
36514.038673704454
37380.1558430413
36531.19979450416
36493.22215564458
36518.39561333723
35984.41717938331
36537.62256550425
39750.19827850596
36608.58589314644
35852.84518658877
35629.33765965192
35909.793092865104
35895.52314358309
36705.437935060596
36139.690746200155
37463.38767314876
37489.99290776798
36617.22280135985
36930.58102153857
36342.33314231502
36037.47539071042
36590.77573867687
36941.77686582965
38224.305107288485
36397.253474661586
37000.04828826665
36203.839199652546
41323.204007442204
37604.99723435178
36757.26506665306
36548.40961925505
36875.82239761883
36938.09764685421
38044.53301156263
35985.18265017564
36962.55910555295
37067.11974090797
36124.03830590384
36039.92303040599
36941.667277203414
36354.00841010917
37166.55066578879
39372.82599514902
36544.87956322944
36966.27180216057
36896.98871912724
37103.79372235179
36417.47621824049
35758.70593865145
36285.78497011923
36838.031717748585
36745.691883595966
36086.306871325
36584.678752257
36404.29168157352
37219.26179640697
36065.05384451039
36252.72799548436
36881.276365691076
35945.46065731493
36413.91117191757
36223.740127139434
35382.55048395054
35879.46366784942
36408.523886572
36275.03377016111
37069.29997247005
35656.45880780772
36414.38544942718
36878.44789021301
37042.945694496375
35945.27018864586
36781.66900366896
35381.16782344831
37119.219220816674
37351.55817784687
36172.76154019176
36206.77531684634
36097.62666244125
39574.45641744826
37041.21051591953
36269.963634902364
35667.31452318991
36105.696002922065
35547.65113876625
41506.518213774696
36429.674815887476
36348.75107380752
35668.60252537873
35586.41285148019
36000.43447813091
36145.6442540888
35771.22624422569
36276.69850362161
36362.92601816154
36320.74344140885
35891.931763559114
37320.177919781716
37870.19136107452
36562.63662373672
36744.823077968234
35890.42180036652
36246.57261142837
36571.59060317273
36412.33252342421
36825.81057931041
36275.96624731378
35522.350343274426
36252.58586564756
36150.12120608282
36234.82616765389
36506.873763883006
36973.14965439822
36927.69268344582
35848.75361092131
36570.18292169305
36380.26618723317
37174.57383629156
36044.00299598093
36985.919310814286
36492.616613681
37559.48474353279
36563.23768866438
36819.21062641445
37219.59515035069
37450.749591169486
37405.523758490635
36135.73877841446
35689.24832942279
35884.014215321
36614.459114670724
35948.5845503289
36099.841310538046
36563.49767554022
36359.46849023553
35505.506470875196
36787.956371568915
36218.307527471385
36951.860917281665
36109.957671238524
35884.42229570799
36974.11731786052
38918.21568499378
35977.04310792827
35637.85013596531
36269.12704714545
36076.04579549219
35807.09127638575
36359.31999807545
36806.81385465034
36406.248809299184
35998.77169926062
36916.940514014
37796.49236828906
36625.48069158689
38059.80385445569
39958.45056084695
35795.51305349484
36581.883462430094
37904.055551647376
35948.66821759016
36414.79517196538
36534.882280572085
36693.08596693383
36699.71162942295
36438.81690031035
36069.41034138953
35674.15012789263
36999.50884092125
36415.50896436526
36129.138098245094
36892.8684822752
36610.36951101166
42580.68193814274
37130.92913766041
36546.91773931181
36373.18265295523
42459.02654316712
35708.34925270244
36219.206577491816
36737.89402310197
37089.602750380625
36439.18555229928
35577.58857890879
36209.544677715036
35858.5658099587
35928.99967133158
36481.61245964821
36932.89843878859
36145.367596445714
36507.55131968527
36421.095984687425
37241.347822989526
37096.94914320158
36417.928674163886
35635.04606707063
36366.83242105078
36682.944599139206
36905.39750840349
35347.80914860614
36495.26795668529
36702.83567868965
35089.13248743065
36602.53467036375
37563.68468004423
36443.06914233807
37078.62461554403
36605.33000796575
37079.603001954565
37156.90020691685
36923.51421005563
36587.95488837259
36419.51401514801
37158.79578100581
36202.888963165344
36935.81971311351
35892.03973780816
36153.040286118754
36976.46081245829
36185.528024469015
35721.52713084501
36161.493881716415
39511.02515842937
36153.842375148175
35634.01497534758
36822.40945673071
35827.0609797876
37095.860366248824
35913.75691749177
36235.31005093429
35842.284235696876
36599.23508102093
36725.61051433066
36502.0194981993
36822.16620092944
36253.74761639754
36821.42242382718
36734.97669519969
36502.41989207008
36325.09430985127
36869.078788679326
36121.22951963112
37413.93354768916
36454.247962944486
35576.59065839155
36403.71478784387
36058.09594354146
42713.256165252125
36806.08834566048
38002.14636971339
36452.34321343499
40327.0737314053
36293.80965227334
36937.09585833753
37100.291779861334
36967.22456213398
36675.58168227264
40244.69117894264
36205.21937309362
36398.49352055984
36386.72366070395
36897.44170758505
35971.667977938894
35693.754047661874
37123.612876996194
36423.31971462185
36512.14342106044
36678.42085060704
36450.50920743504
36095.33482664891
37052.7469347874
36264.3314366307
36186.896869091506
37090.25751087396
36240.9765869264
35638.74207970904
36030.73160693507
35890.09937431211
35343.3165339252
36704.17398052695
36237.329385664896
35590.28641489029
36580.080692896874
35631.31871755877
36527.95448115589
36209.8659557004
37150.386432505315
36032.83044577313
35387.86840485909
35599.52555381594
36742.68765205152
40422.7654325478
36886.73256861772
36636.520328489954
37131.21481848038
36261.044614011254
36637.68861811883
36732.519563997215
36946.51164237121
36224.50673228179
35948.03783563972
39434.09763283262
36504.47717190439
36173.58874979665
36386.61070905376
37446.55444601395
37434.435486251125
41042.00394645975
36659.08818458417
35531.96153141985
36611.91571473978
35986.27873287515
37150.87827845618
37181.465265575185
36390.91505636676
36438.35331426501
36388.977470399164
36664.163316095066
36922.34456578553
36051.169848268204
37362.91128107063
35715.37924974738
42555.65825999095
36956.43894791509
35437.67967812834
36423.82985596983
36507.168943875986
37043.73712409481
40418.714653925184
36315.597277526256
35663.22216491379
35562.36553001055
36297.05804178151
36523.62198877219
36248.30032136411
35531.03378694169
36657.76632460079
36195.73760626116
36531.10192448374
36382.34635298616
35818.6407194988
41945.00954839749
36833.024122165276
35813.15893959882
35523.901655777954
37894.33043793627
36939.0916070508
36449.55932190102
36074.619262747154
36793.55603017226
36284.584524698614
36854.26545011447
35991.71726046761
36287.55442659768
38334.4350080606
39366.23131357427
35759.215991379155
36237.016004919045
36691.51828747672
36560.55224195101
36767.162544349405
36775.678048023976
36341.98699412158
35708.62687370987
36750.923858426715
36266.494966417864
43385.9383405105
39237.21893017656
36860.05577623781
36891.99373917994
37454.444554908434
36473.69230221179
35830.302944673596
36381.56717489917
36342.1836975136
35978.41044313834
36937.60961740624
36199.18763669121
35128.12339533019
36600.357140079795
35801.58420843526
36139.4606252547
37280.29460414621
37438.334077210384
35993.48998078464
36342.75430942172
36197.647334478395
35658.53516252699
36255.40707947259
36445.38975193413
36152.80175743314
36530.662884487225
37204.025390715564
36493.156293674045
36508.625841362074
37606.3125419765
36529.91313925173
38828.809350661635
35888.680987973574
36546.45982507555
36734.97827154345
36834.68160585066
36648.267126552964
37238.36645346483
36232.21493399765
37108.03710650711
36762.40243905412
36752.63521016922
36252.391145939764
36315.22149325114
43765.90547747034
35880.76556965065
36414.773663660766
36081.84983209346
36595.906107547584
37158.89221515669
36565.34091584577
37181.48210766976
36047.688583405514
37182.174256485916
36712.38140934455
35880.93686030537
36553.30778063057
36598.448512711846
35942.32738491182
36613.12546774918
36865.9154658489
35831.578373219476
36670.42547071967
35639.67569068623
36388.26097258514
36470.25652225321
35930.778296324184
36104.14864615452
37559.57325434128
36323.5679868967
36768.55826199241
36371.205556745204
36647.75580334418
36583.978321772
36707.47737847224
36419.958176093176
39644.19691422272
37093.56586184701
36952.90741900549
36847.88291040335
36810.45659569609
36820.46141066105
36762.03739271143
36732.39172359591
36017.17907573684
36380.34669284038
36026.74308043251
36253.36588246039
36957.15137461771
36679.47128863596
36895.04573132952
36261.523171429544
36053.12509521531
37877.87924994229
36432.82910222204
35954.94348438872
35470.530568106835
36079.043504351095
36069.58316685303
36787.78500097845
36438.55202523819
43160.51485245004
37210.12452799406
36960.259968751074
36475.80141801607
35712.12557250071
39464.00784124967
36084.88070569946
36083.17497219226
36655.38669325714
36612.913824558236
36485.978033769694
37264.48275914663
36523.13479246245
36025.22009117654
36189.36565504655
36853.41811495962
36879.01310850916
35886.69084984315
35375.582853164975
36001.679841207864
36885.10553855511
37323.33471550731
36336.623840129025
42256.943922581544
35910.51229114292
35968.70425636758
35691.59290614148
36319.194958453896
36197.085722281
36472.594441753914
36002.86397996726
36210.82651610447
35696.838751367926
36025.19941169995
36430.42549416177
36231.70050841635
36342.227685993625
37060.80905645372
36269.45585803072
35804.225742338625
37145.08228885606
36611.41963500387
36449.07023341758
35673.041137522334
36073.67737593646
35058.418952847256
37148.671666484996
35686.747171362214
36356.1319321969
36499.378977916494
36382.936780343516
36694.08043995595
36274.002621366046
36666.41127197745
35353.12459609879
39144.7586628886
36669.083328832785
35939.39595007625
36314.775017510976
36114.35034737335
35931.53848254029
36066.56816163588
36206.11085904616
38427.82908364979
36823.56100258978
37527.28777137742
36632.53745629138
36627.40334392961
37342.0044893153
36550.425824467246
37415.362403034655
36211.866039324574
40595.579561180646
36829.482960669506
36731.20153866769
35991.53289338999
36835.851405188936
36842.992226453614
36518.30515855489
35930.96059617196
36534.000385596235
36440.016124281225
37566.75871912575
35971.81717319544
36534.222344391696
35699.720004667615
35423.355320026516
37168.08065313709
37152.13950627907
36023.6935875074
37092.708591757844
35884.92269634509
37213.701084290886
35927.57777737647
36319.342767836184
35242.11004834997
average revenue:36704.239600282046
possibility:0.016