36826.54761289623
35909.787211336276
36323.80614238086
36027.12596761578
36039.00618350979
36580.25103739229
36296.32230003498
35550.82106483237
35866.53880297908
36204.224125023335
36989.79293633131
37714.09912655252
35724.52626893188
37587.51639877733
37307.80664942361
36094.831735045875
36494.77433140168
36906.37981994713
36213.66490061798
35173.41668232907
36087.16785754434
43800.84844976806
37535.64115934655
35525.36319679044
36867.650580100926
48188.20308444301
36448.1122528979
36726.58324338485
36888.05968203368
36916.239449090775
36456.19936112021
37756.0318836429
37090.87255254954
37300.35812486057
37267.85909137784
36011.32868393789
36799.4694393797
37897.41567457463
36538.8145994539
35637.87052024899
37284.66561202943
36483.64837260506
36032.14492938595
45987.02960833444
37027.934536553126
36223.00298476439
46573.801611409115
36927.748248094285
37286.18356389772
37659.769394468465
36900.19450921994
45734.55658985207
37367.17337263223
36267.30276086422
35936.23533380467
36700.75208154424
40567.16259593982
36472.63980548317
42471.775143182
35905.62082715592
37603.88210003529
37077.12311597281
37237.92315452214
35478.82633772261
37127.404024881
35727.07290490951
36742.378429949415
38563.41017426027
37013.511786070085
36083.65571054413
36652.89957282847
35989.72775329027
37052.141172583084
36622.0706511132
36653.44201294134
36366.68337577179
37070.79324882641
36751.23538234597
36086.858165947786
36745.09121808251
37003.3147800816
37366.814338890166
36500.17221463626
36944.705867561875
36013.69454738502
35984.1797813606
36283.85029564675
36857.494259888284
36527.14583367013
36654.300976241975
36849.45266685372
36657.62545548824
35779.49318675264
36739.74274781057
36863.473708804304
39396.641180947896
36882.75836800637
36903.00455007031
36353.23813388258
36331.70007221866
35114.33477484695
36707.83387755
37047.89353935574
35862.933482158085
35882.64901492067
36239.01772485846
37469.05005094794
36264.433440894274
35521.65020584352
36725.83552057484
35844.910790426286
37100.447484110315
36682.81952271923
35589.265717894836
36817.19301140468
37206.04945752612
36621.34559805706
36574.59218407739
36943.29905320454
36077.10322770238
36431.517187532896
37360.90924908755
36767.016197086865
36259.23320337753
35867.21545836507
37280.62840328719
36716.292915306956
36924.85094861055
36229.50059842122
36197.57433017383
36716.52327027076
37046.26533180897
36681.97480335979
35552.68476168935
37788.743678490224
36202.03743150794
35809.55547251651
35825.71608630251
36519.701599566906
35907.666254341864
36340.01956344063
37624.19420910166
37172.830411911054
36466.73989941452
37183.68346748622
37656.55420309523
36347.63460556583
36620.97473784223
37094.69788579042
35784.12821988565
36554.75313487842
36957.89472592993
36442.90329318752
36151.75168897134
37168.49196935958
36884.19841436081
35955.40299825762
35988.65576938555
36667.920087478
46475.9136021993
36637.79427872251
38550.09551425328
37584.61325179727
36796.1436180006
36391.03955231186
36128.084613972256
36381.749514453324
36649.99495482217
36943.43936626714
36727.53760744802
36515.03502630819
36570.88361232466
36177.00502845219
36467.71280539317
37123.865505157606
36688.94998381167
36267.12188381166
36913.056091235456
37094.097335646904
36949.02375070945
36976.21855597288
37175.47456869116
37197.11142419426
37219.46643528603
36580.39574218585
36620.037861180266
36330.165927300695
35605.688193287104
37155.01850174008
36547.922692546206
35924.14583809095
37435.49957276731
36973.84616820149
42154.98973330301
36638.2399374633
37533.73937300889
37082.26379795889
35692.68440154676
36612.292204768215
34937.14232542619
36164.82217830858
35493.6247315266
37525.78814850415
36890.37760860199
37631.568811692
36531.91446486136
37055.618103340144
36766.344135186075
38859.57184255301
36691.81707480905
36026.13878412277
35891.4847606904
38915.358098826146
36703.60442250802
36565.27293101305
37482.98374583347
39681.84364420169
35652.537061463314
37510.633044891394
37970.50629187641
40259.98366490949
36793.94314084304
36990.6339658675
37413.100140957955
37228.620273989596
36780.36033725629
37276.89019886932
36821.414917503826
37072.07848252538
36108.91404285442
35197.78651046801
36386.3836064489
35890.494816326966
40103.56875681043
36139.507690677514
36644.28976195251
36729.6246685102
37952.80452284623
37177.228242114266
36609.998926629
34927.11457863124
36999.541449024415
37902.1940019056
36360.32313946128
35938.53066681389
35799.25033556643
36338.82925646417
37734.732231831826
36759.83602691301
36574.920090698826
35916.34593909069
40547.781201042984
38744.529284096316
35901.692148559065
36650.977316685836
36316.3296745178
37041.73547085856
36284.99052454581
36685.00791248298
36277.82324389735
36746.063413407406
37243.25445942402
36919.84370419
35338.34905384138
36019.949888963485
36761.264746507964
36940.09585581287
36564.42528314183
36130.64593442946
36123.41811049346
37423.72925672163
38857.89309273533
36217.613290705674
35645.893641879455
36850.33017439862
36337.75045508469
36408.88666208285
36657.42194523786
37163.148044127425
37093.883732417824
37410.56834698052
37108.13696455026
35915.99824226102
36894.32293281807
35912.752494889115
36696.96710880344
37071.861456808685
35973.15421047651
38584.88647717752
35918.069908955746
36095.13555119255
37230.240348699524
36294.13454565582
36886.118090402975
37750.711099766224
36269.31826546751
36851.82964200128
36772.49879399741
35678.292696380406
37719.14065717545
36857.94637819002
37045.02090310408
36473.974474071176
35707.11389124586
36662.79427009508
36694.7886112514
37279.90718002219
36900.48538829689
35286.19069474753
37524.21297640132
38958.071229013185
36206.0809969476
37379.306796726145
36412.12217318329
36245.84110378387
36063.496599339174
36390.78539513392
35655.19562332273
36910.775391051844
37231.36992943316
37088.76051970143
36248.60248745837
35283.383333299935
36670.76786571331
37250.11431007957
37181.57507529949
36159.4366908486
36924.03858936791
37639.5891505162
36832.04662721001
36210.74136544932
35957.98059674429
37595.195090594076
38074.26736837325
44738.36316393449
36774.97670516069
37197.32987268072
45916.788009112766
37069.215962299015
36395.06623833292
41793.14049657264
37036.033216495845
37171.897536385244
36006.917974051954
45652.897173435624
36520.920165092684
36631.276150975034
36516.50766995971
37402.22888083201
45668.276084935045
35976.916930631174
39031.26920657716
35632.46354016602
35533.30643885778
36483.43081447752
35875.076776568996
37846.92096697498
36579.187284495216
36037.058207522714
36608.29996916718
36432.8261298566
36240.34233157176
38993.136960030715
35785.275836660825
37670.51634430624
36626.72974262781
36445.849082840636
36112.900573231105
36233.29145139869
36236.31003419948
37849.36605595286
37133.077292387505
37109.145188258175
37088.74886242658
37885.79238747876
37777.09359611096
36819.1307559772
43135.93314529171
35476.450887187806
36352.03002288598
37260.92009643459
36714.29175501655
38156.36637308305
37235.438651851866
35549.45401648712
36520.45114916865
35781.22626467088
36379.8220156751
36558.120404874215
36180.557320093554
35378.39698781564
36824.65873169059
39623.71251880759
36425.068927088265
36587.9242839709
36867.635574477616
37224.66000431543
35746.311201373246
35858.68793970868
37236.11478883761
47151.507250594455
36149.05473414151
35349.10923079216
36197.35818856481
36857.509179396744
36209.17996043244
37158.26890317859
36487.13018843251
36512.19794948054
35337.63298331665
35992.3511899072
36462.85516864915
36592.32435859034
36432.62184996314
37411.378447240015
36621.038158858086
36944.90932939502
36736.128111973834
36478.255914146444
36082.39482083536
37087.251787735855
36703.91125382514
36388.50662014641
36872.09015269714
38265.016200213366
36326.02371495388
36805.82084434744
35650.56088640904
37686.152397336075
36229.70769738164
41247.31538802325
37604.86687856314
36607.953877824584
35790.85333371843
36414.48740626408
37189.08911894951
35928.00812128483
35891.837105045364
36088.75556600245
37039.297596523145
37238.755370815496
36736.0828817814
36614.53751937025
37442.364973292315
37806.54285495936
35688.813900677545
37487.16565525198
36741.39560686069
35620.49412899004
35365.30725979865
36581.26451442649
36634.71899089305
35601.82172129195
36592.216716676056
47251.01354600907
37151.77359654408
37058.597932715675
37371.31791305246
36043.84770559897
36466.77701578205
36512.40511251259
37600.594131634345
36545.99472514354
36283.735499213384
36709.60082346185
36817.7711760518
36098.3303076917
36417.119848888724
36155.30605094354
35853.38078421955
36703.62944345854
36424.842665918804
35968.643075567576
35727.4137119343
36172.75318357959
36478.66517898481
36788.75531541214
47229.21473404186
36304.359482650485
36197.77389400106
36739.84379128834
36550.64768871207
37530.93696608554
36119.83666706761
36085.2499085614
36351.27425887066
36266.89438555692
36550.13837316163
36848.68405705691
36078.647565845204
36008.12870123604
36188.220391117364
36910.87506973868
37034.800150184936
36338.337986900064
37598.6903276226
38048.48476484047
39492.64160339689
37026.762027319695
36835.676201115944
36172.31795605162
35680.13580500062
36716.88032159958
36604.71753231771
36259.798090348566
36291.26305813121
35703.24195840035
48117.07991253569
36346.171066650735
41774.5483530043
37634.35089403129
37482.34137726706
37152.6911594917
36935.38620908675
36338.880173632504
36671.50206401018
36024.939077163115
37453.799528445015
36791.914758367006
36520.00986574289
35967.25385579549
36705.397315842696
36395.02655912124
36926.96113979088
47555.47247562225
36765.10917761519
36265.100726384735
36856.971936787595
37140.06980055828
37232.421275619374
37039.33592021605
36990.40209387389
36900.766173376236
37429.900368978946
36833.85629382288
37162.10208236424
36509.03652629954
36278.164275766954
36229.81369642775
36935.54855994622
37211.8977771014
36565.99283790569
36445.46378207486
36333.667719820725
37260.34525522057
36769.41742578077
36879.17621983224
36745.94685271476
36109.55324781478
35986.20943549296
36284.68834232242
36242.742867520225
36085.099234854286
37874.66395783859
36469.270993444676
35650.108332630036
36082.935818460945
36277.84379993885
47096.12814825063
37041.16809097265
36673.23786642264
36478.798078385065
36892.46808811952
37317.22262320599
36014.5627108757
36102.1256282294
35744.55202109146
36379.12451948018
35625.19089590902
37130.74054144145
36291.808953363536
36736.70782223382
36102.106603870525
35922.448431364035
36305.14419647841
35588.71772584636
35321.155707063284
36869.724889997975
35882.94406582314
35727.853982641536
35389.51961680334
37117.716098026314
37032.81958513039
36314.96063996506
37891.00869310845
37224.28836512097
36428.172092732064
36697.53010683585
36321.020034274865
37145.74143916217
38160.16766548531
36377.01792930187
45780.7644324105
37378.235924537425
37049.98496458502
38172.111983650815
36254.2864074093
35799.852488282115
36601.56607380995
37479.78164969698
46144.259699348266
36995.01767751609
36262.038679999314
36280.96232082866
36170.77276498931
36581.69224835465
35947.20874580583
45258.78322640583
36127.30538623575
47280.20978479545
36781.38190869754
40319.11588497578
35840.6010320263
37460.28349863176
38849.157584163084
34979.778105128986
36355.31692007574
36235.812155642816
39831.61352666616
35964.75379863889
36893.13893645912
36980.97347443221
36657.33117529163
36184.173215436495
36921.67471662362
39497.15946813636
35833.540871912905
36820.28634673181
35882.21295458897
37515.207594221545
36483.4119488973
37171.97126266921
35880.25254115442
37049.01066829257
36750.35938532955
36629.01805960866
36326.6641855732
36108.277384328285
36441.47946764086
35928.74277635133
37183.50430384451
36684.54606488195
36158.778561436826
36680.69530935064
36191.49786111533
37131.765826087445
36041.67746540757
36714.05745297146
36217.11904921535
36084.67033690667
36660.64582167863
36804.67377829154
36898.49182255902
36876.85143100849
36224.90569311579
36830.50061120527
37487.70418166033
39165.21496975356
47055.490643745594
36311.13946229997
36099.33277516596
35947.296612594226
38176.03800818423
36551.403690761974
35913.738285456355
35944.34466512994
35815.89134934713
35952.86949617198
36360.59187034559
37808.76933429561
36554.991551716535
35789.2850455482
36022.01411932032
36630.48122031594
36855.86500853173
38507.32121472956
36342.737248577134
36829.288627650625
37795.70170550043
36456.64928569528
35884.91916434995
36486.51297616508
47878.523508253405
39162.30318694819
36860.51451534072
37178.21654635349
36759.06133122517
36463.86348236311
47102.17896009057
36876.968537145876
36723.27174253654
36334.457031233316
37934.297577399964
36256.36726452399
36554.40088733997
36507.60420870898
36034.01107807398
37622.49686043415
37265.031361670844
36746.306258514596
37282.85947311947
36732.449817399545
36062.14272898636
46184.01104528046
36928.54498052479
36300.29568538884
37752.11638211109
35902.685090458814
36668.02460605757
36460.42502235642
36788.83683815612
36034.28508993221
37286.44102449474
37699.60931346415
37349.68159644599
35823.49585816443
37693.96315645818
38259.14462558179
36074.952225341156
36894.074311574645
36472.48378862441
37603.530090685745
36104.513162419775
35366.30677037698
36681.88876620797
36942.26814699999
36441.60680720892
45572.36061364402
37008.11550986315
35460.82171735904
42004.755134467625
36858.93789449337
36916.409570337986
36770.83137079596
36660.93839573525
36562.46495172499
35719.64987219444
35843.69591691916
44363.76022581735
37488.72866429174
42728.73339674071
36081.9884687391
44608.65852798845
37621.50843814366
35919.009796184684
35752.5053278918
35864.933607416795
36888.881857776185
36406.40802277163
35175.14854100691
36717.88621213568
35409.232390923025
40967.00977110314
36968.769196575355
36405.22420512423
38591.64356835159
37062.20741849413
43268.563047354284
36497.6585369239
36463.39129380281
37884.383718287376
37508.015944157836
36675.44228889905
36773.263640624675
37012.904701046515
35858.421061712535
37764.63565282417
36786.243972400036
36464.79096408092
35855.73346585344
36254.022125626274
36539.09498638883
36065.734730901604
36844.44792750586
37297.55736931021
35960.601322497925
36990.283868861356
36960.20223457771
36590.92278082339
36414.111428479046
35747.7414157381
36020.99340031619
36537.47238244523
37796.35698145416
36976.27492357887
46693.57719777464
35201.317116949554
36513.38245700898
36192.15082582442
36383.15781136566
36944.690082228684
36454.53586024109
36708.68754150215
36857.57243083543
36343.18180912755
37572.62172136498
36449.24262568275
36661.11909787997
37024.63317896513
36167.78882694021
35733.91479427201
44544.21926411245
36860.308445859555
37437.03884134253
37742.65915933708
36327.80468279395
36475.70341396704
36025.16644357753
36685.09722434787
37560.92987242636
36699.58273705658
35980.81223085976
36410.36638824518
37492.00376553714
36121.41780632998
37533.593237987036
37729.96070011835
36806.87992939345
36027.78662756167
37198.319324050535
36689.464010220974
36475.33381005983
36501.76732750376
36789.596164564966
37400.74306557062
36666.922581082516
36400.10349456715
36050.49551142536
36525.60827180457
35613.09577718451
35542.420295875556
45829.21686180231
35873.290870196855
35505.18711772165
37025.374971993995
35654.613845624845
36430.00938828842
36059.53012428492
36544.73360462193
37567.245774816874
35916.306012348796
36335.663076665645
44747.00629432795
36203.14072954267
36268.94848576106
38932.33292736299
35956.784144909776
36588.42625284148
35710.1531330584
35807.874433313154
37151.369647396285
36754.65085833148
35865.29551889663
35509.0813256778
36591.953306530166
36685.17171490781
36683.07677945874
35902.21709105872
36766.82826952197
36160.58498065869
35854.56411399206
37380.876413020225
37102.32217770092
44143.64579735555
36107.810592067595
36180.541410491125
36178.95913512216
37237.32695188747
36904.649663583004
36270.53169261131
36720.10561944215
35993.33497151141
38329.36000018887
37451.53117424015
36731.94467278897
36978.833653159614
35991.70479621587
36252.07459091347
36338.97941409806
36734.91082977754
36264.84598517703
36044.42358482269
36460.391344702984
35834.97747896411
36213.54410601174
36009.23776571601
36341.21028720267
36253.39083253132
36407.35312477273
35902.16366985692
42399.12524499626
37486.291945549805
37554.98695856876
38056.80495632376
36594.03108848185
35716.46346888633
42223.868713533455
36668.60156492954
36247.45682294281
35750.76506911653
36300.83742170301
35901.710607755966
35979.76393085685
38114.829418643145
36680.5382621606
36463.98913123255
36304.55489786627
36103.88116350643
36610.88759640238
35766.25037413068
36759.91459775406
36887.31616568106
36957.705388152484
36389.88573498699
36724.06855835629
36637.74666246349
36356.416366367586
37366.35819446567
35969.02669593503
37103.1532249554
36672.86845413364
35923.06093496972
35320.63886040132
36253.956964943085
36477.425946205905
36594.62559747459
37411.46419673448
36208.12852103483
36420.75124359292
37897.6149848866
36380.00454927039
36007.830053054706
35903.08111047589
36870.74507625711
36276.49122447998
36559.83652067014
36789.34210621342
37776.000814287145
35723.62823872388
36355.29295716083
36729.13175425099
46664.522076628156
37752.06135343759
36405.933941324605
36322.537287418774
36850.14202380662
40739.656952122925
37094.74658267811
37278.52204583162
37933.36162324431
36442.58682146467
39345.70374432665
36033.03212175649
35884.622832935995
39036.25842378368
36864.639778711935
36144.69536999786
36949.28990177718
36484.37972832279
37004.41860970211
36728.45053308285
36682.1651983446
36386.658160198036
38103.527543456716
36388.846872003305
36716.91508509635
36799.580257362184
36215.21216792671
36461.97776020236
36540.82322927361
36765.6525829601
42125.80214705975
36010.538990965106
36344.4298656035
35785.11645209519
37262.039479684965
36504.29163756909
36488.599136178826
35803.28386028808
35382.69758933682
36254.919630881115
36771.986231138806
36936.536626467576
35800.24492721622
36744.621804207076
36977.835645949126
35495.77563096799
36449.90953862013
37033.160222752565
36101.09405302965
35997.75528792919
36392.81744024058
37042.682141533194
36165.79202222185
36713.06043561245
47718.50760337319
35747.835915796975
36258.85965926625
36975.49005811923
36291.146139267345
average revenue:37066.26219931538
possibility:0.018