36026.39522926205
35737.15763048476
37242.70917985739
36498.95362398497
36853.077832256226
36214.0950857514
36725.238001605976
35096.62616235187
35959.06500663955
35998.19296723884
35830.8784836029
37396.00825602452
36740.47749883187
36322.23974230507
35723.897038576746
37207.20464719821
36454.324394410345
36773.59501143703
36290.03476229058
35930.94352445389
36664.07428684967
35656.811805098456
36195.19365415817
37288.661124037964
37969.68111465606
36906.92642182138
36932.44506848386
36272.40489328278
36263.996407449056
36259.493250235
36491.38425130302
36176.52128976816
36472.03118471414
36878.78300865206
35902.776002568935
36900.98853752366
35748.47304959541
34965.4753096039
36922.43775625442
36764.79335946635
36402.80436861282
37762.48224018604
40807.34239486251
36982.37327135348
36839.962044901615
36110.486551641654
37686.67448473899
35874.324076589626
36285.26911242163
37038.10091353656
36714.773798881884
36941.170888614186
35644.82989535205
37027.828737123324
36805.632129925034
36646.67711254786
36615.4858216413
36385.395346622194
36438.38657743934
36139.23190602738
35994.81460945317
36136.26115257916
45142.0291835072
37268.942044608884
37850.7258186294
35587.01042479566
36193.26065989147
36670.879636937745
42996.813063059744
36236.999392842336
36375.99721474572
36839.367364301725
35940.39542554661
36785.00577239043
36748.503750907614
35380.431028108396
36728.990193514794
36374.539829649206
36369.5393526874
36104.778400729585
35610.33180441707
36403.04390665195
37165.99699843957
36531.087281114305
36588.55930692881
36303.86457998378
35914.72774850027
39476.70159100471
36545.88397371122
37030.51401368212
37120.832395550126
36908.02314337821
37354.95332843171
36676.18333548455
36224.422261734646
36824.95583987805
36941.34613786046
36815.127432499634
35953.278712161125
36153.30672236385
37472.1035209758
36520.33668097825
37075.48671715373
36439.80997447692
36700.69146787248
36083.89981583813
35498.14797615872
36936.21722030748
35962.14268883448
35961.901205466034
36462.81114987693
36699.864130595895
36130.831108143175
36921.65722081633
37066.15700291052
36211.08639357746
36617.32554095537
35954.97349569446
38448.77206299708
37221.20649307662
36349.19714806799
35921.84362779651
36236.97542348678
35564.948160663174
37178.56233361834
36008.63926892264
36235.87247396203
35920.286105557614
35761.15855803615
36119.33062539167
36202.38384964145
37285.20519313209
37021.28602835015
37067.34175466619
36267.96963684802
36634.33188692179
36419.9265979046
35882.60044012908
37197.303151188215
36127.656822454905
35938.513646411404
37232.0231748088
35836.60766339949
37021.049270185584
36380.99814328838
35831.2275574784
36846.78634999982
37461.158444087436
37836.04144070087
37921.35419723411
36149.11302868391
35641.75486856159
36173.08877700252
38163.107735563506
36915.34224022752
36161.13716345245
37154.61841362888
35932.59062586893
37035.31105943126
36651.517629309856
35871.745712444914
36238.070367686916
36726.34999672422
35689.18992378492
37588.97839425826
36547.525112971365
36578.65506507026
35901.91349114048
36276.01082869756
36091.19905224953
36834.417292986094
35862.83237009637
37063.51925982282
35792.23579996536
36659.06171176186
35856.26790371778
35646.2832248292
35408.971481745415
36206.07921998788
37282.44959087747
35410.18695257302
35631.96386972341
36644.75920863527
35963.23879365622
37162.90438046329
35785.59684303161
35390.79041839567
36366.22815662173
36408.67295751328
37278.15806697812
36635.16168300449
36350.27125381855
37627.95464757342
35970.62509743679
36468.94796416763
36996.13067424124
36573.06563667293
37621.613841082486
36288.447709865366
37599.06599341887
35962.122429148505
36489.01626722631
35626.59279887512
36828.98614271316
37484.47694959057
37839.11636669813
36246.03911185425
36428.650112373405
35639.46401574128
36319.75124947004
35833.291672218635
37730.21875668341
36302.35173197603
36969.313447742206
36220.593687567896
36667.35813632069
36704.185553367635
36315.97434325254
37936.223448683246
37531.87536441756
36256.8985362015
38305.65299689923
36712.94043985565
36992.718708893735
37395.5730532041
35852.579633236666
36693.52872954556
37229.1535052932
36980.416919389136
36760.999192692296
36697.190532520995
36451.54527268731
37286.44244532484
37271.377082246705
35479.03983080371
36864.53479495924
36761.67093707762
36314.80262966641
36142.83552394227
36214.00530263582
45328.6597343403
36077.48952934538
37000.15364154559
37006.29114220161
37163.304195886776
36059.203861200185
36858.25212760152
37425.03894669117
36453.83066942381
36823.81439082906
36355.81387609578
35741.678115096125
37564.01805377041
35331.11338467866
35614.02573247044
36950.14240545059
36690.68041309399
36760.54017682609
36606.34091357947
36632.11941892928
36552.4570419781
37388.81380055259
36624.734287495536
36731.99110446916
36608.29887064428
36491.127787440346
36500.2556818099
35368.10662761103
36698.53145736071
36196.16713209885
43185.298479797784
36900.68014976718
36412.738448152144
37205.30478429932
36783.74116430418
37101.3529273317
35887.94540912313
36402.79437508873
38228.50744979234
36016.476179027835
37694.326384886575
36317.085748473066
40285.45288596125
36165.1585566494
36836.64556371323
35327.697535116364
37300.11509843778
35985.918231260126
36024.69839743033
37972.21273736194
37247.12523697791
36356.31922683091
36198.36336898163
36237.487659472965
36614.82426073132
36435.549632193404
36489.05830929761
36394.49809383108
36202.84736842646
41642.25304367468
36525.01444399457
36778.348868988454
36939.367507153635
35899.40541147348
35589.94088286982
36906.86979652122
36101.2472561889
36960.67336302329
36397.861600769524
45308.44239748954
36623.01044968166
36067.161494676184
36283.32185634563
36099.4696136064
36111.22600376563
36054.91069517185
36367.55474584479
37561.43640279778
36513.022878635566
36058.8665632713
36560.193555390615
36556.335285206405
37213.59274885353
35719.88669509838
37429.20342421357
37221.48221271687
35948.785398805216
36721.554774178956
36479.18944982747
36842.69860353061
36041.67582581575
36247.00866877455
35569.05470461692
36579.15550939092
36476.637885617114
36454.24738254664
36621.105242493104
36695.24273781411
35809.538306714356
36645.145600098156
36224.96683112729
36498.0061898593
36670.45196368709
36739.00472273941
36716.82569505309
36538.39813075554
36005.095689014546
35848.340091991595
45012.78374267087
41348.52676295575
35550.88983897864
37101.88434286737
35864.438632795245
36613.37365020767
37508.30227966497
35873.424720444746
37288.23753613526
36655.016572102606
37142.590909615305
37446.269580286644
36400.46042935881
35751.374837567804
36701.07735014196
37115.8401059809
36889.2414840418
36803.90942003073
37517.47925512822
36420.141622600335
36133.35164511408
36108.92589239881
36559.10290347508
36115.671836073125
37143.35885589819
37031.37348532304
36109.043016792406
36670.20048655044
36654.695469171565
41264.75418897596
36846.35427721304
36924.049849127776
36119.17819560388
36818.124443162145
36645.400944911045
36453.68363380252
36691.97544523749
36794.67738784316
36962.619230136705
41294.10829141475
36962.25268201606
36732.27733453544
36387.680008400406
36189.88306408857
36553.646919531384
36088.299118205396
36714.43685506689
36506.21809072599
36409.65851599912
36497.77620471812
39250.289698786255
36650.78136916748
36246.43858870913
35736.603808773434
36585.07449804912
36699.13132050228
36507.972526365
36388.621181200564
37317.37407761218
36549.559002902395
36354.83348408704
36644.23675831343
36915.32194908065
36677.03869638307
37311.34330022778
35749.805832111946
37071.83808558328
35912.47240851041
36116.48177659559
35388.271033889214
35610.08474440643
36107.069135307036
36302.29898126653
36795.593530072816
44851.02368403768
36294.94115425115
36979.73169447735
42939.62779757615
36723.48278127687
37231.44075642419
36305.608190961364
36795.8571451988
37017.61193730631
36084.95003020218
35901.22400694995
36415.36102544861
37368.740066855855
39293.23295478755
36971.908488168825
36819.78334171687
36547.732623107215
36516.09324335525
37437.07009813727
36393.408787361186
36913.33881833839
36073.95207516413
36102.83176758165
36539.005132082675
35952.61522168234
37574.409757160196
37139.307241438284
36109.75395801125
35714.58431351716
36896.52079099755
37046.03700504154
36736.43440053222
36709.45930239301
35394.17456186764
36629.87983548032
36400.93151523175
37413.97629202109
36688.0012198377
36264.06249261094
36865.54706834875
36518.02128560439
38305.024557654375
40676.84818843052
36086.42989057585
37591.75778573462
35915.32788745838
38114.02702632577
36303.4632716886
35779.52792066263
36896.3507453822
37022.54938378325
35651.778216842176
36113.04630683794
36876.77378235358
39975.069275930015
36620.67921757871
36175.89552931788
36415.48781615542
36263.30667862606
36180.71658427443
36195.416492133074
36319.62031191191
36715.58534024358
36960.19811034975
43221.11790632818
35917.98259529473
36256.13930018292
36717.66063171248
37261.414031624925
36476.954972971966
36401.61389949192
36635.826381460436
36686.82374921271
37804.662374984735
36705.03631803125
36780.76387987466
37337.26159204962
37540.74323293372
36845.476418618986
36212.257188771706
36007.517698073396
35944.51478035442
42936.777351700504
35446.98866706165
37167.3748738245
35675.72898388162
35941.131781225406
37336.17969975825
36096.52415168895
35595.70534020072
35999.579249898576
35676.38124051281
36193.32473207961
35973.531754800126
36264.07106804258
36371.87891449781
35909.01755888711
36684.576528779355
36027.6757364614
36626.252110743815
36611.149933481676
36444.983994186645
35807.24096319591
36110.49253613959
36937.708147184996
37243.34189910392
35929.72628787147
36180.54906028354
36399.8937548866
36293.41161202398
36728.87363945179
35716.77691398595
37583.05947035522
36287.946632567735
36253.52814417716
38081.07919428566
38289.12108423772
44595.91818243153
37118.218566182455
37360.483865065566
36864.233211201834
36115.85455188193
36763.23234214738
36770.80646981879
35794.35940823191
36040.07868442432
35695.90226772202
35537.726032240076
37082.934307444266
36013.0348868363
36212.52259459319
36900.13218253398
36301.47212412075
35494.652632567726
36493.81490916867
36770.095633660334
36230.92286311291
35987.247814904316
36994.1786586571
36435.97469032677
37659.09610957817
36472.55440737604
40115.178044219625
35854.92861366953
36209.54421154506
36503.485136371186
36061.86703362378
35742.14248171084
37250.8558071758
36887.9308288031
37098.633203695514
36761.03323597132
44440.740298930796
36832.26399302132
36484.0846577088
36785.40764958151
36187.158763393374
36297.40234972085
36781.18938798097
36636.40874848456
35666.43144738653
36492.87557506981
36630.265526347044
37517.084303018346
36019.62470374893
37732.311347983494
42186.6844073149
36460.58230529268
35989.44899414279
35034.394281053595
36751.512586246165
35882.828195459864
36354.63833742607
36548.21617374563
37141.07983109851
36149.178222865296
36790.95932360105
36298.31825051103
36054.887240819844
36093.28243431342
42690.43234658442
37126.35181905605
37164.31899268943
37200.107971084326
35951.54295134112
36717.58419000892
36910.934170028144
37338.544656960454
35960.67929177068
36753.833696588474
36864.90258488734
35957.819398172716
35909.62381590475
42557.13480194418
37299.608662064595
36105.47624212196
36085.62432418856
36805.09996934184
37201.97807568189
36633.96734668852
37300.20665776462
36402.394474240646
35715.05354219938
36937.07781641986
37150.849853551656
36087.77222021239
36317.498579268824
37112.46404462069
36375.94703347915
36158.789153483034
37421.73165647443
35708.160811938265
36062.937247128204
36287.852773900384
36228.14902824345
39751.53009210928
36384.91378002339
35765.321459678606
36861.22840066095
37415.050074058534
36075.22898377972
36591.24065976408
35887.704543392974
36978.265998474955
36677.72780984298
36222.75034281864
36508.44874893927
36898.4374545668
36039.30385806747
36580.4841060267
36198.96571004329
36782.01005589468
35871.99573687484
35802.507672416985
36575.83723984776
36297.928572058016
36450.62765203317
37153.35804158106
36461.228042418625
35556.80638778149
36306.596311020585
36324.80449289917
35431.59982629357
36436.52895761587
36374.730574521396
36199.241603103685
36080.667855727304
35376.06977338484
36651.548010727514
36682.00217389905
37564.009907013504
37107.18668106583
36922.45768516752
35413.9535019807
36080.061963709544
36386.71141548574
35962.04854786608
36176.84928021208
36439.00742658472
36101.628437302716
36688.36236175801
44533.75132392809
36345.42272951567
35995.38054405716
36891.58175870834
37192.87400944082
36567.26656244001
39070.23000849395
35252.954856855504
35934.70565952184
35931.851041085385
36941.59784260042
36476.98937717974
36084.106313431716
35678.99648272609
35558.07661676137
36687.56818807087
37902.58713202295
36661.05459451744
36596.84720421857
36329.53318083213
37034.92467128248
38246.358754290966
36527.282180664064
36445.70247809092
36485.609568806045
37092.96623672449
35715.96367903426
36609.22966388055
37546.69928500488
36056.956438005815
37069.049533818084
35728.98855437159
35931.27477799677
38106.45063120443
36503.77788011647
37730.34010454246
37371.79803447718
37425.639153473276
36457.9773341328
36654.23585384791
36857.53563224653
36560.971212968034
36968.93320867192
36688.13941662734
36055.47264221355
36805.909867339346
36852.756925093105
38233.23529487844
36405.25891235747
36191.43553627876
36285.41348475479
36738.96713850743
36054.67548443747
36358.888668661624
36062.69197864687
36952.01153384661
36983.17698259047
36562.61177043151
36083.805115308576
36797.50618269149
36910.68162068025
36374.145686329786
36349.61052989725
36841.42190532983
35702.43986774925
35493.762433324155
37365.41798589415
36718.397208302835
36341.13103327914
40431.870407691415
35833.61706237958
37418.256609427764
35790.450827275345
36537.270314062116
35844.532317217076
36198.93817930209
36728.72996158016
36462.75089186189
35841.54829250059
37975.49915120431
35762.7072219472
35698.0819783705
36621.862373562886
37335.1700965573
36458.063640960776
35673.19665648223
35858.932884740294
37591.007167895885
36044.11470487035
37336.95962986142
35613.83019025564
36347.86791648308
36725.39601025775
36560.74811348209
36684.57850439475
35783.59595200459
37620.774151003716
43740.14937084275
36671.32175768579
35734.78059449954
36361.202185939714
37099.15541575825
36782.969196443315
37398.57259279918
36421.25219829961
35360.698845467734
36127.52912472955
35660.27062533382
37284.92522585479
37185.86003489766
37067.15988065042
36061.2313642749
36976.24203743104
35847.26358586822
35526.39388752824
35873.22697915948
36221.85191142352
35489.62315769838
36587.90265911797
35635.34972238086
38053.0523225259
42986.20178604346
36900.38470321305
36735.06124213014
36196.409394245005
35971.53488757975
35946.60410470244
37510.779053690676
36024.877054212506
43365.55183613299
36880.25759245662
36543.40803118351
35988.638511029785
36439.18245935695
36676.36225742508
36677.42226729475
35181.09872768119
35745.14999597483
36664.933875005016
41292.98820342488
36877.27352051283
37215.91198076102
36964.13468270421
42446.166456781604
36778.93484661604
37333.16880419243
37792.09012116953
36666.458753955005
37204.46122913795
36077.06269902561
37489.40543238823
43222.95179505228
36518.036749995095
36405.43259530783
36805.32694181338
37077.320521573914
36496.111294092516
37474.17010211338
36009.96295116977
36943.99664652392
36043.48954348692
37024.85033644147
36000.23380397801
36336.92325506121
35981.933610914275
35990.46822536663
36613.28446192713
36116.85866245702
36251.12328131292
36570.040798437425
35889.97145902651
36135.6326509266
44460.29580529825
35796.60347984112
37107.88326589843
36040.98769963743
36493.34259483729
37054.71985885792
36744.97094761473
36484.755126523516
36363.987635885525
36067.484891364475
36602.21390701143
38060.64011451602
35742.00785148025
36270.89021693021
36684.28931222033
35969.59902053248
36042.06425636878
35162.376449439806
37399.253164232556
36070.926297472775
36736.38509167704
36200.61827713297
36541.53983384725
36435.203513810164
35837.27831293947
36624.39798068408
35929.11558221474
38013.81548163723
35694.94461384771
36579.810481196175
35790.8265559541
37410.44821529035
37002.80920659974
36016.69789388995
36411.56225748859
36545.67013186749
37238.68648165199
35996.34297301921
41428.53590460382
36516.493697284735
36819.276718830115
36703.30675656593
37442.59343918793
37147.96751719431
36406.63169465189
36024.22420726064
42487.460273838806
37627.26468646044
36700.97189388704
36694.85221796801
35038.772452203026
36496.09958341901
36191.772698455556
37132.670947173014
36699.37556558152
36852.71528893461
36365.29152995517
35803.27229259882
37449.28400812874
36655.46830369683
36697.50209179727
36350.92953792952
36726.56943661329
37496.97097252913
36270.22834414144
36388.65790808287
36476.060761535
36613.660023369455
36842.125085335516
35897.832226776445
36020.901867066284
36796.306786773384
38411.298987469905
41214.69463455479
36356.65009784783
36928.422550581476
35524.327721016336
35727.22729638208
35721.217514510776
35891.03378400294
40391.22180405077
36489.011122481665
36725.03363850174
37610.70158977936
36823.03438859517
37138.09942204108
36465.93694071789
37518.80673807471
43493.311248108235
36544.17897448253
35874.7211520074
35962.12005211677
36488.404063645175
35745.34025198328
36099.87333574282
36014.52911193629
36629.480918939866
35792.40855479817
36119.29381053997
36700.681332437875
38829.057989378
36379.57169398339
36393.73034519967
37257.27123651459
36611.49894106532
36346.0675684983
36093.192816535484
35716.78807571737
36313.68178323487
35763.76497173418
36396.56994551346
35871.87682472664
36363.62986942199
36764.00321122267
40888.32779385532
36899.13183713512
36730.412294745314
36751.64481001996
35228.09231104861
36790.818011250485
36676.752555474326
36788.712346594366
35749.617376393246
36652.074832234764
37343.10104007653
36135.98783222198
36714.25944899612
36157.96092684943
36016.266721747255
36731.161629853814
36355.07998964692
36648.62632214241
35945.36151040065
37598.36942178677
36304.33843103452
36374.98294646601
36220.16780823737
37370.51993307722
36519.28271796325
37504.119347617176
37745.3205155756
37438.39863103869
36195.23699273829
36690.65432713137
36686.3230750789
average revenue:36777.5001412792
possibility:0.012