36701.61280912139
37128.6022278337
37583.022918977804
36146.52274767561
36933.47003853092
36785.213570734195
36535.37315542067
36642.562460005574
37252.78766172319
36580.49447478882
36017.17271466489
36902.54351867769
36846.32682349679
36841.7872893399
36528.820396783514
36330.71034182063
36376.963993799065
36738.673987752285
36259.986528724665
37470.49898039963
36354.088423621346
36087.374845369945
36508.48274117835
35877.06422865236
37405.96295803208
35876.165568388045
36880.43695956853
36724.9273085169
36381.729826820134
37311.420835731515
35718.211073512204
37518.323380197646
35929.87504355213
37870.59275247265
36479.23793205256
36509.34306341836
36495.14593265267
36415.50845689935
36738.26415047993
35986.202878397846
36978.698053826825
36151.17905483667
36239.07610615307
37221.12494849432
37083.23537207593
37422.282767085504
35825.56105160075
36556.19371983665
36814.31717417874
37247.1673091814
36433.237169586
37698.96209933092
37037.19976369518
36463.8464443095
37423.382699090835
36219.40357172153
35910.80770411185
36734.40882097984
37265.79330235081
37331.504709851106
37021.73721946479
37084.72220215916
35895.266732800505
36158.57672991854
36510.40281197841
36421.18523292705
35893.24661885178
36651.94548997738
35987.042619577536
36893.47521534383
36755.19641610925
36322.9335271468
37231.33617674149
36986.863305980514
37105.2626400958
36481.805726938204
35952.94712252007
36347.221618346084
37043.71171975303
38078.07797753485
35909.842754650206
37028.589974003175
36682.66756627527
36987.350725415745
35492.2872972714
37660.587241265544
36769.71136235378
35731.33891346461
36272.2440089236
38385.206871195594
35929.69879282617
36011.71047964092
37160.19348367761
36289.105111078214
36310.65407747829
36455.0174961491
36246.88483962996
41766.44759081105
36895.381555209104
36760.76340601292
36627.55750633976
36668.70397709791
37101.20339326872
37575.01699918504
38648.92873051469
36862.45699446146
36108.848404473276
36783.73648220187
36939.95780987087
36917.250676897165
36807.93404099455
36229.297485708856
36393.2393804897
35970.33767000353
37669.40660753402
35993.71882909049
35554.34053226335
36071.159326861125
37074.9204947224
36981.016726312766
36811.85644089236
36280.98101823763
37030.95513850098
36824.679547754386
38507.696690831544
36929.97081679519
37439.56230242315
36991.58504846945
36234.03247634884
37335.01402439898
36200.974632749516
36650.6445739478
36252.65445304567
36391.99051500807
36658.40834825443
37324.44815769923
36167.84816527266
37342.47191100518
36409.32721478117
36005.67041153485
37594.785580974334
35242.28900742011
36699.72976679045
36361.32880459651
36508.12679152712
37082.41816303725
36375.93089790787
36456.53265830869
36002.751254737894
37432.626781544546
35992.195784138305
36574.477472953775
36893.38016609537
37326.76640714604
36854.327933368244
36704.92959923471
37292.59739267795
37584.973071107655
37745.651625670194
37259.03806135205
36220.68958577575
39079.15686118774
36441.04984319738
37093.37283313577
35900.000534930536
36722.3346549917
37535.25964304638
36962.60234825049
36283.18507701143
36799.082034574334
36815.35180036612
36358.298348408636
36171.598256512196
36616.53514898179
37073.103911499704
36830.85367869953
36066.430247401506
37016.1198124739
37376.95193669728
36702.63366009947
37093.64800923602
36063.5695544708
37130.69572648833
37157.301403218575
36184.509210356155
36907.85085830239
36202.23207905782
35847.41301722407
36535.386348987005
38234.4173428296
36645.13945164809
37114.212547115516
36270.012027219236
36591.92018040029
37138.64134901852
36379.435919188625
36540.27113135313
36366.69097374069
36491.405246476024
36214.28313687185
37064.24153072133
35713.91395871802
36433.14803303571
39540.853521362726
37467.10979347043
36627.53149068908
36693.97862488849
36787.06305396299
36171.34774200586
36705.0555257802
36769.14577079259
35461.939839245766
36742.065593732994
36490.90824335302
37266.379732918445
37013.158591272506
36366.66476887452
36728.83520143307
36803.82711022692
36225.46277375454
37149.619029791465
36267.89840914938
37567.984542119135
35994.54569383436
36422.41150570923
36412.614480790115
36343.33271682775
37609.74935871897
36088.536162798904
36856.81736808126
36292.47341879558
37018.80922838391
36591.43644698198
36851.71508941235
36151.90230569346
36297.08483276953
37019.41410854937
36319.910385039046
37320.193136063965
36710.50480627362
36668.07470400867
36506.47804742583
36187.61786425784
36961.41010821444
36793.04044065394
37237.326790370884
36234.37090811393
37231.06076038233
36886.649755637416
36660.89742510844
36728.391164981746
36264.66372134767
36267.89071695965
38146.03040728723
36069.8986152817
36187.97664687298
36243.59622722112
37350.790738701166
36861.062589487185
36477.88570108988
35579.31807729245
36814.10411475436
36324.339759728355
37729.02909539408
36526.416705241216
36841.90885772235
36862.64374118163
37033.68652419063
36663.37821445667
36923.80922317452
36363.347222280994
36764.98736506694
37021.239331252415
37173.66529852126
36181.95880715413
36551.439794637794
36580.56795880146
36919.31060028599
37317.817372690275
36460.538173629095
36985.92282260545
36565.73673913468
35677.31198547998
36493.86425397473
36835.746746772136
36832.041686114
36772.01039335621
36171.40668159524
37191.19344615532
36775.9517466535
36879.467597758274
36116.49538073188
36212.16444627364
35721.717114886305
37310.1961377842
36310.20596842205
36703.38060378057
36255.806452630895
36200.803640972845
35620.87303735355
36416.56905702348
42121.67562831128
36415.90020892962
37360.1743221776
36407.18326323406
36255.646187287675
35533.06443530193
36717.327473035155
36373.69139203905
36596.82123534845
36345.43724365744
38032.0475678347
36263.20096451308
36254.5179711794
36613.800274554415
37634.63810089342
37103.20073776341
38008.34868236996
37763.29398959932
36743.69727023247
36829.47413740451
36293.55432475763
36552.24353186802
36763.56615017672
36608.13837150113
37178.900278310015
36217.96553912003
36736.70759465868
36373.93059313959
36780.6103286966
36718.2156351662
36622.866884265044
36230.50216561197
36972.85252883662
36641.03494235416
36142.916390237275
37590.24942944993
36108.831336400064
35746.590788968344
37403.12711140812
36888.77013921872
37065.51643476549
36619.82926935897
36617.14384909481
36337.701877194864
37888.342661412295
36169.239222766526
37084.82575386717
36827.5477246173
36534.90995147526
35844.736541708
35670.9340060525
36688.657980616896
36675.618874775835
36912.75457366415
36290.34544543907
36868.1235460156
36531.679244830455
36699.50245783258
36344.25173044481
36306.10674997256
35723.27866836024
36430.571969324476
36012.39624017824
36106.195982867306
35996.92057448781
36473.9824969626
36106.01679497068
37946.53463529712
36357.938075773935
37303.79728748477
36444.06615186908
36877.293829966
36765.46833812214
37058.85060841686
36147.049892398056
36324.17014420664
36913.1849273456
36651.61776230672
36058.745174222844
36289.81711876253
36010.271840833535
36936.33318852501
37344.231457016365
37162.90144599546
36631.32507722818
36210.30794204013
36543.73902686676
36743.842364501696
37156.201015209226
37263.15432329722
35934.800623862175
36655.545626181854
36818.571992659825
36518.19519959854
37233.460774185114
36529.329160706875
36998.92749831426
37214.017919912985
37103.0235668614
36324.28885631419
36127.20478512192
36396.236221665844
37050.2015886416
36459.241276710694
36479.68675825032
37894.003374567736
37375.71752797467
36189.403361803175
36965.20064190838
35928.06142626711
37650.212773592284
37578.269866266455
36829.830189019376
36412.26105717025
37308.924580245206
35831.55227096881
36345.04647019979
36344.865998221634
37383.66555179961
36230.22150476317
36391.75886414556
37015.717279535544
35945.25818777281
35627.85192022232
38424.38590380863
36776.608248151
36044.2607465508
42084.85851500572
36940.613671139916
36774.89754913123
37910.98089330403
36536.72793117598
37468.12027322177
36661.953617537685
37527.56050609097
36494.036357057485
35926.333629475695
36057.439532261924
36956.49995863273
36878.46971632082
36176.18611415781
35860.980886523634
36157.093029367505
36561.92626154796
36458.07335299264
36978.92043458271
36645.13500210598
37077.09711769302
36180.832051966296
40441.235421904305
36874.78233506584
36450.8980643564
38938.755230575036
36233.463411916644
37597.95600790005
36953.41895369124
37100.88108325112
36426.25899455368
36832.2403264047
36726.121091675486
36186.77736840965
36698.172054820716
36834.76751651646
36038.17904892739
36734.87398826108
37057.54688392566
36999.249169751405
37120.521669590635
36605.29560789829
36426.43754299824
36338.98217174179
37436.16594587119
35933.48933859554
36595.35262210195
37059.65285520895
36885.18376826724
37595.35807616031
36318.958112510365
36197.72631444911
36937.71006254042
37178.97469236291
36800.324059925515
36871.260621440706
36720.38987109929
36399.68790152775
36744.56366414699
36025.8464682396
36563.14128946797
36797.246831840144
35679.50053426242
35967.51570161592
37681.71371358828
36418.050782274855
37005.42329459689
37500.94272187262
37141.6865089445
35963.56802764837
37657.47616304413
36126.138548700124
37062.652886187
37122.80205341551
36517.68568210205
36849.9479243225
36178.94733831261
36638.12451284484
37229.839808774705
36659.61443802518
36262.93987031747
35757.935058767536
36376.560389201935
37147.028133453794
37431.10849841238
36494.971093574466
37470.78346579873
36241.8528104757
37114.89916805152
36819.5868291444
36814.077517634694
36336.58848100572
37815.5974670974
36251.67179122474
37237.90320499871
37013.693481868555
36782.53069543929
37798.79377027281
37706.25885070422
36433.819046733915
36321.61643045937
37281.85119782793
36981.282790620164
36081.37934547444
36377.071069865255
36621.28959580233
36999.664869963475
36032.14533482185
36918.659041838415
36336.66624300176
37310.12880805867
35782.09705119183
35754.0283447013
36022.78667956987
36809.485165458806
36882.63344012545
37564.42761723719
36328.053296288526
36536.38426343656
36961.78788736543
36338.324803897434
36099.79731775554
37435.3864466653
36308.47079401349
36937.05734591625
37040.52627492278
37019.613090909676
35974.071233654155
38015.61027269462
35604.34189086227
37428.36305436858
36482.500169793304
36123.40704067267
35856.7377633682
36664.64444402546
36433.24063980447
36554.87980835621
37275.77830938326
36768.89766824647
37031.2391147973
36216.1960478195
36701.73186095408
36140.23563570873
37057.095450198125
36478.35218793403
36558.40599384532
36385.78719820069
36052.317729044276
36764.96078893046
37190.966589170355
37322.51705147591
36442.59927975941
40195.262578111855
36108.70821650602
37450.96735488833
36801.90356926374
36309.3561508132
37017.094101670526
36386.708955353475
36962.40850116024
36569.52084192413
36987.46297578611
37397.40703376485
36702.07373025304
36990.19191204002
37372.1811762989
36482.64232298284
36494.55507343374
36038.26789970322
36395.865925066864
36826.92092661772
36639.64399370486
41804.873835153325
35675.56559629247
36580.2031484223
37195.01403575198
36142.25649465239
37717.28945738935
36689.99608937655
37270.019542256035
35619.245533347916
36249.53298113942
36480.7966231519
37008.20613018416
37447.105359561996
37305.55273527086
36912.70363706178
35844.121443657095
36479.908527649655
36983.5221081118
36452.770450979544
36425.99761489245
38005.567121170614
36595.818946426974
35970.78338626671
36002.01162566628
36749.227572008174
35396.28017788291
36505.15961976675
36338.99038613254
36550.2291392299
36064.3757430535
36511.2050275424
36411.34292775337
36577.14253879985
42216.51196035806
36608.35917267223
36807.53590295499
36214.187421879156
36641.383738515964
36871.14597505559
36779.51860926506
36108.61680986373
37376.64259221741
36069.70248286969
36529.31612583733
35983.37907977353
35975.65343461252
36095.16076260145
36585.72716775166
36561.18560241941
36421.42418767662
37375.244758598295
37259.85822772834
36301.295875361524
36440.660085294054
37332.75245431751
35762.2200880883
35929.93044160644
36274.671890521706
36784.50059106529
36054.53382811761
36665.665754906695
36523.70846095204
36292.927856842594
36878.142125594015
36289.42952726254
37153.50476108162
35841.667646873895
35975.13985408398
36093.837734944296
36853.25278745962
36898.54067785162
40410.86164807668
36035.44185663112
37260.09456576994
35518.51162326836
37238.23929822508
36790.07518243444
36149.70528986478
36606.81934310075
36323.14332597209
36189.28482472616
36997.508796285554
36993.738757259096
37037.382263089225
37180.58692088394
36477.399165218354
37011.292994451265
37173.796188229884
36364.15918728551
36788.37429217141
36850.17811390697
37127.115247149595
36508.3222682289
36866.69895978966
36442.235730957116
36082.03407788618
36711.036953443865
36274.11321964905
37394.838595545036
37284.0298907576
37322.56024116376
36012.36772323012
36033.03212806185
36833.292828130725
36118.99373371888
36424.553376343334
37081.39849950144
36896.16563956102
35913.94168169655
37191.36129279617
37127.99372851177
36185.49777916977
36619.37238184357
36645.15272828829
36485.103749563474
37026.186279687674
37020.91377295297
36216.69169985846
36794.57469112755
36099.4666170059
36617.32982332454
36914.73081869565
36463.679498646525
37581.33380315844
36377.922391537264
36990.3599887015
36459.46825897837
37012.03464510747
37281.30100275295
36791.23301080951
37286.509056344956
36162.05777855149
36463.352689605315
36139.47995359267
35535.73047629751
37576.313534784225
36864.83096176989
36422.50594987448
37194.07668655359
36842.893379575406
36492.66981103888
35865.41504524959
36240.99639994261
36358.663454579626
35654.34485182945
36024.96267974283
36300.5808830891
36545.53777348667
37394.999774434014
36894.62260129714
36604.82951176027
37372.83155787886
36017.652799967866
37298.72707976118
37644.579963407225
36523.079545885885
36356.94370707226
36966.539920281146
36373.336835829716
36902.32491924493
36350.21614132276
36017.92698519978
35558.00742609749
37281.30572030448
36731.17313422811
36715.43934736071
36916.58582316937
36280.32241233647
35895.12912439308
36188.316389937
37742.29632176528
35985.12632555784
36397.62411660363
35973.595548031255
37212.367542710956
36714.96565299867
36600.1945680288
36649.25131490486
36591.7700307764
37169.96022639218
36378.73151130151
36801.2792613499
36812.701061340296
36338.72101304385
37240.41696604983
36839.46664522205
37225.414716210034
36736.93700161057
35645.270823159764
37490.07920407112
37056.838774619
36490.02947983101
36844.581255165
35935.466665661035
36812.94321371798
36311.32523742735
36178.8797167835
37087.25155446039
37351.35008173707
36579.87948230417
36992.139125824164
36594.60800582565
36757.38549449816
36734.09179919584
36110.25135935201
37022.07689770576
36973.16537368562
36733.35260815193
36272.010104834866
36275.29899267288
36631.791076021
36264.08874093083
36799.38916702988
36303.355858311625
36731.193966662104
37289.125405621
36519.52008910181
41588.46289832988
36712.83005897222
36040.56811031461
36598.877797408975
36979.847514334084
36500.93543303392
36779.31051574082
36395.813713916796
36209.856067263005
36508.5936599319
36414.11050434938
36535.7530687241
36744.60813164213
35725.33476554925
36554.46941816076
36463.14892544211
37283.754203211
35926.35238044762
36392.2507903934
36762.60796834885
36277.55168687545
36769.289091814615
35284.87877005265
36667.62355676161
37024.62341484573
36942.816253107754
37033.4722429302
37017.979389790446
36089.00883315569
36454.6481589113
36882.071490501854
35165.40600696777
36603.07916577333
36692.191134959045
39741.95729655781
36440.163304323214
36651.91567033031
36544.26401386604
37408.098905277686
37216.87939799126
35248.01091893637
36345.806126559524
37408.76248272137
37730.43679449351
36178.32413980648
36842.609626874066
36827.79724899015
36574.405882120605
36256.29897348307
36897.19797623317
37108.18350915896
36887.64636428096
36717.44806549753
36996.87412955303
36808.264117347535
36328.55129920186
37140.43938919256
36795.92290705624
37001.441430215054
36245.49558864272
37067.36289256037
36919.052008144754
37152.08998119898
36982.87119237488
36987.869143512784
36485.400499470066
36928.730182427804
36359.80596298061
36420.23922829122
37127.389421866195
35402.39088679412
36442.33639190479
36275.31383298917
37005.22478483093
37925.399275703574
35909.15764980913
36924.31307702303
36996.984022917146
36247.641920946626
35982.43352415348
36620.02702769744
36071.68640028324
36370.93954637683
36640.325846376014
36588.413431115245
37773.70729561124
37225.018942583294
36183.800524856844
36481.89976684719
36527.063853380445
37253.44461898519
37541.90415130773
36682.85351267305
37590.9137134908
37045.19502528364
36585.53412568731
37356.89550547822
37121.49847912793
35582.268319125236
36589.04648351605
36460.83855454238
36893.644034915924
36623.0832931461
37190.14157196887
37253.09842953687
37095.39826242041
36326.51316499218
36418.56909257803
36510.42026805707
36377.67669681828
36373.415324380534
36884.060814087825
36258.063783760306
37260.549813619575
37512.93134187019
36404.82271454408
36984.52203236201
37184.30884076842
37468.47484587694
36474.41491187297
37157.504318089625
36144.827325966595
36232.87525037171
36646.25906968001
36794.25909638014
36600.61522464877
36454.65168904236
37351.00414882962
36557.955599922876
37281.65700679337
37396.74793648446
36724.31856825007
37182.15075638665
37161.04598284996
36318.21645225261
36004.7203030476
36792.68983036591
37292.469719412
36969.48812141456
36428.213003157354
37899.102060886034
36587.296314802516
36654.72931523101
36881.476989365765
35935.342677197346
36598.70527785404
36886.00901972552
35891.524993973355
37821.25644295141
35828.35062818399
36268.49111279417
36210.10165830854
37120.42954779743
42041.11283243454
37339.120535728485
36568.0474392081
35637.72977543696
36630.13793710891
36548.5921376086
36804.704228716895
37072.354639302735
36595.820316616075
36808.44173392931
36473.28038826066
35912.75877925694
37119.34846373866
37788.38383384341
37230.455276083885
36537.70517040367
36905.0881636254
35953.136542290646
36604.073027097314
36719.6236263676
36365.32101101439
37357.33818760402
36503.952088123726
36712.16867932474
36474.35968019312
36678.619746330405
36536.30554064512
37142.656949277945
37411.73444847108
36801.520052585984
average revenue:36729.832092413126
possibility:0.007