36935.40893093794
37420.489051704906
36997.75258700169
36823.97363006324
36988.863224373235
37385.57744583887
36685.347398413374
37453.81897329318
37408.76314037221
37292.810513406796
36734.750301179374
37138.54392778041
37180.93526140784
37467.64757429129
36965.221253576085
37151.56939785614
36210.264508966095
37791.30973522084
41789.194454829456
36168.95053769318
36466.685782583256
37213.11780603765
37010.6398915497
37035.29916498582
37076.730655011575
37088.152220319345
37671.826966433284
37007.479851042444
36768.2661216046
36867.74529449201
37116.57505895156
37514.78695925273
37249.505359446295
36659.4479524922
38018.30051469789
36427.50854147147
37042.05245675281
37071.7158564355
36638.0293485954
37017.85781986135
36578.82673397579
37488.52660246127
37242.98790508837
37340.01001181566
36897.82318220383
37090.48532287111
37061.6497385288
37635.064964855206
36406.81363553877
36662.359266567
37114.02992170176
37019.711455652534
41676.68466734374
38102.6889910733
37442.849408051785
37690.452910144035
37291.0553399629
37055.35509950427
37097.89692411824
37416.54973064797
37163.57133770196
37304.49988666324
36851.27155708921
36860.33980345815
36661.70339577184
36666.36292200307
36991.44498864963
36984.59172245872
37061.1768029164
37571.69996810784
37298.93698491771
37256.24473867735
36787.593848091106
37175.66641339399
36805.33577982715
36896.65376227109
37310.5052080455
36678.214263941794
37312.45963708906
36934.10666712479
36884.129744707
42123.89803507428
37434.97601288194
36525.76873809341
36600.71134193007
37393.7701038476
36909.18582099815
37151.80951604368
36979.19367438191
36926.68077480869
37234.86842171074
36880.4679743686
37702.03514284802
37102.70800709274
37448.81951362255
37596.676081510515
37280.10805408429
37095.58893803641
37090.196596040565
36735.13623186373
37522.34222437561
36772.183594785405
36658.313785273676
37536.82289355088
36749.08363345347
37227.93075127774
36881.6657154526
36715.965421129484
37369.62616879923
37808.75484521699
37171.02630934915
37046.06144287955
37065.340232826515
36731.60317036611
36661.607093769984
37064.51259323354
37210.57740166944
36682.79601913534
36629.17399219715
37065.574407160595
36695.641349350764
36688.401283763094
37358.53854649257
36913.48003988681
37012.606800742265
37164.090141641944
37045.12627784735
38142.25527493514
37212.01656932822
37234.45620514799
37015.66360091901
37414.07410557739
37550.5193094644
37976.31534293335
36754.85827689708
37253.89297270034
37420.902903413466
37219.0053296712
37225.54363611459
37155.985867537885
36741.42543568434
37342.128826815475
37290.39333264686
37230.1357772887
37288.836045090946
37038.21668514459
37671.787749511386
37174.07265995017
36547.68544239403
37359.52962393266
37060.25987905745
37180.821000567266
36469.868046805845
36975.7376104061
37533.24706272323
36783.64948035504
37158.29584379392
37292.756215816546
36979.746905056934
37161.33465267973
36948.35167816826
37087.33906500111
36914.558836637574
37557.01043826466
36641.93470325628
37357.67984535752
37110.0381364482
37215.58477000132
36546.09832776559
37341.81086451317
37019.561023953094
36679.2464895845
37483.14392093807
36886.558743198504
37600.63649373029
36680.830924921465
37479.484414141705
36946.540016832725
37677.781123536864
37069.495862012125
36742.97654279981
37081.638222266156
37633.525406390625
37473.16818974667
37786.95983111346
36694.81871769576
36798.584012671825
38307.14453186268
36906.19695066158
36876.504835884356
36817.26672072523
36845.562380132134
37387.91324069243
36734.04939659463
36965.60367325096
37914.929017648785
36926.31124222239
36874.27692150441
37349.84704710192
37281.41020107056
37111.627923319844
36743.635254013876
37337.77691249005
37018.55233651074
36901.00703788044
36960.96095710124
37128.8371549296
36497.37621370154
37285.09216215817
37222.44758978614
36987.2373874365
37130.82292984295
37391.103606607925
36768.68419132669
37293.82059155281
37190.766171904936
37463.872986109025
37347.84466680557
37106.892987521795
36970.03321456925
37331.84896612415
36944.886505257695
37040.56302661334
37409.72320780811
36838.36117280671
36750.96478050068
37328.17203534157
36893.064265631096
37051.952813163836
36409.00524573009
36950.94591704758
36974.782260210566
37980.569893727414
37062.549459040085
36931.627104021245
37089.27940931284
37149.47698734991
37489.69482742899
37253.24306218339
37623.19758676541
37830.724192350404
36427.86941967329
36727.20309451647
36784.33521623197
37033.354989113766
37726.40903922054
37174.30637487267
36784.453820742085
37220.21461377414
37313.990142621034
37113.24620571688
37513.31673656216
38015.34231589373
36933.14566488941
37550.523409323454
36798.31729091198
37104.08978621494
37492.89944661006
36593.74343450918
37174.441052953465
36525.65244298998
37379.1421440674
36790.62673305448
37225.876822588165
36788.92426638819
37589.31458322487
37020.755692878796
37666.69667452395
37335.848024968036
37441.16584141293
37402.007776787934
37280.3093836719
37168.349120939485
36893.852345016356
37030.54384762266
37137.747686109746
37681.08696512295
36812.59975896954
36968.63255632294
37276.0699032127
36842.17370211634
36647.46844667887
37159.41148181922
37340.40376880429
36859.31319243909
37462.34125548577
37803.9840590061
37035.54522725955
37113.43064521126
37345.66205009109
36474.55456671504
36997.558329413536
36525.905303416264
37899.28128706484
36874.208170306716
36734.12989871962
37652.875807754346
36680.81284551192
37043.46352406131
37123.47424718172
37014.54024374943
37336.76423591475
36861.465467273476
37166.64715157579
36911.13320692179
36669.663759777766
36671.04491056221
37144.80991841837
37200.67178221031
37402.04558318522
36973.561361842694
37263.165245376615
37154.9912251357
37329.87244876035
37003.61854485437
37140.57021374523
36994.91345521071
37633.515023288404
37249.57956811687
36694.41577402504
37072.64694878052
37104.60155135806
36537.20635615208
37093.400056315964
36383.79992602611
37381.1517424213
36833.91621182333
36579.59742899637
37151.432648224836
36691.66449123283
36757.891995110665
37148.36965748974
36444.29517695234
37619.13846519869
36761.60041064655
37500.54864609324
37194.286180741714
36875.87303043423
37129.47543588703
37359.59859365594
37037.42998966164
37095.408471195995
36644.886768913144
36762.43906130375
37163.79520818675
37595.10465010664
36845.52834641342
36835.09928237761
37321.365021886864
36507.67939353982
37012.20228561078
36880.824125789724
37394.896693167735
37019.06739005893
37484.1777078488
36265.398091770774
37014.768280687924
37420.226410478645
38707.28164420817
37264.26092774247
36790.69561143359
37278.007972041436
36801.38134128264
37241.14626753198
37250.26213429336
36805.59521902678
37213.31093161983
36638.2392474559
37243.98251951561
36781.02164442349
36519.981902935535
37592.08406431375
37098.73580636419
36960.373777800785
36959.806622105745
37032.74298049987
40644.972715412754
37034.16540484698
36744.1614426096
37241.30438948759
37004.15832080536
37385.59745459834
37100.56528228729
37191.53119083103
37237.640424764395
37190.826749290325
37279.2375737219
36771.40323950795
40952.21002880075
37235.39542923347
36518.66075779346
37371.38772952458
36985.91989196749
37020.702014031325
36811.04953606752
37338.37356365033
37716.03488509594
37107.989562240444
37215.750341647516
36811.86700907829
37954.60980779733
37155.743034518615
36219.08522535344
36616.08443687426
36912.80102755332
37514.41892133213
36608.5103512776
36925.455997830446
37153.188208522624
37570.46640101212
37257.57707316739
36860.78359316059
37343.44509237926
36801.454489984855
37459.363697096385
37437.02014184793
37022.4113582226
37272.132691503866
41134.59619850263
37756.60327062
37062.64639313301
36484.995084700255
36992.365240051986
36596.17536842332
37895.240091782136
36313.851326972705
37689.712754221255
36990.37310137009
37005.350683313656
37062.46144630432
36920.789717282154
37173.732735944955
37261.03773770808
37072.16877366951
37198.941207726195
37121.42770820845
37122.76195492571
36530.912035743466
37397.03679106362
37062.66455528676
37605.661692424976
36462.23154753099
37092.82562706687
36698.863078859154
37287.66524918405
36980.879800931965
36679.10645687508
36729.08611291192
37745.884780119646
37217.394408926026
36784.208881312814
37092.692835306356
37293.87849288108
37580.22408778956
37786.963068404046
37126.47249275469
36924.215107392534
36786.14883160595
38124.83502118648
37444.521034593716
36778.04342500554
36960.83057247964
37410.08146734077
36674.791457506304
36966.67530879349
36989.55114258698
36970.245533210924
36743.31578769158
37211.08630028312
37165.79923985407
38340.954534084776
36496.97171622327
37358.57302916403
36924.679460042695
37477.44115389519
36410.528334862865
36546.55885995272
37390.42564942293
36673.5826435736
37330.52063799263
37081.74109763641
37237.89870311027
37333.48831444138
36340.587334065356
37364.251730175354
37553.54006181896
37158.40871933534
37015.97875103315
37461.26753763095
37263.42044065448
37167.24881627708
37061.766899171234
36990.78863537919
36492.08417109062
36764.5814964956
37108.23429707527
36772.59778346073
37157.07574869311
37425.83201926145
37108.58751110796
37177.68590203731
36429.80071940174
36924.01337819589
36839.11220979418
37437.52245425893
37244.19459896893
36747.883983120475
37031.44008643463
36948.93463283153
36456.51631508153
36950.36173183477
37627.540445240695
36837.04963315026
36706.29004666834
37071.27706768379
37387.09784223288
37192.02502364543
37480.09835936778
36862.34029704726
36761.103014182016
37113.62199313023
37703.14910380258
37120.160601186944
37244.504888680865
36939.35062706999
36986.25156352918
36867.000309162984
36402.18096327948
36401.035558955686
37376.80373604525
36828.37136255455
37084.64765888845
36962.791332589804
37387.76217834313
37253.19929816097
37679.79385644371
37154.64796488216
37025.33607458706
37045.090184802146
37397.56940008283
36878.05999030514
36722.98183759749
36799.394099458375
36625.90542071236
37024.815624734736
37540.64601966924
36549.72486171936
36893.217280730816
37151.252025699476
37473.49033484104
37167.953726322114
37072.384281128936
37479.894772493324
37293.410486738314
37289.49940137935
36863.78885494568
37643.772122479844
37210.096264023545
36928.50094562143
36898.52768617791
36801.93836666488
36975.06773287595
37185.95302179531
37022.7072665168
37591.95429055001
37038.84467435797
37445.75326959484
37292.5694327055
37004.25845922544
37109.42794827866
36975.79664800999
37077.411567840645
37084.86193133811
37795.04986236983
37104.84102658749
37349.95726579993
36474.8550622229
37495.53298860532
37779.905932334565
36962.96674533752
36575.0565421657
37797.59330898843
37055.48374859062
36628.946869932166
36657.40523090654
37420.78521293258
37862.221525022585
37877.07132747786
36729.24535138545
36340.26479035542
37619.787181329455
37199.77548222458
37001.48376381401
37267.063901552145
37465.26346226005
37175.549236408886
36960.702326448496
36834.17043196172
37508.74866961527
36534.71491437031
37022.92385921233
36767.0770428008
38101.7114618836
37007.37716028444
37221.74153174999
37548.239106497174
36694.186830849394
36686.44884847397
37294.378924209195
37159.83471129111
36497.49423424945
37291.9545078914
36525.89150118719
37025.64499306744
37012.13638274844
37306.686719423175
37305.86367864918
37742.57030288772
37019.69469509153
36582.330589960526
37395.5853228309
37507.399120354276
36807.64758405401
42054.49544774939
37401.743950606804
36856.72776824532
36882.568126722035
37003.16739488995
36414.798614575084
37080.33344066564
36805.14632595835
37134.41264343521
37548.18120926891
37089.612319242406
36982.880108365425
37051.15686156568
36618.54525152315
36909.71605820577
37013.23230761126
37631.0278687687
39962.599363519425
36946.750885622525
36812.74188769709
37149.418944263765
36706.668963338845
37248.33940936919
36710.17661636055
37069.603642789116
36476.61612802354
37202.50616516867
36755.13535537809
36726.378343213626
36579.83003338305
36514.03988127201
36918.53210308866
37364.82453262829
37152.63952583573
36906.815702362335
37041.6311199784
37130.24119738127
37805.052204153246
36831.809526905796
36572.54664956014
37401.71601318684
36837.98894051969
37285.103382103305
37242.37209070296
37762.33958007856
37579.38959892971
37195.14269861524
36569.384186799216
36795.34940725802
37272.75634760531
37061.21869215377
37352.735564499126
36871.0323094234
37909.68175731776
37046.7366073145
36911.92973009095
36326.95777903867
36597.38075167661
37141.360490763334
37771.08893912027
37341.98623073618
37071.49228569074
37022.044841334886
36475.453946695176
36272.330233671
38396.02095255573
37301.51940596204
37165.39365424713
41746.930733542526
37263.66240848558
36721.29969934063
37392.38183823414
37128.638302263826
37122.33387845394
36964.85709573214
38327.79510754348
36522.94243517017
36463.65023919615
36987.6190733314
37458.26155444193
36898.61521202313
37245.60647394028
37255.10764816421
36711.70263091297
37420.32966684444
36881.47892665329
37322.6535883171
37005.85373800375
37003.11472454961
36883.30853360929
37383.5830050993
37333.847434742034
36877.70474746161
37424.59269116716
36544.75319358951
37168.398867999975
37124.34207865154
37349.088487858964
36527.57339503227
36883.19944196179
37115.96353082461
37623.54058910253
37184.72963924488
36214.11722755508
36905.87496756779
36924.70726945127
37053.50920292735
37678.65995055132
37360.21236555665
36380.27388484134
37728.74045518122
36953.985877679865
37296.16996343136
36885.088980049455
37833.42272977909
36536.491047531126
37006.89863470953
37150.5959637901
37287.71406013075
36871.6926715963
36994.9014348123
37576.11855599871
37286.48282620814
36983.10824138094
36387.3361799672
36853.52809235516
36874.288125969455
36929.162376733955
37058.03008396883
37063.73242498622
37229.984718566324
37250.8601757335
37026.732128333526
37492.80388942376
37498.49467732583
36852.01416733629
37012.92833208362
37326.1176650136
37486.41077661475
37296.97074872516
36946.099514363224
36616.81409381699
36699.87372778573
37186.730756316334
36996.56246161378
37312.62515198556
36768.5179180726
36922.15920440768
37514.73362366995
37148.3041221469
37776.32685150201
37434.64740450238
36899.217588605236
37142.08655773385
37360.82218910526
37570.72415134353
36829.735525547556
37714.632671376414
36483.07591695321
37978.20855726255
36889.694947475444
37599.54364611439
37244.37725508418
36958.940504299804
38261.74224467718
36645.21896616414
36380.23514962304
36820.71183310297
37671.95120246926
37267.1004432265
37442.94441897329
36650.600200556604
37795.87051781943
37302.160082200564
42107.72266304208
36631.13108555019
36736.97206080988
37253.061387384114
37356.322763325734
37193.75858645124
36919.00642738809
36496.73634560512
37116.79638233839
37968.86648632015
36706.84479716709
37645.76587371959
36810.608224034775
36952.61193869209
37230.289678940724
36731.687394964814
36382.061974639466
36918.63555212639
38001.37787175653
37317.9149741804
37110.91641679439
37299.34659342804
37966.645861121106
36652.188858618356
36530.357448624425
36953.07049855078
37549.24953818788
38691.10788758697
37010.28968998315
36791.39135253837
36763.47095274566
36455.30846156781
37355.64668701801
37065.47677142029
37366.03439336764
37775.05628319805
37152.90529572497
37492.15672771383
37124.024338967414
37255.848466994255
37424.32082726097
37589.44235474265
36752.34388145164
37061.741441300044
36867.7593404125
37366.77617000824
37322.33008450453
37591.233919272985
36726.624228740286
36844.61118100856
37573.583334348485
38013.25273788657
36891.45331854135
36958.28844344519
37201.21217684734
37546.78712443187
37039.60573365221
36984.58619794482
37227.754738422664
36784.555577971216
37013.28437013018
37597.37736008025
37112.602075079274
37325.64627142222
37078.36265302914
36623.238628949126
37965.2320825208
37246.27312755455
36616.27793064343
36809.387587227946
36971.188804960606
37034.69670397221
36610.060704525466
36783.1936234516
36898.575772839205
37028.63641513877
36875.84602517305
36648.63356933831
37031.69586388441
37579.6667663004
37028.94184053375
37012.640360318925
37012.29041967383
37047.10721498045
36845.53046328988
37033.515443341166
37226.70893744354
36753.90014510418
37634.12865677326
42180.13223749051
37297.616722190585
37155.478746448214
37098.62818630559
37494.22679971273
36877.507162557675
37812.738327501924
37125.45294315281
37534.20740152879
36586.5915786603
37031.56299695042
36690.62587203755
36761.370125685025
37219.50169323215
37236.7908731835
36802.50864668241
37173.202703783594
37503.46315361297
37821.88244556932
37289.09716802149
36903.40621230589
37167.433444823815
37082.32552634493
36565.155596546974
36690.950161729495
36890.275342156056
37584.589271878875
36672.9373991695
37211.602752519284
36885.43588514661
37231.440797020754
37361.1564143736
36817.70729021958
36685.41324942085
37388.962902654086
37077.32296516081
37040.32416507973
37455.10838946512
37416.430670031696
37068.34110599552
36612.220872742066
37317.017163508455
36737.8146803987
36941.00402253258
36569.802488030684
37351.4263438207
37728.86874542261
36836.57103195485
37347.45578041732
36642.61703158969
36789.78621514412
40711.7319605019
37069.266191460694
37005.25151692798
36885.25022641788
37799.49906906967
36718.73982045611
37005.7401146782
37685.564613599614
36748.874868574654
37105.4328997878
37264.08180235935
37168.221781778106
36703.16007557609
36684.299469819925
36931.050513604794
37501.129677202276
37208.92920982613
36663.52024786261
36963.043842029416
37367.675945689174
37383.522593854876
37681.680109991874
36695.21741492221
36711.17677897369
37409.085038588404
37639.3099838645
37519.24250508801
36888.44317934285
36523.279656031926
36597.74154802707
37117.90238324836
36915.70033778259
36314.65648897373
37191.84360224789
36784.980476222474
37355.78214873368
37523.45628728597
36246.21887899736
36886.18087549447
36975.20634265675
37718.52006265911
37282.785622374526
36961.658490613074
36688.96237925838
36880.14815978888
37456.4052077805
37067.74705009188
37570.939072059744
36429.901278559875
36796.566495736115
36792.712426782186
37074.312655627895
37400.05370965136
37588.580093322475
36589.2334373245
37285.56965519768
36790.68935966339
37204.13677452069
37201.78233339873
36726.78857638397
36792.416762893095
37261.18028673378
36239.9735191936
average revenue:37149.92474785684
possibility:0.011