36437.139036808345
35814.77337953953
36128.0161925976
35739.62616481863
36442.79131121073
36426.56222346427
35900.92764959938
36320.162671340106
37135.14953319878
36131.402039197776
36396.85797519474
35719.76628869696
36704.869014024705
36050.4153270591
36026.35393564522
38180.38011850261
36488.662014184636
35549.151035601135
35662.96246325257
36238.464700479475
36884.30835520099
35806.637709502065
37916.943489564495
37480.35313142089
35492.2781092298
35859.492405503006
34914.11621954754
36066.18301459276
35123.24733562585
39848.2961313615
36640.98976210199
36688.75160082534
36363.07568441552
37634.188993980824
36381.23503380977
36477.42516239271
36395.69785727311
36180.462243018126
35304.95469330873
35972.46743968401
36163.19297761491
36752.66918155296
35029.33963330625
35426.17886011109
37012.235460697135
36725.936494250556
37094.503705646544
36878.84453722059
36382.07058088491
35992.497935955915
36094.744459478476
35960.909801125556
35473.33763791778
36068.639313921376
36417.08177225477
36254.758769605265
36606.48219673921
36241.68156041966
36416.069099292
36033.45790375345
36082.54029667377
35972.18171375494
38507.9990910092
35905.19516599243
36700.11138348013
36354.463298724964
36710.42278865674
35975.26532852177
36300.77591009789
36769.575367655445
35905.30652947411
37350.70035824734
36350.15938244489
36470.750998794894
35555.71133069853
37077.79446490377
35903.38020802963
37050.06805903578
34768.576575456515
35359.60628967501
37300.344330034706
36052.07502585014
36836.22945475453
36548.15980665021
36184.097341134024
41395.46893909529
36367.86528106876
37198.19104047203
36354.64151281891
36327.53398368006
36901.062283907166
35888.30390542305
36084.338287731436
35878.67108812888
37581.77000538553
40175.11070879354
37479.30679923336
36055.155563763125
35579.61754254452
37269.77476498934
36467.51414923212
36127.45299377898
36492.56053043249
36095.9229001842
36026.55329804848
36198.166932325024
36670.12555277196
36846.91658013352
35658.34680108434
36366.005146809264
35984.890490991755
36536.108677336815
37305.113152588616
36303.8163866799
36666.38155271953
36120.89876577248
36019.211147570146
36143.18306104804
37020.76208120471
36437.20360328148
35761.69471841862
35467.055474924025
35478.50006672001
35894.359907184866
36927.16206440097
35851.58767938191
35951.66149594549
36587.36209662424
36472.25789189192
35812.72383680233
35664.113631287466
35257.27767112899
36651.943259302876
36286.60628134556
36727.408972917416
35525.082687623355
37044.581366952974
35644.05444726426
36325.48588918636
36119.949358824866
36082.02251695556
37114.03454033627
36034.417696122706
37425.41462318837
36209.236031271146
37325.07024664665
36912.09846605301
35499.126248312896
37764.50648932832
36278.18166584144
37435.80250326725
36365.16374415494
35419.53700944351
35337.70726351092
36232.525591081896
36212.10540308135
34455.725299242564
35981.71703517778
36548.60509923883
36091.83971802913
36757.824184315934
36469.85472889954
36097.12090499743
36024.819128784955
36287.98612568902
36500.61379681897
36640.41621513922
37707.95801980518
35524.85650509571
36348.681805513035
35851.433549942056
36733.912962852344
37024.638365618426
36418.547735386215
36552.577307015745
35760.135727219575
36828.07185338301
36074.45315029615
35633.34310094346
36140.733809340105
35783.60444938876
36370.890505010466
35914.13440155471
35953.13974088351
36417.09903527104
35776.34683722681
35911.84506431343
37800.442856160735
37122.35881959589
36356.028823028384
35837.7987643767
35420.21153102485
37130.251282920675
37234.978692845085
35896.13250416584
36497.87414390178
36140.51348195679
35547.45199422322
35735.492205582595
36605.27118311647
36827.9458241485
35878.93153183016
37363.32489367471
36411.390447797225
35570.93035106049
37007.01249352882
36622.98550214228
36373.858708391665
36194.08030021545
35952.34897974209
35845.01382739987
35804.26237470086
36420.12335575667
36765.55927892384
36296.41581664996
36176.81620572239
36909.79278223454
35656.26869429561
35451.181785695204
37665.74945108546
36506.15259219107
36242.81084181404
36582.64374961687
36045.90401142807
35512.568056890326
35873.40782151787
36898.81958682674
39740.776573227246
36542.96700916994
36614.35601051551
36706.945026095804
35245.74246046318
35937.40784523899
36294.423290532686
36820.40894533468
39637.03091227595
36891.71107938675
36518.01739850762
36692.6126482473
36017.94531426066
35800.91025400456
35741.02433231491
36623.05925477482
37799.60732893032
35344.332667775685
36314.22221801063
36315.53279125001
35797.88027353737
36063.458505197916
36132.28575924452
36212.82260020499
36265.53102709628
34841.12734665516
36276.32806475555
40244.194988414194
35463.548821843055
35724.81165388786
37851.132436796215
36410.842614441244
36368.607343652635
36312.64820349463
39792.66707631723
36542.15735959619
36834.5805976049
35853.30464146398
35317.09601077124
36354.19123411073
35918.655736712266
36094.279134592645
36001.76051108666
35964.239236767775
37811.55708100055
36832.743624810966
35900.207058716805
36086.84073130076
35666.977044802356
36007.361410757585
35705.735195317866
36702.236104051
36186.540497593945
36336.97722550062
38149.28338746179
37081.76701681668
35973.445241151836
36992.929215880766
35576.30968485356
36081.18377527742
36015.18650428465
35356.59329917542
36654.56436847828
36430.701417747696
36551.05545028586
35561.20391752114
37511.230843898105
41166.9001983681
36284.114011884434
35782.87798373295
35884.32298660097
35808.33941521813
36076.30956615366
36393.57533795628
36208.48388346324
36177.33944699357
36214.680012350815
36051.960449092
36725.093629384806
35220.09097491216
40918.93596735842
36741.04485733602
35687.61370986062
36859.069711740325
36121.534205591066
37385.26065573638
36009.46145589255
35514.44231357226
37415.73261470933
36446.874268022926
37014.96673077737
34943.23474277532
36985.97466892563
36076.68980126977
36346.27634624352
36324.19268383613
35975.59928482878
35933.336935546664
35590.1943879096
37454.191464120886
36323.99946685244
35698.95746118386
36056.28361546827
37373.12864402138
35776.0795756245
35643.17091779551
36344.276131503204
36376.65026189528
35821.14935129294
36650.452785916794
37339.77382541071
36246.66989342534
40449.328425491
36447.660848872976
36727.92257365154
35960.31382678235
36503.46639424226
36312.0139890786
36406.92899268045
35876.10114676422
36847.443214008184
35932.96905487309
36234.89604039541
35883.985011298995
36655.751381675174
35978.80289042225
37058.32189578052
36355.684527347716
35063.367087317376
36105.822356635894
37017.28956066185
36024.51738804433
36252.70102427375
35647.71898769039
36718.73078118564
35340.79811083888
38642.05431128518
38029.82174326657
37222.838207726236
36620.39387380851
36501.96156737286
36132.50429412771
35673.10510624447
36561.210022181745
35413.787445564114
38120.59621227699
35880.71951784479
36948.47484923839
36886.15060834732
35338.72449443882
35963.84709360148
36317.00220476672
35778.46954296118
36056.484450313474
35763.19991936103
36853.55359358531
37479.13208406565
36346.01881530036
35940.45769701701
35371.71972125784
34880.77532112714
35861.11436475579
36260.745447815
35928.76698421007
35709.61517194381
35794.96918266232
35716.369851124415
36120.35020990026
35528.54331367147
37219.26752302783
35420.72003314381
35797.80734633502
38141.43462776265
36950.51075266824
35559.78606260172
35770.926875887344
36510.122840102624
36019.693507639495
35698.024104015
37072.246939087534
36783.54581905621
37145.432068588
35536.649643582154
36187.5620970009
37500.49222921221
37176.36918001054
36121.50964730694
36167.13516181152
36389.41207796693
35898.03228038789
36335.53624703304
36141.84114615159
36103.83727672492
35903.881081762585
35980.42009621208
36703.56481000142
36424.7764913769
36559.526652087436
35298.22744358435
36518.74635939507
35873.21272484035
36356.09502283983
35761.62214553393
39187.699598369174
36882.4998610531
36809.26367671314
36047.72060878181
36032.5319515237
36413.74668050886
35445.63030658396
35183.4780201396
36935.03797016234
36957.01980193354
37140.963904145785
36008.03967175614
36402.64548051017
35565.86676335669
36436.287712759324
36153.12624158395
35838.47932532296
36456.836926879645
35657.88861125076
35906.92198498008
35811.96097466026
36808.44920230535
36104.81729578726
36051.4183266249
35991.90979675108
36149.671054839586
35698.95133812038
35995.320273629615
41078.48383321389
36955.090513225936
36497.568386489475
35897.385503286096
36603.556191245036
36377.48297072511
35951.90294352529
36571.23930263082
36593.915733789414
36439.22920814963
36434.00648148622
36024.392259017004
35926.77562633051
35936.58999629225
36172.03356176422
37345.636372242
37246.39147055036
37160.98702601466
39847.07323922482
36654.32742688164
36236.32463015381
36261.47280348329
35685.19314435015
36890.94246266065
37862.08679490942
35725.364887499876
35978.1015662623
35396.26628433198
41323.141295534435
35993.15351157006
36495.450934304135
36067.48907606218
36580.56569520494
36990.98870932068
36421.03214193091
36964.90017666751
36538.942810114284
36297.23226613952
36361.86164418725
36575.865210427175
36076.59594634905
35953.24645584003
35430.90632039461
35831.86976930473
36729.59581051285
36687.78660684314
36215.04144639022
35820.09025156337
35948.342063475524
35335.60664433472
36449.54598998734
41251.187001907005
36425.35993801767
36283.898580063586
36873.93372386158
36898.88688931005
36654.598284766995
37296.18392715677
36351.96857510579
36259.408077843524
37418.196135949
36531.73588778452
37029.802014667395
36098.49738364624
36842.41012409578
35851.95239446369
37839.03177850452
37399.426242004294
36443.49276810709
35314.06731731496
36243.45526665303
35867.89940488955
35823.07014396675
35295.3931383109
35487.42214451659
36257.43681086777
36977.75803339312
35831.03412228567
35938.134646703445
36958.607317834416
36391.982324065066
35818.48479946777
36089.13271693519
37326.901713293526
34790.78625186694
36455.42916291099
36483.01977467479
36811.59225755291
35499.85088256773
36017.97192500518
35827.34457425621
36122.238391769264
39412.80911004454
36602.526570710324
37224.72880962268
36370.477337652614
36143.28388104942
36293.898395485434
38833.84230451381
41834.55097216044
36450.446666438365
39081.49314439176
37598.9977670119
36232.81931105848
36353.96619102326
36218.738567292465
39878.69496429874
35589.238225133115
36001.435041948214
37421.371026217785
35223.560574828145
36059.04036878388
35594.30499207948
36637.075456995844
36148.0144574942
36682.50151942785
36604.4957642787
36994.5425809577
36111.937308556844
36771.224760113255
36627.02207170759
38461.46875108875
41395.31298431157
36275.54242768905
37541.54453683572
35452.5179681893
36039.172013043506
36544.91740638418
36630.991215094735
36668.04813493989
36478.46553604284
36248.637615969725
35936.5265307823
36968.25903801749
36533.32423322342
37132.23879206308
36147.05899553513
35888.82513170957
36970.818211833444
36639.85436405884
35199.53698431998
36071.875481939605
35875.95707652882
35331.65052835417
35782.99028086824
35677.297023333995
40332.21530162832
36055.4271578497
36301.82047813474
36992.62451173661
36804.8164331012
36775.67794261359
37123.05278261338
36786.82659015562
35730.91065752367
36299.21572264771
35781.38265279909
37103.52059651062
35957.89881773375
36770.4387510381
36189.31267802327
36306.936237325295
36350.12760217863
35707.53466786903
36147.99238390327
35664.993869552425
38706.15835506672
36437.42986067475
36426.35000810936
35687.13991685922
36383.814700586685
35425.02504347167
36548.01425123555
36369.52263789413
36711.942076072344
35496.76827495319
35279.57544342842
36989.84184691796
35812.27869868164
36460.80913307551
35170.65406275409
36043.12833671079
36696.11685653513
35826.73166946179
35724.7489354179
35754.77694720488
36542.32274495875
35977.25126806857
35735.48461034721
36275.73646101705
36285.39032991987
36367.80692060926
35932.312226079266
36990.72005558372
35843.146455942944
35192.97844241143
35789.22256590954
36909.09021208191
36754.384524654946
36174.42159896764
35493.853629205216
36512.75027264841
36204.1927223414
36011.92471006124
36560.27137748509
37387.45747600899
36327.05118184052
37159.67062339103
36417.87803070011
35870.708942131685
35819.00956369328
36907.27174794162
37612.254106480425
36681.156059345594
36249.00500695913
35562.155352373404
37154.72170623794
36354.06229024687
36898.65620705638
36047.73373178154
36893.91137277926
36186.77014141648
36430.57795306682
36846.86931294638
35358.98222454437
36106.700671078506
36017.958184820855
36431.1004999466
37016.10489844708
35992.13806500692
35969.522020856304
36487.22208446081
36172.89904417735
36594.567999881554
36294.383468227315
36404.387859901886
36804.036836290055
36503.26532307723
35904.500116001436
36779.74082066366
36230.832207017
40115.93826204699
36385.07082032163
36267.53778644824
35282.296645017464
35529.90179974073
36035.38474429712
35629.70469830362
37019.51340911714
36137.62043892713
36396.876685268755
35909.839596717335
35801.74666187663
36792.00847477448
35996.9905459127
36606.946713488316
36013.56261275929
36527.67140808456
35685.292342748086
36062.38934803542
34895.143089263634
36255.85763753339
36148.14652959794
35430.97535904544
40017.82693750882
35951.55419325921
36017.7733014095
35450.23762599254
35939.34057659131
36786.340487014444
36643.29459399229
36324.71784034579
35475.38528089164
35754.16662506448
36814.352276502425
35845.06308114108
36075.36699142042
34845.55928286119
36145.44793983948
36474.65733829201
37360.634071324646
36114.20249641957
36875.01685007796
36056.493449575064
36781.003686081945
35772.77558520903
36639.50684595275
36550.10251395593
36182.826647177404
36177.28942811903
36559.46169727735
36869.33710013798
35937.91080146346
36957.77098684682
36371.48611949532
37496.78736917167
35471.51457538262
35861.62151209683
36609.84945970203
36356.4447719695
36258.20386009675
36788.60082292803
36799.712031533185
35826.92853910808
36637.082467756205
36578.480775276206
36262.2762251486
36204.53160947905
41964.62902899769
36600.49998040056
39955.249531060224
36596.49226548094
35664.80250152047
36252.98103650756
36137.83731696705
36406.10705030386
36104.61671572546
35736.281594365326
36163.776997644076
36065.914632759515
40607.465959859284
37439.95233587404
36239.03931343118
35900.14168196925
36171.096256766796
35343.14047379692
36104.609680485824
36176.43002105274
40230.90014159646
36213.67339907202
36795.40498674383
35900.487659648286
36658.22826579295
36022.91268024744
35557.663129880995
35788.73169426934
36116.26041260024
37950.584038571236
36650.44432190705
36371.24617019212
36126.30546421615
37229.77291675783
36544.57984868265
35451.44553949388
36646.25302334096
35957.15147486875
37242.06596552436
36440.45813826961
36395.53655400272
36518.133250952465
37094.670705188626
38403.103907795536
35134.65474239782
36333.87573821507
36239.86120487421
35618.1227646064
36232.10744189691
36085.547959851974
35547.969681387745
35983.45598823019
35687.45481819807
36597.85672016614
35986.579801341926
36572.51071383897
36460.74388163232
36875.22672110935
36102.69367829631
36514.24050780625
36198.30357933225
36294.89494079851
36253.20286376358
36143.82089029816
35772.519925322944
35864.870253036584
36475.31171680641
36068.75585991021
36006.08192171441
35781.090753236786
36755.443687844694
37637.609565668674
36772.464998105635
36228.48300279885
36409.03433161017
36364.677899616225
36071.97085353185
36662.4777803696
35927.9096159464
37128.77382838727
35964.719334389025
36570.999676500796
36780.98100354075
36039.81321330238
35831.98445088917
35937.88257393722
36541.38504616946
36980.408304376266
37334.80761788916
36705.15445556781
36193.0271525336
35996.07074220495
35667.09540310898
36455.51138464497
35871.663161170916
35717.31210836583
35232.04258637645
37043.394563781374
35686.540536285946
35760.63876968064
37037.6442392808
35291.21100669629
36247.64642180295
36040.29397346044
36310.847857598
36114.316700885574
36034.88772216781
35287.09016026446
36802.02233970246
35377.53437685833
36781.11414578836
37185.54647124533
36347.33957335244
36995.94465317933
36529.32728447302
37293.79826321139
36047.39148386287
36038.24144302731
38582.34980579284
36772.75352143096
36323.43846114452
36446.21445754826
36611.12684247015
37220.83347408492
35298.182848438955
35734.2827557279
36312.93139653581
36733.978999113286
36527.4014843998
35884.05153009067
35878.23631782146
35879.58784855216
36249.99031390802
36703.32206001738
36242.71506933523
35439.843994284456
36502.14967461807
36632.2360451413
36583.32157822868
38234.82119861982
36101.791641206546
36725.69592051344
36390.34257443991
36736.648885142145
37014.70408866529
36535.75440762538
36723.96288926917
34694.06546457268
37431.76468794651
36116.31869671525
36741.63955213027
36069.78345735499
36077.1624947307
40745.34447463006
35472.27547633295
36750.25714664404
36350.979772058075
35865.6778780502
36764.67597680581
36781.334529610576
36578.32755382181
36555.71587484854
36078.18744317484
35838.23052874159
35587.39392069186
40282.032720905074
35522.22400184639
36515.54294236257
35816.48635226444
36775.9769569865
35873.42092933532
36764.92309763605
36341.606256412175
36072.94113966897
36815.30889306937
35769.816997669
36124.20399910547
39342.65145953668
35796.7834365992
36979.04461434172
36547.048830721156
37162.47969889928
36391.1245151364
36166.22779107294
34567.68124547477
36780.75067982232
36427.712737590686
36083.77149629359
35817.42390876254
36617.255686739976
35775.03577398782
36480.79549661365
41348.48238070621
36322.787572297566
37006.89044642193
36322.50175257023
35418.89751206645
36387.046977102094
35993.04445316235
36317.26411867145
36086.46262522026
36074.245310170576
35936.30442777621
35796.70913117966
37110.899245466164
36410.43885145652
36731.64630251945
36725.3948851526
35924.53961606437
35704.86085773637
35574.074165539874
36042.65874529796
36972.338402590794
36714.89621427244
35627.03211744848
35875.17145133615
36600.73223252108
36458.15639472039
37036.958238377265
35751.64089937715
35127.46063130965
37479.470357342325
36612.64299629548
35923.02300570006
36162.95200138908
41460.559279053254
36541.3551206707
36020.68840788101
35814.55773430303
36125.94542941084
36172.863361884076
36511.731243855254
36761.60785940509
36048.59077432106
average revenue:36437.65900374072
possibility:0.013