39181.79999999956
38969.92971041024
38997.88896139449
39160.79999999957
39304.027965571746
38807.99999999982
39169.19999999957
39086.371734614346
38786.99999999983
39228.993098050414
39072.599999999635
38997.431173631194
39218.975925962644
39026.39999999967
39102.017664160056
38912.999999999745
38981.06963740504
39244.799999999515
38946.59999999972
39185.999999999556
39130.578399362574
39118.7999999996
39034.79999999966
40143.6303051473
39022.272128021585
39068.39999999964
39077.32412650609
39181.79999999956
39064.19999999964
39080.99999999963
38963.39999999971
38983.704220579086
39160.79999999957
39118.7999999996
39057.95996172775
39164.99999999957
38946.59999999972
39043.199999999655
39206.99999999954
39121.917909745556
39232.199999999524
38988.59999999969
38870.999999999774
39068.26250226766
39089.39999999962
39169.19999999957
39072.599999999635
39106.19999999961
38854.199999999786
39017.99999999967
39026.39999999967
39122.9999999996
39013.799999999675
39173.41081453846
39148.19999999958
38955.39262832132
39178.68067411647
39038.99999999966
39082.26981898904
39068.60943678716
38971.799999999705
39198.59999999955
39037.98043721022
38937.420031908834
39047.39999999965
38980.59046638985
39221.87926876028
38841.599999999795
39293.151657552466
39030.599999999664
39088.252023509114
39102.810074968096
39164.99999999957
39068.418828680835
38987.94610358603
39134.96708807825
39217.407111117194
38988.59999999969
38992.79999999969
39013.799999999675
39127.1999999996
39219.59999999953
39130.24076875875
39093.59999999962
39056.92658041733
39089.40018060553
39123.58461693954
39080.99999999963
39038.99999999966
39022.44055437358
39030.79189391292
38947.12980606483
39072.73671327006
39072.599999999635
39030.599999999664
39085.199999999626
39031.178747454076
39165.20759041508
39223.84222700495
39248.99999999951
38940.19000669237
39223.79999999953
39114.599999999606
39103.77909880617
39072.599999999635
38975.9999999997
39263.807489968305
39101.999999999614
39206.021567013835
38976.62314702005
39065.87173264429
39093.59999999962
39009.59999999968
39064.93576380856
38954.999999999716
39248.99999999951
38950.54428099589
38980.1999999997
38996.99999999969
39101.999999999614
39265.7999999995
38938.19999999973
39085.199999999626
39110.39999999961
39055.98151315281
39009.59999999968
39093.59999999962
39026.418314356255
38933.99999999973
39038.99999999966
39216.80717864724
38896.14969771008
39044.54548203143
39227.99999999953
39163.02244682925
39173.399999999565
39161.121256655344
39135.31907228518
39066.253938008376
39106.487380109626
38972.85013704677
39021.72867802589
39076.16574771991
39101.999999999614
39021.74776605474
39062.16191320447
39076.79999999963
39131.399999999594
39045.327387958605
39219.59999999953
38983.78808994839
39131.399999999594
39344.85831888003
39071.439997472036
39059.99999999964
38963.39999999971
38954.999999999716
39083.42212841369
39229.92724154552
38929.799999999734
39421.19999999939
39162.33329032827
38887.79999999976
39181.79999999956
39043.199999999655
39051.61938761062
38967.780099895346
39122.9999999996
39017.99999999967
39181.79999999956
39114.599999999606
39248.99999999951
39051.59999999965
38824.79999999981
39223.79999999953
38816.39999999981
39194.39999999955
38982.515328183676
39022.19999999967
38957.15695277444
39072.619162820076
39013.01715582556
39106.29769097917
39072.599999999635
38891.99999999976
38946.59999999972
39080.99999999963
38883.599999999766
42034.32624088149
39197.9395007341
39110.39999999961
39188.86749489083
39072.599999999635
39017.99999999967
39114.599999999606
38975.55462319856
39047.39999999965
39043.199999999655
39288.059444347564
39001.199999999684
39191.79250265876
39169.19999999957
39159.98359619583
39074.22198351311
39329.37679275428
38933.99999999973
39097.4662091553
39025.905508034855
38975.02328435885
39152.39999999958
39051.59999999965
39047.39999999965
39497.58806627486
39160.645996538886
39080.99999999963
39156.59999999958
39001.37035609189
39043.199999999655
39143.999999999585
39118.7999999996
39072.599999999635
39165.22726192325
39013.799999999675
39085.18767206615
39013.799999999675
38959.19999999971
38954.999999999716
38950.79999999972
39076.79999999963
39114.599999999606
39054.06194200271
38891.39434917867
38799.599999999824
39043.199999999655
38975.9999999997
39051.39191330485
39005.39999999968
38988.59999999969
39096.474067863484
39119.48752083664
38980.1999999997
39163.7863531461
39246.28834591057
38966.96146317207
38988.827706229655
39118.7999999996
38994.064579350925
39143.999999999585
38954.999999999716
39148.19999999958
39097.79999999962
38971.799999999705
38803.79999999982
39114.599999999606
39260.754242633884
39177.59999999956
39110.39999999961
39142.24588168925
39181.79999999956
39022.19999999967
38954.999999999716
39114.599999999606
39038.99999999966
39043.199999999655
38980.1999999997
39035.15885611703
39064.19999999964
39068.39999999964
38867.918782746085
39120.057030636395
39101.3191868983
39042.32832021393
39118.7999999996
39164.99999999957
39068.39999999964
38921.39999999974
39040.96592420176
38984.399999999696
39046.985642575186
38950.79999999972
39076.79999999963
39077.020426741874
39001.199999999684
39026.39999999967
39013.799999999675
38984.399999999696
39009.59999999968
39219.59999999953
39269.9999999995
39146.404657954845
39117.73100551456
39181.79999999956
39055.33400557523
38904.7706211432
39135.59999999959
39118.7999999996
39143.999999999585
39148.23393768792
39055.79999999965
39055.79999999965
39135.16117026771
39324.06530220114
39084.14071222939
38866.79999999978
39225.30778261423
39376.63731142427
38875.19999999977
39038.99999999966
39088.276196020706
38948.41997798805
39016.104596516336
39087.78982826534
39093.59999999962
38946.59999999972
39118.850947221144
38968.83507326983
39137.74740083572
39071.128637778216
38973.09604288374
38912.999999999745
39130.90856150353
39156.59999999958
39045.23033952464
38862.59999999978
39162.31753923454
39093.59999999962
39089.39999999962
39074.791478766725
39122.65252497059
38950.79999999972
39195.560813069416
39152.39999999958
39173.97657108366
39083.01787574901
39093.69870988409
39038.99999999966
38950.79999999972
38968.91958496877
39143.999999999585
39126.67163730451
38968.171782363504
38904.59999999975
39114.599999999606
39038.99999999966
39232.199999999524
38933.24286628626
39017.99999999967
39088.5130693529
39067.10156214922
39155.013104628764
38988.59999999969
39022.19999999967
39043.199999999655
39118.7999999996
38963.39999999971
39006.97899875493
39005.39999999968
39153.00747094529
38937.26507088562
38791.68489944914
39047.80786395243
39009.59999999968
39118.7999999996
39139.79999999959
39083.83884194386
38929.799999999734
39076.79999999963
39106.65411367512
39253.19999999951
39194.39999999955
39052.863046855375
38912.999999999745
39114.599999999606
39118.7999999996
39433.51100771549
39097.79999999962
39036.50113822595
39171.487949523485
39349.501038215625
38965.263439841045
39285.24563278166
38933.99999999973
38921.39999999974
39420.57703603013
39131.399999999594
38975.9999999997
39038.99999999966
41853.30128479495
39146.08799999959
39039.978893509564
38972.27441536713
39128.291747770454
39009.59999999968
39043.199999999655
39199.489879604305
38971.799999999705
39211.19999999954
39039.22215910705
38950.79999999972
39219.119989921965
39080.99999999963
39058.498706631304
39005.39999999968
39047.39999999965
38875.19999999977
38988.59999999969
38959.70236419585
38980.1999999997
39143.999999999585
39022.19999999967
38942.23466409632
39001.199999999684
39013.799999999675
39159.560029227694
39206.99999999954
39015.76619747089
39079.685279284575
39165.84950257805
39173.399999999565
39327.673893964704
39001.199999999684
39149.0881778094
39118.7999999996
39143.999999999585
39160.969824033375
40140.93169513813
39196.13999999955
39043.71614857803
38942.399999999725
39088.66459930286
39101.999999999614
39114.599999999606
39122.9999999996
38807.99999999982
39041.22527435449
39093.59999999962
38991.52519677553
39127.1999999996
39014.28517373207
39087.250887418166
38984.399999999696
38938.19999999973
38955.14323156748
39114.83882293768
39072.599999999635
38981.00414537927
38918.04363597766
38967.59999999971
39154.36097358065
39104.76738667636
38933.99999999973
38854.199999999786
38989.254324429356
38975.9999999997
39017.99999999967
38984.399999999696
39169.19999999957
39001.199999999684
39198.59999999955
39021.89419938036
39022.19999999967
39093.765435895664
39054.48479984139
38980.1999999997
39113.13757035901
38951.91739958083
39064.19999999964
39086.0960169025
39188.40283824753
39059.99999999964
39244.35214587798
39174.91900277287
39040.474493926326
39199.75897370376
38988.59999999969
39122.9999999996
39068.39999999964
39059.99999999964
38968.9443816387
38942.399999999725
39290.99999999948
39156.59999999958
39072.599999999635
38975.9999999997
39022.42627051527
39234.301184315795
39248.99999999951
38919.997484650245
39063.586701494845
38832.16258290313
38910.041329778775
39075.326967508474
39013.799999999675
39173.399999999565
39307.79999999947
39181.79999999956
39072.599999999635
39131.399999999594
38833.1999999998
39027.20094534149
39054.89500928952
39051.806251809474
39034.79999999966
39030.599999999664
39047.39999999965
39219.59999999953
38904.59999999975
39066.380920482865
39097.79999999962
39055.79999999965
39265.7999999995
39135.02555787471
39223.79999999953
39043.199999999655
38942.17878908073
39119.276251013114
39198.59999999955
39055.79999999965
39223.96442722221
39148.19999999958
38934.35932336807
39227.99999999953
39072.599999999635
39064.19999999964
39227.99999999953
39152.39999999958
38946.59999999972
39072.75601023779
39276.847343328285
39027.99445214113
39080.99999999963
38988.59999999969
39215.399999999536
39106.78593079888
38954.999999999716
39017.99999999967
39017.99999999967
39090.33125754604
39050.156540619464
39084.13174508906
39117.093789844155
38963.39999999971
39079.13537918163
38946.59999999972
39132.51374755151
38959.19999999971
39152.39999999958
39009.59999999968
39206.99999999954
39101.999999999614
39043.199999999655
38929.799999999734
39160.79999999957
39089.39999999962
39106.19999999961
39118.7999999996
39148.19999999958
39175.01719603297
39177.898909967764
39009.59999999968
38950.79999999972
39185.999999999556
39024.03272884327
38986.31552652638
39147.306056514346
39148.19999999958
39166.39466756994
39026.39999999967
39055.92568674227
39122.9999999996
39072.599999999635
39110.39999999961
39103.83990070137
39047.39999999965
38967.94057202321
39186.23977345564
38963.39999999971
38872.693872292206
39232.199999999524
38984.399999999696
39106.3444996538
39009.59999999968
39143.999999999585
39122.9999999996
39093.649948244856
39202.799999999545
39137.77662370118
39148.19999999958
38879.39999999977
39034.79999999966
39076.8148279315
39017.99999999967
39156.59999999958
38992.79999999969
39084.81751482024
39097.79999999962
39107.966459356416
38891.99999999976
39148.4665076291
39160.79999999957
38849.99999999979
39198.59999999955
39013.33941658006
39013.799999999675
38830.87111029338
39169.19999999957
39316.199999999466
39097.79999999962
39051.27146030148
39169.19999999957
39148.19999999958
39223.79999999953
39003.465621172465
39278.39999999949
39080.99999999963
39097.79999999962
39259.65227452527
39127.1999999996
39120.076290857556
39068.39999999964
39033.88081635223
39210.446652802086
39022.19999999967
39240.59999999952
39101.999999999614
38984.399999999696
39115.27866974578
39135.59999999959
39102.39565850748
38986.094514608114
39051.59999999965
38984.399999999696
39055.79999999965
39202.799999999545
38984.399999999696
38888.10901628307
38867.6078251559
38908.79999999975
39265.7999999995
39001.199999999684
39052.0031545154
39044.19087960043
39110.39999999961
39363.63904582583
39030.599999999664
38917.19999999974
39122.9999999996
39065.742349821514
38954.999999999716
38942.399999999725
39101.999999999614
39219.69406495737
38967.59999999971
39177.59999999956
39202.80767564583
38943.3938214885
38942.399999999725
38979.12766483566
38946.59999999972
38934.33349833029
39144.77140594715
39173.399999999565
38971.799999999705
39206.396147055944
39190.19999999955
38992.79999999969
38795.39999999983
38984.399999999696
39185.999999999556
38996.99999999969
39017.49180498607
38942.399999999725
39242.539594096765
39139.79999999959
39001.47788042682
39211.19999999954
38961.27553206873
39001.35967380089
39068.97652951106
39062.06039852474
39148.32753659411
38931.80790672726
38900.399999999754
39072.599999999635
39005.942713612225
39152.39999999958
39076.79999999963
39076.797240061205
39223.79999999953
39219.59999999953
39060.33070016413
39181.79999999956
38998.70492277514
39085.199999999626
39183.273589676006
39017.99999999967
38879.465114309365
39103.429500567734
39084.78237732618
39106.19999999961
38921.39999999974
39202.799999999545
39233.08193013166
39089.39999999962
39169.59790720179
38991.4286075461
38889.490080373835
39194.39999999955
38996.99999999969
39118.34388983016
39166.74745300887
39139.79999999959
39085.199999999626
38971.799999999705
38929.95087557536
38875.19999999977
39190.19999999955
39013.799999999675
39084.42038541042
39190.19999999955
39141.32705667085
39120.44344173339
39035.713071721424
39178.69541256118
39108.04041546129
39008.44170991021
38959.19999999971
38883.599999999766
39174.97702700843
39097.79999999962
39061.40918324971
39185.999999999556
38969.086941080495
39181.79999999956
38942.399999999725
39280.609038162554
39034.06552658127
39005.39999999968
39143.999999999585
39188.792753778056
38921.39999999974
39160.79999999957
38880.12534995605
39411.39199706572
38802.03591021093
39021.33631034045
39001.199999999684
38971.00113690093
38891.99999999976
39223.79999999953
39101.999999999614
39072.599999999635
39106.19999999961
39142.515283900044
39072.599999999635
39131.399999999594
39236.39999999952
39028.928189922386
39150.73060864799
39177.59999999956
39150.44188326178
39059.99999999964
38887.79999999976
38984.53604759308
39163.01855650871
39034.79999999966
38996.298945574534
39111.36901763358
39097.79999999962
39023.703644754256
39118.7999999996
39152.39999999958
39148.19999999958
39194.39999999955
39219.59999999953
39050.53269905583
39038.99999999966
38954.999999999716
39148.19999999958
39087.821080176225
38980.1999999997
39094.085975665446
39143.999999999585
39093.59999999962
39064.19999999964
39093.59999999962
39080.35285258295
39185.999999999556
39180.16451970764
39062.178764618824
39282.59999999949
39097.79999999962
39246.02631924192
39033.95637483878
39009.153167842305
39202.799999999545
38933.99999999973
39206.0197245901
39096.0198025231
38992.79999999969
38824.89490166576
39068.39999999964
39127.1999999996
39064.19999999964
39063.04759683501
38971.799999999705
39201.04632895036
39169.19999999957
39183.44782603482
38816.39999999981
38971.799999999705
38967.59999999971
39211.19999999954
39017.99999999967
39000.472354720274
39013.28337571395
39120.21003525495
39242.32556503735
38921.39999999974
39250.006762670964
39177.59999999956
39185.999999999556
39179.8208651798
39055.74876001571
38954.999999999716
39168.92966554346
39337.19999999945
38943.421315808286
39001.199999999684
39181.40510104545
39108.32074432073
39173.399999999565
39208.297968528546
38950.79999999972
38894.42706648788
39125.89963597248
39160.79999999957
39116.42629523728
39122.9999999996
39111.908896050285
39072.599999999635
39038.99999999966
39199.57281470057
38967.59999999971
38900.414124633484
38992.96029178837
39047.39999999965
38954.999999999716
39181.79999999956
39026.39999999967
39024.751191568685
39215.399999999536
39167.07562030091
38946.59999999972
39101.999999999614
39018.34203992375
39107.565783583406
39106.19999999961
39031.11494502115
39224.358781896
39229.90461616368
38921.39999999974
39051.59999999965
39038.99999999966
39127.1999999996
39045.48125309078
38786.99999999983
39085.199999999626
39198.59999999955
39113.764035980006
38971.799999999705
39100.40455940051
39034.79999999966
38908.79999999975
38992.97468871619
38866.79999999978
38933.99999999973
39183.9871395739
38980.1999999997
39049.16439179281
39093.59999999962
39326.129109872054
39036.29999836019
39009.59999999968
39072.599999999635
38963.39999999971
39199.09755659418
39080.99999999963
38988.59999999969
38833.1999999998
38913.38813511861
39084.54405902851
39131.27787573975
39118.7999999996
39299.39999999948
39148.19999999958
39055.79999999965
39064.273257425986
38957.823209412294
38938.19999999973
39072.599999999635
39028.3961189127
39051.637858633774
39101.999999999614
39038.99999999966
39034.79999999966
38967.59999999971
39094.16289167027
39074.28472265899
39303.69623458461
39009.878921104726
39031.30919018715
38940.49774767694
42209.65229281309
38987.45186513363
39048.24929489509
39038.99999999966
39097.79999999962
39039.26028854488
38799.599999999824
39185.64633527755
39152.39999999958
39185.999999999556
39128.674752417995
39089.39999999962
39009.59999999968
39238.59898532488
38942.399999999725
39317.91865591826
39030.599999999664
39139.79999999959
39202.799999999545
39051.59999999965
39173.399999999565
39160.33705680198
39080.99999999963
39085.98610693846
39114.599999999606
39110.39999999961
39206.99999999954
38992.79999999969
39290.99999999948
39072.599999999635
39122.9999999996
39140.11518193966
39047.7450472107
39227.99999999953
39185.999999999556
39190.19999999955
38967.7001312327
39478.82567189383
39026.39999999967
39240.59999999952
39101.999999999614
39114.599999999606
39020.05743175064
38971.799999999705
38959.19999999971
39194.39999999955
39129.9312704868
39190.19999999955
38971.799999999705
38921.39999999974
38914.45085188086
39059.99999999964
39048.02657858593
39101.999999999614
39072.599999999635
39030.599999999664
39072.955123352076
38870.999999999774
38929.95071724205
39048.96111366381
39127.1999999996
39162.33761322462
39065.89609051243
39096.201359632396
38888.074805191114
39097.79999999962
39240.59999999952
39160.79999999957
38989.030651340334
39102.79366979491
39156.957418074184
39164.99999999957
39038.99999999966
38912.999999999745
39194.39999999955
39215.68219164548
39108.046678364335
39089.39999999962
39190.19999999955
39236.39999999952
39261.599999999504
39076.246684432896
39107.396919870735
39325.04315622542
39044.504538756235
39106.19999999961
39009.59999999968
average revenue:39085.65672816104
possibility:0.003