35930.67619276331
36507.62437925458
36549.31678677813
37185.82712963067
36451.53472299721
36144.128410166144
37062.69808946673
36168.398118055426
35799.78885225259
36484.97960648195
35716.309901505556
35384.31040115788
36708.50252715078
36618.27937514754
35950.2079942929
36102.28612914237
35536.64436442939
35603.72448645137
36251.44912446207
36254.17261110523
37121.92882186461
35773.29616054828
41570.45895689421
35985.75195349462
35759.53262175944
35964.50483481359
37010.36941088622
36716.31230728363
35939.91611944895
41987.50091907897
35789.3377509856
37229.30116343426
35796.79895236531
35372.44528279315
35756.39388465792
35651.26214040192
40070.336663759124
36468.51870254375
36197.79981380384
37129.11799335335
36664.37202568608
36402.64731342128
37129.76326201075
36076.16008648165
35878.454891518624
35933.00276263163
38249.38954906663
35869.945710175045
36889.02178677847
36004.12222594531
36966.02809255418
35779.47268885296
36211.81877102415
36265.88929453178
36596.20583290623
36221.01748383108
35877.065998574675
36828.41070178044
36282.637858741786
35176.19005874301
35867.84008197772
36547.47341310293
35331.11315065867
36147.22860529693
36777.559395203556
37576.01579760507
35839.0926365881
38036.65761663692
37151.8488475706
36715.038122861515
35336.76048869018
35742.74860792628
36437.80295724852
35807.52317900429
36961.60167567965
39156.70175005354
41729.43506545294
35422.51297186517
35956.60951883837
36785.40165220893
41936.7066631059
36451.98637409188
37018.115307815715
36495.72656101859
36859.569784870284
35927.23628518761
36025.555691272115
36373.02792384463
35872.2922047861
35534.94252189527
35320.91453853024
36295.49936423442
37500.561118147896
35482.32412390939
36825.143971292164
36444.86184186928
35898.67899636714
35978.79758263685
37696.08485255239
36521.615365123354
35405.610768931496
36473.42213808753
35811.49081825746
36181.59663245615
36663.22334727063
35783.72024988022
36235.11238803748
36261.720268504134
37149.54497991508
40612.863371949104
36713.694791866845
36976.55039438424
35541.2199679916
36390.530711219835
36844.46490645995
36743.78382575299
39964.18304105897
36198.06750933115
36007.51868724329
36385.94064315791
36934.45062496003
36663.13945896562
35898.90558562998
36460.58475992184
36011.249162196094
35785.595039437685
35033.916260821235
41694.78052518391
35921.8936151677
36170.2590926193
36129.435246580884
35870.755250872746
36716.017819244225
37419.553351907874
36722.73451111842
35948.04183237359
37285.6054152362
36411.49583496
36550.59244009992
35903.339703550584
36197.13714281305
36777.58907972633
36208.63681558532
41840.445172609645
36532.73701318875
36426.32920969343
36315.955430339505
35923.93635917958
36815.21862091669
36044.06429582146
36834.50306714637
36095.00134805473
36907.92613075344
35747.834638347784
36228.03039317949
35439.16927230411
36861.82428616137
36650.81273134543
35821.258063206114
36032.521439727534
35710.11427496798
35497.60431734467
37176.04318852703
39613.30722485619
37043.15529917937
36002.04565822404
38019.89947429916
35426.79574866456
36111.64580014071
36279.28004179638
36258.14113938911
36228.970148869565
35977.496424712845
36155.21264263539
35345.50846896038
36881.098994044994
36000.85321543597
36495.59181980946
36104.76392280205
39320.902951111486
36282.15303913764
36005.341369143265
36062.78023964538
35898.714842084206
36696.317170051625
36518.7808334126
38750.8279292106
36646.133166236315
35380.89440894437
36858.53686013892
36551.32450296109
35847.63534648682
36839.42447794431
36769.92421689618
35955.37199727917
36301.55104732912
36899.765519182074
35914.96949289527
35787.261342231046
36235.676520430075
36640.40959094581
35400.34965059401
36486.08690080622
36458.36212101676
35874.174694662324
37525.023539168425
36722.94384989653
35961.133707326364
36814.89402634084
35958.573879712625
36555.130688705045
36333.32692111698
37004.593354177625
37036.29837651733
35843.783353249724
35684.498136521506
36230.0881285367
36754.96977000445
37215.481414094356
35647.67532338035
36252.8215071389
35937.17848360237
36846.13188977991
36477.04987018527
36175.2514781083
36145.762336464446
36208.00005600805
35769.27157763808
35729.50642197357
36112.46757667589
36302.094680129754
35903.91465275265
36508.97530152633
35649.08870803933
35579.86461747446
36239.98478309173
35794.18878307389
35627.32697843537
35983.37822375106
37012.38220740901
37293.985409102694
35599.458527260744
35594.25952417097
35449.513325795706
37859.27706973374
35692.785782169645
35751.51549546162
36562.34781500517
35531.048871221035
35738.95182501556
36841.40553059867
35915.76177878572
36635.36690462871
36874.762838279
36285.95201120405
35936.38399313333
36311.70329613546
35718.94705837352
36094.25847495193
36216.08048526041
36078.07420428646
37123.540768683495
36094.93618068824
36885.69192716269
35703.34644987145
38541.41963383724
36149.52985357112
35112.5434977903
36168.079916821094
38067.44264396761
36490.706099485134
37063.76224853331
36681.62767154436
36361.6885063595
35799.10622286764
36138.855585356636
36276.21988152353
36067.02450920433
35999.96174432636
36671.63261787387
36006.00654518631
36631.93532466522
36496.676352598486
36527.47848946731
36762.35759364715
36685.982422731686
37219.66967225773
36643.38974304413
36289.890137722556
37733.623424799574
40793.76546380838
36248.1717236385
37198.48720486722
35845.444320715156
35543.517312116324
36220.86705305978
35852.32321993411
36390.02597639386
36583.74508683138
36581.89954238842
42046.08389192591
37577.02443886083
36362.52973122274
36291.17148721743
35966.49831066989
36448.97914389882
36416.25685786359
36770.03331421184
36928.22722488229
36051.036782003466
41213.63084744288
35710.97343796348
36724.77876802357
36961.06254256234
37166.88024097135
36426.66354296001
37456.644918322214
35956.10309847632
36538.990690554514
38307.517618167636
35506.691671219625
35559.13012670028
36657.755735597435
36136.92520592417
41371.52303517668
36720.988472248355
37031.49398587767
36472.967200437844
36090.21031380953
36758.60009709831
36712.408053253785
36383.06796360657
37154.65916951754
36047.212871331765
37347.53233662686
36208.90396686641
37060.46208330991
36244.19297993432
35644.73489101736
41233.752604690264
36276.56079253821
36947.84690953641
35442.98438092192
35839.532575541576
36003.041828690686
36693.789522797175
36251.47347211235
37003.40254329568
36364.13114686604
36598.28951556435
36568.46997785301
36922.04528870613
36491.55113344314
36029.2587965823
36818.66603103925
35465.58237690034
36827.46127317061
36877.51373899766
35708.60784474558
35596.78720151059
36188.88761175706
35894.9325164726
35904.34732533463
36282.006057183375
35669.10853721756
35236.98829082436
36746.03275373825
35851.62177661246
36863.27653085819
35738.26412277771
35654.63284384928
36126.433807709414
35961.36388749583
36724.40506863641
37084.80504188832
36325.28876561402
36770.68361526971
36831.5797850649
36350.1488165811
35759.92400905873
36489.61328787251
35771.61994863721
36047.85131539801
35264.27926627042
36381.93910110886
36165.36530085175
36748.016919922135
36032.12956968754
37210.7468890204
37185.15776823759
35018.29425381847
36005.08706461234
35875.231782347895
35872.27300376792
35395.943933287825
35820.698473590266
37715.581116042384
36058.09655321406
41811.958951102206
36042.64575617926
36789.86431296781
35889.081177876586
35580.63458675096
36285.431869904496
36386.05262298371
36049.74253507057
37222.938734725
35741.72076415588
36432.369449790545
35938.9979164401
36097.33154870639
37176.44006586287
35094.28727945789
37378.78384382769
35601.121971141045
36343.70443178698
36101.572044362474
36126.843731439745
36880.616634798884
37139.89435386704
36571.97812046157
35850.3070709059
36548.96605527281
36048.72835095886
37114.14459943541
35886.65530839575
35010.405808239375
36064.10376265181
35587.427915705935
36576.86902441092
35690.59674185462
39840.21048497725
36756.008505515834
35565.05686370329
36023.83204628101
35490.76106333975
36629.076776951064
36404.99901735126
36603.17313003371
37314.406782993174
36119.819386439216
36766.86098588181
35321.436311595746
34911.12835702181
36574.15458542754
36374.89211404576
36319.08013080914
36176.92421477322
36346.0165711258
36720.21211670464
36190.95744039584
35720.02693327053
36337.68286167668
36197.06190695846
35942.31125074139
36203.42838606895
35879.03181694159
36703.84671313318
35880.47477589256
36815.852634286486
36279.57085176619
36252.141560813405
36865.67793287948
37815.564112836975
36008.155833051365
35867.06759245062
35603.137799677046
35521.329967291735
37337.74341423471
37224.645565255574
35415.91836426273
35873.10794923486
36826.95953611104
36467.35910427174
36837.42087567526
35407.83067334878
35522.6130660489
36737.32195062423
36136.23937245851
36865.97788701367
39960.04820058842
38032.09031252773
36642.31225041769
37102.31061044821
34985.87196835196
36939.30772450627
36683.664442753005
35960.883675711964
40506.97745072738
40641.633475752344
36143.40081794046
36357.48708466814
35507.76267048489
36267.752119375866
36241.120014729204
36477.32700562845
36392.30768677308
36666.62157329983
35763.899359333474
35907.30577540152
36398.563601439826
36461.11704672959
35075.76610508188
36845.102394927395
35342.57242579997
36571.7241599528
35588.074884889225
35243.49644403104
37074.978076138206
36456.185905476494
36455.9537523763
36175.71724334979
36919.35768941034
36594.30477017289
36515.21250454531
37019.48935375673
36393.033317018424
36258.48517629004
35953.06590566109
36457.87958505299
36714.42942437716
37501.621725487785
36207.1422395347
36096.19172782411
36853.542984697844
36264.495274695524
35908.607231188405
37687.97446850861
36158.65375639761
36234.91555675137
36473.05575063339
39030.52026238392
36740.57895437456
36138.18977754194
36878.14628008207
36644.3424187609
36314.664944563025
35452.289016620045
35410.91584622558
35274.43422236431
36867.63190380989
36970.14650802133
36664.698948945035
37383.83458799927
37261.287515494
35659.04963016656
35744.21162088126
36401.96291592657
36074.81305925285
35816.568333600764
35655.23821430785
35417.827677708425
35653.79497835453
39345.98992621815
35442.956753771796
35945.67368417355
36166.10528362503
36395.48979483109
35821.004261574395
36687.33904143779
36058.83404653919
36448.77558496346
35962.08816924713
36906.540920714266
35893.71587133072
36355.20187502728
39864.70002937035
36714.6669968722
35969.28508336398
36108.76728591989
36162.14354514602
36457.1015968755
36949.91382962139
36781.98645689744
36490.83150888834
36419.51814130104
38928.9126514418
35812.120949929886
36000.15420531659
36109.21074963086
35876.423523262245
35969.28084308592
36540.15932129926
36225.16447517864
36033.23378938499
36803.18970863665
35973.93481136306
36189.60460065231
39025.82742013615
36150.659157694776
36140.456883696264
36418.4680954067
36386.338813692
36052.39617190248
36347.580745914725
37427.30333577093
36834.21138334072
35669.184034556216
36822.387485927014
35854.55459854072
35883.221246861176
35714.08147498969
36684.693549744086
36104.14074962247
36550.11143153781
35537.01485617126
36126.572071380826
41482.71280427559
36724.699863721406
36740.29753232694
37124.66299746423
37913.73159032489
35315.969786983296
35517.040539221234
36461.660209001486
36122.951059857805
37525.38563100315
37064.25853588941
38051.29615365978
36514.07729691803
36396.574309184805
35741.030985613026
36853.83306752245
35735.591594128346
37000.2301234293
36139.36316324765
36037.10138468331
35232.870184513726
36336.150215010945
37650.86456080026
36162.304345904464
35681.9452400141
36740.06685634232
36177.858848968135
34966.389618967485
36747.11373027081
36329.790564131006
37198.20128659032
36237.52174646359
36317.420630526016
36351.953272992905
35895.148247465535
36715.87101764348
37091.36762741908
37119.013078212614
36797.335822419336
37285.819816586285
35958.93867107042
36263.38919888128
35983.85141372277
35864.17304918699
36012.54808415005
36390.66468026853
35819.903705148376
35983.83038702359
35758.22465971275
36114.04093453708
35180.9701352397
35341.3003950892
37114.08281026555
35571.34347883274
36429.226484955805
36777.1646852916
36139.02603151128
37202.98397335139
35969.17451384313
36405.27693353284
36122.13965685089
36121.72371742058
35585.543711800194
36100.876866803665
36901.49693284188
35432.38210325829
36807.88581670772
37442.99735836243
36425.1634641162
36111.42455836053
37492.73662686393
38255.99442536702
34755.272547061584
36353.3709823015
37000.78788338483
37656.179969234494
35934.27442851813
35919.04378159653
35727.080098535764
38096.33927711326
36414.37188547008
35892.25597332649
36137.94624559313
36113.53564374586
36215.19728232992
42001.67359179115
36739.7648732977
36067.67497659659
36168.91773406222
36236.09638537094
35929.94034609971
37101.08168558383
36596.23394148235
36422.17082787206
35919.18386655928
36272.95054267702
40684.641067740995
36325.13652761213
36600.807507649544
35826.33569794099
36576.759081345466
36689.20287786932
35629.91723622708
35651.696450131574
36046.11293718858
35361.199064402725
36400.318617210454
36319.526610400564
36368.15381487747
35715.15204876714
36676.231115272334
37195.56368516775
37290.54009195054
36487.97353468568
37158.678107817206
35791.58246382582
35956.442153963304
35787.595873073195
36740.826089520364
35488.81603075039
35699.25530944272
35784.4701112031
36601.79469798754
35783.42041259849
36934.14087384799
35755.95135901001
36386.962314329096
36674.41363981199
37017.81510646792
37405.774886623185
35948.4105431925
36221.829465205374
36301.611379812806
36938.281056405474
36835.14482874296
37216.2785842023
36519.27287152332
36379.336746177665
36899.83644359835
36219.584124641086
37178.35185711768
36560.06946246637
36542.84299640114
40562.285303504956
36547.58167886206
36589.06034936888
35384.12518855138
36452.624571961256
35589.526411951054
36464.662109529316
34601.64594368511
35817.65722330134
40135.85731162541
35082.346099172675
36629.82757287526
35986.052991704615
35700.74429122819
36153.466014228135
36671.32061937183
36610.388688740815
36047.70682724982
36434.47328643037
36081.86535278577
35930.0615247267
35554.13477909857
36531.340375596854
37875.37601925519
36144.704874408744
39678.083780223256
35734.23836923048
36145.98227823019
36177.50016787634
36467.36320005392
35349.125940268954
37379.86472922539
36086.42257043271
36013.22475690264
37137.54509634564
36148.936561610215
36298.00919730117
36398.93466770193
36009.97221679177
35361.69592077593
36873.87128613666
35575.97066779358
35885.86251267411
36476.594530132825
37547.84769528364
34830.062082814366
36090.953978823236
36577.4454783451
36260.27410894286
36632.28197417821
35991.021573657585
38061.36188621642
36631.51894776077
36167.179017011214
36288.59838487883
35374.41123727579
36170.61551456889
36568.31305852625
35653.779466250955
36556.24660230065
36559.21840503194
36023.12559776983
40962.41682869322
37103.322232946135
36774.49363634171
36301.44979947373
36262.171317522094
37482.16966572012
37107.67805942471
36605.47874784773
36159.8308420152
36338.40665942748
36548.365065471145
41728.54178348405
36403.556439015774
36878.19582622308
36222.52737003969
36074.48309134689
36372.27421306824
35589.415421959464
36744.29656191771
40569.3723374023
36636.459288154394
36257.04727466986
35749.98082274795
35599.46920658641
35956.751294351925
36282.263070955814
38849.66439325028
37016.812081846045
36561.00980845114
34838.916283128936
36592.35051910026
36363.16698403991
36535.353961259294
36725.066940570796
35113.73873039432
36807.491635109174
36951.77396616955
35900.67879575278
35329.27728783121
36692.772179579144
36279.46029207476
36420.24321360241
37686.61372703087
36776.637160082464
36781.42802234519
37108.587268314324
36702.305208077654
36447.050490172
37151.81955803485
36305.31494282749
36100.65197550198
35970.000885340865
35751.29628638826
36011.88324359463
36682.42280662419
36199.83404564148
35282.30466751855
35708.71348889435
37591.25987162615
36685.29193677845
36054.29433493075
36141.46291968504
36829.21652545711
36851.93735142466
35397.620845329395
36174.06693215557
36260.080626128285
37077.57731567887
37189.95168885056
36317.51385305642
37063.69211722125
35734.49517492415
37465.681534911804
36023.35804087207
36311.03853722139
36152.850879597725
35883.5266203541
36264.37706609711
37022.07808559569
39458.31126498854
38462.871039777616
36850.0773822348
36380.07124962774
35764.580146616034
36344.96433330844
35856.022723317015
36467.094460945045
35597.52872148046
37077.55044216136
36124.07257554708
37205.14559768546
36607.032028291935
36220.68288773002
35566.94018009558
37323.02130882272
35951.84260148036
36096.487671420924
35998.05603381586
35366.815781714635
35270.938937179686
35550.410607775906
36741.29439081679
35505.87412793151
36423.51761000731
37278.599242817756
36787.81316898276
37337.48657963704
35847.378979643734
40300.88823934601
36411.52273665634
35934.00359868418
35703.45519828379
35662.80195409502
37261.84257455582
37041.22576651864
36171.84446556906
36370.525185186845
35601.0471408892
37265.953679503546
35893.058328722414
37170.32020671664
36340.733858747495
36762.662174811754
36495.651464077084
36887.25526698122
36507.983315997546
37301.149536161625
36532.52607647887
36335.06963189049
36398.54446620191
35788.64062829169
36822.8932198849
36408.106789786725
37257.273906040056
36459.181588043626
35893.024534478216
36363.38491207483
42110.91855698688
36250.02169789558
35347.55654575452
36506.60338573014
36059.427430628915
37375.143140903885
35281.23104457861
36768.31476624303
35652.56382818292
35433.22063598946
35732.02405349746
41427.018664102805
35420.10831297568
35295.08223958887
36406.02007878699
34774.177135199956
35560.16498197203
37258.4568931394
42000.64786681658
36289.424911269205
36129.19975719368
38844.62561591044
37515.530032185954
37070.609634152075
36060.55687226401
36463.278914051676
36620.45078135986
36544.50782395757
36415.57592616757
37413.479403724516
37047.83419891857
36339.17974182796
36098.79066400563
41393.05697418909
37587.134056564704
35797.664903604935
36591.390148567494
37293.64420116938
36012.99115527596
36109.406033412626
35619.38095275924
36435.12727382764
36135.30291039183
36907.96419748112
36392.279586891935
36799.23166359379
36661.28639075399
35264.60450986719
37025.64066679619
35955.47788036547
35495.122099056985
average revenue:36518.027390164745
possibility:0.025