36831.97078749541
36107.8631274608
37854.74550911686
36655.567800762234
36529.77454863602
35579.19951008255
35368.337027277135
35949.033052738785
36726.55274443854
36034.44067816359
36995.40469176882
36163.68673927867
36008.82275931094
37084.97794660378
36670.42466507092
41975.3553406508
36252.762502018806
37189.10601613273
37137.111636107955
36709.06935992081
36059.43748036211
36213.75336836654
36717.662612539
36574.372219237186
36389.35731227413
36070.28722930084
36781.70633482512
35951.40616174885
36966.641728793256
37348.91315750032
36563.15509604997
36654.435078123766
36026.429575667025
36350.08582849905
36797.52466805718
36691.121077021235
36401.531097260566
36868.208791398734
36562.22906858644
35424.89137494511
37093.02353297795
36799.50575026862
36782.71575543508
36101.82253163005
36851.74368318389
37012.025303549686
35928.938327993885
36069.72642224793
37495.08963481102
36430.44617059594
35958.4989549608
36650.68769046235
37120.97595187693
37036.61068092229
36022.24165797365
36058.80242392578
36110.09924379614
37989.02568577284
36313.84357870105
36465.88674441177
36595.916793685625
35966.26471239572
36801.951944862834
36345.785116014944
36015.84301982484
35745.39149731319
36640.92653913763
37192.17165613625
36220.18894423486
37416.96224024005
36615.94226307392
36704.11106833322
37134.19311805085
36319.069988929696
35886.99074729435
36955.14055833245
37623.79886415278
37152.060064037054
37650.503767904695
36338.628662000796
36553.67346212107
36480.50301813128
35735.05470678935
36434.66770487131
37502.365143967385
36989.573767663955
36996.43670313613
36052.725188799435
36712.24583603768
35930.251673129824
40238.20770432709
36994.11424444442
37406.12251780972
37087.442988832474
36054.68745830696
36524.83845108299
36627.429188824935
36534.38063014852
36097.901690479484
36557.81590028368
36680.54876753371
36824.67395999453
36866.1614399495
36610.73614763861
36482.54252660965
36539.60031129149
37756.12125885065
35324.968705027255
37086.48693265396
37113.99674699095
36619.74724453933
37479.55594154251
35986.280789719975
36116.81436510966
37233.98455352693
36732.64064488521
36471.83971212826
36791.503180773856
36126.52619327545
36342.68906188838
36377.78361268663
36983.397457840816
36109.216090052854
36625.53847258123
36582.111555417534
37540.84382427565
36906.258772832785
36683.09602607575
42343.14084008313
36960.7204318715
36342.57674779786
37240.720740660516
37242.984461024396
36911.45476958921
35792.320786208715
37540.169298494875
35773.06319658007
36445.67949824147
37398.31182280826
37304.33096219264
37467.51932210769
36096.62250304022
37193.81912766595
36887.999468611655
36758.947503200834
37084.379337022765
35774.777636848026
39456.2300627762
36367.36156104434
36282.30127957909
37407.189692095846
41506.62418813108
36951.9168458606
42011.83652766525
36211.541286387124
36165.90509395551
37849.2123872233
36506.727569217706
36972.054268152315
36085.81285378058
36275.220263217045
36861.20929775641
36159.18563881441
37486.49034356095
36873.58249163493
37378.11363353411
35288.314583636646
36710.18862612542
36568.672972263565
36691.79264158456
36292.79220496494
36796.59419569731
36472.64938693226
37009.515874728815
36154.4364887447
36968.52631797167
35480.13001320181
42131.06511671272
36504.97426952517
36770.654642918715
36027.494545838694
36989.21626046057
36979.81940926655
36479.417199823496
36422.61118892027
35956.99497366071
37254.72505629016
36086.41217493164
36276.3497005932
36533.80780886984
37011.6065489481
37130.63716179904
36092.26400331001
36825.27389452478
35968.00038362605
36721.8260551089
36757.68448466384
36580.51958075358
36533.954317726224
36710.53960512516
36299.18256610687
36136.15895604516
36214.24622027305
42085.06781728493
35784.50873554049
35826.97540969662
36436.25644353034
37114.74698718855
36615.39867094514
36612.26754483923
36006.221303314414
36875.62302631579
36674.892317041755
36328.11065120603
37269.98448833611
36707.98457517927
36023.846849345806
36354.237843903145
37009.81436530185
36805.52152485315
36290.11124290291
37260.39591181643
37209.896071947274
37111.37070603884
36520.876621375406
36917.645223844025
36156.375707200474
37148.53964060876
36493.453300356625
36051.17859981893
36739.95191550015
36557.201964158725
36657.23273419846
41461.47427415266
36315.50436943657
36214.25846032659
35474.13952156802
42148.481528069744
35853.32936864036
36402.641442731605
35766.84920657199
36905.9562302197
36581.36628362114
36663.8675472248
36857.709263550896
36613.83979376624
35940.11905212679
36668.54600100685
36394.61571344022
36121.39726958745
36175.93421282557
37562.4870769063
36871.69983199707
36877.59461137374
36129.27802973398
36087.2261659364
37073.019042174405
36983.211080180845
36916.07948909528
36281.70661377892
36885.771667031586
36775.81342804042
37300.345273125706
37449.552669754456
36104.54817021761
36732.272711317055
36026.237081410785
36164.027704700275
36897.73581152127
36089.704809116156
37337.19962651667
36404.91848740017
36120.43952321819
36031.135329894925
36806.779655898616
35932.170613578266
36380.35125801744
36661.810868584274
36566.88156689389
36887.38934393291
36356.75681636186
36422.54366863005
37231.72796257925
39893.44075819133
36047.13869715802
36760.54717088549
36311.42084482348
36328.13369949483
37265.45433841288
36150.89179518642
36212.54765646667
36807.30761352479
36869.574289434735
36526.16411029069
36172.75869542207
36891.18776686282
36561.604753141975
36878.02347516348
36065.26848291728
36758.126369386526
36373.811564298485
36946.10095941149
36202.334640128334
35949.306602115605
36107.64196851533
36441.88349992606
35878.142125610204
36843.98810077264
36843.71100450661
36653.91899053683
36259.95445336733
36074.28620611966
36418.19162615212
36946.247715375415
36896.127201714684
35591.21902939955
36270.25984284255
36599.045142418625
37670.9156809735
36359.09851880062
37054.84687305017
36339.315478153345
36281.6641656831
41103.07683678399
36186.20739199524
36890.77420107955
37200.55528080884
36534.05504175537
35682.60985608348
35882.86586426458
35786.78059322566
36500.640332993135
36768.50444794446
38522.71288676062
36638.45353325562
36448.008539576695
36341.46019031733
36344.71873316318
35846.424468919475
36192.546499289085
36936.83124795584
36333.893978974054
36923.80470111091
36022.04454021949
36491.481677841504
37340.246088266074
36582.99656402212
36770.44802328076
37163.853402700464
36378.72749043722
36564.0185773334
36584.13338232828
37172.51361235118
36589.58613744966
36099.580850281964
38178.6341082235
35797.97098650346
36265.89096788807
36216.37689597559
36625.666553857256
37142.424900978905
36019.07985097967
36261.235214896784
37765.58241531412
37196.35963415834
36020.231773348314
36698.14472244935
36380.75924213244
37077.8712533375
36742.12042747064
37046.868034753876
36456.952336782786
36465.00242751988
36829.917473354246
36749.25080386015
36226.61492817798
36233.34760040001
37627.91368911107
36439.599189232555
36597.28328613759
36380.10421720561
36621.75068332449
36326.00845966867
35820.68511601621
40648.2618125495
36619.68662372975
36503.29499200318
36983.508463882674
35622.237457536576
36114.28269888192
37116.787182575994
35839.42714262123
35979.34944149818
36983.5237432356
36890.68818375621
36661.48298044241
36115.400796525435
36369.99864307833
37535.126073270076
36670.8243657636
36598.067520702476
36844.83532525836
36957.15394553183
36267.384878330566
36837.49094490326
36860.47537474848
36300.226133720156
36373.40662596945
37080.18636946102
36622.92243620132
35662.91520894246
37289.08025698536
36215.97459086967
36046.776008161374
36422.36405497925
36542.487622918656
36036.1114493767
36872.917719299585
35789.6845146043
37030.593293041726
36397.241441310696
35785.058586407205
36531.7070979089
37773.54308031358
35791.73312090896
37043.64640197684
36335.34748612554
37005.53006266278
36889.907698650975
37063.3790855197
36919.21747021053
36967.85206797337
37135.54940978606
36981.90112927464
36585.93942218224
37210.709968102514
37350.91084345204
41259.72482850765
36349.271448380125
36791.56076202479
36328.74034762121
36211.09206407288
37399.168143888644
36187.434103509746
36500.010194859555
36050.05049362604
36999.99541253784
35971.780273997865
36682.15574106543
38221.99581875121
36839.55503619941
36912.98353771628
38034.608434339134
36000.13845792751
36281.58560076565
36287.05020667972
37258.56458992742
37016.28684125263
36630.223859307254
36405.909726840306
37557.34934321804
36389.68728914483
35721.322273736
37179.726931573656
36090.93886640641
36007.61526796897
36659.20974080175
35476.720805425524
40075.39226838213
36154.510512694076
36508.97699439536
35837.52056016773
35537.689495419654
36283.31081846021
37022.92443959931
36442.02257433768
36262.03139652759
36627.4290431257
36545.891901530405
36416.298441598774
36309.407647239335
36655.765946933505
36347.83715738133
37178.981762020965
35724.88176285706
37614.14347705577
36193.74530956907
37164.41107457118
36741.242760580906
36376.63677833628
35762.41208637382
36307.64244821523
35962.47171744667
36617.18368365343
36776.62722289571
36505.337196191744
36078.978027680336
35777.98754073017
36479.0731457867
35899.23468604944
42238.907145418605
36140.00770291333
37335.37091716233
35945.36007861754
35302.36047802805
36183.191601447375
37652.07589197954
36637.818950682355
36626.445087231354
37068.82743798015
36794.60096326268
36506.90930394067
36146.901587170985
36198.217187420596
39019.16590686967
36588.20759298213
35388.238380963696
36815.15914914326
36711.292795470385
36693.481357282464
36588.059504275465
37037.478441219435
36423.953591663885
36023.69357042559
36182.93467689786
36502.56058085922
36559.857088903256
35943.012440747254
36677.16601807313
36695.343031634045
37194.03176767208
35814.11786587172
36512.754604128495
36951.85541810865
37348.46372457759
36380.41820048905
36508.92614032357
36858.96497852549
36757.89628607524
36842.574348595146
36848.79820944713
37670.003162924426
36130.14349613454
37199.67159391576
37041.85085247364
35893.03485514795
36399.85061130654
35896.81276115105
36753.295926654115
36595.680598420804
35870.622034395834
36315.36417740808
37050.188035201776
37061.016100940666
36015.249695971674
36546.92522316485
36693.16861478366
36186.116849731174
36377.73401746129
36795.73224745396
36876.040387331166
36036.476961624
36483.84644571414
37009.2963604645
36319.097405817185
37112.671260630115
37345.16853030484
36062.687615838404
36120.587452217755
39282.71873456362
35781.09194231921
37510.83347014414
36106.19233577909
36200.75196523903
36791.33251015713
36565.004561379974
36045.81479050634
36258.84808877133
36717.420176283566
36442.49132693699
36626.02149766905
35903.4557097863
36533.27872965835
35975.11555183478
37653.05271005017
36210.70193028245
36816.433057164795
36283.52885692564
36707.627403404054
36706.69442121118
36360.620065504256
36557.18203933768
36885.43944491205
36948.20550432391
36647.26647994746
36714.18523989374
35822.36499723792
36881.74114667137
35681.63537529757
37255.56375566521
36617.75070672857
36575.327564907464
36432.89737008797
36662.55091363849
36761.20625698295
37050.36582690604
36541.44726401216
36863.64819628404
36533.089560897475
37002.72889941625
36652.88714170279
36550.65522997076
36173.965566606195
37191.619947301
36239.73842831344
37085.47350369741
39377.88016486141
36734.27790692667
36692.081698205206
36775.29260807256
35339.52550333073
35949.08077982719
35984.65308205531
36648.1432798233
36489.02977760503
37682.14446528835
37136.01198160103
37427.87792180179
37293.355130843534
36379.890868942166
36324.6867173556
36616.65522448112
37488.19797166099
36472.85145143323
36774.46179235991
37323.614823260534
36915.1028988788
36997.73307984391
35959.96053434325
36204.37428780943
37701.64458406018
36668.60063648774
37097.21316606204
37475.45172361032
36647.720626995244
36254.3868381426
35901.46208640817
36325.00799318065
36717.28736692351
36988.10915259365
36687.841751808985
36508.333646606676
35802.087000886255
37302.54698072083
36213.66278678467
37799.96576639633
36440.561088555034
36407.54381462881
36895.822254308434
36409.612875796534
36211.075950597755
36141.37759431913
36415.59127270984
38930.03720140832
36767.16089239155
36346.010731963004
35920.9758824914
42000.898501347634
37307.52116945928
36715.090516230084
36158.94320932575
36747.68556410785
37070.33602141099
36668.150707626344
38487.585471795755
37186.01262290364
35404.40408507534
36774.48921907405
37074.698902447984
36483.34796232027
35445.9512705289
36986.95657275183
37349.39323878626
35909.159907030575
36538.19096931343
36632.94055970059
37087.886484062816
36004.409175222354
35377.773153914306
35717.85452444525
36869.752501894545
38152.43318268675
36064.89636479185
36859.181297717914
35965.582185300664
36943.50451145985
36464.24331645007
36624.756237361056
37021.23348628321
36886.407970982335
35676.03595673543
36428.13218495967
37414.068599164624
36752.62829871753
37186.9683243416
37447.85959181317
37300.916742826514
36568.684260486225
36193.614826061406
36942.450169370444
36807.122374030514
37472.41062661306
36680.21860571734
37036.486943604046
36514.869136645095
35810.285984063434
36561.36998521749
36594.597648093426
36760.80635373777
35668.64121704967
36513.50946684491
36232.58813845801
36842.82676222555
36293.78837470176
37736.33914952146
37088.6677554558
35873.97467174805
37176.92705118869
36491.58224157461
36976.67736338049
36531.36894500928
36529.39161954209
36363.56873241863
36960.662114476174
36627.68395310511
37205.58584869107
35587.01323789664
37008.398124836945
36493.340709380864
36685.435934798035
36189.42531572043
36540.223744278745
36037.28161983192
35706.57351678433
37084.98303575289
35737.71072988409
36207.15195836072
36469.65672308986
36701.160518700184
36628.174370102526
37911.55576955301
37225.91590614498
37088.67394261501
37031.24595198985
36469.08499131509
36478.88567149668
35970.32760519208
36739.44640775986
36591.32513912885
36265.75138760001
35705.260621419504
37197.4400963193
37040.317871954416
36604.82219269737
36482.81409981382
36699.09872280245
36535.97905375993
36596.50070649709
39631.68277140717
36602.53811289363
35776.894021381806
36812.53816737038
36210.216878217725
36102.4379714731
36400.18194166824
35760.986897896866
36866.36224809386
36446.505792011616
35927.18270791704
36254.06887293803
37234.88760662434
36084.167692530435
37020.43619692816
36781.27222527973
37588.836257227566
37648.87692011054
35917.89777800223
39177.88585076985
37931.68519547034
37412.93045088716
37215.290327410024
36634.02648753261
36044.71933443721
36813.11456187807
37076.172053583345
36327.1636312182
36167.65833294359
36383.19784776052
36667.33161460743
38502.43063276537
36103.338456794685
35538.05040010826
36084.82342912656
38139.48573328837
36511.14393714039
36311.757028299355
37320.45537449284
36031.427975570834
36627.73642798261
36255.275160528035
36366.28459542988
36007.88368581609
35998.557321022505
36933.56918202463
35984.408712096265
37850.69170752875
36915.00356679523
37215.238811378396
37422.974786421095
36513.18098688846
36396.918809532086
35924.01398416943
38966.12173688578
36116.161763323486
36834.46935299542
35994.953833097425
37114.75336756212
36434.48546066677
36545.59797607535
35491.261277003156
36069.12953707034
37230.71841336199
36168.12061703313
38792.323733568854
36615.52965056134
36159.951592979014
36202.24788348026
36770.96059358787
36767.15311938728
36090.553617930964
36617.79140466597
37320.894699878954
36574.441740362265
35868.43296951595
35809.540862801376
36179.56676490629
36020.65536530707
37082.22611154752
36436.306359702176
36434.442084918264
35661.19290685373
37570.92739997838
37186.86810857997
35664.03253940109
41923.12104932067
36491.63520927683
36755.31783980029
36085.55574677779
36370.43053596524
36478.07729955972
37255.43980211133
35692.98282270835
36041.09841896725
36781.22712072869
36734.905296428275
36382.593222957796
35780.21552368607
36952.72026632197
36983.229161840616
37097.12607198281
36139.56497317167
36292.70161366993
36640.59969050617
36061.39351598128
36629.12325255304
36749.35585152614
37484.68874507492
36136.19126911174
36399.94471423796
36201.82379044974
36948.39692337277
36248.60956222027
37227.39734805043
36444.58956076266
36216.66458997138
36229.75593734753
36341.92886109063
36170.41163973536
36497.70735553993
37122.89685286669
36405.2118369037
37743.63681510345
36687.462930685535
35748.11612430278
36233.12978270056
36837.398822491334
36167.385003844254
35939.624812487185
36675.98584100432
38697.55476256641
36005.210474001164
35787.10900448091
36513.23695337184
39957.65800057357
36997.308961038936
35459.03514861706
36209.82359821528
37271.442266160644
36466.22671790818
36503.29066616226
40564.53440055298
37363.64984207233
35944.36004154522
36091.18473430789
35816.28284556158
35476.24391986317
36121.60345208679
37031.97047341058
35592.82003643238
36553.36596242191
41514.10393740332
36298.818818903565
35730.37851330604
36739.27810228754
36304.84924868687
36190.65399378344
37114.52656247768
37259.47185275411
35975.37016798373
36719.17396857384
36663.9354554784
36685.85271790219
37563.033355470805
37019.665833405146
36550.798462174265
36209.321595199544
35924.28980903618
36174.55841783594
36817.63897296404
35950.30046865111
36573.78944939256
36632.97034645803
36469.59830383609
36453.751783041
36289.135240700976
39175.473224961344
36154.04720459303
36072.745709098235
36204.80119107617
36119.146029093776
36162.90766228439
36267.35779698834
36890.280276115875
37089.85470292382
36930.817995151236
36481.480600469724
36486.595189286185
37297.22157135863
40269.17236266522
36835.30770404145
37050.86981697581
42026.541654623856
36081.71920985184
36572.88445518044
35596.061041866276
36094.430495186
36055.61942733843
36913.535715642654
36530.604710621876
36190.819043631185
36027.050864056626
35481.50374292813
36438.12078235981
36283.366020548834
37530.07908291501
36716.138281137944
36223.932578901695
36736.57979689597
36768.70781248581
36099.623806551805
37094.25839031902
36844.182210500854
36646.687925101905
36162.28052250722
36457.43120412142
35933.76355209234
37301.989528522514
37840.96976460016
37614.292774983835
37779.1391886303
36865.21415365505
36239.85113938833
36613.2315087948
36940.9559943859
36557.816456276036
35525.68953519807
36655.37782783464
36312.54859152727
36520.35508365471
36028.938503475845
average revenue:36705.97278021188
possibility:0.017