36100.17064575729
36243.497820626544
36411.86286446607
36952.970716867305
36054.94291694348
36072.680373959534
34631.94310073847
36905.654447829096
36014.94338748434
36875.51898415763
35720.15554212802
36037.45982980278
36425.49626800033
40601.57906978305
39247.137877662615
35899.758736798045
36201.070227795135
36489.545343291626
36198.071537741394
36861.36108928938
36155.61799405764
36910.039053211876
36943.8477017834
36095.48700622476
35943.97378399567
36211.67456002348
36070.77119980197
35679.64607271935
35411.1961884886
36822.34379912665
36292.79586519396
35902.40025425681
36641.943173611355
35248.49458533227
36221.083201121415
35945.04445949627
37332.10622176915
36646.68279676312
36079.77079289744
35391.796604362615
37211.766352924154
36638.47360525246
36844.92279529286
36339.31724303518
36619.236035974856
35613.77433411388
36137.29087511159
36078.0080497872
35940.56255454764
36665.55304250681
38166.844176699895
36559.33319236477
36899.03316285291
36082.94817692658
35802.88984849154
36393.0041118415
36033.93756690046
35665.81911894309
35567.59598066921
36826.81009354861
36862.82092696624
39628.334015832115
35778.8405505804
35389.05238373543
35784.61901997851
35737.11654201716
36236.112440552606
37071.67534153648
36842.84685810423
37421.67524518621
36844.587146574915
35485.55589809616
37327.48074563742
37097.786980973906
36165.2850535957
35338.65036621538
36219.09156839665
36360.21761661907
35790.08954653492
36133.178852444
35701.41276225821
35560.40178664191
36298.20491781078
36378.3437505681
36361.851985970396
36091.36086523825
37123.93838097169
36533.7562493776
36913.505927172904
36531.78821091091
36199.52894430924
36105.13538002318
36902.82482393741
36443.9355156114
36635.69006913111
35609.88145945133
37551.44045707612
35843.16160668822
37679.96030449146
35044.47619648848
37487.02591075461
37596.14257790719
35641.47743465599
36433.20408046879
36728.860385820735
36272.93100413694
35773.47287461224
41836.91978992718
36937.96186639453
36509.642191359395
35681.86994797131
35464.65928396093
37741.27990334525
35675.47442619783
35856.0926099885
35455.70439770202
36054.238762010566
37178.23719075632
40483.92857995438
39217.85127326828
36456.44311271628
34910.109168774616
36763.40207716308
36238.37381787851
35850.462272544675
36668.00064212175
37466.26890805112
36407.66898703385
36585.8231988292
37100.95060452278
36393.83010829332
36006.4538783924
36395.72159232336
36374.17628768167
35926.45228970971
36847.75818980254
36659.14759806249
36418.7038235292
39990.72491355106
36017.993820069016
35333.756206975915
36600.14941727717
35620.38188910136
36231.28809313032
36980.42055850801
35103.16359119196
39667.397443577385
36239.5571126526
37013.4665709409
36430.24637470301
41291.144888864044
36962.90676579753
36112.93140627905
35779.31631525229
36092.775338371204
35697.1991185087
36763.68315211069
36153.6783794572
36946.642739965915
35863.618359312226
35653.682958539386
36018.47724137029
36124.80142042932
36486.00225144255
36010.83560068885
36429.93943042045
42088.13487379692
36083.76108405883
34875.66604630949
39458.38124814884
36089.992840463776
36181.252536747474
35944.387216483134
36835.58877333836
36262.93891415242
35653.35603591403
35529.79454458662
36277.58084197934
36300.29353872424
36272.34603319305
35911.64155444488
36654.588829067776
35607.655826100454
36716.224745281645
35994.62406828468
36131.13596293035
35443.849851874926
35376.775807896825
41795.89507144959
36156.95195345833
37029.44294065324
36795.82638380872
35211.929996281004
36159.87106081288
35711.45309406477
35752.45587372399
36685.23092914108
36074.41060948342
35885.888161894836
36199.71142049941
35687.83869232299
36391.54093476865
36106.024727122414
35900.402951026386
38483.15376630048
35175.82172085248
41923.09978347223
36131.3053235499
36617.02512827663
36581.467181831176
40904.052630811566
36255.57235985363
36354.909009783725
37465.4534271692
36933.15987745753
36629.21559349869
36509.44261962276
36251.12341348244
36940.71233501978
36051.88673153158
35470.8932156422
36050.72761321624
38357.79200300779
36028.33131120354
36301.73400613865
35354.62675048651
36411.57966101456
35617.240102071366
37016.07580804174
35238.878654589615
36734.430601854474
35126.43818384551
35491.806181596534
36461.14360016959
35582.95433565872
41757.82758064591
36610.67256822266
36340.83675060139
35294.817152895695
35915.55938657966
36065.37528438192
35556.55080299925
39230.40795311676
36196.04623142857
35417.73595370587
35989.702000803794
35640.170699045986
35605.44501257069
36287.872855646245
35778.37957161741
36766.17763558433
36651.57818347771
35256.8874071987
36452.08831357722
36694.48051669322
41636.145008177315
35059.86893812105
35888.168889721266
36229.58005137492
35303.721685634
35768.11851152227
35335.53024113724
36835.76022397794
35004.946104719886
35936.12211365682
36270.12634953059
36275.201869266704
36171.61469012937
36504.778182090384
41329.593095590004
36115.7782890325
36764.03474348978
35972.19637644826
41753.054049139966
36377.619427490616
36112.04600267729
35153.13496603885
36208.6676086221
35756.20412845454
39570.22862219844
35898.06411982784
36229.11911312262
36455.7746967577
39686.983461943666
36498.36206031944
35525.32945928748
37023.154740738995
35832.83659206359
36696.7381049362
35858.06379054388
36079.530448834405
36662.82915296314
35943.254693071394
36610.18264240915
36314.52167238477
35264.04427330149
35225.91122215518
35976.673801926954
35496.043539414524
36041.331926266175
35793.047724342796
36068.8199041246
36041.10924318111
37813.11605975174
36161.239298844535
36525.943917750694
35223.550679344524
35094.933544673004
36413.86415274166
35514.9787451026
36643.83186966949
41956.86232541199
36004.00160503464
36192.958061351404
36254.585796246014
35442.690718720165
35899.11495619864
37238.37337244212
36271.96699954132
36411.08942732641
36038.99826965131
35623.54914211974
36812.03271453094
38196.762656026134
36343.24240936716
35538.14824219971
36113.277905764386
37190.636314743475
35492.058238567464
36630.93283382407
36847.7553137292
36651.13003763456
37327.828656033606
36574.31714786576
36401.581343412596
36075.85533163162
37881.22946144121
36509.39478535271
36579.7685897532
36010.00588704068
36635.02412331514
37253.47456872432
35776.92707918261
35514.513458632435
36041.38308058403
36890.37804809951
36785.11522041106
36883.85087388532
37033.629204277066
37513.34164289261
35963.57555329252
36239.37630894443
35838.15194238158
37951.36987247003
37122.65686873814
36142.49815704754
36185.48056684594
36102.06865559905
35825.33748704383
40724.62007025561
36202.55868383414
36619.592083006435
35804.082627073185
36303.150030048986
37993.6658978612
36366.05292814173
36592.27233512448
36920.05855888023
36064.99491800506
35954.1305406533
37294.02701524994
35945.955902819056
36364.640068514775
36135.24425630322
35048.55783645961
36611.52285958863
36367.85559456308
36003.9300440513
37426.07555014898
35523.51989534932
36626.83811531412
35167.82880863846
36630.627762386845
35352.97367576802
36400.42799885676
38381.47890699201
37733.30117676279
35504.38285532038
36016.68028740673
35582.06777824196
38211.15741045707
35772.03635666986
36121.14468594765
36675.89968582353
36400.804664600524
35849.1695029511
36433.28894521071
35502.00648912166
36483.14637656835
36585.638209612654
38604.75341451624
35277.75932016894
38400.671860729446
34826.14968791779
36619.52514125665
36766.93170796386
36253.8915579765
41774.07005643927
35441.9807305724
35564.97700485746
36421.59759444784
35556.95814583116
36285.6734650482
36346.390161389805
36278.155759118934
35966.568812962534
36161.44016459605
35927.30973825867
36314.96495324352
36007.71490505272
36546.55689512673
36334.11538589259
35996.21358467209
35651.89842975375
36658.95312956772
36831.756227097554
35640.231412366105
36663.478741924526
36893.37279017253
35802.40376682678
36156.281673319456
36355.10476228408
35398.40117341272
35942.71485835824
35641.95390294814
36081.963603647106
36117.57460480543
36112.95681223066
35488.3491417806
35334.838640052425
36894.28047624304
36549.000843458394
41151.17912890283
35878.57216365251
36932.73713342242
35834.2616956187
40792.715323798046
36608.10639446946
36293.13378957414
36632.85926324326
39162.569167005466
35933.636801964436
35667.4877874498
37068.77376134739
36604.351060726905
35760.485893897705
36743.117689835795
36012.13840211323
36360.70846626249
36445.696767257556
36312.921927059535
34788.60795050309
36431.31926647837
40262.727177278095
35105.19243712819
35835.06924002788
40716.008813134256
37390.13612344445
35563.32182857657
36137.51648880577
36341.03068055486
36655.290225541736
35500.914140110195
36662.21314975612
35849.07867636601
37218.35358974603
36618.53715134555
36003.556453865865
37336.74574854981
35401.453741429315
35642.090403928065
36836.24338599838
36007.01266955395
35788.789541750084
36085.88562942326
36127.609065788005
36034.116607301454
41374.985739499236
35887.31420335202
40040.95024325154
35859.51918026505
35924.41400024429
38345.60770843039
35820.06628567741
37114.448806566616
36226.44129794327
36271.107201547406
36625.90126579464
40424.51175287804
36640.89175430414
36716.018097153305
39501.59568232311
35708.07492600116
36669.149465357135
36823.418952094806
36076.96843602332
37555.5964269425
36415.03059064358
35823.846883770806
36263.67012784511
35474.09920741513
36701.0489439064
36558.85164072308
35079.98503243247
35909.74690929034
36678.0149737107
36419.41384231705
36353.232980315996
35598.093208854254
36620.39208626224
35806.43214452047
35387.44430050294
36242.37215134363
36273.8770594103
36228.65223450642
37088.540528464146
36835.25366424287
36665.44898386014
36449.80826959365
36251.19385107916
35937.49887483488
35591.136949516025
36077.06970013159
35211.78919349043
36014.601380669075
36084.31952060344
36488.501446229966
35693.58110625562
36268.83270692104
35829.174861551604
36957.07748657717
34759.0936993963
36332.86541616295
36507.58184677816
36005.89710936858
35858.8518578414
34769.26373637095
36676.18855305928
36952.88584780203
35958.3958410165
36394.23848051388
36444.79476302821
35993.54110561848
36284.241411236806
38525.693543686495
36902.841596896425
36459.467857132324
41809.65889260657
36048.948990296616
36781.68154579695
36446.93939798111
36090.68620375582
35623.28499393024
35653.81047791464
35646.87520675458
36394.669891891615
36172.32087346134
36752.477734263346
36555.74244255982
36218.33548260564
36626.74763991115
39754.68227143885
35775.05480112016
36184.98347684963
36146.31435175135
36142.54269361256
36206.502868007155
36771.68147538277
36444.58578596291
36477.61609727589
35466.24401415831
36585.63258685414
36339.01318874038
35859.85608770223
35975.14980270975
36730.04722712967
35953.9515311505
36696.62480858082
36243.24231544416
35832.50744033149
36152.29536082021
42147.715931526785
36642.5494696593
37146.169499622956
37504.19949298482
40402.04678031847
36669.73315697718
35562.98869524529
36542.92540626354
35406.23752459355
35781.342681296665
37021.875098965174
40011.448270917004
36156.210990000334
35590.518675293904
36022.86599521483
36493.422942608355
36349.2460043033
35538.88101392535
35947.21520517318
36321.201013941754
36861.02456944176
35530.39607342243
36562.7324360127
35883.58211999289
35752.17208226749
37297.08937491361
35755.46099023749
36701.41682649531
35557.983324762434
35180.54084499767
36815.3960779776
37616.53935127234
37299.50413075609
35982.4741857531
36614.51216417231
36727.47736429989
36182.314116219495
36346.4954051268
37216.00183279324
36819.357948336954
36223.16918636027
35878.74146975524
36157.330339276894
36245.01487068529
36099.23993062962
35475.82398131433
36439.8507449178
36548.93899531124
37259.38366828458
40031.094489954965
35918.74340066085
36307.31753648389
36153.10954694308
35960.171325782634
35128.388072401984
39574.20987754578
41574.52490349011
35432.72997352933
35649.73793654086
36163.3463804127
35956.05708379393
36428.31441856162
35483.04400074638
36013.48586963761
36379.60976003165
38092.25283581488
35670.660064841126
36519.36217168898
36075.88169482952
36300.32666122199
36481.6222034659
35693.55322395174
36535.613974338645
36489.13217248988
35453.88665305749
37112.60705528888
38092.323470958116
36383.49923973434
35925.82293817529
36861.478756352946
36490.39487619903
35912.18076247793
36038.85642245954
36220.76016077762
37685.11797597435
36760.87829540165
35812.086968100106
36554.36186582577
36023.3780795046
34918.98199503377
36367.130747102565
37707.92770426677
36686.33218172686
36373.15662778383
35352.484955373875
35104.99736189235
35753.5265559077
36555.759888326575
36360.88476428815
36738.58418592428
35638.480174807504
35937.98207897443
36121.88798252083
36665.751451999095
36464.967583278216
36131.36011121547
35434.6340238006
37201.81883164705
36542.10002019202
36096.452043871366
36639.20583823128
35728.93935660118
35427.58477307297
41865.17459139915
36041.75496646714
36715.751160820626
36414.64047099678
36243.84560915115
36255.32583552096
35788.13927200063
36339.28547977149
37021.0890612407
36465.37031978923
37033.939413517124
37821.46079750539
35247.91508552374
36794.540041901055
35563.53551246411
35537.90854438744
35513.683828769725
36282.185584028186
35452.42355123974
36567.74967335699
36305.498203603325
35817.10282809656
38198.05414132931
36708.9727241358
35463.70973478559
35244.71855200824
36497.74249131792
36160.33312588487
36528.335016339275
35963.75893637841
35022.208144133474
35563.75044787696
36922.13734573418
36578.55982687415
35912.222650878415
37098.028899398916
36457.73930867218
36771.836657428554
34796.19882838288
36566.71350148143
36159.44832143659
35824.539798153324
36900.701423471255
36784.08295108668
36052.692022443356
35436.705674111945
36117.407737950576
36687.36082113335
35401.810979567155
37378.01375521327
35602.930040452775
35026.005577710726
36573.235196760405
35764.84138906074
36446.26682241526
35760.68696444298
35834.18149331975
36124.5064198486
37285.270633046086
36519.27548801699
36126.329070508116
35166.602230073346
40499.236588420084
36334.5198762156
37003.67731998729
36348.179530794645
34962.579432886
35316.18186524865
35879.55232137093
36131.4465754368
37207.585717849455
36069.1985392491
39970.62318872889
36004.99937957301
39891.75366654514
36409.67374498767
35913.50040254232
36645.34781751521
37636.79850461372
36464.12128629939
36197.72594595532
36171.73159295542
36304.48180012645
36041.12757464864
36481.45283824691
36428.6747196636
35980.26584283408
36185.77338199457
36319.85390283483
36702.891192099225
36569.2238424781
36460.984589329724
36973.23776663744
35650.88109459762
35737.42457724309
36607.25684761658
37174.60250733485
36012.2980084519
36281.22953004524
35873.39930726978
37103.69304888946
35955.690019762
42078.9411362731
35858.32242473231
36549.87894076982
36392.93221674466
36320.35907169615
39371.17720586934
35460.42716957293
36738.37989086827
37419.783833910406
36556.6395439554
35520.21157335538
40300.313768196174
35604.816138954564
39266.49435818649
35955.11817023452
41207.078789939835
37133.86756122032
35737.37356798413
35105.247521356454
36179.97331373923
35528.23792916975
35616.86947052264
36204.415138709664
36324.566190743426
36901.529561686875
37374.958481835194
41507.83416895893
35647.33082081036
36422.08357443325
37508.781611426966
35241.08210794494
37257.55570580389
35490.403254717196
35183.07583112272
36301.492626804844
37101.09809092853
36597.76068592992
40335.726248874096
36665.884412082894
35798.86262578461
36479.84355443046
35722.18923735842
36567.8461067966
36924.06082995912
37457.827489523974
35925.937871659844
35762.631060642896
35811.24978424338
37646.7870773071
35012.05076650502
35481.41021418342
35986.67127458878
36745.842806049484
36219.544530385196
35450.29676388259
36270.31956020569
36527.183446138806
36282.98042278938
36297.63883603844
35959.62306445038
36439.05441993494
36278.06831826204
35669.56107218124
35953.53050996885
36252.36845133642
36187.25097893233
35821.2560693253
36003.61745679123
36961.31669839763
35648.58725712438
36041.92474709344
35859.95620027677
35950.28216075068
35819.141412015655
36129.073085862634
35225.96044041254
35671.10339889146
38841.080216024515
36340.253030993794
36327.92948847373
36591.68921301384
36618.999527184154
35406.495177103316
35902.47666022331
35665.93375188166
36983.88912720936
36772.09225426965
36697.50724442813
37822.32866785653
37329.66811988242
35867.4752575004
36123.56722591128
36243.51171101415
35904.786792941464
36555.28676305767
35766.834663506066
37250.17353960675
36815.688763672435
36115.185489887444
35995.963559866585
36572.39465141568
37148.1073906489
36118.31402038089
35768.144199088034
35143.016051242645
35277.50456093834
35740.88896665873
35748.422059736164
36579.562891778856
36577.54005547222
37351.06160419043
35358.03634912756
36363.108039400984
35719.89116674996
37349.59077161687
35403.27655372803
36784.77937850712
36132.030306481865
36059.83362975285
36331.22717972026
37302.10029024635
35414.06075945585
37207.76777145398
36432.95100011471
36589.61106216106
37058.008558786285
36588.10407143887
35806.86392302633
36452.71173463778
35437.15284721339
35274.077311555
35382.16942179453
35270.1676097127
40552.0167643947
36177.60682162864
36337.17124264459
35930.096905835075
35498.06500929365
36645.07867471276
35859.280387764375
36815.303445699705
35716.40671279348
36340.72212048361
36802.04340195287
35982.41643942695
36895.19330219108
36496.22893420811
35920.83731278416
36455.260817568866
35491.66626793066
36184.787143433234
35626.7198434657
37007.49020692566
35113.14637902683
35632.18463223371
37023.43111975034
35296.79719991853
35676.49809566405
36047.01621247712
36388.04845263098
35931.32220009239
35794.489394976525
35513.98924989962
36008.74605240343
36390.682148933694
36111.09701094196
35701.965429330856
35372.74270555863
36307.14514658152
36426.86702531568
36295.66571085273
36655.282320105296
35919.05670087816
36353.98364901778
35719.54019301387
35790.8152138879
35251.90944264171
37040.86626385413
36602.595123253406
36843.63383092274
36215.00836563147
35667.64030045406
36757.23245532838
36930.241399429695
36905.75698852766
36138.95603426661
35824.26382266455
36502.80530381555
35378.6197532742
36514.86032536388
36370.66104848828
36301.494613796654
36293.791333501904
35818.49054199507
average revenue:36479.31516122455
possibility:0.026