36716.097813311535
40554.6060229535
35559.25644276993
37587.43697251532
36128.070458107315
36051.514532541965
36181.0105329304
35734.930924827684
36813.53306477298
36322.864073881334
35760.72165556965
36632.1864164684
35914.234070804145
36781.62889347751
36505.77295295064
35981.53381811964
36727.235382423045
36198.89982092642
36029.780673320296
35865.32557727248
36094.370419600666
37046.59264768844
36632.642323085296
36468.08680154222
37212.54324680372
37006.35908171132
36407.67060028924
36747.49037869409
35655.664048959625
38176.114030664045
37226.84953066156
37561.99128993089
37905.32722770603
37074.4495729219
36344.15635544733
35751.91047313066
37374.16851918561
36075.94751085484
36450.78936301456
36374.93475010958
37058.83193333366
35925.77996411722
36351.136451684404
37522.91084353292
36166.25949543443
36184.204030259665
37382.85304826268
35643.362343681845
35955.80029614507
36659.36390590432
36548.03653081496
36396.67220986985
36434.38954652902
36695.96459676565
35704.989808098326
36247.897204371155
36665.49701619201
36494.396130573
36270.470186233586
36091.42299790016
36796.08518946022
35799.111767056515
36523.44690731203
35868.13004801144
36249.33469179131
36681.42490216341
36227.86320516465
36559.045202001864
36176.17794706718
36538.316804806105
35848.13997826123
36292.10910117568
37029.19510823781
36128.0283525022
37481.26593315127
36426.63549259779
37386.87968789693
36015.61955170141
36703.55429539472
36138.32843449551
39377.02868807308
35902.376189844916
36848.40071888576
36366.56692792847
36665.300853647124
34714.4602537864
36463.61018828355
36498.00872790442
35841.49484236051
35900.591187613725
35500.533329716316
36443.33940705604
35837.28960905215
37740.46464891329
41884.75940178356
37736.554534059935
36701.83649276354
36341.774308656284
36011.10404332359
36469.80711692335
36396.859893343935
35761.01593817846
36014.719836368764
36184.973309015026
36420.20943051139
36161.106367618406
36391.42035685614
37270.14281180533
35688.73005096199
36534.71738850021
36829.533028048085
36803.81591657342
36174.61301273159
36487.743709808565
36376.20781974197
36213.34620981098
36022.425455111304
35657.41946090181
36523.19614039014
35695.96512032519
35907.08946682002
36643.89520112908
36714.1326105787
36510.295924845064
36713.03374092926
36220.07931613303
36649.969493396915
36595.95254600189
36877.60176012246
36187.47892115927
35946.621141040996
37043.44749712728
36290.45149309476
37460.760659730586
36504.81957999392
36699.48352063822
38279.77504262133
36044.74647288407
35496.57688514582
36025.778444981166
36181.50322487941
37370.974834710345
36419.50017065631
36402.747434068886
36424.41255643198
35518.5427257124
37045.30546282147
35981.680171715125
36014.436166748426
37715.69333048442
35191.08769042602
36631.270132998805
35915.4303467522
37441.21024422289
36000.92022521977
36411.76327838339
35548.24676697072
36461.55027528259
38845.8374749901
35092.94351303435
37386.08501861614
35139.570525569514
35962.50248830925
35733.239902775196
36502.94216473592
36154.59858431655
34987.66536541407
37731.1585396439
36446.61813681175
36343.379628998795
36806.98685746398
35148.38285496945
36737.03071875086
36532.28503364793
36299.87761122812
36290.24011397625
37033.76758545788
37057.801511068
35331.97190940523
37118.822412803354
36529.11311155383
36726.23844961094
36959.33939138031
35872.318394749585
36047.90802059326
36078.49013565117
37022.489627831936
35631.40937972087
36488.50458901953
36943.82806737784
35835.743834061104
36274.04170575199
36265.304561374396
36165.196963848815
36082.13151851091
35231.89844961094
36379.94417615344
36639.619691595086
35987.09685566274
36292.96365828396
36048.830176656695
36341.95770691856
35311.34439746966
37006.08320199909
36857.22139611675
36247.56871095388
36702.89763956854
36213.64886852257
36377.029771270994
35904.74014147072
36937.21272384033
36437.93543183422
37145.29589301365
36442.042548372396
35701.43143636558
35508.560571261914
35916.12852645621
37167.30797185984
35192.685507995724
35295.777921546905
36956.72561930713
35906.89867774833
35814.23659505506
35657.17792375478
36277.635393206416
35641.96615660812
36616.65939750148
35692.75063293517
36133.717832941846
37382.870439370476
35610.3767292121
36827.0755833386
36194.08848753135
35341.93745388926
36038.62631853214
36673.48261570052
36843.88202825223
38353.137502732025
35753.00157506967
37212.73274643376
36419.56498067326
41262.37009688679
35874.32227066656
36159.65039715049
37616.9027457372
36369.76784776665
35433.719492242606
36498.733718924756
36271.32085306486
36178.61797442378
35994.434140200814
34553.963955272724
40713.30499894272
36471.99815920288
36202.768477399004
35739.3732207986
36475.931769276576
37660.39835031493
37184.455465992774
35659.580287812736
40733.72218453471
35405.416874462884
36444.04722447955
35841.62818642929
36006.50744838565
36680.739748820866
36717.288074560034
36112.906661018096
36221.243701086554
37082.52798866046
35968.68729453858
35693.67917833279
36559.25985285661
36222.39219913399
37277.901296628675
36962.98856224771
36510.96382368591
36293.39226831568
35623.471035975876
35928.59372053352
36177.57813681631
35713.661291244425
35418.4172242248
36294.53123374465
35977.48929822267
36257.251537156604
40768.1106941659
36432.31498062788
37521.57760325864
36724.27188363842
36111.16948238582
35796.74984413311
37226.27946186018
36215.292605793686
36180.17479913732
36150.000771361236
36546.6174178225
36183.16895989244
36298.64294942474
36061.73493508085
35977.42383945466
36769.28889052457
35841.86526354118
36720.48010192737
36035.500103469814
35757.024444778865
36142.58658165698
35917.45075424393
36988.97460007229
35971.88305574316
36552.58338324472
35750.36538786544
36222.08614308204
35301.017746573394
35651.111730437646
37535.174384882084
36324.500003821966
35892.7751995624
36904.74531322773
35984.38899975728
36015.05135072079
35676.98341808545
36886.78522707049
35619.77103233419
35783.10499727681
36961.64382465433
36306.31667545696
36353.707865668446
36312.290979921505
35803.189199846754
36725.21463819427
35718.0810882243
41205.00027381451
36644.49313025311
39778.81524954779
36130.98235795981
36426.573535094474
35311.92403721729
37327.56863959546
35532.568235733146
35942.42401313545
36296.77159946621
35832.7773522361
36007.850296615
36209.47612842093
36824.06580161702
37370.44042610471
37258.99961554424
35170.00698908577
36407.7015174157
36609.88640280839
35989.56403021274
37298.42948962464
37589.645436115745
36078.298719886254
35366.872277434035
35784.77910602022
36471.504853128885
35375.128044228135
36761.221541601575
35965.060338654
36869.60838072369
37679.333150008744
36662.373084995976
37279.119987217906
36584.73285277277
35746.72021383973
36056.70290419749
35529.992775043196
36496.115919333926
36186.27586181528
36188.42946125342
36210.336994504345
36228.81233705608
36498.68017523089
36351.68455659527
36912.8612193282
36019.93814483254
36845.788201003656
36339.58000210879
36293.161246485244
36339.3390196528
36463.633144843174
36327.49381230257
36027.507350333835
35677.28506970008
36132.981323189415
36043.13586244842
36739.71017784808
36530.65798532489
36612.25268390667
36664.440205281004
37196.111827551635
35969.53883406605
39645.416463658905
37289.22538969132
35749.18692758932
35982.161458168295
36755.36097587459
35709.466888136114
36482.0280480242
36488.27503349446
36037.66501381305
37350.90183181268
36442.898990712805
36115.25581821276
39977.610332595264
36532.75070626216
36218.04365162964
36393.99198494793
35601.5081802415
36575.877885403985
36496.647182989116
36043.774441413654
35903.30275802021
36736.26606581871
35466.10415849163
36481.66461853782
36381.30681444729
36692.276834493954
36395.30917999807
37146.28855418678
35691.68356959356
36214.38805014524
36736.19974674898
36910.70689302809
36666.54375048704
35831.08437883042
36485.20752724667
36313.596302643986
35999.72732702115
37150.33783781037
36324.88451121407
35720.581916418465
38523.702635452144
35120.13548732157
36913.865699528986
38954.63637278718
36048.65466519821
35533.58166383952
36738.00007301323
35996.70094506232
35945.58419489038
36213.44314066973
36076.56172643755
35745.66922949
35694.317474456824
36061.98108690781
36137.679887657876
36937.45773543438
36479.16827432132
35199.104576154066
36031.05832108104
38305.35603696279
35604.63291092364
35752.51384700326
36972.29643277607
36243.20354002868
36843.90356466105
37347.811404021166
37186.019797641515
36428.90882361598
37590.62576493
36529.28778183025
36405.036432962006
36709.56487207453
35664.0598212733
36635.9908233175
37805.20543684159
36365.94799548357
37013.351272725624
36921.72378118757
36140.746252108744
36720.52436471276
37679.776012458184
37594.18381463119
35924.80140006251
36355.80458758341
40933.23137606821
36545.37755904323
35812.83034828438
36693.91635514051
35471.24793743985
36323.74867353871
36065.53091462781
36555.48705819683
40071.750678803684
36084.58861111213
37232.15265544607
36639.12066183803
37675.35895788628
35474.706142680814
37565.28710894179
36537.127797022426
36234.51364298591
35507.29123281034
36348.40478517759
36122.56175970149
35578.9975871773
35873.4117441968
35566.33092843258
36607.245069865356
36162.406456539684
36214.564009482245
36771.61772847687
35945.86740863421
36100.48424283856
36642.1145980459
37421.21404935921
35974.832294866545
36240.221123188756
36569.192017485424
36117.35123559535
36487.79561918765
36825.2128286585
35857.15193805034
35645.51404815877
36865.38240196331
36595.61953284354
35846.45025122895
36530.35428320069
36736.35309979031
36410.379709093744
35353.68471422985
36615.91863700902
35734.86088189663
37374.759155979285
36007.17438682551
35696.64104352581
35800.040366931455
36039.902884054616
36153.84955745942
36234.348565183915
41423.7446579209
36271.28987938495
36594.25917414519
36703.06833317746
37031.02764484586
35914.446789768226
36221.9513103439
36460.116853223815
36605.75175054237
37552.406008159356
36076.755141328766
36084.41056554302
36112.00683740065
36319.66507324928
36631.66180234016
37181.295520939064
35083.34458910318
35904.59083905149
37573.39182899511
36635.25911209715
36583.45155868764
36525.58461824925
36949.48216900928
35838.431165977716
35564.0391686978
36244.23300111943
34905.35012686444
36211.035114452934
36419.30676580789
35986.444211985385
36731.35830989763
36047.10572732639
36239.949145426646
35731.670253435965
36244.47291164609
36389.455186797866
36121.82115904071
35783.99672066729
36250.761471146485
36615.060392822845
41753.289870355344
36332.844249436675
36506.26539118525
36381.651938277
36538.42389496483
37864.47823957983
36165.5717344097
36582.68504521521
35759.50182918643
36706.73789124355
35714.38688378184
35422.66534846371
36352.09297144589
36312.26098835809
35220.26406614222
36584.705515188405
35934.04211911932
36012.11502307999
36719.89019602082
36081.078416808865
36987.13410449281
36399.90573989237
36459.53117525153
35931.54632227381
36292.92591426394
34816.90507882905
36921.76566642988
36300.12483765864
36728.82153669601
41550.74349409991
35757.634629770524
35849.2555725332
36901.3787721931
35800.86551852014
36065.86088857239
36376.58724512488
35549.46891283264
36344.77724552609
36563.00723566229
36231.160706586576
36310.070597130005
36780.71174377903
35993.853403354566
35842.36080039082
35868.05429811005
36431.458377313946
36139.23906565511
35546.84576912057
35864.768962139045
36838.560763594054
35931.42676764967
36959.90188394125
36024.2253734914
36399.6997873011
37137.44233225077
36726.502845114606
36973.911154639616
36002.88146201923
36337.86528326744
36957.16045848364
35055.246993292465
37065.86883738024
36257.10249692798
35568.673656771025
35864.15603743773
36276.50382033702
37088.22443207437
35662.83438896608
36821.652229650135
35789.76417188206
37568.0603228691
36314.7775859998
35854.9295548282
37220.87258890569
36765.24667605524
36194.10601719278
35766.221645405894
36232.13805139786
36076.40555827991
36473.73587587507
36898.52201827494
36180.344995255145
38469.58795318272
36502.68729916742
36866.64689467454
36183.04052337965
36481.15421685849
36204.856234685794
36501.59984606962
36584.839697359974
36142.21289337774
35988.01228121257
36838.85157452711
37475.59641061505
37005.74063548673
35208.84813692243
35471.954440227455
36249.50461835689
36219.151322316255
36353.792571416154
36612.677824907005
35888.984595555026
36548.6878491969
35619.58112018862
36279.93953381181
36224.07172147632
36491.50140130319
34660.84486475277
35750.397054973735
42101.42756333957
36737.370623859
36466.50878751014
36094.84427691706
35729.47942360161
37043.11907874731
36391.02577914103
35946.9873706876
36512.87113344121
36944.575274432
36427.30582772866
37483.18662396107
36227.676701554854
36140.36623965967
35645.360172229695
36679.24299894344
36986.503487780836
36746.74676867537
36212.55065259695
36625.17771130152
36072.66454226249
35838.81580539892
36787.86672520395
36211.353213501214
37114.36191782178
36585.841610152536
37050.505888979795
36413.93432351379
37016.375782009214
36017.88355589453
38948.910344783166
36047.497201700724
35875.69483959455
39173.04400254634
35869.912493136304
36012.295832433534
36093.83468779748
36476.91129694841
36784.67189415777
35274.86890974054
36031.94313842638
41603.91006063863
35903.42121371446
36234.899768576324
36516.852772988124
36776.27985211458
36774.72015913657
35840.38995878788
35795.30188806329
37778.55193012114
36200.679671325925
35700.27305404143
35399.84828220517
35852.19127596518
36907.98993321737
36455.20730149798
36388.294678563616
35233.38134308697
37115.08899325876
35618.265978129966
37931.323861194345
36007.564546510934
35532.15374599577
37018.957407782174
35791.8764989749
36804.868777118565
36155.01168694411
35627.7616516592
36170.37719192839
36878.74259622324
36592.10200907676
36660.81132042203
35896.36647796982
37740.79194822253
40010.61866012606
36640.62480606376
37040.841479487266
37522.69560756755
35790.83384287841
36150.75989913555
36391.344013240596
36360.81085781181
36321.09538707301
36243.93550215617
36592.83483024362
36128.6660674114
37855.26728956146
38801.832374796366
37105.98173774732
36117.76550518982
35303.12147671676
36798.725736095774
35470.369414891546
35909.98302904737
36324.56279840338
36777.93364061601
36487.166542424595
36205.817576521076
37081.99242350869
36085.88697113412
36051.757957809496
35550.847397626014
36939.56551865292
36260.24995950544
36368.042947372116
35456.67932762612
35842.85332255865
35716.608341976
36482.755099531925
41053.26948773361
36024.77427368959
36210.11672711303
35355.14677502634
35722.53209177634
36167.93045758013
35593.79146478406
35235.571872877685
36396.15926878241
37460.87819071122
36153.04503764336
37676.33704547617
37017.42137406124
36272.014966033246
35147.66525973865
36571.29860332379
36129.04989690549
35931.30425999368
36180.326483996236
40166.76104765045
35913.2181296185
35565.26301991372
36479.40884897412
36760.5057172152
36434.2204641361
36233.73705709679
36353.97540851613
35916.77561755269
36198.91122581218
36614.5942102656
36164.403192359336
37123.767007106064
36738.91056274904
36230.08787460273
36278.90833093014
36504.968240687296
37051.68944134858
36091.56361673376
35935.02773481369
36129.17617941867
36178.83096166353
37339.89172663199
35936.50546270714
39173.94646416821
36636.40599021865
36467.393104774055
36560.513882524196
36787.10932034568
36412.89914670418
35983.873883423985
36007.00668372242
36072.42710866549
36640.968009081276
36281.68987628098
36296.57409139346
37211.39753338441
35698.89365343486
36451.82276395147
36950.898585822586
35965.41567123796
36684.39235840484
36339.09144379484
36654.702151065765
36720.144889090916
36606.82650931831
36407.64126342985
36929.56913236439
36455.014708569506
36100.77690449807
37069.273193430716
37305.181030253996
40492.218546568794
36506.27066645502
35266.15020220384
36050.93565592073
36053.37237558929
36935.410107597374
36391.85938137951
36126.32863804522
36987.88707004253
37174.18881020764
36675.19508200141
36354.042289005454
40262.45890036756
35901.463870880114
37420.66621303416
36967.84895823896
35813.60463293121
35740.1430367255
36713.288741626835
36571.754818934925
36259.84664879414
35856.81183699265
36002.98708732679
34936.42392852507
36557.039890383814
36282.277098556915
36151.87374586609
36690.74815945106
35898.062124543685
36325.01277522695
37177.94977866268
36803.40696128452
36644.56903957405
36466.44636752577
35893.96965144012
35644.35054100109
36805.28926705464
36202.40313949817
35853.62943937537
36774.482317328904
36240.44364628178
36275.57277848719
36388.0269738229
36211.953515180256
42136.42001820834
36796.814513606245
35732.350369504304
36579.24910100259
36773.393424256195
36646.196602884345
36921.26588716985
36351.049683795536
36729.90950917108
37061.15478914679
36087.520423912305
36627.414200633866
37848.06232882291
37735.67150326741
36471.8821471242
36117.78504872804
35027.02752556478
35922.945888006834
36878.47500463849
36193.33584324246
36823.96457547934
36143.671760109406
36076.89434259348
36463.69310759789
36610.22438639085
37158.41928187648
36697.73946618574
35300.418497374136
36964.440358359236
37542.77906017861
36514.8438616964
36459.447870783464
37689.66470991096
39929.482622012685
37295.90245409113
36233.771091859184
39690.34439183805
37336.73162916856
36391.005940852156
36021.947861330875
42081.30733286917
36191.375622816326
36169.509769595075
36717.46236948144
39708.116477350995
36105.60124932253
35840.69697664413
35633.0614248072
35723.01869921404
35865.62907906374
35759.26375673362
35033.38212960098
36806.91025631567
36593.22325574165
35331.580414842574
37046.21361612991
36560.86024645118
35853.15744601831
36177.21321533494
36285.02754089734
36260.813944875685
37950.870231185494
35255.1906296572
36270.4043771463
36564.763474117986
36675.019205415054
35955.434362517946
36179.74576955656
36245.58609904449
36719.50743332534
36637.90894868987
36539.392684782375
36646.743060527435
36079.68456648314
37007.12965272489
39977.11897029284
36151.52179910341
35364.99952568055
37135.00136510639
35813.571530425936
35895.58462358626
36589.296153822856
36713.94929255624
36019.47383578259
35315.81507667914
34866.31953213933
36315.3418901813
35174.45513751046
36976.448128227996
36711.74056054217
36767.99891796554
35875.94841580252
35873.88644632579
39788.68627684819
average revenue:36497.35001430584
possibility:0.016