36155.64083385962
36130.86528364575
36183.20976602793
37119.77231901583
36533.33674946926
36895.20337690159
35883.354444307945
37203.85665351327
36140.487669191236
37782.294685186076
36156.27428459875
35838.99545390898
36666.44378088143
36047.47356678437
36813.0280690608
36064.0108784413
36483.90543048977
36157.27176495484
42034.08230134649
37995.19775025712
35197.22801585735
36009.460350353984
37044.45730077681
35163.08616996397
41204.65883010351
36013.20179956927
36717.10455463391
36361.043929393294
36669.9279449718
36357.26540496577
36435.34574487678
35200.979701754346
36549.20718292287
36072.6681258624
36509.2690370071
35480.52981559833
37142.21728025871
35865.92088362413
36430.96035168749
36638.57005521879
40798.7092716721
36554.678974797025
37010.536458177376
36241.90570593057
36618.64323752094
36204.095091382405
36404.982245266416
37240.55328913772
37341.84556428631
35853.36809317131
40791.62339304048
36295.70367814814
36599.184197965566
36634.00575600381
36098.461346677424
36179.16717915693
42060.46828286089
42032.572928583664
37168.71893314147
35516.656814797774
36345.14732661066
35877.28068424897
39655.02106724771
41441.724723517
36576.83598876846
36268.5724533911
36359.42489880087
36353.275844716445
36090.53818803011
36106.79424983492
36498.98553889966
36562.1959574738
35615.04186311811
36658.36968349335
36910.311575633306
35748.785694423525
39311.772330445645
36690.35065336079
36822.03135422275
36321.07082737382
36695.5816851642
35372.498463243144
36439.8507402351
36231.21134582971
37551.28424477898
37000.673231365836
36578.28714435996
37127.661148595755
36549.844169252065
37241.689697792266
35991.87733114304
37277.174795047176
36405.59508136133
36394.92853720005
36187.81204087681
36320.953839860515
34739.512909765566
36211.361576295974
36490.628705824274
37170.05753261706
36089.41674285369
37547.77254980441
38000.83551350826
36439.581559975435
36630.31800259755
35800.32680181367
35930.14015605808
36679.6289093948
36983.40795678361
37192.59596261903
36621.487910429154
37369.02009527946
36596.7158096205
35396.53706426686
36943.47596538743
35799.508322114154
35796.94104514571
36359.716692350376
36161.58198810301
36467.35946761396
37457.64677626461
35871.8489035259
36677.768193629985
36493.2186668417
36160.72914743703
36505.970451885085
36102.37120531446
36501.62171317926
35376.96008164284
37058.963770281734
36542.265793444625
36150.30046680408
36170.04395745752
36495.03062275525
36729.467042118864
35737.19163013512
36676.9614076259
36133.38523780052
36598.44850973656
37124.61305511362
36754.27432379607
36766.22966302299
42083.64717224364
35682.81759104592
36480.96150178683
36423.664943207135
36012.45317941285
36589.822408851716
36952.71673911491
36418.56473008887
36701.901276473145
36790.98297800529
36293.483314951
36479.03364341346
36869.68322060778
37047.02083294306
36199.12427749581
36242.53342669172
37232.56625100572
36715.45421069861
36847.50897835961
35355.35700842729
36569.45764370482
36345.75641946045
36252.10161503963
35813.8921603638
36491.38157881831
35673.52044986007
37130.25523601647
36090.67986003265
37156.570582817956
36203.9126639901
36970.32532654622
36360.97773179702
35112.74210601657
36487.495714490906
36094.46097106029
35757.8816187566
36735.60138494939
35511.26403388397
36187.586097138534
36491.54005314648
40936.02108659462
40699.72189474274
36567.57352895986
36111.40189137376
36036.15227760477
36720.67360481614
36810.51240993873
36689.76672174316
36262.670121455114
41442.34775341134
35884.76655041436
37938.19003868121
37958.924950106484
36792.29197340647
36641.99526555767
36534.3625060325
36964.85759407524
37056.15794295579
36977.312818644816
36748.175409655436
37183.339857746156
36187.50000729045
37041.10786398979
35538.2774907575
36610.58185792894
37363.542574293446
36265.206512754165
35440.68080112324
35536.14641842957
37061.13055426124
36955.13904998301
36540.73529366878
36982.69686794795
35839.12186673453
36310.358199482034
37286.967794570315
36379.532747403566
37031.16444995933
36966.79130042869
37162.00343151648
37500.04024322944
37138.051265764894
36298.480642738505
35774.04276398721
35699.64359128202
36355.95313505093
36772.3728112814
36002.761685631536
36172.51350511678
36395.58993416441
36342.838011838656
37125.70082497368
36087.79222648495
36496.098367993436
36748.15632925589
35927.94254955871
39400.64527312761
36214.81431731343
36113.64511042192
35667.47101132935
36262.56561769612
35983.20957992101
36249.371408977364
36097.94062509231
35517.04864439832
37139.55712041649
36538.70519618771
37220.881842579984
36499.627374939824
35999.843657563375
36118.35804471207
37076.249260072036
36236.04360964637
36030.94739894003
37555.96013132287
36870.116762243786
36514.88954619934
36704.194845178965
35325.206330591034
36455.114484360696
36735.63358512632
35774.539639429844
36476.61866932865
35323.21373690454
37101.25353697798
35943.91404923273
36094.52594300447
36934.11400192504
35658.6909212874
36153.7010967714
35587.86185625245
36577.11039113031
37414.32022192961
35860.74660060175
40781.58388962276
36397.06092854382
35722.61647542593
36967.41408807973
36570.091292515586
36682.00533242131
36983.066980792726
37388.487467949504
36887.47583984984
36838.941569607225
36278.07198343637
36425.236335922404
35900.61330110737
36424.5448518024
37185.26855125807
37236.94409080152
41424.70551923667
36514.81956818898
36819.45319817344
36292.07188780077
35845.4476415279
36852.93349902403
35489.42526456084
36996.794152139715
35702.29470593623
36537.512120519445
37760.16172086888
37455.65676304883
36367.200023129706
36292.31952886504
37101.78586851823
36704.70302736041
36851.823915586225
36698.982395831095
36377.02391786662
36650.37953386713
36170.80301534174
36760.40282444569
35728.09171061813
35829.421323662325
36068.105793698895
35834.21985530313
35741.1596195494
40695.697909704584
41090.42386224516
36128.81811950921
36305.56106951037
35403.62875135303
37261.393841859004
37143.92124250628
36986.90877516307
35982.32207653615
41169.5157370376
37011.642393274684
35816.959930536854
37195.2210179966
37481.36380279698
36926.80114944201
36660.086260155695
35518.99954457601
36043.93107299158
36209.25321069154
37082.72798343322
36240.45706032244
35611.792927050825
36220.313707943744
36309.84084483646
37350.11875871173
35975.48815101135
36416.77247695193
35483.858033084245
35617.18230937459
35332.42885036261
36408.24806106632
36888.70167584144
35789.52500221921
36710.82006967973
37906.61978721814
36346.69285093757
35697.37381743273
37280.15130967712
36880.10425889136
36375.88547996322
35768.18803316664
36495.404797929405
36051.48743491897
36721.36739581273
35902.36618409334
36786.02214397622
35765.81107345926
36669.89585752019
36671.89993238783
36731.990951329535
36518.67772896761
36630.513750734346
36733.33631845079
36088.15543955368
37638.71807036399
36229.66037135115
39610.454364147314
36191.3081606153
35528.00139115863
36317.9784044887
37001.315655032005
37033.30624766192
36231.94383440648
37277.68663995689
35398.09411226083
34987.00162746808
36007.37595772027
35603.0507574302
35563.92567894435
36342.09943080452
36166.62587458428
36623.48545220771
35066.592367311816
35632.03031957058
36382.28699215946
36244.442903929135
36612.420961404365
36574.37779997322
36638.597869671365
36695.38506207469
37389.145806288616
36032.39999746209
37003.31047376807
36598.272607452265
36495.659814116654
36333.916324676255
36679.77285371283
38333.80834881672
37464.88244020005
36327.360225366814
36396.2455368796
36242.23222050909
37090.067985415844
36480.82670878719
35850.46402072894
36884.034370466994
36818.414754154954
36657.602290868526
36720.198927236874
36582.02928641637
36532.22991066629
35505.78285587996
36160.951174604415
35649.60945356665
36038.73227977222
36401.80558630601
35968.5485872231
36188.73328400135
36313.00793371618
36375.113796875565
36420.37708269925
35491.36837925396
36023.12007811147
37221.458450147424
35724.5508395455
36461.439708013546
36966.16386980951
36915.20829313478
36365.174281168394
36954.73630345392
35689.17510811817
36992.91413544794
35756.734007029394
36839.281864373195
36200.27655318923
38121.44621467996
35235.16201298053
36867.62369529024
36956.36566933026
35507.771124863546
35372.34725605706
35758.893698192456
42069.019067145
35996.582692290314
37056.09004207597
36941.15377515063
36943.07976654897
36354.137002175405
37197.707874149055
36057.52247955149
36253.50327737106
36229.207596097775
37383.52047908002
36758.66282474526
37006.07132836907
35351.26794555614
36863.91302325112
36746.69376178365
36480.222445854866
37798.22848313893
36501.046422120984
36332.38056917677
37444.776969081126
36857.20410630624
36605.69539488598
37383.01734448854
36603.95134544418
36750.23831248844
36824.04006258132
35693.71584495859
36471.78799392676
36577.63931655546
36794.6810161334
36323.522701640126
36416.529815437636
36008.72108683258
36712.913909548195
35873.27718103239
35787.691815048696
36536.72269202954
35333.80781017051
36360.65082687648
36174.22771163088
36301.29342252436
36012.071570742184
35575.79567958918
37215.65326192365
36458.8968704583
36412.20962317587
36872.00579221999
35840.63902478603
35223.4011393256
35978.3378017453
36318.98608495538
35644.7875590178
36456.253823385356
37486.07528951378
36428.981926119784
36883.76756055003
35753.45825815396
35460.199146846324
36356.77594024969
36513.2103634811
36321.841797674795
36740.77882815379
36235.53523515921
36045.14904586561
35956.78940509117
36786.9474267579
39858.918006597065
39973.46143402155
36458.77541624054
37973.88977582909
35601.87690782407
35899.57123883544
36972.46348128267
35921.39093114515
36413.685160340254
36919.42116210111
36519.98366357201
36872.007440188914
35475.99879650224
36082.436329332515
36974.25995216084
36137.57708423476
36963.4429826894
36279.815863333584
35410.09971098111
36628.2110448688
36863.95222280136
36590.73314722875
36025.81252353407
36764.92538489569
37249.11554958069
36594.062620529614
37006.253317124465
36285.446094945844
36294.994377641015
36031.30315618608
36404.633916582956
36318.72090339041
36307.831992179
35576.775389971604
36269.93353354535
36049.43024334814
36237.129971425355
36632.6983002362
36197.184248419624
39707.73415087897
36041.70931901553
36892.214705206905
35675.57844306866
36592.059336590464
36773.056809818125
36078.819661399044
37645.04008083326
36629.46417741952
36657.36362271621
36342.558210046845
35979.10277168559
36148.92509899614
35687.43756082673
36730.72798865573
36139.48921459676
36986.62560239437
36790.289748404655
36800.17106079837
35984.441350156936
35950.32272450351
35716.60085698217
36058.82707855203
38789.166274216324
36228.01051659114
35978.542404156084
36060.13733287135
36944.318183310184
35761.78887130203
39124.53643772301
37423.27320375287
37569.290815574044
35990.8786039534
36021.47518811048
36595.677039009635
36602.61293213883
36266.74707288666
36485.609516789154
36392.18757708626
36622.181796183286
36673.303051773306
37683.99647252225
37293.24658069767
35946.561314484345
36380.92732022955
37096.119443683776
36217.66872014913
35908.055243883886
36669.80871481734
36251.673916644264
36078.22039233242
35986.10724740917
36322.139271883185
36200.38184851618
35186.21444989461
36667.137722013984
37150.76333929256
38454.51341601203
35814.5151452469
35728.203591181955
37089.41358665034
37340.87833247911
35907.990380898555
36451.89666742519
36167.99751789443
42235.91955117918
40302.910714146856
36412.37155434813
36691.482776464654
35560.751082434515
36431.76872774513
37232.162914457724
36121.9334421319
36212.87366379806
35562.788168501385
35920.88433870603
35736.61257003067
37735.56846331956
36506.869249828065
37356.169521846496
35712.1019294057
36494.59595291567
36061.95712105223
36817.1164444988
36466.54404108663
36275.055380869
36625.78511205434
36735.16534985281
35842.117779813685
36248.69114229468
37362.4277600901
36049.814890607544
36087.893146005015
37249.54021837846
35962.52470153266
36791.439529110794
35577.32746472539
36653.05344083229
36458.68125471872
36060.711946619296
35835.00400541154
36802.68030543813
36951.386939597156
36269.362292210964
36558.29796392554
36446.88841331414
36016.18766232587
36971.74671926656
35728.21227524515
36739.51573169977
36089.87544770463
36977.81640355749
37681.37701967809
35865.51172122795
36693.13027358175
35997.865783879985
36384.399080834286
36618.83895535229
37360.770637019006
36832.81521699929
36078.03569930541
36455.44804224702
37551.28696864298
36715.22304318181
36855.58202307747
37088.18963586264
36825.59399433082
36963.19914538027
35553.92956151517
36916.44599849176
35488.1737794974
37071.135318043125
36386.88599758223
36372.6375304335
36612.70742684364
36184.021039727
35501.03681295711
39932.30421066732
37780.22784626808
35920.2719008891
36197.5549842929
37076.24136256502
36741.26044419037
36901.006468634114
37057.09023126054
35926.523056759615
35696.89333422164
36620.352408709114
36515.42400015829
35935.28963083727
35826.09984177197
36756.57191994407
35574.930524483396
35815.0429089008
36392.19483498309
35637.36588133278
37444.516005607984
36164.3635924174
36908.71819952488
36308.85235797197
36212.31065306311
36674.86013924616
36789.50894279958
35877.077254771335
36829.53311512783
36655.9333807631
36966.41750053755
36253.79508561766
36785.92766703965
35791.47214237285
36757.33514242671
36906.6295222767
36668.704261017934
36591.7215154969
36260.98353779139
36683.74097080513
36369.70506161335
36774.543484034046
36238.51469800573
35576.99269247436
36769.30982253593
35753.897837475204
36035.410790459086
37172.429071899795
37384.77248510417
37538.15633175835
36200.00927045367
35851.09046096647
35691.336414548765
36215.69576169174
35754.23468657089
35892.35953214483
35824.397923063865
37059.98066063559
35785.02086662263
36817.83302673212
35983.29595147626
36400.50137981709
36291.981960421275
36078.77880866676
36568.507917739924
35682.10865353688
36220.58672853589
38303.982544382525
35629.82483804555
35771.659559387
39265.7145246849
35651.371484516254
36811.42235949567
35792.42376281451
36637.698728109615
36264.49261050566
35392.28305202049
36371.387347076074
35435.4319823734
36389.061445997715
37669.998417420975
37723.00510109722
36573.84420803958
36235.407415694484
36591.26160766981
37252.899195307335
36542.552524744344
36047.423086644885
36445.181248904526
35901.27154386133
35169.37447407629
36707.007051282344
35852.0902070573
36575.96062644835
35768.5035062566
36729.472964044944
36764.23188748443
35987.12788471008
35905.36245799637
37490.68183415405
35798.89282116131
37820.424786524694
35991.46779457692
35689.332019751884
36722.74384346616
36618.81566282474
36644.408862045384
36288.22628816038
36227.12337861059
36814.29816924094
35496.00512935674
36515.49880656448
36184.553255120256
36166.13202969196
36549.36082980821
36328.18008370413
36552.847138747464
36680.025028221295
36791.78537604922
36109.7949883131
36868.893356806875
35466.32863427797
36987.96804287466
36177.057907202194
37012.559574828716
40711.944292871216
36808.054808183915
36085.38941959456
35684.54991288605
35978.43082471025
36253.81078770618
35946.40002606261
35904.12763557957
36372.30745154968
36535.5554012465
35516.891235091214
36601.46252846332
36112.69173080427
36450.01862764368
35273.878096724606
36089.540717710224
36859.25934154927
35948.943433477776
36875.60278397148
39540.1987633782
36529.3288919428
36297.20876453901
36527.264443167514
36783.93441257785
37292.43997747626
36047.71457531016
36511.70225892327
35901.242530753334
36092.3592639977
35871.73011490786
35695.75934436312
35976.46806537449
36286.28967082036
37493.80900287815
35838.81605621807
36065.92181126225
36047.54818661008
35946.55977561399
37084.12648552052
38342.501915491535
37252.31536902506
35224.28617867436
36948.54564356294
36292.571553695074
36171.307629284776
36266.263446692654
36552.34276674343
36987.59689479791
36227.727701950746
36562.29385719291
36099.98089825647
36418.59491021736
35704.84792449243
36674.14134481327
36492.08859277709
36004.71026862984
36609.034153242595
36003.81626865679
36432.368072014586
37176.14853422037
38101.41746017435
36292.26122505703
36898.537375186446
37632.87804286317
36122.86368217543
36271.88889301725
35967.744570236566
36769.75997337226
36198.593220568844
36704.25760798296
36245.922678183524
37577.2202684979
36992.070101203346
36146.084276584435
36517.83187687632
36724.429884620244
36772.57447635419
36676.924145409524
35855.323961060334
35448.96414929074
35481.99089780108
36384.35198468385
37206.456179445464
36230.030377614414
36106.764194978554
37311.10675453295
38643.41793060095
36228.138357580174
36643.84694194731
35805.9091141705
38607.1104889672
36026.019696384625
36866.64198060244
36144.64587070362
37326.56167785961
36416.07662225657
36360.40920776034
35993.77191631742
36500.21028010382
36910.403369847205
36500.666474895894
36425.7664988119
36019.37473401371
36502.633521361146
35594.18213996479
36910.26861891823
37200.439183476316
36096.03424493767
38119.37306738023
35502.893833585105
35856.87048583413
36118.847621334506
36718.57157248939
36826.745114298086
36249.38560317107
39118.33579364612
36768.56866475995
42213.45989504794
36353.2777891949
36782.30027317332
36562.925454859804
35558.968953685595
36252.56784984655
35476.35761483385
36676.02829833219
36676.71951472435
36425.8617274679
35934.21284030727
36262.4274274984
35515.48110341418
36478.277331725156
35722.9064629799
36751.15883584238
36715.76218046622
36379.31979152236
36798.786500559785
36528.38593067368
36855.71552682583
36864.51214616635
36003.67215549099
36643.71393727079
37684.494952521956
35525.066730748265
36131.86891398687
36466.44939723652
35894.233457477676
37087.99776557885
36139.30512787861
36316.285111721
37025.944847004735
37557.49060893645
36454.862493930195
36216.85273438849
37593.62174146189
36215.99474559556
36122.223141194554
36664.92726260343
36640.32590716186
35859.701844189556
39883.149585900195
36597.60162199122
36799.43777867244
36510.67917074761
36058.6162320359
36418.92985349075
36151.37176293408
36178.07125900193
35464.68482940578
36404.565126947185
37898.45992501349
36571.94666687875
35680.36147909223
36391.64733638804
36544.080827617305
37443.04753559048
36564.98804786149
36908.34120403526
37023.5929349585
36543.179979244596
36173.313338402004
35913.00337370922
35658.03760894417
average revenue:36583.995085091534
possibility:0.02