37258.005134299834
36414.05126465903
37098.97155839725
35934.606795339794
36705.501426908275
36028.5848062507
37297.237981585
36385.31713735067
36346.92075035355
36677.369929204346
37539.941805637485
36220.66243007736
36275.23548671393
35893.527839351016
36741.08706111719
36294.05781960609
36744.66928421494
37232.19411854953
36128.538173908564
36939.44413058818
36284.30440346761
36658.80205626281
36907.85123142507
36464.096357005066
35134.6791956829
36210.916956866095
36288.58333544744
35927.84567765177
35536.877297114814
39711.35358506485
37049.85618351107
36540.68106060949
35384.64933743183
37001.595501082375
37072.04557545244
36728.463656313616
36691.76926972407
36711.96017661006
36976.51626287122
36612.22113917811
35413.63363941357
36939.07931695144
35150.07119060305
36311.138065668216
35919.27998127117
41651.65421701736
36393.91435878833
36245.6511830632
35925.824039407395
36805.321527526125
38987.882787868766
37258.21546296031
37724.103396628
36257.26548587189
36049.172710193096
35738.15878999899
35402.947861856635
35658.20399772995
36413.57285097275
36234.436794345485
35852.942188577224
35726.2740663222
36580.60167411235
35817.84024170602
36309.33198747372
36727.011385394806
36342.075686189644
36439.07658682027
36310.17504070217
36115.647529506525
36212.026421288
36702.4743582871
36507.53667113473
36618.945865609545
35870.1356609713
35791.47852974102
37368.60148093473
36977.993047232085
37222.27136078871
36137.812538056205
35012.990334258866
36306.653209647215
36292.43151811307
36580.151420564274
36735.61399061713
36896.758121307204
37424.89708054054
36595.69828576712
36774.038781941985
37137.16799501469
36545.30100922544
35377.984741955326
35676.846528503054
36118.30352511379
36607.46496328596
36639.57058514171
35881.567835186324
37574.91768200644
36973.37616460188
36199.7420920652
36163.03800798387
35698.95799582822
36065.39704121705
36012.18736190741
36736.6860070087
36377.01956087301
37193.50544673702
36554.01386274564
35460.69370062867
35948.87862621206
36506.83659360848
36929.849190075314
36490.64350925798
36927.637963566616
37346.767774406755
35851.95724746284
36358.75115796791
36666.45039727981
37687.87619926005
36605.25834858876
37199.912081177616
36268.92130789829
36396.25536956489
36436.13182426311
36473.52808080792
37484.77125302857
36501.33420048968
37214.8899888068
42004.65954767659
36248.07170799347
37712.50521166094
35595.46269726768
36229.134507583825
36605.69113945433
36290.37706051726
36274.55277634038
36538.325134346924
37537.48727341231
36993.14884481729
36989.95557090877
37157.239055414335
37633.76344652697
36588.49858508517
36688.487569591736
37401.90986262154
40735.749977712265
35770.382873103765
36874.9868386123
36854.88261985992
36406.57829798671
36662.24865496175
35936.229886242836
36820.56537270783
37048.43901962493
36957.50166655114
36401.251848139626
36393.82441488679
36759.022021424455
35875.315749332454
35969.29873509174
36205.995708365765
36724.489288954224
36248.016940291
36111.87064152811
36878.89128751897
35769.12473459814
42102.794466234765
37039.49975238705
35903.47913785882
36526.52748321627
36342.955916776526
36498.259422002724
37195.69225640493
36978.6730554196
37034.12606928836
37018.48210477272
36540.81315933023
37255.619774424515
36440.20523776496
36868.201570555866
36576.4093628459
36849.40162094527
36703.694074912346
35765.63731338106
37052.57491396889
42180.20360914934
35366.79012514784
36873.77991564191
36118.094451752484
36391.0330290714
37129.07957278765
37817.64987706661
36745.62981762357
35943.41107667502
36864.02523612503
36303.57669273858
37335.26500681689
37065.58459616798
35888.82223401185
36532.33289096773
35541.35754522927
36397.1766145523
35832.62006831022
36080.78616612724
36643.860052413176
36542.53012621709
36648.30541667708
38195.15945167168
35815.0739402439
36864.48290935202
35950.95162796296
36267.43597663268
35948.24077777297
36722.09201337661
36170.97516341483
35343.91434617897
36662.60425560543
36637.01630961268
36293.213047379344
36984.065759661404
36000.26574339142
36956.92470038714
36347.728860814146
36661.39006873937
36720.34510084593
37638.35754963697
36791.19768180268
36789.551334163705
36451.87360232763
36929.87208171933
36559.85063530968
36153.51398647613
36438.11221271199
36412.02967061738
36306.14704457103
35633.914436190884
38012.26458848357
37314.41318951148
36797.35986326123
36525.83421758208
36120.00494108468
36464.85193705057
37134.78252540248
40643.3493829419
36951.133835955996
36010.73776161735
35646.6999219278
36590.350910544046
37025.23639785878
37179.01533184079
36599.6042662088
36279.31511532625
37609.720860833695
35694.29548297792
36730.93037185791
36473.23681685398
35769.28983847726
36607.90862658229
35834.970081600244
35955.152834443106
36174.52683036952
37191.424546749906
36994.703826119156
36063.41996967107
37788.85720499767
35865.38114005974
36808.112494624045
36783.20756483472
36223.15290952653
36107.83130506318
37488.54216768799
37467.04627174272
37323.24860068893
36564.72964377851
36480.85867178994
35959.05910416865
37968.869653745955
36790.40613609305
37515.99030391291
38064.25769753122
36297.973854374446
35789.87461045267
38037.64183089112
36823.44699114887
36391.88725306678
36700.8772288064
37370.14694537133
36496.814721414536
36739.7239499805
36650.8828529464
36547.34357372711
37075.82259690887
36235.988966690624
36475.394209194295
35523.07125618032
36992.66801216543
36488.067882341216
37342.730256406416
39951.68775114314
37269.11870585937
36802.35098194124
38087.68092966245
35716.90064038743
36695.24908858407
36202.94413787067
36714.906098934734
36777.988441091744
36126.69939874478
36984.18021065293
36533.72626922241
36268.85806223769
36705.14565347347
36986.694988654366
36003.30335904111
36327.08476182034
36351.41565848437
36568.17730635152
36834.57732938276
36375.37520659098
35699.66196487051
36504.93249838455
38078.82251158723
35731.588394344886
41776.566582063555
36240.370362567184
36670.04730771683
35766.18321797217
36644.75431514377
36971.915279076704
37006.83533286198
35266.64342269918
35595.67691454252
36706.59219499603
35931.02953018864
35771.90349102417
41485.809287334305
35901.44478232232
36126.53463735763
38389.03598847051
35617.75670156167
36686.180385828135
36501.75337040577
35566.16175307901
36340.414014238144
36220.15490760304
36033.37171726817
36887.752983799546
35926.94323359663
36347.06415459345
36251.95474195172
36587.2116091676
35875.30043032298
36345.05033659136
36636.53482234035
35705.79433173916
36918.04056678012
37812.84793339905
35325.47653802273
35834.17169475314
37715.628217270525
36270.18341673823
36501.63521263088
36490.554401035166
42377.98674586486
36247.77769170382
36138.072413974274
35835.279517291994
36408.871831255194
36919.58735595189
36188.50762945862
36232.23934709297
36999.20039709733
37125.091347486356
36009.08678440555
35696.3384983303
37869.71316577133
36225.32262317058
36380.390433930144
41851.153822487555
35668.6871931218
36897.78782188129
36129.95033731089
36276.8669103515
37128.02050262399
37785.949850625526
35863.79444413003
36963.933978134
36522.19035558407
36002.24741075236
36477.40527649222
37254.270124019014
36435.60234132657
36236.699540704285
37011.602069951405
36014.579445695155
36268.29687179934
37185.070122214485
36583.318786877586
36644.97283388185
36671.016721193904
36763.662717777814
37424.3168458283
35170.38480532163
36404.7089822585
36982.688357144456
37068.524111172155
36793.016146104535
35714.52534952764
37615.5217704213
36013.0357810757
37093.30722149691
36327.415296786414
36133.40970025345
35742.00842771997
35712.06512717107
36019.15427165498
36849.84177229181
37285.10457683497
37039.462308649294
36579.241459366225
37403.914287774
36564.69396755138
36516.904627194235
36345.68530135148
36834.20092252168
35953.25272384533
35953.0093508227
36740.35773306437
35929.43275924217
36258.79879873647
35996.15137985452
36675.70463125573
36398.00971783566
36279.663362082654
36784.52088697332
36850.809712681985
35842.720752623376
42015.570002303306
36834.899175796025
36083.449657469304
35884.827411498394
36528.06444798835
36774.78695460077
36361.06334973201
35277.70607991533
35911.88388823032
36182.12628545958
37200.63105436054
37166.51109254408
40851.0431915198
37098.61807751427
36249.79854018089
36203.94970310258
37388.1172197764
36050.2527785814
36544.93690144632
36385.014339407215
36328.203142441394
36885.55123883834
37359.64274825626
36872.95063411066
36704.43861138399
36578.94391830338
36824.491146961074
41591.4260370141
36404.05289904763
36198.19125550782
35467.49441417373
35979.856973006965
36841.44968071605
36877.59329527329
37588.97833611172
35945.41244203054
35903.00121094613
36973.82109801338
36214.71180605486
36450.31166704994
37072.10043916824
36131.1323597714
36395.216586554016
35958.06540078168
35446.278472961036
36361.71247729445
40415.217470019015
37469.67254543858
36430.9610993153
36332.4677900829
36627.55815770967
36204.90358489614
35856.23949293802
36863.810814189215
35839.38493133433
36002.831477291504
37065.57145975485
36895.06304832728
36218.40049160448
36356.634664231045
36931.670496819286
36290.709725666355
37294.802440814165
35886.82298513815
37700.004204784884
36441.69528315646
36099.15582700534
36633.50247345961
36965.584654512364
40238.05391605876
37317.19330412856
36391.531563013414
36401.93162838097
39791.06181013353
35545.1254948376
36337.11393540785
37461.117456497814
36303.55624748356
35998.86011407918
37077.4636136156
36500.396617456776
36001.42058254354
36433.20521392123
37371.11547421836
36090.92657116048
36521.58841599102
36356.392281173474
36651.514109348114
36685.065740603335
36283.106087561595
36626.46407084662
36457.12241636682
36295.433398988556
36241.73160299687
37005.6787468083
36959.13590125891
36175.78060278721
36319.9587034488
35942.77667067485
36549.50044253449
36557.42691959304
35423.243137724094
36758.25448134514
35577.465291009525
37436.162232240866
36542.889409469884
36372.169642485744
36114.08481420328
35185.62603368015
36748.49053669717
36627.27275692579
40427.974626205614
36669.46725879545
36352.87774304877
36081.86761373991
35823.661633979544
37007.58416063675
36312.271438047996
37380.47757314977
35750.85934870871
36700.80387492221
36573.15799483045
36451.65736106563
37534.177899623784
36707.77176555909
36578.83951074218
36340.11892868564
37818.875712720765
36028.68022372376
35761.13605474628
35731.68366768847
36772.04188567497
36731.3257830833
36186.6442752108
36904.39435211875
36180.210577702965
36571.43866839422
36215.01310816741
36137.25950414221
37540.16586523176
36165.76124815271
35873.17538109782
36558.66290746083
36253.854856318445
36429.89811749314
35844.56199399549
36175.468552971004
36932.75744241253
36919.62133015735
37162.10108210793
36913.10059203865
37164.4376841525
35914.00427951511
37330.77944269718
36136.96752159972
36351.47169803996
36495.84746504272
36858.03302443551
35650.97457296523
36489.16998778129
36346.73261303313
36465.0368398682
37358.44731101712
37206.35046452447
35997.03483757892
36221.58364877273
36741.280393167166
36291.1430927528
37294.7973767861
35790.17144471496
36519.81110111787
37457.28499361624
35728.83853506025
36274.5840740909
35749.33040342082
35175.77151042436
36702.789230937284
35987.39442542767
36736.11398046057
36875.906760466336
36485.02262636025
37805.43618801062
36268.10783769129
35783.18738089262
36388.281869243285
36377.535797029945
36690.75046178602
37062.80484512405
36362.04124042877
37332.49443970593
36944.17340921482
36681.965692355305
36278.52923220811
35667.31596082243
36401.02409989056
39665.825739078784
36659.46002596246
37210.707039422035
37849.92937129268
36413.79096258138
38595.85213495188
35421.543694939806
36247.89331057346
37096.61451159256
39328.52578006268
36261.54141408775
36743.44890427841
36793.13316579304
36238.066256313614
36870.48936902378
36796.47949586863
35554.51089008882
36406.49622208156
37238.42593857631
42079.157391937624
36483.08510812045
36850.63304548004
36442.46686852629
35978.94256701136
36034.913188099774
36925.54247381064
35935.13363780854
36923.468488291255
36588.38287390252
35925.50722582206
36557.038458568706
36135.58849990544
36425.927805917294
37088.04181107309
36342.44292272334
36126.99290570476
35739.76421701494
36559.99213328601
35631.07118309187
36533.91520733704
36229.917352652046
36610.28794626071
35827.45685511799
36533.07100114017
36328.11063006021
37441.44246369261
35858.45353511494
36247.44689477564
35893.28819133273
36692.893649364356
35924.309373083976
36539.673772906375
36943.57710860153
36570.850228466916
36913.38373260374
36417.782022697764
40138.69536178195
36134.12472535561
36332.053987422776
36439.400855208434
36131.39333722219
36729.27372467078
36085.330092534445
37001.867512415396
36609.88905840597
36507.66609982539
37174.85397919096
35922.32291998323
36437.939894828574
37131.23687550132
37074.4333235366
36054.62715226137
36050.63435160269
36383.269157040166
36902.8829261472
35687.00470791127
36317.82112317832
37241.501125111514
36907.54150678543
36073.097084402376
35399.45191136198
36832.301117997806
35489.08154397874
36005.17528783244
37183.5040570104
35991.36460639837
36680.530165269956
37234.77407944387
36057.16605847552
35718.10264997168
36350.6757697784
36766.43976667161
35960.54584309262
35845.48339267361
36317.13686491853
37100.29079240028
36061.23980481967
37235.65370461386
37802.041049981905
36985.85791445618
37109.66633977535
37506.68685512399
35351.668556325945
36488.272507655485
36436.6835051023
36166.816502431124
36966.14246885927
36753.08248758229
35688.40234499337
36200.85963684383
35534.022032898014
36256.85555909027
37050.69082186816
38210.40056979966
37112.977693183246
36094.77947702931
35793.57804355297
37596.45416569091
36286.04473458625
36706.078787466
36220.32368316938
36829.91507759597
36299.08107149382
36322.564701750896
35430.997173885284
36302.11944465753
35862.816864904016
37014.3833124099
36694.54502790415
36325.035326870406
35830.43685466563
36432.34867996015
36712.51792341732
36514.09235184773
36214.66340497181
35417.85240794114
40476.26367081247
36901.85537146418
36973.54921381957
36499.131188997264
37034.521472023414
36063.44976060121
36076.00698800333
36911.60470985045
37083.48735558342
36522.307712223475
36748.93716196799
36073.82290327576
36227.498548903284
36374.792568065626
36669.84341562895
36724.5729415138
36380.35147449891
36183.72093991548
36519.513413870474
36513.72468614713
36516.32961662797
36581.034504017574
37012.99484336808
35707.81640461565
36421.84507504352
35867.61800164591
36109.685751332756
35736.27682997812
36840.868419583596
37476.813466616746
36022.13344319719
36019.2781466236
36177.79792666529
36321.871967537125
36908.9565775781
38082.02228883284
37084.75629024422
35571.40329334921
36327.629293487735
36396.21078221403
36233.656673211066
36371.65477937869
36731.56392382071
36315.28882163507
37192.21357856248
36485.23896276655
36936.086066631695
36536.56113226146
36536.624367167475
35401.15151841376
36936.56076727546
37057.70621359562
37405.71433158166
37336.457420031635
38833.47557971883
36992.6923485586
35484.544244971934
36916.920227003335
37253.14964973687
36740.278746858545
36881.91224126302
36081.08146614902
35133.10834647411
36757.844980248534
36652.15769208382
36628.894643405285
35565.6936466822
35618.74278281561
36111.64424345201
36569.019383230494
35816.16337889604
36036.89994600066
36655.650250353596
36337.953491576816
36673.019879691616
37232.54008170502
41611.09162394386
35813.78301832839
35944.304706961186
36109.86407954667
36695.619090607564
36248.298162204075
42339.62437288858
36759.53874900218
37552.24501993466
36640.771267651064
36403.824691469425
36069.92079192713
35887.320328268455
36476.58261755514
36798.09801988628
36289.20104076057
37303.3732520674
36417.11591001916
36966.95737379541
40054.61501023833
36149.41039897976
36708.105671094905
42033.14125651935
36218.107057991954
36543.49459164438
36570.81537532823
36795.987933358956
35845.74883828118
36528.47300782768
36894.603657139625
36769.417042710076
36647.84115127674
37285.257599554
37722.619936827214
36767.537646726734
36506.1531449252
35972.113955239074
35683.198800435915
42173.396145105275
37170.70826131247
40806.15581194403
36781.28803191413
36418.45855902879
37003.03194976949
36535.335849089926
37077.692360799316
36737.83788581959
36043.05003249127
35413.91539946507
36522.47077262506
40840.323783824795
36044.2872763811
37032.761954405374
38130.64045222131
36923.22489765605
36563.8832372976
36049.0236932792
36140.04070020934
35757.85799596265
38956.98997024427
36825.6142979317
36571.87396612788
36318.00605515262
36865.00163753936
36132.14248688414
36519.560976727545
36488.82187006613
39966.725229020856
35876.695283199595
36405.876797384044
36884.24797879714
35601.52848879997
36860.960106952676
37379.99640461286
36286.187097187
36387.298947298914
36118.280780497946
36612.86266210217
35501.75120771245
36321.9061870467
37038.37600734819
36010.10153295199
37000.191007748086
36437.65769565058
35865.93629606622
36107.359880149044
36847.68936121071
37226.90988817597
37134.7796278657
36620.327144828014
35497.13886476454
37367.70479753671
36108.59157023072
36234.51565598448
35266.18528357415
36174.68145614256
36995.14286691435
36368.302447764836
39561.12007716403
36597.15653583616
36064.92080140544
35989.62237605703
37824.72978167687
37147.66306424369
35823.79791732606
36598.49650286906
36822.43987436737
36808.03986622835
36824.84537209847
36252.09818077
35808.10594982477
36376.64227700279
36144.87711573711
36323.85011002887
35925.02999815482
37612.266530779576
37574.51825699054
37103.176353091454
37170.62569561974
37079.97194031071
36601.83588228251
35744.08115926112
36792.20198794182
35950.91435632458
36736.68174783202
35088.631095175544
37398.848470604105
36991.61764904747
37151.55469250074
37032.817139323844
40600.93412964152
35648.67152693546
36270.6365541468
36298.21779953097
36838.88405304386
36631.80564028623
37741.65314654067
35504.89529336133
37058.157040110396
37454.26837402981
41899.21891002742
36746.225241341475
36445.64043286904
35833.83921232721
36475.79738774199
37018.56110022245
37792.39339785956
37192.528705860095
36411.329215406884
36576.42799799521
36174.76592095656
35956.26165532987
36511.97720642149
36214.05606572625
36029.03959873653
37063.25824844929
average revenue:36676.012499718694
possibility:0.022