37689.638113307396
40145.10645413491
38075.659552112615
38972.084008759455
37741.02342300094
38908.81315693277
37764.33780793411
37794.866321381145
38021.26108178103
37687.72398420079
38290.526412803374
38036.928854771955
37560.319076636384
37275.91320499013
37138.81176903475
37916.56758788837
38162.73922366002
37172.41185655704
37453.15110393539
40290.02684994266
37955.55515670912
37613.75789627426
37824.6394361336
37828.98202820071
38139.74372744399
37372.39694109466
37865.180645782384
37623.46235024066
38417.3570120632
37903.5607081588
38238.282957147734
41800.86358705447
37865.531956827755
37548.75947392757
37981.84563923916
37681.166678675996
37881.18779467414
38015.64748733154
37356.937752848746
38213.72942187679
37635.89359979345
37669.46620232469
38444.93815187365
37226.51820991906
37632.64625889822
37729.280725056014
37823.72782606913
37934.01295319753
37209.56225727823
37073.361185949085
37751.48808963671
37543.962215138476
37747.14119098899
38665.27314822314
38164.58748056925
39461.93891530076
37569.18404766374
37534.227699393334
37748.970373923505
37734.75651148972
37501.38147819067
37468.406695727856
37741.51469544138
37192.830625836024
37777.20026622001
37681.669552324594
37388.47258189157
38073.32171493219
38314.6706815798
37750.34152061741
37582.886170457976
37626.63561434213
41281.8843071405
40646.35185028545
38836.57379299552
37652.353498145974
40558.99115755187
37713.286483082855
37601.68881472814
37344.60597099998
37162.42072256533
37761.236515292185
37882.658053763065
37511.34688388591
38726.310377759655
37808.818904838
37606.42901004951
39073.42335365371
38128.93781147582
37368.42801338242
37353.80878056077
38601.693177854904
37994.083676552975
37349.42342276523
37500.291303241975
38302.75328828885
37678.44134358671
42106.936388281465
38167.309799730814
38437.46304597003
37730.025741565456
37770.76911981405
37748.00557854115
37270.992915299255
37996.05711225126
38005.573639178314
38434.625083963336
37707.030603722465
38131.388388194006
37641.13278016144
37502.216092926305
37942.10988914788
37672.07354178458
37369.87025614425
37735.578099911174
37774.316173354986
39200.11625478922
37918.8781814422
40234.30665468948
38017.21557219157
38316.50858588862
38175.29213944543
37843.16919312589
37893.5042837997
38139.21544919732
37599.74718388637
37786.73319794694
38024.67380196621
38422.38033683446
37727.15231735038
37269.62258780842
38145.69841187628
37642.033806668485
37686.195362657236
37866.6263153789
38125.76949440355
37316.92945120386
37575.52816260938
38038.59866607503
37652.752577255276
38301.28350505509
38999.50397334132
37999.38267895953
40767.91760358451
37491.01565241555
37976.77688752677
37636.87428453215
38204.1338656461
40664.51021691476
37481.438853590786
39304.630643711396
37235.25358387558
39723.42634560632
37724.747714584206
37540.70155917485
37568.63821339448
37890.86294560005
37064.17236739922
37330.25524625192
37539.67287822256
38009.53913012227
37543.49309368043
38143.25037464727
37898.00621841523
38963.26986197885
37949.98978786873
37728.652070257114
37468.64691362379
38587.44778489814
38442.73113348199
37346.78189538828
37637.156428248825
38021.13975316989
41887.23633830421
37968.22133224969
37868.95777210352
37443.66471344418
37778.075665529155
38008.130289041204
41303.140363003724
37923.77353130285
37840.616217688555
37943.64930854372
37225.55461500948
37450.54761536056
38079.87258161071
37688.52399924113
37746.20553398425
39257.06960210357
38293.74040446148
38173.8713155382
37681.23755006837
38122.66143954371
39780.19944748236
39434.34936501858
37909.91664047503
37290.15332492613
37426.42874670456
37615.42121988382
39755.38978613201
37540.36416739299
37896.526480094566
37532.57393454428
37740.408478792066
38795.135283767115
42055.115155083025
37381.83135065188
37806.854067908345
37629.0320328003
37678.14574146838
38384.771048284856
37853.33972630759
37512.28979251111
37714.20223597223
38162.309431769325
37500.79135146259
38148.96822728609
41970.22531627515
37333.41822586376
38037.23509030725
42046.72862634315
37696.45641899653
37701.0430277151
37407.57090490327
37951.92273766051
38145.572200257026
38109.698034093366
37189.102650953246
37550.780516226696
37597.92126953541
37920.44443791438
38095.81209687345
38071.94510929445
37693.53534750743
37909.341870222204
38233.83703992812
38235.18075710692
37917.69323769156
41905.32984221049
37853.12978404092
37852.590387310374
37457.42886995356
37684.39730092531
39762.68847341776
37484.08668191003
37796.8755754751
38367.11500648396
37740.51425718044
40641.96705185882
37882.68021472171
38561.82728777309
37725.115088506696
37614.45319292296
37679.78319121362
37932.18838793216
37137.08088379706
37872.37719497769
38364.237790218685
37524.98954883454
38167.4988625433
37286.12197099744
37721.830333878526
37770.089194147455
38118.05640122152
37419.91121812235
37668.0593364215
37713.66223171342
37917.741529302
38161.4288690832
38112.720437082
37594.60028157439
37564.64147283093
38113.774427561526
37469.83685077308
36902.79630651299
37221.53833356402
38092.59212361648
37524.0492100043
37821.18743545747
40791.53687192741
38608.991733615236
37510.320412310335
37243.87623534183
38501.57253616333
38006.586303067554
37790.96521647069
37850.71045431817
37788.876651393795
37517.536987115556
41535.88810051039
38269.311659852705
37619.12255111996
37850.62326240318
37980.376415874
37979.141101604146
37539.25217303012
37608.32657193405
37579.19949815803
37916.71212194017
37490.58336907446
38150.57220245236
38387.36581992317
37818.524598676944
37804.438758349344
37712.96137785271
38232.23705177474
37693.17814707782
37393.53028215972
38130.82772529201
38106.272700474394
37222.76661352423
38045.61604223855
38160.338255354654
38269.74254305289
38003.28034921866
37064.22938630271
37808.83438552986
37896.588987334464
37587.35080642834
37725.43444440327
37525.990006502114
38458.474852624255
37499.30130758327
37526.39649422214
37355.91418992901
37438.754931713986
38177.921649494405
37275.63858121338
37704.59877198518
37779.22354956185
37505.987255357155
37294.76884668017
38479.80696355472
38358.37833435118
37589.05954987065
37639.42325789077
37639.72725632954
37579.23596898574
41189.95229665943
39242.237591115445
37602.59911799921
38048.6064552097
38530.4967327839
39553.12421820413
40237.1150589119
37350.63667748094
37195.98332684085
37804.32502793514
38237.48742626789
37473.9902917143
37736.16800835614
37222.644304399895
37361.8077231457
37595.35872849922
38256.742851803945
38068.02100525005
38088.63256456241
37526.20766758003
37648.47765434272
37660.971510261275
38048.7842633055
37764.20771494481
38119.64087806493
37845.23174038641
37749.04118168651
37941.81840953122
37792.309418546945
38593.53529685853
37534.9633801076
38071.496369516826
37964.52920892436
37938.48600059494
38202.799930290435
41180.0560186121
38148.33451535644
37342.4415189364
39192.00448326373
37925.57343688366
37221.20290686536
39471.01269604763
38466.65055786217
38153.62912527163
37751.71591568609
37768.52336502631
37668.414094318294
37684.8821449328
37600.56916361271
37611.9449625499
39323.23580550886
37889.20521047943
37767.98581399871
37518.22376977552
37298.02597881026
38150.402944168316
37308.47284782395
37807.3848310961
38320.19880579856
37539.99449520801
37629.86469609685
37510.69838870702
37467.38008902668
38296.90124115373
38218.75855058481
37785.47385393423
41137.09767555993
37648.3287517422
37860.35967248981
37748.73314973781
38099.744028323184
37682.348546233836
37889.97534243436
38393.9166412388
37656.66528175938
37427.34910690714
38460.09141576029
37638.43119701131
38260.907320890634
37774.2570564643
37959.66909880877
37241.403484148665
37583.74687687835
37200.384794443664
37424.73044699504
36914.39923142685
37441.08202497071
37496.882706826844
37474.60878818906
37989.13530700109
36981.63495738135
38186.54549399565
36766.67189862467
37671.61544624951
38060.16323550018
37164.94667179843
37864.27878293482
38433.00779783109
37520.05497530496
37771.796840953495
42169.89719953515
38138.71263380727
39282.312417236906
37372.32637238593
37705.67124622313
37731.68122687778
38287.67794825269
37779.39820770063
37591.19492170161
38400.945553085636
37773.94440459444
38141.896877009734
38105.598627726125
38663.92365617362
37952.12198381951
37306.037990608704
37746.38065844336
37507.199659493905
37683.21996883243
37995.21473861392
37979.23297003004
38451.37695173644
37477.43143775683
38324.336257381365
38771.57726167126
37918.31834337132
38019.15449878424
37848.52185671171
37792.70181975676
37487.68433849853
37926.18153308056
38098.555978410564
38633.7961663991
38145.32245928336
37395.44865114336
40273.6829775208
37489.57511825884
38453.633311470825
37636.34448034729
37400.089776682216
38139.931972905884
37225.160364738935
37419.186988419446
37463.962385490115
39636.22442240557
37469.237047527524
37982.62435072274
40290.92794744984
40261.688242514705
37905.31752896381
37976.24689402762
38542.66975281322
37880.086607855774
37830.57916029095
38234.22532787115
37750.2329255999
37268.08653280421
38046.06009890852
37737.621608613255
41913.69117342529
37223.52302625279
37978.92152760025
37647.119600465376
37893.13187601946
38010.854326839115
37402.9041290394
37491.617429688704
38051.975086650644
37240.9429033699
38299.08437388368
38293.59332233933
37500.15764432951
37386.274849996575
37973.03515629177
37420.06213826633
38709.01724539662
37287.60609149898
37660.79488255865
37733.74090259025
37912.30422576696
36990.848141264745
37650.24949147299
37598.63225126381
37731.3748634481
37501.33094102414
37648.10407101011
38302.73493716142
38042.92893301647
37880.92811212579
37397.944914892854
37739.27513363529
40033.26858600338
37408.470127903354
38251.933965504184
38059.552089001365
37300.79887809992
37546.24505482809
37823.22739353089
37667.400174998154
39253.85880553843
37998.57446024335
37405.544247996164
37951.57955649473
38029.12786032136
37697.563190694535
37358.675039290545
37695.01965575971
38097.11849876163
37918.15405303405
40166.38208538804
38323.18029483798
37753.09275010994
37467.33956049503
37851.55482288475
38246.28287376006
38059.64544171064
37661.140654749186
37899.01872296803
38191.43075975101
38261.48420516169
37411.702892478286
37525.945340724094
38579.394928489666
40490.28526202743
40592.412081568014
37479.53552326227
37888.39484106933
37524.17307578697
41238.83367607124
37944.267640686485
37938.99726564758
37942.264699178864
37190.12033438698
38011.64671331546
37846.29507781698
37832.65738815658
37500.38627982535
41390.777212731075
41206.94516203506
37478.571042079035
38057.38154784003
37902.610888071664
38742.74418014254
37964.37295308389
37462.03226611311
41442.53255575119
37663.26471128957
37937.710226132986
37771.66736300744
37515.186672094445
37349.96981035786
38110.357475029115
38101.63003265904
37380.0716795435
37718.8321616591
38099.37081680636
41426.968235749744
37136.11681551603
37640.17576728608
37688.94999975825
38280.407003331275
37198.12001228936
38314.25462454678
38350.36281359325
37868.36594974833
41289.3610083696
38112.52888553492
37559.62606132628
37159.76760132787
42125.605945634416
40653.25652886109
38022.76942624271
37196.242887418986
38432.765639221856
37745.98693327635
37307.585933275135
37627.457254989815
37437.15344021432
37669.36422603774
38315.22004552428
37772.56112361
38334.91282711685
38005.8820655724
37493.35930209611
37524.379485237085
38095.31385426784
38076.21832948412
38016.85161970156
37654.56902202911
37853.508312015256
37459.583388404375
37533.65032108793
41209.45412681135
37651.98149076393
38056.23168775327
38021.895126743875
37565.31648876667
37486.11526960265
37848.412856414805
37650.71036633521
37786.66005825088
37902.05579905788
37118.03971418427
37377.42532705501
37752.04248707082
38291.84530309333
37642.09930942121
38167.970018839056
38282.13790725413
41999.99661250663
37813.42955003274
37995.41985109637
38395.4032023648
37254.12638655866
37897.62334065901
37709.03501552155
39872.171096262675
39953.25712357792
37778.45834335916
37301.795042571284
37466.94271683245
38235.767877544524
38258.88421689197
38098.5050485947
38276.64171289804
37562.11760715468
38038.78324191982
38084.68855350813
37963.02366129835
38095.838309381135
37805.889215268944
37556.69343916554
37758.946758130725
37583.5539605401
37393.88364997724
37507.2478674903
37427.84610073126
37789.95387024282
38226.06347008232
37755.222620610286
37250.87228916092
37722.80902597938
38292.36777200822
38064.8199487777
37745.93416764159
37625.80026307284
37425.593931739706
38055.755740251225
37643.15095922801
38141.610463580124
37476.67957218134
38792.77837694865
38032.2743484801
36908.51118831783
38857.28231073481
37577.27314392034
37318.10160556431
37612.28481610969
37522.30882340643
38108.36555304365
38120.14570290374
37516.85577754675
37791.68679566142
38689.91958984373
37269.357449917145
37586.67386386873
37821.23264397146
37494.52612521308
37735.49891546677
37354.433956034205
38007.160039969756
37716.13452716711
37291.47137896954
37640.715140067696
38048.49943943178
37906.29832930113
37903.353149145616
38081.522472238394
37432.905301207466
37811.72771635242
38324.93036624496
38402.29341688967
37614.12965057539
37870.07908890878
37551.16619944133
38195.32819245769
38197.50727572267
37051.729292734984
37962.18364235299
37943.56061384257
37838.83511089011
37851.41808835056
37321.4307784785
38085.248944127925
37973.97385409093
37814.20250872386
37549.44666767605
37993.878024639394
37726.056197853184
37892.68029657071
37896.0849662319
37544.027870914535
37617.81744628813
37554.76382827614
36930.504098865065
37504.7373887762
37654.61264349475
37431.52414461542
37945.01295354549
37284.884503193265
38111.42763122422
37778.737624970585
37491.62146875205
37776.69229268657
39755.55043093949
37650.059255263935
37611.55992089734
37319.655058528624
37139.58904260725
37588.44073288415
37612.037725319446
38069.33587314963
41264.03477471871
38296.26601242396
37638.5051135217
38020.70398905489
37945.269098402605
37560.12278294152
37754.72296040602
38148.58048756515
38577.009124333585
38622.30789756097
37800.88418110823
37840.778470338366
39550.2867679046
37749.16934611645
37642.99437971296
37517.77930018047
38094.22487484741
37786.02610977092
38009.7252053818
37557.538680317615
37187.52716457691
37880.93431461972
37908.50981411012
37721.87894875891
37603.3401373556
37657.083042052
37326.17010290524
37482.7935733116
37423.92515674053
37643.740788175906
38201.82507020291
37966.31743881569
38287.97160492109
37750.900608384974
38059.49897886237
39499.798122038716
39963.871084537066
37600.29763027632
38469.51462414928
37544.85438311732
38357.876757216036
37811.22765579955
37340.71302211965
38521.46878818185
37585.44334422214
37329.178704901096
37544.178675104624
38236.58826661637
37750.350934666145
37292.66093414458
37132.54316455201
37619.22023261954
37725.60777878025
37465.47890152928
37968.18189235497
37766.09815590793
37958.54988704714
37703.021353103104
38059.74043102283
38058.40705222121
40546.150061326625
37496.78806380017
38361.68648054746
37995.58485607482
37967.676042020554
38152.669733965144
37770.824313928286
37974.918328816784
37707.591048337395
38050.56030668146
38386.778744596
37282.13191177687
38709.27236131233
38651.330857941335
37406.917596115134
37544.99200703627
38048.091973278926
38076.29052135993
37794.133526646016
37868.18338151638
37947.800346057185
37297.18024758352
38189.94818931781
38294.31739506444
37667.09857233243
38010.529460577374
38325.34079366261
37666.40046604066
37768.61663576562
37427.82729829334
37878.55041073804
37663.50931321078
38149.13244702879
37672.0836691488
38283.60517993655
37682.58082043064
38017.933133788545
37694.54024924631
37614.8190202944
37351.50080125469
37597.297089754444
37354.88111794047
37734.517023026245
40138.432465369006
37818.65392218087
37423.66771062801
37731.172542370776
37924.11191587361
38165.54748662364
38011.13927285841
37755.67240537802
37903.30869547056
37484.746313320495
37700.72870064961
38024.17897573036
38154.72953487856
37792.33535314838
37808.51749127871
37789.004965769236
38160.0942190822
37838.86389407749
37392.58032471774
40756.63570159619
37498.90239352592
37820.289831521455
37446.98142799395
37788.99386359603
41976.73852646642
37863.55531268391
37645.54903533266
38223.56621985567
39791.90991364741
39453.9352305185
37789.79644379677
38094.5283842582
37523.8910453951
38002.16267666898
37078.328849282516
37951.60885425424
37789.84999971495
37409.59323095665
38163.65246711591
37566.00853762068
38287.98254271046
37786.2876240878
37466.488696370834
37342.27197800669
37897.962900445746
37783.33757474401
37266.23652921569
37854.56777503008
37894.11487973654
37377.816309643466
37405.767231347774
38395.152511162465
39431.58972626475
37771.53622814535
37974.05659409203
38189.38528496439
37510.48049546727
37974.29689747531
38532.13570965985
37614.07066238033
37471.578812856365
37824.2174362067
37698.131159642326
37455.85123461095
39596.39520873592
38523.96774810175
38083.931359551505
38370.26789644406
37691.11014971765
39156.498352490686
37981.7147851133
37529.44531931907
37585.20777330422
37649.69829827912
38052.022028633335
37314.77596944309
38304.505299240576
37744.226567369944
38101.577385214696
38199.93407106725
38119.78522301767
37529.018324854376
37199.04121464364
37692.31564477329
37231.22536558752
37776.371550449396
38541.42898500003
37948.64350595709
37518.718514964494
37191.56931879741
37745.9592284113
37578.12257706379
37367.491120284416
37830.32282326779
37572.19022548746
38221.7963864998
37802.249184938366
37441.37086276008
37609.88081387929
37654.60052034885
37449.98400456382
38044.09950510168
38233.096500413376
38416.07141821354
37805.74068629818
37055.20241623745
37754.70649392986
39126.93834754552
40681.358400361605
37543.28170901167
37444.49013935961
38225.76613917909
37661.700236121156
37468.7209035379
37428.1549634506
38712.530998222384
37856.48380938655
37918.388360065306
37627.02475130632
37423.270366600795
37405.28982698387
37655.774051507266
39412.50743407006
37676.13559093392
38029.14812737531
37717.9326402043
37819.8575845374
37751.67113962884
38234.29234164193
37294.124610625724
37436.863532292584
37758.67386125332
38113.596820911014
37532.60509253104
37846.178631760944
38459.03644590845
37339.17034928275
average revenue:38009.789600894175
possibility:0.037