38209.4706138837
37627.89767673009
37355.44098078521
38217.81385197953
38158.19166766553
39171.829139516565
38188.91509582206
37349.88999263989
37364.03597192553
37583.23630583979
38098.04887429788
37794.11168368552
37468.540567168006
37696.75091937408
42008.116100143794
37717.16215699533
37423.75586392891
38254.03697175438
40038.372670427845
37848.90756454953
37033.4262819675
37822.33736121191
37286.42221384543
38190.23205065837
38178.03815545617
38164.85411951601
37541.225574393924
37920.49113043631
37740.11849391347
38404.1878912797
37800.07511722639
37659.24143973748
38260.04172294106
37610.6287546948
37672.659932787
37578.36072646695
38198.9711130856
37723.365487586445
37951.95656913257
37891.565537595234
37517.71391337516
37486.436441734215
37672.95322179738
38112.07265526648
37533.34022827295
37781.83379164209
38734.20693208655
38076.71890758296
37340.65853013808
38058.22269378652
37700.37969460036
41893.33888606099
37237.724610691344
37322.91903605042
37627.42523840524
37647.0016407204
37573.67676819975
37111.541800142986
37668.64340765739
37995.97704325159
38339.44820921199
38015.140150441424
37705.68280224187
38739.11213303989
37357.7196875645
38941.20265621089
37526.07147339208
38155.55435162347
41529.720293308914
38079.62337310812
38244.34205334307
37970.04125556558
41071.366846496494
37663.25761406596
37716.72039114234
37931.83823342893
37639.10227225808
37664.80734015399
37797.65839527074
37791.72267953991
37795.49868895144
37717.08390557218
37430.48989817911
37198.061113175485
38252.85060265678
37827.33887168835
37268.19293269883
37891.09027281117
37949.3281238482
37291.55194986386
37988.641849448984
37487.791319531345
36961.942141730826
37868.629199425464
37016.39104608046
37986.99005237257
38115.7479170418
37976.1650642175
37556.092794238786
37548.136689495936
38189.756881844834
37891.15087608433
37912.51741114442
38627.678960632424
37914.30550932017
38135.03999007955
37966.150892723825
38001.46908902802
38366.168022696016
37585.57897369522
38069.89423609882
37461.834627333556
40867.39764157065
38007.400904737646
38008.90194410485
37992.038041014894
37469.991317168315
37938.483996587995
37330.541295439325
37421.59966932811
38247.10391285517
37708.73191981699
38382.24621086539
37601.31024851827
37510.86540051713
37969.51748006664
37806.786042901505
41032.05167307208
38056.662886706225
38323.469170231176
37658.055443633515
38016.62081476407
37870.29261373381
37853.591977643104
38649.03551813944
37412.961746055815
37762.47843327131
38409.06038926144
37911.51984525176
37982.727398048206
37904.108848161006
37970.88710477651
37976.70188266858
37469.76199556878
37945.20694433148
37720.34862709491
40948.08093444896
40964.52640547791
38092.231247650394
37469.89504042576
38137.44036561321
37607.239589594894
37970.94930789896
37970.86833263586
37937.32710151241
37788.960151291954
37284.83449593671
38378.40167914545
38112.09200146353
37642.57344267786
37671.91053365716
39627.79227080713
37890.736847169224
37611.57083364826
38270.52934435991
37330.14707165818
40938.72041874526
37591.704961804346
38095.01950704482
38177.66279181427
37829.42127315019
37658.2979673373
37424.044779261574
37594.400973986856
37564.82553038641
38040.57494067514
37664.3557849239
38840.594137311266
37737.19494681062
38160.44775372509
38106.61571337573
37809.71674738703
37174.1049339767
37420.42025666178
37563.451333183184
37529.04415357707
39375.359777223326
37745.620089991535
38050.37423838146
38672.96994426676
37628.01366366357
37732.650573707986
37970.82290079777
38493.41949092289
38094.3178673092
37730.51364914322
37759.24735841803
37560.406488953115
37773.2713753573
37453.045796907565
38458.57068194017
39869.86776304302
37449.588842457786
38388.952402263014
37345.879896983795
37183.423424797176
38100.55503673029
38058.29370771705
38331.54025593043
38113.97421108986
37512.7049965826
37973.432618684325
37149.74841352302
41497.310999027315
38173.21023579807
37894.651170194215
37817.98078753734
37368.24138699446
40816.00544680074
36993.844165863025
37877.4177394326
37785.01818268165
37686.18771971175
37757.05036829882
37845.40258630064
37775.2819564592
37812.916429560704
38509.50425130353
37286.48257627971
37666.19209524664
38192.70595507926
39559.553019638406
37645.31063164673
37545.13477019109
37036.99129220812
37649.160616650406
37751.63800966147
38009.043551041585
37706.48833384828
38367.68897413064
37246.685841910046
38273.50044340015
37679.849499323784
37830.802612943706
37995.29868810059
37323.321672172846
38120.183733048536
37635.00836880354
40222.6648486358
37833.07805070676
38018.30490112005
37797.256395372744
37835.109491093615
37649.81851405916
38005.47509020318
37622.65384630817
37988.423243798956
37812.58135096443
42054.53393263599
37556.47771277987
37990.01158329344
37034.786627070454
37802.19459614733
37593.112960988685
37754.96542254776
38338.877769009654
37617.25224337135
38099.09835483787
37736.42188212063
36732.75691669998
38797.02059247947
38045.63090292153
38073.88215582286
37997.274198699284
38008.07811928641
37713.25178406977
38285.228604054486
37839.03774524142
38037.16380684854
37855.498960348836
37999.46557468639
37621.70068992433
37540.73118552092
38580.44748458056
37858.9414128922
37786.729570521595
37682.8633826506
41878.67405592559
37291.3199309594
38705.25429351821
38024.78631094638
37857.18589684564
37998.92982171085
37987.357392489306
38435.05424529766
38219.03858813946
37998.30826188579
37241.61210930185
37594.924365889994
39304.00643686782
42286.68329743551
37640.52028278651
37602.89168635728
39251.29538442188
37832.95712433579
39987.786506687655
38088.068752991494
37825.51959559629
37391.97629239111
37580.026127052544
37853.237329597374
37411.75098439367
37623.33393284274
39136.78797900688
38240.730772106515
37796.41160467607
37581.01822992409
37240.97785082563
38011.35780574225
38123.423268355575
36766.443033495685
37275.60737820757
37933.36168914457
37950.159286834416
37518.0583698243
37791.88431497771
37890.73567945981
37787.194221311474
38007.63008082362
41469.98437249884
38162.0210443055
38295.255408569676
37576.361644300996
37006.485995572315
37874.201193842804
37721.53590851572
38638.52163798035
37279.25650857453
37779.6083771027
38274.9020034149
37931.6174590277
37875.33723538784
37842.17307205474
37162.59047284692
38947.19195795034
40820.26149674214
37447.86208442731
38287.56935438788
37259.251173982244
37975.33420959974
38199.29741733332
38465.73763815326
38025.307476029826
38032.14684509887
37539.71350880469
37575.65304503543
38268.59310000542
37652.54176826996
37828.66662618048
37731.279050646255
37635.5416961126
37532.677834209666
41943.07495828369
37399.41335519637
37397.33552061967
37794.271137212214
37542.63986280298
37326.40989544556
40240.44586869152
38842.42259893617
37529.525160264246
37793.04497880126
37708.58499382365
38264.55886285731
38928.78378258801
37546.806226931025
37920.226710120915
37696.548424632856
37681.166825356486
37917.975824341134
37443.969525882996
37329.04253568543
37609.97115980051
37462.941128143095
37703.70284301042
38390.13802651563
38020.40573694737
41301.73196876988
38127.336744333035
37977.46755477905
38257.52546867819
38238.446240669415
37936.36553205961
38314.919597521315
37760.37244898886
37356.00779486274
37955.01816418217
37760.5459161391
42130.774278936806
37948.600068283056
39640.27344805749
37150.66233822183
37170.38443093592
37674.67089000316
39379.074879549815
38172.39784998354
38241.47320501853
37872.49256925664
38075.0003158305
38018.89197282339
37931.91199936999
38309.30730497672
37661.34587356281
37264.39625963858
38341.7885685248
38297.33831724166
37780.427392293146
37658.992627818756
37703.1208466214
37970.50352180922
37578.925570499996
38533.3129435336
37729.34430872978
38255.82709912988
38306.61083661515
37448.89886513236
37736.58508591831
37547.257648515166
37903.37909255354
37488.92623878516
37451.82878897779
38240.436509500774
38470.30936009804
38357.693465082244
37893.712795354826
39815.8518246759
37914.21577156927
37998.93730707096
39825.32583540594
40562.50493954825
37979.21502904675
37871.20669857456
37670.32739995295
38021.27648649276
38011.01458536279
37999.324237680834
38240.06548256225
37289.14507289436
37935.39731183182
37420.70035409103
37983.49311975882
38086.0645101699
38741.64343772787
38172.244634860996
38380.734378659596
38526.730507066204
38646.03198438964
39443.20988626602
38088.82645741183
37978.96917897504
37876.40796876034
38203.513571941134
39421.20559087958
37687.706295916236
37446.48263590514
37932.304238577504
37783.63375084911
38132.948248919354
40525.653051431414
38005.20695640849
38225.46723204547
37606.967694340456
37556.29799373628
37479.972083879904
38074.08596721537
38045.39208405273
37716.44268069475
39696.971603129365
37739.672948686624
38229.36859916506
38720.25745379984
38269.25691625546
37556.59611827481
41562.33268768246
38192.96981593614
38049.253335787675
37423.12440996054
38097.051712477325
37389.275275208674
38672.75852945974
38003.7975099069
37636.68415933555
38391.25844163
38004.208909853405
39815.46067428899
38464.748747487596
36905.293778220905
37229.607469487135
37954.25087933306
37443.31951991575
40181.10003468169
37686.01947252432
37765.87841097653
38942.94927605359
38692.66460740125
37288.77469640457
38425.711331226266
41567.37994807068
38613.69238672762
38726.74636538108
37748.68602345167
39019.9318164956
37223.36405147572
37888.95109065283
37969.20001577159
38176.584085619026
38270.008041974186
37727.57073207476
37929.97150646178
38231.759299701385
37764.21748132488
37555.09832489951
37485.816118731935
37052.84718113054
37616.04800774512
37556.29382504443
37391.69855267471
37857.71851804936
37942.065131786265
38172.73027203942
37331.85313474068
37294.59792987583
37735.11201069135
37767.48739281533
37988.96665777736
37845.94607479641
37449.49761885557
37838.21856812711
42126.245441181745
37520.30917649885
37427.85134801778
38213.68590815042
37615.61884240216
37784.409791176746
37477.31133222974
37388.544594281964
37762.54875263462
38223.607252825175
37896.05392258606
37284.55892990277
37936.963396110645
37872.84897197113
37572.18352304864
38232.90423238847
38377.71456899744
38294.62119042915
38188.79249908996
37529.412787834546
39409.723777060564
41820.150478081196
37530.815731658055
38287.4556114494
37861.488416088876
38170.31336659831
40921.49394555903
37823.86655547643
37483.183281297286
37864.71841954853
41972.2273919929
40775.24530768625
37890.26620316554
37582.02460328869
38071.498840765096
37702.98639199748
37926.83204081901
37967.75554082963
37701.411164506404
38066.787889289626
37411.16121525379
37462.779780468874
37636.572652289215
37032.455519661016
37426.06334813145
41688.91006944137
41469.99361043552
37821.52087535587
37354.57024625714
37520.902533751374
37635.78306726023
37493.755118078996
37744.46359138273
37581.689217290404
37816.99734047999
38273.80998127837
39582.98125493712
37727.932377311256
37724.092173080906
37888.90358767774
37362.025668108865
38131.942813038666
37532.377293755795
37084.741845661905
41721.60903491189
37847.15385094334
37922.049342215476
37742.8474537698
37558.42003842269
38072.69820489726
39061.84394216884
38886.69574847928
37699.20381161221
37782.255745514325
38090.97374898576
38387.119464826654
37815.55237781525
37957.25284986246
38287.15689139516
38268.642438641866
37503.94486590557
37924.922754839165
37733.546058670196
37660.721649617866
37600.74142718581
37457.36365999558
37700.08504472861
37734.37596003691
37536.740220679676
39814.87818644201
37726.06421813027
37413.85102101745
38037.1904456319
37617.044688242335
38017.764319900176
42200.59833433834
38169.29288550053
37519.342338326365
37880.87771646203
37478.49352322449
38012.45927237246
37465.66327718597
37808.253055011235
37382.83332127005
37615.28747203235
37952.94730227809
37502.519784277734
37686.647664052354
41490.01416909444
40749.15784628265
38540.4993527905
37539.77809075584
40827.116809576044
37705.41775342099
42173.13431234461
37704.98403017096
37997.01660577561
37301.74661414993
37884.481832390615
37634.80816165478
37477.5714691956
37290.42112717226
37519.605560570824
37701.804134074206
37897.89220672714
37871.30337328173
37893.46501103655
37640.1301728802
37482.63991650771
37764.583505612885
38018.994892436596
38471.825004659666
37647.19899912661
37636.4230291084
38271.230423826935
37632.52059623062
41164.98028369585
37603.972578774046
37979.93194865665
37565.08461347349
37886.91793311309
40933.733205535675
38301.75584604372
37851.88664541206
37600.59367066294
37968.95895965761
37750.72623271231
37338.94562393133
37617.75445033782
37836.734914836066
38611.87778237496
37744.00597381251
37242.61048381226
38096.03369657113
38523.480511156136
38256.40586921551
37482.45735172507
37656.3732175512
37475.16439988035
37879.0112880725
38378.761149521895
37641.12558027842
37863.02807024154
42158.13556549546
38602.54884107424
37539.46980143749
37308.06244100166
37849.99555877793
37880.79781463644
37399.45821650772
37748.78068469501
38026.47614606086
37498.64789906392
37846.65344184143
38525.875131489585
37716.35314259139
41797.078422577404
37609.19247507979
41693.54009723989
37724.6814667779
38025.445139987736
38258.06592073375
37709.84772165908
37791.77835760406
38137.06941887767
40337.88469618803
37850.337763882926
37349.798662952766
37876.609837641256
37697.4726288083
37779.874326502926
38019.511562538086
38185.382037179945
37063.806655115535
37052.36735229681
38297.96584441832
37137.20609700144
38426.69540304228
38211.87450160011
37687.59136841185
37573.348861586564
37687.65431602979
38478.337397190626
39088.71387062625
38325.961663702285
37429.82965301182
37604.62235843249
39566.48845089974
38078.66976908858
37783.937941506
40971.484001784804
38132.120430820454
38367.99243039174
37649.22372485941
37732.468507270336
38190.637721948406
37915.47543392715
37438.32124837895
38291.97209670585
41086.2664331713
37718.58719166887
37630.30987464754
38231.00360470302
38277.29724635043
37273.62057764891
37779.178900607214
37782.61760186298
38033.93483858353
38918.645099010944
38372.602138918504
37924.47735261185
38108.93235089969
38304.673434818505
37894.192695594684
37587.419936403305
38114.334964355054
37051.990836033474
37418.972189256165
37614.57889383343
38374.35173181567
37709.160533112445
38267.72807229369
40245.71995517578
37874.78970521156
38019.47523142202
37713.76943948772
37303.33916582107
38012.940161838604
37895.19794029776
41628.59841147665
38166.19192962386
38022.787335121895
37747.72318991052
38059.57474766965
37868.257929288826
37842.62422058151
37835.642876348786
38291.99687798513
37569.765077943324
37740.084334198815
37500.047755140426
37883.53327970482
37738.82314232185
37976.67227410313
38068.49419689984
37996.38911400893
40483.35436199971
37952.54181585284
37551.2458136957
37626.885592601124
38309.520116320775
37574.278617575874
37309.63741471475
37379.306429037555
37004.40399364155
38513.77948318953
37675.57455259807
37529.897531153365
41402.48635721211
37940.12430187514
37319.40853211395
37737.40598315575
38028.74327240613
37933.48781491405
37708.19749529591
38072.68199212245
37642.84062496112
37573.4374099682
37478.87539753357
38874.1276886881
37384.196985517825
38209.74300878972
37873.806865721934
38118.3030815969
38167.84880116668
38496.35623336551
37942.1683336125
38324.81421071083
38005.837624040956
38164.44362946967
37374.22211105155
37814.29133713543
37724.74510474157
38295.10069113619
37295.56604044091
41511.231551605
39225.81104852107
38091.98994872187
37678.12418850212
37478.12514004246
37792.26003127105
38645.39240363284
38186.81592465341
37903.29401693725
37681.470219082315
37418.54922256967
37313.57902996269
37709.35462842943
38631.49080166213
38029.123981507146
39355.575636207686
37627.26512528677
37242.55051414719
37336.13851890079
37446.65180009596
37563.96990579633
37154.990474679915
37644.849010667924
37848.31292205048
37927.61654655768
37778.90073490857
37806.565826409416
38033.648780264535
37711.14184288224
37405.42765390938
37104.19541572786
37860.717320288204
41886.17171244999
37994.59278033581
37553.87486400197
38099.249713378595
37283.91954912089
37825.80842248449
37035.922137242014
38182.19952812155
37902.9888755795
41568.630857443204
37681.54021035469
37838.19588944998
37753.051923406456
37424.33839462451
37777.53228131735
37464.11621985447
38059.34987524694
39652.65023987082
38187.948818106386
38083.290242273404
38070.83773815299
38025.50228448909
37853.368357627376
37905.22404585724
37838.586362051734
38741.16980502323
37944.70891727667
37743.64660704192
37789.91631606306
37661.275258771944
37845.3926725672
37896.98138698871
37363.82972539683
37513.62082403638
38230.67609309114
37649.96690175747
37380.465398919136
37868.50979636192
37606.6257462377
37793.32432998824
37751.814836770485
42163.644794318425
37922.67183260942
38011.50835256626
37642.383710468945
37763.93760388945
38129.55012452974
37650.36561314984
37728.84853680713
37789.9011014035
38371.098687213664
37692.17769456079
37756.72624759015
38080.05695987878
38118.11579533254
37654.46215209659
37031.48687552898
38001.64027473895
37756.82981687211
37525.46924197325
37752.156476443684
38763.86519773331
37869.21953137841
37876.37245178597
37966.45539812344
37961.99550115233
37115.726231883
37314.551160829666
38040.04998349342
37718.943919202764
37955.175153904966
38197.111721683934
37900.340504124244
37687.85899213626
38470.35511773595
37978.84355322936
38058.390791377235
38166.286037603924
37932.28462170235
37843.846844724845
37834.685563940206
37407.73130444779
37887.09375603637
37286.06660869839
37585.406450426424
38056.18438268565
38263.601769384404
37590.18476389764
38493.49934327354
37908.34937794807
37611.5865863912
37606.02814995082
37681.587837981846
37409.37121415839
41224.50753202438
38602.492034613904
37468.78163094
37432.12565284035
37381.821036464615
41582.6842032746
40058.90742948754
38237.53712553258
37513.96510950956
37814.780990949315
38311.789727428164
38473.66365848772
37764.88123756645
38725.825206320354
37702.534607908834
37841.19258265325
38067.01676116612
37908.62642693293
37941.96838858054
37485.561978819205
38394.84658558318
37154.47220291185
37419.21916117098
37571.15753722724
37995.74128254133
38665.27082229553
37898.75590551573
37623.38412354825
37968.834145864435
38051.67454719848
37776.774095196844
average revenue:38083.07269332412
possibility:0.051