38468.41662524227
38070.69204284718
37894.57022500921
38123.45633473082
38108.87152678096
37638.17626654588
37545.29158322004
37488.57615364186
38372.77984702402
37738.64518882647
37894.33725818793
37780.11814769447
37863.2670742011
37515.771984474195
38558.756571459024
37858.262043355535
38368.096509333904
37693.841931703515
37915.29141190039
37674.72313896372
39101.86289356419
37838.493797375275
37958.278424550306
37620.558312129055
37605.28279989914
37513.311998932484
38393.332315132575
37800.506630515
41815.307752791676
37757.76438723786
38235.918323107115
37593.457575128516
41041.7469405091
39135.060167968855
42103.10156907056
37749.40134025781
37614.23381622151
37924.41568645925
38260.91884997131
40121.60339511952
41119.85084948776
38662.64233019021
37823.859261835256
38239.642569164236
37823.64664034152
39185.84707493167
37902.28981411176
37600.92647283128
40642.44466956557
37989.29376218936
38452.64569822324
37725.12769219382
37413.794548133796
37660.97299689349
37587.898779662115
37572.95169809255
37922.05322711256
38151.838487399174
37725.82141646055
37816.89448180279
37614.305822048904
37662.566121153555
38017.460664514154
38335.911899296756
38020.50051324655
37729.273270012425
37196.952037665505
37616.39966164835
37065.35012448568
37414.461800299294
37682.472449248606
37668.99656807529
38184.84269914303
37809.62096057052
37915.33986068519
37898.4462147342
37785.03405368984
37800.80852047204
37934.649614704686
38012.642138828705
37918.61173115547
38972.464745400204
37758.64386264249
38367.54866701714
38167.58913077832
38366.344202043154
37849.83546079923
37313.20298346288
37739.17121140682
37838.94417586299
37927.93818143587
38388.49083900489
38119.60407061959
37018.410581753735
37786.21505256028
37585.746472188184
38103.78541180595
38369.834782823964
38905.130739480235
38290.268444077396
37993.34793558943
37695.588320143426
37453.50689513322
38031.623447898615
37734.74821717622
37956.01108807937
38350.809981793
37443.51006911156
37763.24440696462
37207.50622617333
37790.737212296524
38011.98559297352
37860.58381238403
38016.38735259625
37876.984810263304
37588.287650434184
37850.06256408742
37561.74683680172
37482.23428961567
38036.85900632341
38131.99153149473
38372.24796985396
37839.97017363281
37654.631818909314
38673.85896418837
37190.446647402874
38166.10422584406
37784.09442365719
38076.123236337335
37775.29060982951
37488.21026085916
37657.905238056715
39156.303760734874
37835.12327808466
38105.805069875925
37707.86342878358
37763.989201504606
38181.71075374047
38286.43625354339
37609.6754485211
37683.36505183065
37991.95913914868
38198.518690311445
37630.24575303607
37941.11748554696
37926.48627988421
37378.04067844421
38445.2881424341
37295.15667469031
38459.91771139173
37468.12941608808
38284.18531722616
38337.74039943611
37287.5833011484
38453.351782329904
38118.71129112695
37546.53846771014
38307.759872668845
39682.981259700326
37611.23460738679
38325.69429077923
37800.21003142198
37850.25534525521
38756.258096122576
37852.67725779261
37709.96075275795
37422.56627028929
37714.67941274101
37797.86410881726
37620.45178040617
38179.940870143764
38079.41148465761
37774.485998183336
37507.80838573541
37636.70039075737
37746.43473492046
37786.424962659505
40186.31635315756
37551.181237171426
37814.02911932722
37544.44475368058
37605.5126578915
38234.7521913247
37710.0229143657
37742.147326877945
38008.697624448745
38355.81487986945
37655.70254957821
38396.126731309916
37421.389613981555
37839.20783065194
37641.47876858304
37652.44515598516
38301.07358407046
42052.2756363956
37633.62442021665
37972.51965302921
37844.22323665643
37781.74882710668
38468.8807848248
37940.64717563206
38029.294180967605
37464.88546822141
37561.35633547825
39710.75646536955
37644.098759140055
37746.4896654062
37126.941083156074
38157.70146330397
38271.71880503097
37512.39460241965
38227.57070726004
37856.48275420748
38006.72807905057
37974.32048000267
37479.39928903108
38427.471665118304
37479.01331723237
37762.25392630179
37961.526952543674
38189.25344834092
37627.98989783472
37633.56705831348
38245.40482914024
37787.11304057203
37957.33101769404
37459.67987666778
37441.52210823183
38082.31258681756
38120.440702740794
38140.86338434151
40063.36320036971
38033.507100304036
39667.301319168066
38225.27193602639
37567.70118839861
38194.001138988984
37366.18883584754
38106.66283535741
38015.96692227808
38319.77783722886
37687.719776103506
37675.39666607635
37660.59459861734
37617.70592046903
37632.230138448045
38143.25736070513
37981.41968106764
39266.54945486389
37611.02509338893
37737.513522245965
37866.52135159803
37758.51677027733
37885.333766463504
39997.65156128672
37139.953181646546
37708.93081878616
37667.10608281202
37579.78750169755
37888.91470051151
37863.889228721826
38118.31771060735
37909.45631933378
37381.100481618865
38222.8877646378
38344.34344792584
37770.645023286925
38091.10914364756
38407.42595913273
37587.025078571234
37968.06865004201
37721.860779635834
38126.28818185906
37955.78621820339
37799.932867367126
37714.334939004075
38062.23861476655
37982.8530076093
38491.083801193454
38434.6887115731
37845.609881450946
37426.30799618869
37944.41545921781
37778.241594225045
37782.60435593202
37498.842326153506
37663.15210315772
37484.46450786957
38249.99716284458
38034.67099385382
37688.57793584003
37848.02547214076
37273.350309763955
37537.653099791474
37973.79378741617
37849.77089438517
38084.46117607615
38260.48107267413
38825.15021431105
37707.733561226174
37099.1975195503
38415.75564949956
38391.38920915314
37934.83773767217
38589.82251768545
42091.88781364645
37714.92553733493
37852.14584779689
38335.48724745214
37847.13021244151
41806.48123303534
38005.858238031295
38154.69915103024
37979.80841108052
38534.04910708035
37649.56052246449
38056.91821796326
37647.29336685868
37635.8368399391
38184.57736382055
37444.02145876597
37990.1163452686
38433.14944322654
37985.146348114584
37993.17659108109
38398.79746660178
37782.34395237621
37838.70791564244
37520.40721946749
38718.95709150621
37622.336053587474
37987.03202984216
37875.54934806917
37976.99593071867
38204.78891652153
38283.07384152322
38397.56380202964
37838.80168825095
37279.55406618222
37970.24279456164
38291.64639809816
42067.72403327777
37568.09109298532
38626.23223401468
40162.889176799275
37708.23261454424
38216.174262471395
37723.77571891809
38267.29157292672
37753.768837150725
38181.75526007596
38247.766458894366
37447.79532440636
37553.75373665448
38408.79876672802
37701.84842517435
37325.2833575727
41586.34132817707
37822.36847663344
37817.940817230774
38036.03100967732
41400.810272621246
37959.162266921165
37876.427367295
38528.50846971645
37707.359984215924
37578.63771551662
37781.332336546315
37272.14899178728
40422.05857082809
37865.72655785115
38486.1431758065
37522.08518943004
38789.58859107511
37661.00550261313
37478.90569506502
38531.441662731944
38188.52685396093
38082.39604929199
37330.103235620576
38104.64736007393
39712.78928616567
37242.43900591252
37636.99680761444
37837.79309779041
38164.5325433533
38687.71865321754
38020.382127039586
37232.84476605354
37254.44004340693
37567.82347606153
37880.934579837965
38204.757380907795
38480.64611156832
37456.012175101765
37881.86732440047
37820.365796203805
38423.58183521975
37560.92337128164
37982.940789759334
38114.46964575553
41520.42766180525
41310.365000046535
37308.483259242355
38064.02242005359
38439.93143273754
39375.22642548794
37690.696115849096
40404.25844345882
38403.730826048675
37860.95601778972
37483.6445879932
37603.57024691971
37387.39875542905
37646.31962487709
37662.80909848096
40228.563597260036
38070.57932592089
38221.00647228207
37768.815434048905
38249.9127916772
37848.82798435429
37852.450453711754
38361.302139079104
39691.55418967838
37986.49784499548
37749.61670034556
37157.784654665345
37302.038848947304
38185.753726
37997.33732317441
37540.180205596065
37732.763290852
37790.08093856847
41826.51239899988
37787.564753844454
37609.80820616841
38218.23133116183
39124.056127347496
37504.884047080704
38695.16142410292
37816.96251583107
37684.32622347776
37561.89257437707
38186.14104069403
38011.863305368344
37817.60535225978
37542.734476428865
37400.06333836536
38866.56645513356
38421.39675895899
38161.04693902206
38148.62399705321
37814.294156739095
37926.73223571976
38029.486809363865
38019.48701846464
37851.77055841655
37736.25413936102
37683.55851973873
38210.03647246539
37328.092680465874
40564.92888559726
37247.869202966736
37727.127006965864
37799.06469642259
38411.42543843725
38187.29915188255
38060.8579766655
38006.509934304944
38128.24217722408
38129.64372172827
37765.70211095735
38114.15449113138
37588.53908375156
37902.795733565916
39939.629413200935
38291.12109774467
37928.98859203027
38039.69228115621
37309.80829511754
37981.26980520889
38216.687017213386
41181.81138324062
37444.20448282646
37899.99873053085
37952.24353000631
38220.018712564786
37740.6308674656
37618.748053036965
37755.015485512384
37868.37478713892
38163.78806129078
37392.66211598485
37879.82998079039
37879.70155793812
37385.3553053532
37470.58401032582
42099.51690340972
37841.981128616026
37421.11723161817
38138.72408751871
37959.57707421522
38149.040325060174
37750.255953683685
40278.12739389352
37711.46969768045
38090.88224554441
40354.28197522859
37828.790752716326
37362.641966101284
37590.12214576491
37718.67280804367
37742.13054105841
37834.50933067424
37917.00504819928
39408.043362534496
37864.589537914435
37832.727229914366
37959.877792703206
37847.85736851568
38861.05856163618
38065.29180355752
38395.733199985836
37896.64902314176
38163.22706651264
38140.11610356903
37475.581420196264
38409.43989576554
37883.711396320105
37779.66987632355
38034.18528419176
38025.14228007702
37601.626729205214
37656.22907647234
37627.588711022065
37679.91414917891
37863.15871708907
38045.26468291104
38484.33820614521
38172.349017528126
37919.9731240234
38299.10363187162
38283.17798048243
37820.48955852195
37742.050176905024
37929.01659484324
37796.95033899988
37775.581699060414
37647.50730062166
37974.256229797524
38043.33620502614
37346.04989855778
37511.39053821191
38235.20953978255
38022.941995214336
38059.34730552392
37708.903977111135
37614.83468673359
38085.752228464575
38161.78171805541
37657.394030563744
38318.374438003535
39259.89328680905
38237.58529561665
37863.07675335137
37782.740003223334
37551.491480505174
38031.41990893333
39122.93393364445
37274.96692261621
40753.2343825254
38233.923314856846
37846.35488715581
38120.029290228274
38496.66027715004
37535.959544837984
37560.732448117094
37461.122973379606
38052.26092811994
42090.50689646542
37622.923936951636
37561.90198604717
38240.96649311457
41081.88259778884
37974.27243060005
37844.646575033235
37614.562674083
38479.24158460299
37332.8236431196
37376.3578257997
37616.431052792424
37351.8374797605
37576.91416002859
37496.023123482715
37849.799291509764
37496.39456173686
39564.64590752065
37969.81765282831
38037.479443731005
38518.053749324165
37826.23287656311
37548.53748006335
38580.68741836819
40125.56377241174
38045.41767091685
38080.207710087154
37308.59232719499
37650.45972933881
37913.88705511831
37823.9663048419
37747.54326693004
37831.29390960394
38554.99791398569
37645.79135566407
38022.10230278821
38267.01982589576
38072.74544896615
37882.38564555664
37753.6358439261
38186.79928480675
37796.187118509675
37711.28296870937
38972.403765730036
37633.30647034726
38010.40018933601
37758.831662212855
37317.843085661465
37490.77357705223
38194.329873727875
37488.38063586404
37698.02419947993
38145.875143661775
38438.38551544514
38294.88443245198
37925.29352768988
37614.00229691945
37987.38956138653
40775.29599837403
37835.77729840874
37964.74015837701
37537.07196187851
38112.66643013455
37664.87343537371
40656.86207845912
37691.130355768284
37898.06717068744
38004.15809110971
37922.7557301418
39768.78405561083
39321.04293785752
37842.88200682476
37634.49305240196
38414.385145884684
37976.14492138243
38286.4491722565
37474.85483800873
37774.92832273831
38373.68166785035
38390.14344670907
37971.28420418979
37601.050714848665
37879.516077465596
37837.69657703793
37600.058231039264
38162.608688999964
38195.18625080718
37914.11264320194
38326.05587883791
37755.95866384848
37749.97703458515
37910.57201865475
38332.34050398515
38359.86724752525
40309.438835705834
38148.25236877946
38452.80297027091
37996.864996311626
37810.68558484392
38027.90737992374
38404.079334395035
38391.88705048444
37773.29548464432
37963.48964883515
37984.82792268642
37671.69975967952
38200.178605894514
37497.79577628901
37730.6631535785
40674.93696220567
37396.05863159587
37762.71757910048
37506.516356159445
38166.31234651888
37990.76694822458
37635.39440174101
37900.12537809531
37803.970273963096
37760.30024167718
38002.38965760875
38256.32923845327
37512.186248588296
37452.54850001281
37704.70092601857
38079.960487521894
37931.93492953057
37602.52720796664
38039.54874331253
38279.43648283486
37728.49484411165
38653.67029906182
37925.6226519444
38061.05013142137
37298.57671818807
37713.33905645533
38545.17863510584
37897.56955852297
37918.09488521584
37956.027334165236
38027.204491064964
37907.16135250515
37519.81542786072
37970.15632487234
37723.55799864439
39576.73911950521
37804.30599191406
37394.54723790483
38046.21759533275
38222.976938576896
37676.32081279634
37232.53504461727
37235.034564786845
38454.90770852485
38096.145380496535
37577.839836226856
37664.99646780715
37458.76394580665
37581.371378089934
37776.95464280291
37989.24660275757
40944.4365490347
38001.730090013494
40322.31389219353
37548.83535837711
38590.023706316875
40457.48949368654
38006.37335622874
37956.05459682657
38067.35428147251
37809.407194709034
41929.88730391766
37580.7917239636
37666.29404558909
38626.03132664896
37876.419829871185
37916.91263054782
38272.51082912994
37628.3352624962
37495.915945962246
40374.0049810169
37838.42599247326
37800.01370149522
37297.38047589044
38071.74760816036
37303.39773304096
37551.59259642848
38122.72950590686
37929.95790251208
38425.61432011818
37928.87839902568
37904.87901478167
41905.82249025091
38022.157444736804
40768.526157433116
37860.90247534995
37595.248836804094
37526.02407739957
37817.00460086752
38021.181394394654
37981.05764819178
37991.741708044916
38560.062393309694
37453.964972202135
42058.46403098905
37723.04619406803
37685.50932040385
37979.87344095812
37917.30344744344
37726.122322667
38075.33953725263
37548.68708372506
37881.27008000538
38028.928118831136
38056.550471862814
37972.9653477815
37443.64005445909
37934.13274271597
38198.34221667139
37960.91298479402
37394.05360528121
37944.240578149656
37464.527326892065
38272.59518160115
37309.76874771201
37800.43037490223
41584.27044106686
37915.416921493
37737.24671633845
37392.135484575025
37867.293733845894
37900.017976254385
38525.303197428504
37857.172009107024
37734.06149969596
37234.44690897901
38111.37602722937
37509.45923648922
38953.06261365377
37339.81874306939
38278.641621389615
37577.86052041022
38131.98672780771
37724.264436415746
38114.19181775105
37731.461120859116
37866.13915396651
37660.287781912855
37435.86184713821
38038.16531046035
37457.06249395113
38272.642603714
38179.64422936588
37734.79859275103
37676.273818977235
37452.90965811789
38900.95000886834
37815.318929320005
38238.24394728952
37279.74755951137
38707.22583361694
38070.57604548645
37634.584925734765
40178.3476194876
38103.77067789107
37824.029489977234
38257.46015721577
38219.714927897934
37685.07380177368
37343.43414975485
37603.21272426912
37328.03750133225
38311.01368692542
37651.832841768795
37625.21038787825
38075.70601702299
39252.44982943577
37942.810711263926
37786.342920058356
38556.538767851525
41453.86794938508
37891.366564613156
38109.04546928248
38145.36418951256
37814.65484646416
37714.174664308564
37812.25120920466
37741.36459729031
37866.60263945937
38445.2734715709
37617.846555535885
41303.94503996026
37559.340715705126
37842.307134893235
37699.800325045886
41247.60513434599
37930.40175412236
37446.42213376063
37881.75699457998
38010.473498738174
38072.54184570862
37724.43110063961
37654.79565452604
37833.83181314289
37873.30845072064
40259.64760019008
38143.68834674559
41304.40908989224
38001.46974705839
37806.6059390423
37909.84318465773
41477.41358463231
37941.95652956274
37819.43603391206
37749.43438361289
38086.62434731048
37674.15687284995
38373.88428921845
37451.5728228464
37515.53295875749
37714.46061158109
38338.20502808102
37109.286222296934
37862.75800105279
37831.82277104504
37340.04465273003
37346.15058509175
37469.90757305351
38588.38106269108
37727.01635904575
37759.33259104055
37619.230354387546
37678.18671303523
38144.92387927389
38389.778384157005
38456.147118838446
37861.47382349072
41476.02883825888
38396.14540231271
38017.79856726435
37822.49151168712
37493.724640494285
37936.87329634879
38000.46152599758
37952.2430573351
37532.391629231905
38001.18474079759
38020.398144612365
37636.32302718674
37736.18880365304
38073.36357090676
37603.95108784819
37575.88621568113
37861.17203878129
38126.483684912244
38476.78342546722
38192.90674015247
38272.2317838223
38025.23786222067
39844.15011183154
38220.88964403292
37450.45561013983
37595.82765867401
38118.182459765616
37778.16916564512
38553.15235632686
39161.74937214089
37242.62483041226
37778.6562918081
37867.66565017948
37915.033439788334
38124.51893359067
38092.838901474024
42132.41180838715
38280.91727209916
37689.605803124585
37892.18137685118
37529.041672582935
38204.143558916396
37590.50412731661
38595.89221993852
37748.75013792424
37759.012007311845
37856.37871133107
37842.42846917409
37965.29692548304
38057.19828465974
38059.145567521155
37515.75640809087
38116.818544768634
39274.363932395274
37823.046650819575
37690.71171572181
38171.89270340733
38404.52827766167
37089.994027212764
37245.70622106876
37809.104647315056
37773.650771236105
37929.23401406967
37397.16768083917
37768.81707890182
37979.99294410483
40192.8617084853
38532.73389731368
37197.768106381125
37489.81641827091
37507.94193374349
37420.740879053534
38087.70490056055
37447.75650463709
37780.298139303646
38543.18709885128
37724.29961756561
37886.53354046925
38682.99527274278
37961.257750085635
40052.04176894368
38064.55989407963
37532.10130236114
37995.393277155374
average revenue:38095.45455124533
possibility:0.036