37847.821881879325
40091.78322134442
40147.21758349046
37664.02035421897
37155.72848682377
37680.31350854552
40452.009754815634
38106.6681122268
39403.82227814235
40000.71569632889
38556.51652149723
38196.74410357855
36934.35345787466
38514.620146617446
37925.83845591563
37845.28350704436
37709.933428647884
38041.35269655536
37462.85246557345
38050.860544098534
37360.515979132986
37882.99178692871
40234.741078389416
37916.94603992899
38482.90350846073
36985.65057107175
37941.07426981419
38046.42430355092
37747.16318019512
38201.19433150127
42247.27831836971
40148.38961312562
37909.80261548588
37343.897899332915
38032.577330272856
38023.18945491972
37367.213422030756
37812.751847698106
37779.85211570167
37508.39864808936
41750.17020129012
38021.533711130025
38003.13047334312
38984.2148625563
37383.79821474253
37941.94944454139
37561.989765477454
38193.7373073246
37791.02106262224
37456.627766302656
38016.06474783238
37694.6795459793
37163.9710325133
37471.00461183266
38301.272165786206
38294.80178378787
37775.35333596682
38202.76895072968
38093.734235619864
37643.500667327775
37210.861004518934
37975.54791644373
37455.76324594386
40843.455112671545
39565.99261585762
37202.59576010694
37561.29596446606
37226.94167873663
37352.696595594636
37837.60885536061
38498.21615139134
37927.126404954615
38060.90858756319
37909.74517599187
37414.14539203405
38066.300559932046
40068.288300021915
37544.37980948704
37510.37526494799
37883.06266135487
37301.182359847524
40503.03584629938
38058.35409022982
38596.86154537311
37762.05973820029
38466.47756949283
37604.587170141334
38106.091485813966
37917.1195532764
38109.119150811544
37239.98342669481
37997.20627450153
37276.23296382845
37172.38393687353
37977.02576110569
38372.505406074866
37554.223145947784
37431.27530408819
37350.13237716516
40947.18067722141
37706.91570773166
38025.240777957
41318.36664519827
38062.508010387566
41035.81928866488
37636.36816501567
40602.22924812406
36951.72267408508
37084.92245945889
37815.81683323858
37679.9529244915
37995.17331935178
38823.25682060649
37792.56162437685
37655.313673396566
37200.62253844507
40563.71801665061
37702.769730385895
37509.79419695938
37678.733166058715
36995.666422889335
37253.157016602156
37377.589409130036
36509.3045887777
38286.29912829055
37162.78187138179
37283.296177857555
37677.26020525591
40117.78482292004
37988.36138192475
37671.70900863325
37250.2666362883
37010.29371419005
37493.15033908174
41431.99954341464
36941.448750221774
37514.95075881098
38196.159725356774
38033.172660802265
38014.752978944074
37341.081297923745
38495.341328872586
37549.20800785959
37785.97203854204
37444.66820586164
37801.030803872076
39053.43528222359
37877.403003986496
37899.935908134794
37824.122936290914
37849.55867857896
37651.40338087611
38117.24297114046
37403.33546322981
38153.258359791515
37760.317936749176
37523.70701224159
37899.22607208149
37870.356157081085
40982.90477926108
37107.86948278007
37666.65527363553
37807.938963409666
38057.060393670756
38549.3515706164
37658.348939174706
37542.24575516834
37835.98018276336
38143.53981634576
37589.46215359423
37657.465801887236
38472.75539853624
37831.365880141784
40293.03548891818
38686.00026159946
37709.841467620085
38906.722871406
38115.94146417081
36930.38618765641
38262.0467261252
37522.02818287666
37293.59898850889
37749.206091586355
37689.44825995121
37428.142476179724
37366.146406526655
38004.04076213085
38122.158291616026
37696.739337752035
37557.78152963519
38155.21918091369
37847.70731408473
41183.00323373043
38246.51431956782
38115.550554918336
37404.056047049584
37859.817231466615
38087.12595710969
38441.92582412005
37618.33842581966
37070.26050038327
38115.244045213934
37803.55608964928
37805.75013429591
37405.71132358555
41606.07670076309
38241.246369116154
37832.94211628685
37335.15909041079
39384.39849147461
37584.49772101305
37686.96564920568
37669.58535862862
37805.352460897935
37996.89075099919
37370.67287550408
37176.60204887503
37133.79147399105
37859.44522529988
37675.25938986228
37733.011785895236
37572.43034557907
37492.87010763903
38334.91229741504
37479.35697744975
38228.72328850221
37621.74986364381
38279.436114288386
42293.615873013034
37594.096467363175
38013.70988454539
37520.32485428869
37924.605461545565
37281.21655001569
37494.434568531535
37413.68597389234
37647.87436935282
37237.40470678075
37772.25847256207
37956.47600751685
37435.60614012261
37401.64093108482
38250.822360549
38011.64080733211
37282.7397006771
41866.028318205055
37946.326742979596
38029.53447940512
37800.16484365258
37762.84908882239
37740.70253194509
37189.273585076124
37100.603240184035
38202.68813417608
37582.53775062666
37809.782565082976
37665.682922024294
37290.12222815289
40339.571924662574
38472.370903678944
38260.093832154496
37427.18254986255
38219.69362154588
38068.863007839405
37701.11987039656
37626.7870291164
37597.33315916142
37368.19554381001
38425.11289368832
37423.1616628508
38300.06848773586
37110.51501805433
38052.870300548304
37738.2523437655
37832.409670188375
38045.37966315461
38022.99939208264
37424.71629791373
37283.36869104696
37728.835301097206
37245.85504536265
38229.953948261114
37340.27641420232
37549.614952421005
38295.65420629927
36841.15379897515
37690.1216874234
38200.504720150464
37455.81426386391
37490.405532922894
37837.54332557863
37421.0524900466
37951.847729857356
37450.46525692283
37069.75910954952
42158.62020597404
37671.992809976655
38501.466453389694
37641.012615851025
37514.37545521033
38299.6209685262
37447.595945828754
37309.769187044505
37632.8332772412
39066.68567758687
37632.12699572134
37734.3280818013
38077.296077855804
37543.00520609501
38419.03705050284
37415.69883518105
38841.95339183671
37367.33626194326
37429.15825259331
37644.331182246424
38123.130943765515
37322.52051049079
37901.49852102036
36832.44848930412
37745.772483582856
38799.539564388
38190.83270932822
37836.273253588886
38249.92189973525
40079.02217787926
37911.16503677688
39018.38754874011
37433.21565267997
37754.89526672368
37502.80059733739
37250.24247856864
37082.01697210888
37269.28408083639
38113.504116079974
38243.45532872144
38103.67037050892
37717.593841811875
37974.557531960985
38133.05592083551
38253.99270060446
38027.93887334359
38184.26211615483
38323.519816793254
40994.905800094355
38194.201118409226
38556.30037196891
37500.67304516154
38345.06307033161
37775.5294533968
37422.876919790746
37869.00364769267
38142.79108627336
38048.39467163788
37341.36017815484
38248.0155281309
37924.856774306085
37664.511895831194
37297.476567985934
37821.3483746019
37937.16963552602
37717.659738461094
37338.89731802979
37496.97722073129
40270.43682630604
38292.70986988098
37428.963398532636
37378.00593808911
38250.46924152792
37993.47694073598
38231.38574197785
36987.82150456551
37571.22707156745
37507.60992171629
41976.54476622987
38106.020511814684
37441.20956323168
38304.66846603292
38088.30551888039
37725.54656436061
37698.102911920214
38533.54796719471
37348.01271968111
37490.987831599734
38029.168331153036
37753.787246142776
37263.69693031613
37680.687420791386
37815.40514189497
37987.47190644543
37202.98908435231
37945.829387772515
37387.04713552625
37655.821474878976
37491.838474056116
37995.98587125662
38030.79483003189
37542.90860464643
37586.00511916279
38362.93716421597
39941.148679668746
42264.44783466154
38554.54353292246
37630.72141358846
37499.4826995567
37718.73593696304
37656.7100133322
36812.02778049679
38016.53043264787
37881.73306603477
37589.628787121015
37361.52726122026
38095.4115812535
37909.24988133181
37873.69780482347
37960.98876934974
38141.7101029029
38132.48178946517
38069.86014987897
37752.54224955385
37881.83485219534
37884.724002447794
37805.50277276655
37107.92051068624
37677.15263836708
40621.117640342825
37821.43202586177
38014.468443211736
37594.42466084652
37622.69151066246
37496.74837703818
37546.07841687494
37994.44740744863
38098.4236715773
37442.12243083467
37759.26596703967
38296.12198498149
37535.93172914519
36834.136396863
37758.98433442974
40299.69770867176
38073.73462219188
37979.077032754
37808.45699854783
37322.160019411764
37152.818433370056
40740.32022636627
36872.472259069385
37333.35531072466
37082.12659629755
39265.96752583161
37229.09846425994
37265.70457517187
37984.52577452275
39799.093646609974
37088.353802732156
37583.95784783409
37698.501359181166
37742.179219279504
37955.232230644426
37066.569996212645
37102.09434943247
42061.55823555976
38002.07575047253
37486.01676430009
37687.23852171787
37861.259580616934
37055.899575183445
41723.210412811095
41076.33439007399
37037.54282645938
38330.72218576911
37281.79782543924
37787.83352160731
38063.55354408337
37129.73243782294
37583.47811131309
38158.47819035152
37667.00332356876
37069.80299859574
38179.50491639075
37890.32263772409
38347.664103520576
36804.21468575052
36802.20624459655
37779.95206396345
37749.76155656203
37620.50399183199
41843.61407306663
37848.86449003219
37744.99019236153
37561.953052591554
37554.93758231852
37651.93778463598
37489.33857114723
37669.565866105186
37887.111476552105
37423.322819514695
37926.65479159095
37478.327074397945
37699.860111328024
41198.206160916285
37964.032452348954
37568.79866596136
37991.67641715603
37867.87741257134
37296.61369239997
37507.27241835394
38294.63781010153
38450.34193446089
38288.23905641285
38386.553381895064
37804.870225689454
39964.13068503069
37943.87498677039
37327.401661222415
38049.78834323126
40160.759223137335
37464.227712299864
37695.71646975724
37957.136033503455
37346.83996567638
37199.25446045466
37631.22462345843
37800.642718150535
37586.30247544496
37500.28559348086
37651.006260042945
37241.039404382114
37209.03268518378
38141.92585812326
37463.65436324996
37712.77643899944
37670.72072545003
41558.90545309526
37863.90955459637
37534.88402408291
38378.299458637666
38064.6601009205
37931.188329890414
37027.47889921293
37493.405296178506
37840.40961590765
37407.91152675785
37820.51897489464
37619.33482159164
37771.98461969392
37394.59442709326
37712.04728952246
37377.325964551805
37581.34081623226
37463.031353597085
37660.68488046977
36923.96559898521
37840.862428523695
37948.74408534805
37961.28162574059
38528.41693592913
37584.560587157095
38124.17520458036
38364.82405387625
37614.88231721174
37525.22517366544
37827.78912103522
37593.46530358497
37551.85740790412
37274.32111517172
37834.14984959316
41811.91839143275
37158.319758658465
37800.643494498814
37152.15471710401
37420.661654387324
37846.414853925016
37747.145186515845
37569.20043308106
40346.109710938246
37666.25197407524
37913.85201533401
37592.51500083683
37724.664037683644
42069.85127674087
37530.61529381272
38464.57154559537
37716.10645876977
38038.35771861739
37217.076815452485
37701.59672063054
37545.58057005261
37374.867410753526
37344.35613961558
37815.75245538829
38419.92029047283
38557.125149805215
37522.97008759911
38537.2928468917
37006.15942855058
38847.72590472639
37660.48436510156
37438.40953073868
37950.4335676119
37808.72730102478
38084.85677647247
38411.20856446177
41126.86283870012
38133.239085967405
37800.26390211972
37682.77953643789
37663.70492849111
37760.252675444295
38772.471313524984
37222.63768035009
38315.21827618597
37524.248109437285
37060.04734526986
37518.28288840618
38017.04703527491
37361.331077501316
37663.77928115958
37632.091102534556
39651.4344850392
37711.33246667045
41230.68890712618
40338.44943470365
37806.607185809415
37636.97794086958
37842.26949901606
37679.06039274826
37401.051658375916
38255.06187961078
37424.19810170976
37447.59232340038
37618.900680611376
37816.787063722135
38538.44791992556
37977.55107565937
38097.87196634345
38451.27688724903
36919.280263751236
36978.95389558166
37471.366556260386
38155.60678344472
37677.67312165303
37639.62965455597
38990.302234525785
37310.529926753305
37986.3325201371
37555.151735488995
42148.84517732172
38001.32176887978
37561.52667021861
37648.276774901446
37466.77302419831
37688.99507725159
37392.86462242674
40036.01380397743
38000.45867435844
37544.41497603065
37627.16338806002
38017.1277408659
37484.08752813085
38010.68827211663
38021.059944687506
37961.66755143864
37301.15585559302
37569.48293292524
37885.04628979909
38128.48106525486
38045.77253519789
37464.255376962225
38284.92709688648
38073.95641876743
37606.84896675715
37398.690281419644
37497.42865327685
39213.09072028027
37675.563754907715
37761.72088410459
37279.18195333075
37792.111027487736
37147.36271416493
38162.34757511081
37231.75459973659
37269.36629971881
38203.7272604744
37676.77514741982
40779.25176442488
39050.07281039166
42141.46444604877
38640.40977928553
37498.21776818581
37311.373276357626
37937.061245334386
37917.30664969159
37682.76424161095
37774.06365627472
38211.67664153467
37232.25758037299
38692.850904585706
37913.93667348911
38260.018081721224
41965.19111170173
37524.97251965303
37365.92977063544
36937.654029655554
37708.94441563586
37692.714044613174
38211.54532013485
37513.73634100066
37507.8020833157
37528.157411095526
38387.60846369881
37823.02561935968
38143.703555841115
37553.140039414444
37849.77279103801
37241.11806529649
37201.318648126966
37383.926449366816
37096.85088869715
37561.005909646396
37352.47266114668
37581.505064040386
37841.97023272271
40671.57754515221
38006.82795800204
37617.76571896545
37405.61615227326
38465.670180514586
37318.0848795733
37209.36637869636
39778.38437145065
37485.62068641293
37750.63011431879
37392.17580809061
37684.652431316055
39942.04089600319
37832.54112812251
40171.64877517373
37863.1137581294
37762.98092409708
38173.19000301684
37438.712174527944
37941.01141981594
37989.80042050107
41973.09351790197
37627.71479671255
37425.51463009662
37705.07172509932
41622.73823521298
37350.54044393961
37243.17112057104
38553.88455564407
37626.05733645361
39175.95670345628
36962.748661845755
37586.39326822131
36859.321344073665
37654.98371653425
37319.644126496314
38342.894313859615
37700.37299906789
37448.91123788103
37891.829363498444
37345.14652944294
37900.578232494874
37959.793106909914
37270.02257551774
38135.46750192112
37757.50999757293
37664.34150194908
37699.20163145506
41428.8523680675
37708.79197625977
36707.10726649546
37832.89472472453
37337.50697654299
37449.28002902356
41034.86634286339
36776.09566943294
37413.49522136864
37313.0655876418
37914.541455471
37526.24112284143
38041.43017073641
37116.4147135904
38207.04214118333
38040.23042319097
37243.78638383867
37659.20931525212
38253.41157802925
39313.49201668434
37117.68281269073
37360.83900685679
37265.44174766997
37287.60199104197
37988.73395168513
37476.18724552559
38071.60934617108
37522.693909725174
37581.960754793596
41597.172618008655
38263.49289959949
37458.92572760371
37430.08380420016
40167.704530152245
37875.860477487695
37540.34735831863
37586.750332372976
37749.86669919202
37825.53026539669
37568.78439362679
38655.6263450739
41061.35501745806
37666.055114548835
37563.97889382129
37648.681260448226
37119.38344003572
37599.42984515391
37923.4491902837
37580.425296923204
38066.61239216704
37985.64960107626
37469.218095670316
37299.383449896435
38292.64371854758
37549.90908515992
37247.840677431705
37784.96816840494
37722.97707370412
37871.85975559456
37921.91876990968
38183.61435465376
41120.75972890882
37887.67904639684
37417.107152797886
37504.31805541727
37368.729319621496
37892.59010710074
37421.81431548736
39187.43614787182
37617.91267438518
37021.42716278917
40482.72706675625
39964.124284819285
37966.04757538505
37761.95978010931
37561.34251918331
37270.23383340048
38141.50355779903
38496.371078890086
37994.907568996496
37660.076751772176
37732.93576303949
37294.896862043504
37139.514431371135
37553.58647194337
38195.31963309688
38674.18201317338
37235.25584996349
37414.40531297009
37685.88713026455
37174.400443190556
37408.54623293123
37581.991153402145
37388.367946604536
36987.92817461905
38702.995943036025
37838.60246424916
37783.76182344862
37516.26134408168
38180.395874559086
37592.06060291786
37877.15912451047
40073.23053954543
37783.37623399481
38377.28100252468
37615.76864939631
37540.21158785404
38326.211514360824
37228.96524936183
37886.84829164196
37631.486576755626
37588.22235522759
37664.23317156787
37759.07551361895
37303.29619871215
37656.07850867011
37132.077214732584
37948.69495394126
42013.023600654094
41226.641686641735
37247.399394636624
38334.621732976455
37906.51495856113
37575.71422401727
37535.462150882224
38399.24200013818
37738.324643082815
37590.21805519043
37766.577985867894
38174.874600734205
37900.67639415602
37861.43283427511
41788.281727154106
37409.15841851747
41272.62910982253
38050.3446997351
37888.21864265769
38410.69415218661
41917.25825567762
38480.34211366131
37911.237546503835
39612.86271514315
37360.266511696645
37211.74356499637
37831.03447235472
38338.98051719945
37369.71046250206
37682.20504642855
37383.137041971626
38116.520047691105
37385.81563042306
39697.46103855977
38242.708544236484
37327.30326228636
37506.9280274171
37871.22559666375
37475.07123966449
37945.06148641827
38230.88395758988
37354.46369587289
38406.99245241617
38119.30825523083
37671.11169998378
37359.130786701215
37973.00704652113
38094.69619884709
37797.528370941305
38078.31310806514
38800.16455271073
37442.72657340017
37796.013180392496
38409.29288610252
37635.05581226915
37925.399787934955
37958.7980376259
37287.83565898132
38066.15108434434
37854.10109558602
37237.0280380826
37573.32866135316
36903.41783993636
37792.895011586785
38101.2257454493
37437.744927096086
38073.37573142255
37304.48189976208
38336.61072324184
37591.467343017226
37320.12656112937
37850.081333066184
37725.44018044154
38025.02256026372
37752.43673333239
38202.32206026083
37138.584146990375
37656.35026517265
37727.28040665758
37886.54057192655
37822.99150587428
37854.663160561446
37706.58999108077
37012.93788041441
37763.50861854772
37261.906440483
37825.04052025189
38218.12313229613
40266.401576030206
37367.89052866444
37677.5548032374
37817.682319417836
37833.1158493198
37821.64407394608
40710.30318496971
37724.6464164206
37609.41463695983
37326.7476156207
41363.07310753401
37575.27408895394
37433.285733694436
41302.934532626314
37928.6735567673
38079.3391152698
38274.447452460634
37504.23448616379
37322.28259824737
37639.40319103726
38518.44835681386
37455.65094781256
37874.39684946829
average revenue:38010.16031854651
possibility:0.05