38054.164563500155
37957.68770102347
37830.98940928906
39964.223113645436
38845.34054677366
39860.227116654154
37683.67362551151
37437.94885467149
38190.095173524256
37795.83508494722
37387.08885764321
37958.6324012178
37849.04329388204
37925.09195495597
38240.1695945287
38184.465667461154
38281.38994087545
38505.84447579119
37665.3345816653
37869.029021723276
38104.263060834935
37685.9842829508
40689.4019848966
37886.03105501101
37766.934273854335
37793.25679005529
37881.29747271149
37047.464962836464
37755.99884874583
38399.03557698041
37448.095881418456
37709.76278466203
37668.191925887404
38166.1593781019
38340.9016806495
38087.2731142612
37667.75627760137
38217.3004043002
37598.16529636132
37242.3824698929
38223.74206932161
38735.11134098175
37784.59676871268
37797.64418100993
37804.61936408047
38258.95663222082
38238.06508586454
37540.59247101396
38117.160866408616
37740.20071328868
37580.56913273322
37721.38261188453
37912.26281453993
37484.964335356926
37722.83219113511
38836.70978014766
37602.805299610845
38052.09662459988
37795.807992693524
38413.185716577835
37980.26866870275
38218.57671018358
38203.920848041125
38454.29646396241
37397.385946096445
38172.61495630082
37711.330248357895
37884.07704616014
38428.46013175015
37903.0937774185
37587.22709005867
37762.80553774957
38488.52784382391
37675.9235169328
37895.76752671254
37980.10888727414
37749.44835240378
40666.77787302791
37617.89502379474
37648.04119500194
38150.019789196034
37507.45385433691
38028.11385381902
37963.34702077562
38218.40979645144
37435.70169694603
37624.06833140941
38231.292924972106
37908.77894150998
38081.85820447245
38131.63453957833
38076.0511516185
37844.76044517693
37882.43366848889
37556.792787960105
38284.42036641218
37423.767112282156
37300.21002381944
37736.645666789474
38610.682800221264
37766.11732295426
37551.165938080114
37697.84051433463
38410.31697593691
37840.212386305764
37674.033013037
37345.545304587125
38625.60975824528
38116.81845924233
38259.354132358974
39584.23792195015
37430.10402797118
37423.41519216168
38169.40871781958
38354.333018306024
37680.34675377509
37912.55813207998
38084.828735282754
38013.830145731285
37561.06415266687
37305.65454371524
37515.18850751393
37659.43601728685
37701.01563469803
37246.69862117197
38443.31639684923
38042.580621517365
38117.228566088364
37597.03584801175
37719.367018090605
37533.730706595044
37864.26986247637
38118.46450104117
38700.251668309975
38169.52007422449
38320.491507133076
37022.4062749945
37745.75899809447
39749.388066989304
38434.46711814834
37379.86380904243
38431.42875153904
38196.16583842964
38204.44488426959
38440.78603620676
42216.86236603741
37599.631135334064
37133.65192768637
37754.63130851705
38108.77006150635
37509.74669209268
37485.96596143496
38202.06017435808
37615.26649165564
37369.56694046282
37646.14182733467
37798.598139911905
37950.047313633084
38221.47651369455
38499.78718707436
37733.388150702456
38535.69907179936
37398.98815345868
38865.14282712575
38125.94011571703
38584.448999454835
38424.05862090285
37822.51307964063
37976.4581383136
37797.14530310565
37895.60672310412
39708.09281182291
37760.206120263996
38135.36554982772
37851.057559180284
37766.33997742475
38377.62420836827
38045.73646423077
37728.17762647229
38828.71784953627
37518.49358899194
38050.7505564377
38262.62146696236
38236.33225262415
38046.00570057114
37778.02519790989
38228.61090582929
37790.11169379816
38263.761761328744
37798.25480807117
37687.82844965349
37565.070498210436
37710.95983028937
37983.80192991697
37895.0048849205
37796.49677542346
37894.483652417286
37378.12049066788
37665.824195792266
37958.69836852357
37887.72031451937
37651.28053066524
37738.061446369975
37806.994729677666
37711.054135589744
37863.00888765155
37802.64231006742
42133.27663425928
38236.648264633426
37683.834287687176
38122.76058984887
37803.80296208277
37710.26144946628
39095.136731693834
37913.077984120864
38149.636346918756
41753.64685799819
38140.26301069567
37412.90204743757
38424.428239159184
37868.20210654874
37604.112497666385
37432.13224367409
37729.26602868668
37418.79015597942
38100.639575055
38321.67653413379
38134.705804404024
42089.945466976744
37615.552462680505
38228.092787859074
37636.76652601998
37866.85808494402
37415.61774450922
37456.24835654191
37664.75246793586
37808.94138457052
37806.49631406041
37931.76328292396
37916.85727287465
37717.07985646838
37635.79949683764
38464.552421040986
39094.29292428502
38786.84942065412
37595.49459270861
37677.943381103236
37817.22277918526
38249.80516362716
37873.509696984685
38327.92102271753
38093.67982301558
38456.52362962389
37732.36459704904
38280.314816571794
37429.15543335231
37892.36338711896
37955.004960843806
37653.956392328924
37869.431987044416
37672.921066071394
38163.96980034434
37514.78232431512
37852.73940818559
37582.552574355825
38154.56243401891
37492.6589156854
37857.10736830202
38022.4188088485
37962.52846308941
39432.810702900686
38189.99834290069
37958.66584824918
38233.45820320977
38251.57328508269
37469.394935839635
37366.031552094304
37336.467015069924
38144.58476586188
38257.95878523198
37693.7146031769
37365.08997337853
38648.483256271364
37979.93248287751
37656.69542076493
37834.083880038605
37681.19473246062
38031.09959134363
38389.49350379197
37875.943161173534
37841.157379872544
37778.18303953721
37719.26380132833
38425.81709632109
38655.86181433386
37723.69065650647
39168.219765372996
37695.02801856286
37319.56616026773
37693.73168203012
37348.00289947326
38081.62789174369
37952.7849537131
37452.842177959436
38115.09788716858
37392.070505727475
39668.80787781687
38005.73026959784
37947.96231376892
37927.85112714469
37855.59608262404
37657.15951112262
38374.1976618764
37863.32252346718
38243.55843264181
40190.634848889145
38591.284208697754
38166.28499288069
38115.13697836272
38103.91710759137
38148.711782884326
37577.34384925814
38167.791880435805
37766.81488481041
37600.62448877987
37643.981401725854
37658.449831511134
38587.298009612685
37673.94838800648
38492.99132059987
37899.21056771542
38250.584110363074
39780.05251526835
37826.77834093947
37737.644100800746
37885.12277748114
38079.30246490109
38069.34983005557
40993.91926856322
37604.97612982626
37786.66005535959
37732.313994906275
38392.12895643865
38302.495428994895
37573.274231738826
41711.51994432753
37916.1620501974
38238.933076030786
41832.66563741049
38521.29091165889
37846.785802507664
37338.519759766
37583.67405786484
37841.207873352454
37580.249341868956
37984.25290154417
39614.81928964099
38358.8308415048
38390.32603362745
38531.73586674129
37509.774450819205
38378.03027422165
37568.747501326434
37592.60590241615
37894.096899086464
37604.20341974181
36993.53512691386
38606.23778662821
37970.06701169298
37854.55179029182
38115.587893628865
37559.68192269531
37358.16226036463
37784.84238983135
37498.06394827547
38048.092353497
37999.69023206683
37634.02725606316
38324.90216379818
37503.43007009848
37979.63812030299
38165.340683052935
40589.69578045085
37595.62737268899
38246.94388848141
38580.42292266772
38186.695248063144
37462.12547678069
37869.41902430865
38538.892935475524
38067.15758385313
38026.98043232371
37957.0257801329
38024.0762718783
37444.010058558364
37953.64001228923
39590.2121977629
37748.2776292157
38372.291356942435
38452.58987058216
40671.43354797768
38377.226241984514
37651.67416999242
37927.94553604339
38368.32883787746
37592.28175441063
37841.289774193356
37674.99367572485
37543.67479162695
38678.61310585909
37846.463832341076
38259.97234953574
37295.321349772144
40858.733839778615
37830.812395294975
37335.85834722762
38548.6820861451
38268.04498683888
38661.366907045
38186.91299200154
38164.64404448982
38615.606270864104
37509.3195897058
37582.6639130281
38464.26363520356
38658.50860095708
38743.210126480124
37249.376983249924
37428.057627288785
37732.52074807228
38330.19920924884
37893.67966720256
37808.136959873686
37685.14637967356
37851.31271385501
37946.147315792645
37868.69517046417
38231.01116319017
37759.07145553325
37677.773662229905
37820.39014980027
37793.76835589301
37689.43704548577
38021.917025041104
37759.96466700929
38396.87682376438
37692.15526812832
38527.89082375837
37676.11753028996
38062.987476552
38114.21159905791
38029.9883272281
38668.25757045563
38028.640124050835
38170.55607627575
38143.66423296034
37988.44684790447
37578.450274918985
37401.27302400012
38380.19948848613
37385.10421902061
37923.566242229055
37773.817529640895
38021.60356880625
37226.20430725036
38084.05947902648
37731.11759946678
38641.16881934244
37754.919460913356
37858.31198001866
37679.72539310189
38247.77175122596
38394.194125903465
37993.12793387364
37747.45998097429
38276.35576151783
37296.95917714563
38159.607136228624
37779.220725371706
38083.83951393948
37662.24652871927
38350.027917377425
37602.23859915813
38167.516013679124
38062.9929501015
37327.23491270756
38094.327932142936
38118.58894991876
38174.86497270305
37798.405282256535
37787.023505942634
37891.33044905326
37672.33130321312
37881.42108715574
37364.766233810326
38890.155156216955
37722.06825655899
38175.44473846652
37783.68570043612
37537.28030265639
37914.225353459864
37772.97970549548
38503.940605788135
37894.134000729864
37875.31261497159
38087.90857370282
37737.211671590085
37848.9344437932
38131.00655593933
37867.34764937895
38287.09493504469
38269.37527214918
38137.25975998643
37949.34850424665
37875.09818166
37269.92506018014
38608.593562975926
37151.48345674903
37766.78309597616
37833.490522056796
38102.75872372676
42149.41875073444
37696.2508589983
37568.56300065018
37692.29933414024
37357.71099222256
38292.24967903356
38116.538269086
38728.21876404136
37695.19043996737
37989.27396005761
37857.05969425635
38350.850945013706
37865.612012618716
38109.90510447029
37390.41250358967
37952.140046680135
39978.965155605045
37841.72268996875
37612.793868950444
37835.88160548569
38633.22139887554
37848.28750207725
39862.54408701075
37717.8914596598
37882.3893097811
38090.71151820932
39390.12362457231
37639.16552623437
37887.6764135763
37702.10684743776
38193.56229609194
37747.922961836644
38160.36437434235
37706.20581969136
40589.88724080826
37878.48319075174
37323.7607197973
37592.262295694636
41764.52060621288
37951.667912517514
37921.416958912516
38207.264226970925
38370.600416652866
39329.10259376943
37767.507416647255
38335.70725338779
38015.19265280116
37058.854028558846
37757.29363704812
37991.534831778634
38349.12563267651
37509.845988441135
38612.39483645731
37489.579924904894
41684.997318560745
37566.73842644157
37830.70297958712
37460.84018552594
41403.063422485706
37722.57447903227
37715.473918764226
37927.495710130956
37600.24580188661
38179.53409625253
38758.141338288726
37643.12884857836
38467.06436764163
38618.54866220671
37661.518887972365
38093.434349333955
37644.82716709761
37536.57432206999
38346.681602114775
37747.94360994732
38562.70471618827
37945.87952521224
40936.515597920414
37969.58136707356
37685.95624397536
37859.286325488065
38041.476414022254
38273.93114361723
37884.940627192635
38112.66292518333
38013.104568973555
37562.17458825839
37780.386558492515
37540.87988990838
37530.63604256964
37655.39310411778
37795.88373119941
37746.163672441005
37369.16596405325
38138.570084985826
37699.18676063086
38228.662502909014
37578.51449580387
37387.09404994103
37321.37252310523
38261.87347343238
37554.19256704233
37736.703441177604
37748.51202252477
37747.2855789402
38382.9046158613
38457.291935034664
37899.86780803037
38097.25777646953
38406.125976120384
38125.917713497336
37537.93113981187
37632.8276392531
37929.758136903634
38385.42844516344
37928.82948847399
37884.12735799715
37958.3138026661
38056.53055552646
38150.38786607535
37504.94981573444
37915.53273129863
37207.58883601338
37717.99620621946
37811.31637663756
38228.17449495675
37905.06167155711
38008.37276607836
37857.199847333046
37563.940627218355
37574.74943790601
37715.3219735736
37455.345588000884
37645.515631984505
38191.59772726094
38375.22925081244
37797.283256229624
38290.49763995704
37467.79702442263
38133.83962394678
37869.490042887744
37734.38603185386
38176.77331903837
38381.72276988557
38063.71941899593
38058.78814519355
37746.746436327376
37725.02743073761
37493.15366560364
38093.26339804828
37807.79774768512
38204.125146835
37957.284051699105
37552.67654195122
37581.860518680165
38194.15015539268
37196.14867592063
37575.45595807398
38004.61646534764
37605.31519976779
37694.35521435002
37886.01710225623
37777.29078545284
38038.83174049715
37602.198287484585
37685.54352797458
37616.56146464867
39249.1605086897
37930.40353805391
38057.78500691995
37860.24065817366
38622.00211317619
38326.342205054905
37428.182569118515
38107.491248367296
38076.75271917709
38126.67571117674
37860.57600430858
37663.14437948893
38055.929425439914
37664.50033326586
37824.09674584058
38025.7021610663
37155.24973488296
37481.83073388444
38318.75906548027
37357.22440289595
37961.57575955293
37895.090794938034
37440.86196579208
37972.75333557051
37554.08136349582
37050.13011881855
37592.8847178408
39840.17843087882
37552.77945382277
37991.119236017854
37969.5457969507
37974.82610367161
37908.61760978896
38444.221453530576
37559.595488575214
37331.42447457604
38032.58012207889
37723.525753402566
37949.877458424846
38550.117327467306
37833.66895345262
37920.05614589551
37632.895302284
37940.363921074466
37596.0155643812
37795.80310675681
37487.4068155255
38436.52565019907
37716.88282855597
37555.777543959804
37595.254934115765
37203.652314951505
38433.37432101326
37451.38321090708
37880.3762151177
37690.10372185736
37691.39496630509
37672.68870653316
37994.39945214411
37865.710260680935
42021.3583801616
38107.92439217375
38460.34205625886
38108.15837426784
38031.01352914756
38937.447444430785
37661.880968750476
38776.20214530929
38612.68509662219
37674.71369143245
38309.528089521154
37776.0801970476
37414.00405457993
37609.60412334456
37469.690791580084
37826.3163018474
37842.67584913561
37773.800280034404
37970.10238652959
38023.206208199685
38426.890820566034
38112.32841184161
38253.4009241031
37790.719980282964
37443.33661021438
37901.491793745445
37917.169331061676
37903.902912412916
38806.23127394399
37530.48560576508
38382.86729658583
38103.5181063105
37659.62795254347
37249.2967992622
37578.05690414466
38463.88457585958
37777.606659572
38015.46524117519
37946.03732476626
38216.41939600098
38526.763283742766
38151.72329335285
37697.41143778402
38333.969817370555
37471.298696204016
37793.23444509927
37951.46821959874
37545.75354609367
38089.63423526421
37328.03192587996
38919.07457434983
38064.73673037461
37804.34538098911
37433.252838921864
38119.021407210326
37925.91965952595
37867.218879274726
38248.54392377555
37833.45998247205
37878.48355888119
38264.98053533156
37963.51538920268
37533.001908945094
38124.841556663225
38540.758289066405
37735.971190385564
37807.72493210585
38117.23724569684
41376.87649217397
37785.85335355225
38505.022856522584
38671.74487065335
38112.82399979599
37967.38976296456
37805.85229048555
37833.1559911826
37504.87908075455
38177.571883512166
38512.46241722148
37963.51197429748
37743.81666874721
37767.836422607594
38600.416446667725
37787.249834477334
39735.982925214914
39473.311610853554
37773.84567285844
38498.60837891465
38199.44854340256
37791.395040488766
37833.4642265884
37526.46942878434
37914.357870939886
37637.093684559775
37677.148863970004
40669.45011565522
37635.07251599437
37268.76185629965
39268.41572658969
37174.56894065302
37754.580913784936
38103.059160587734
38639.63286895849
41024.202825334185
38500.028314861054
37303.119393415735
38220.78323030752
37521.984424290284
37796.73904462871
38730.06590648585
40941.144781156116
37755.5671424122
37617.41399965126
38076.558289361994
38377.65327667043
39082.66473692933
38228.325792509706
37980.00383544381
38327.73951253166
38017.42996340375
37791.29258223948
37347.360906180635
37789.060574680996
37986.42671133345
38385.08541986539
37633.1762460651
38074.2844622323
38191.30171452151
37677.395336749534
37891.85388696724
37884.43070248191
38005.955115978475
37766.46599623349
37965.037745757814
39548.77473628814
38434.54209731025
38131.826477876355
38255.43840557714
41891.78143974881
37709.406523717575
38294.39284632403
38347.68723919263
37655.909096543844
37959.76689606846
38664.861584356295
37696.24081799133
37443.77181780796
37883.66098608059
38666.38205960652
37799.29345715842
39880.16531419243
37303.87746349094
38125.47007066309
38674.96215348745
37926.51831742928
38134.844468493655
37289.07928264213
37779.57234251373
37371.55181889776
38526.77974398231
37461.32244531802
37975.753354228495
37927.403358477
38544.53719262413
38520.48771641003
37231.7118406457
37802.918454167
37883.781423361266
37963.19826211957
38313.486878072436
37520.42793576898
38014.094344698846
38381.203667794594
40415.15330151994
38170.15254885829
37929.98439956797
38613.26723002912
37503.412851223045
37958.025459358054
37750.064633409165
37675.995434121374
37714.639755052
37992.139527582505
37593.693261742024
37775.18544252113
38702.68949200015
37969.935994484804
37287.95814400745
37537.141839203665
37813.75631414517
38142.189493697806
38246.17170402775
38277.963110650155
38298.68776676676
37986.56600412958
38500.859352014966
38333.2598718007
37790.266272377325
37753.58720314763
37822.70272761851
38059.23824341788
38047.80753902349
40366.281177001714
38430.07321941591
38007.49378088704
37502.18400324569
37587.11430625108
38002.802341475515
37797.99040752802
37806.942399888256
38371.152307902805
37426.498032348536
38123.08631733451
37648.872035249566
37957.343995087314
38476.57919936118
38334.7943738427
37931.07845046496
38252.76792491497
37152.992965053505
37847.57605915796
37762.162455401434
38347.244708540544
37985.445777273744
37521.09852430072
39743.45092712509
37779.234390263686
37811.1307916327
38190.53434781297
38027.05544202774
37743.76617541707
37741.82280612544
38201.10930453314
38291.08922669494
37867.61756425053
38334.312226234106
38328.59932504781
38230.6632317696
37459.50700090539
37837.79887482424
38270.49559090718
38174.98374165993
37620.92924200817
37482.96374170054
37943.860560363275
37586.24316832953
37899.04507393228
38301.53826003172
37806.94574649897
37808.07489245472
38660.834571464446
38291.82979175354
38966.12530502021
average revenue:38054.37370726392
possibility:0.024