37874.91973699607
38086.552246566454
37763.77583665181
38093.85356142616
38021.19176446857
37981.54111510501
37989.00375886979
37626.72932313188
38663.56331654143
38112.42715641104
41319.22193926835
38462.65928725601
38100.24824581135
37713.69139481996
38446.69542848509
38196.10650819054
38623.90805747161
38671.073805927546
38582.6963050133
38481.963404694434
37756.038145429666
38161.18739576204
38024.50214370481
37983.57509681831
39004.45338757058
37602.32475543141
37686.00095077859
37451.056637953596
37741.83158263217
37735.878832355236
38413.330291715974
37865.373387707106
38901.158281681564
37926.43161296486
38151.37503267742
38048.54278816996
38682.934525336306
38128.46500840406
37811.74068903235
38100.044381262574
37907.643032977125
37809.64192785304
38427.933693892504
38351.99608538598
37984.05667695234
38038.61179065274
37850.59766063519
38142.6996169874
38251.330059942484
41543.011717723406
37941.385415978526
37939.183818308135
37812.425400745764
37904.357974018
38271.17150474959
38457.02374529201
37836.2389339453
38776.763087946325
38607.63901765401
38563.24413983551
38059.64629875644
37951.9212760757
38098.54229525766
37995.84367141739
38013.27419489066
38438.46280204755
38163.721976467896
38150.15809710757
37655.11106747923
37605.29250880246
41080.639361823414
40633.81813360272
37628.03875971211
37871.31060401035
37746.37151625014
38640.01636115241
37981.39264649112
37745.471581078506
38068.46192258756
37698.08197944041
37749.47044566583
37825.21658618928
37863.56399063945
37990.504683810155
37731.06146579051
37976.40746038047
38557.83362742237
38159.11808759154
38013.21684127507
37952.69559089245
37903.10705982658
38274.7323817844
37676.67771457762
37879.60122570467
38358.87910733063
37863.09468630619
38288.79827177358
38481.03393518521
39099.12432494051
38024.53562167251
41086.69276322095
37645.00411898961
37859.682845138545
37885.014987818795
38292.15962318078
38226.27610586126
38595.99946363837
38124.80129653902
37741.23630077962
38222.671706793444
38159.738950799016
38095.922403743665
38354.330801331744
37735.18578311334
38204.919735324496
37991.15246914554
37641.014070624864
38337.04830251822
38424.14848363383
37920.82725593119
38435.192656779654
37819.27357080517
37671.86068810471
40355.04351678716
38259.74877863181
38063.576607318064
42151.371672838875
37995.7317665661
38304.16567085896
38045.440236605806
37958.09828388923
37614.9620416253
37997.6585517346
38473.86858687378
40815.80621901861
38036.91499608703
38199.66763986532
38066.17436660464
37969.641994507605
37848.92148927548
37994.24935926357
38024.45454156483
38131.30770145415
38024.49183136159
37656.50564593066
38049.38457537202
38930.6170537409
38482.43741127163
38916.49893233492
38318.69148032068
38468.146958884914
38257.476497744894
38201.18881989811
37883.5170376891
38181.500200747105
38073.051690286535
37648.306226214794
37863.57021026143
37958.53865174998
37920.581198668886
37981.16301835402
37898.61848372617
38175.00538274281
37748.85157228368
37978.50888457353
38084.840734996615
38547.92795241993
38441.52844551159
38224.55191852966
37668.43712916266
38304.38045627223
38253.12311641984
37748.91211366477
38086.73861364821
39634.324206514604
37692.4727860176
37951.27115481748
38279.3615070462
38013.95179099374
37703.15742865218
42114.463933974126
38112.38306079213
38070.60197464144
37447.45308567691
38126.21189290444
37806.436405639026
38021.75387606098
38152.36808673659
38228.6098021182
37648.800081254674
38214.0435220933
41209.00671881699
37952.890902952255
37980.90340615124
38037.75281827927
38488.11129425382
38157.290172700705
38035.42045909487
38134.59165971243
38892.36903084104
37909.019461372205
37835.68242979808
38313.85250481761
37976.5898651879
38277.582384811125
37908.677274177884
37954.842005268714
37741.54752475126
37902.77424562808
38194.98972928269
38187.8002021415
38241.367135816574
38078.13019188443
37987.064812708406
37863.387125741465
37793.500157059185
38148.1146407252
38002.86814722242
37922.654472980284
38193.786804142816
38364.672868049995
37892.25656494553
38574.05604443138
38247.42120898617
37741.93494446487
37849.72514681178
38155.87602020915
38510.5354036545
38170.395003777296
38583.815339198256
37888.63409412266
38061.715211298164
37585.35552766976
38504.939406716774
38087.83518652246
38511.72726798314
37830.28811692272
38315.54042455073
37981.23879618204
38396.54220432583
37874.58037629094
38399.77958466392
38002.24597841357
38604.411340038256
38345.96964376843
38291.160298226365
37499.26097735764
38039.93825477717
37909.38335828739
37769.475884153624
38307.849523485595
37642.78430675795
38625.29778763167
38257.974771939116
38188.81132197924
38057.30187523015
38853.23701976496
38476.43475674415
38256.78500205056
38083.67133985109
38339.60376090671
37986.15226190576
38356.832620727095
41229.44017833061
38173.73572433251
37988.44775748797
37769.14126948217
37851.679791487455
37792.26871779412
38321.44315148697
38126.767308725306
38379.113220144725
42355.223367491795
38217.44976984724
37638.24661423503
42004.89120046938
38002.06032647402
37829.903886559405
38162.94167516677
37419.44898316068
37998.264216819276
37778.03981526705
38308.361416917294
38420.09087850148
38186.91064502696
40774.17974987845
38243.61380022009
38508.2250738377
38300.00773235445
38165.01279139469
38056.375417980154
38140.93900219603
38427.990142472976
38605.99709798706
37961.91107787776
38242.885397501275
37973.221180059736
38270.62026162219
38025.39549030062
37593.98579753828
39278.735429137254
40030.83644954819
38606.69709635855
37971.66564949564
38336.89756052165
38148.7865077981
37859.62931641508
37997.64169835452
37995.24204614203
38286.78544407183
38096.66660401819
38554.01874061021
38306.494032014016
38350.38326946945
37642.29638887695
38263.48815988406
37652.56271725354
38413.80151246063
38062.995337395
38199.677316736794
38646.79857891985
38336.04367699107
38028.117778849795
37653.322888981726
37912.5630470852
38109.25439454253
37501.09239259706
37979.003873308655
37800.96221459317
38232.04827467778
37638.130228491864
37747.77104231556
38174.16466538763
37934.62319689583
37829.94157793743
38363.43817904551
38341.80510550802
38412.80430343881
38182.673647089476
37985.53726442103
38005.034332942145
37986.448489972296
38136.298918014196
38184.79187638879
37773.63825885631
37275.18541710246
38074.09395227372
38306.1775196053
40458.83591186997
38194.279241999495
38559.22752335247
37812.25261566716
37896.54873498756
38295.083305460146
38297.15840406135
38323.65956271921
37721.720332736695
37910.12198243699
38055.11457658672
38301.13087517106
38164.142021254025
37665.05185728175
38515.42547574936
38525.09574148574
37986.72742849081
37771.558894124035
38485.14694717313
38119.32477217052
38444.25670826429
38275.52706959907
38074.53475696164
37787.82387164447
38157.2157156082
37997.880060119445
37933.12946952562
38205.31615060531
38293.893322655626
38014.27379968566
38324.86664164843
38053.08318843084
38556.87208236355
38316.4599455594
38124.005100783805
37851.90904329859
38055.3430085708
37971.31806918425
38067.519507191806
37885.955242279604
38211.43321219861
38123.10526796497
38495.460147883336
37957.17734205178
38176.60148040754
38110.50184201977
38393.57184530429
38340.20843883822
38154.01018600234
38201.048984682966
37550.23443905823
39001.7025669212
38101.68771946826
37718.92067175836
37513.54833128692
38266.06183094914
37839.53177459235
37564.49026829735
37913.35001586908
38090.41706368476
37741.538496278736
38445.44888162431
38049.08121315259
38202.313946385744
38647.91211202414
38240.12197280959
38067.21608837584
38354.858791736726
38285.41462011529
38281.5771101976
38219.17653470486
38243.82836212259
38167.10051408923
38111.36879321412
38480.914623532386
38019.28608504417
38604.967361785515
38293.497786114305
38600.44195043221
38016.37656746433
38338.88939456138
38059.0364554498
40236.95718897034
38410.19746022443
37921.39603769875
37879.47084339253
38071.981351252834
38014.8637078092
37847.30546970945
37981.99020349655
40122.697333039265
37883.92496641583
37711.49514680021
38074.92275519084
38509.60233685764
37695.755521767314
38013.45329628399
38433.41806565342
38262.26948348355
38165.66402912006
37814.59317325812
37716.68690111583
37853.13882030214
38201.51611049193
39957.599654323945
38582.01065773458
37796.154344158735
38180.109498221835
38447.2777496708
38209.87160414644
37918.75119864115
38380.14809158664
37646.1185298685
37990.55328848009
38211.993902391354
37610.10470384433
38206.98380729794
37610.270967786586
38083.18095989232
38516.006391999406
38589.500896501144
37983.286944097
37758.32443958067
38200.81499060393
37589.29966509645
37816.12894261819
38139.971096274465
38476.46774696424
38049.231911011164
38059.48537402787
38422.28423445933
37825.06757968034
38370.77707044079
37601.84828379666
38171.79987806176
38217.26313545488
37926.73395734452
38052.142518927074
37623.70291709342
38259.649271664945
37736.586127028786
38098.33593297476
38337.070738907205
38094.45739389363
38588.559833208536
37903.04895829679
37444.106526835254
37959.19354670482
38146.39163123087
37822.64645202094
38243.13895600662
38478.51602025466
38356.32921631209
39295.51709736062
38065.85221872852
38450.19370805433
38411.944734013516
38226.919289609694
37921.82671986976
37942.37535171226
38140.12161101581
38223.52692065825
38355.71575318068
38129.32801351975
38613.40258066778
37837.35203361781
38385.509699683374
38168.102358560136
37860.6652511635
38309.73986097979
37834.48558839035
38138.52343196013
38285.22545966029
38188.584853530236
38272.96454450531
37764.40777911636
38039.542324892915
38151.77260306862
37851.7424145227
38351.276216746475
38621.946381876696
37819.494167109995
37382.11799588775
38293.08805797323
37966.42858058149
37959.71694529637
38337.52820961678
38199.844513728036
38167.623901467574
38613.8681507727
38010.454603538565
37901.67752697508
37754.73507880408
37900.997084399976
37906.85597339845
37618.9990603988
38012.16079708969
38534.089024727524
37868.54197366442
37900.11530605597
37964.70272075152
37985.139527481115
38040.8256496023
37941.02713178683
38459.15164914658
37956.099353570615
38111.802311000036
38049.95325192585
37636.4681333568
38463.7207296553
37979.451271391496
37956.09079838817
37570.53107461783
41560.44328230126
37758.88361738994
37979.95427977851
38545.13702710601
38250.72015424665
38219.186802417076
38007.57418253592
37877.92714139945
38497.6991398364
37982.24859428719
41973.96628243592
38506.92540405897
38195.083184714385
37934.57229488086
38238.24047577512
37895.4499734336
37956.487266886834
41449.192221388104
38527.956105145306
38074.16995936524
38064.159987640254
38264.86185569649
37795.030649952576
38110.39024533588
37718.076198115414
38186.82886225232
38420.587757578534
38771.03113271234
38028.064235753256
38116.74471444676
38169.441566298476
37704.14126984647
38011.260996637015
37925.05006295068
37664.98933741068
38028.62770798217
38387.78159195457
38196.75164247695
37870.415561380796
38731.3002870295
38312.22659325776
37831.30272155179
42288.1227387575
38077.07857686198
38060.60415394879
38213.37800442017
38147.02903265957
42179.612193867346
37970.19362306881
37950.22711642247
38222.438954497105
37926.8201698281
37798.70496039348
37941.389287855505
37806.901921900404
37866.5836636195
38089.00811108159
38257.61628249864
38355.136478202185
38050.7762972728
37820.639997166734
38479.99448641081
38209.65420816395
37967.26879952182
38199.75680003486
38057.681797059144
38006.67347023404
37324.27231831131
38154.995847058555
38141.650580370755
38350.363885485975
38250.20965178078
37961.36870983404
38528.3388500936
38195.6645825289
38244.45197639043
38114.960152971915
37869.621248008414
38346.17770584319
38078.1826813959
37698.35857176507
37835.494066009596
38226.31245549312
37639.54184079801
37976.779885892385
38895.24684594777
38463.211832449095
37889.7229992815
38592.464441401906
42429.71743041406
38025.29386930849
38124.52545183734
38348.985610067604
37697.69425214966
37716.467647065525
38421.471042476885
38121.38486786112
37943.679075135384
38228.107813032315
38145.92121814032
37928.25671940633
37879.057428572254
37567.10757563485
38357.85835437792
37718.92151874552
37872.066055783514
38446.06827327961
38763.40193164909
38809.47149415382
37829.006618673695
38281.12668242935
37704.029192202324
38510.00834073325
38556.04805935354
38081.38399717746
38436.62222091189
37646.90197484599
37825.04137642256
37778.75594314391
38379.35002330503
37913.019976336494
37953.485248453624
38613.32361315215
38375.73980411354
37560.90372884288
37976.706288521294
37885.52262470519
37725.84200193247
37805.38706405021
38326.1308115445
37870.094218622486
38366.08912901483
37882.60724363779
37769.322279911095
37845.090107232514
38413.27410197642
38083.35312872979
37779.933060884265
37898.21620096005
37547.129797817506
37851.53601975493
38434.21149738314
38253.908993778015
37592.907597220146
38177.743228284635
38002.10101133347
38132.03923461973
38308.037682103284
38344.953668678
37747.06135276604
38282.24519347497
41772.64858732909
37591.29551248186
37814.179638769725
37964.28374764952
38180.42616215177
38228.085178819325
37564.00220287156
38194.70629030596
38170.04722824892
37894.44167417478
38070.982047908896
38053.350431268984
37872.36455468071
37840.50556695923
37987.758136820456
38881.787914063054
38021.06471916595
37955.832505391176
37990.123121045384
37719.421017868895
38033.06973905384
40928.161762251024
38498.48294126054
37809.079483381545
37815.53024359624
37994.70412397862
38048.75085494852
38068.76586470903
37979.17078840894
38442.84991350054
37623.60290716337
38102.37815553889
38107.716921887615
37493.638838939456
37448.83790927671
38195.66327561298
38095.63083971051
38258.66646904896
38084.27144584278
38172.02813860012
38290.29439759547
38215.342959323
37883.599546694146
38663.25535324566
38308.32555510048
37780.80627914888
37427.58070720237
37997.43989267686
38278.89223556441
42182.032015120254
38207.53453353933
37602.90215762393
38221.1619662816
37735.431978980494
37889.65924764908
38097.64775971878
38059.394377245226
38178.56417455929
37621.63349688849
38271.69528081073
38091.05143636187
37893.715659919886
37877.66002100509
37739.016774042706
38228.33664602401
38083.31021815101
37930.623491582075
38303.639664387665
37961.54069040215
38348.36712281405
37706.30888293592
37906.47921107353
37833.39583854208
38486.61532653481
42061.85578304942
40967.95108991197
37987.76053040573
38190.47651228703
37892.203909441036
37998.516076121145
38067.24943394288
37895.97961858939
38024.38005773543
39476.64774599404
40978.5510947474
38044.042055185586
37948.863285998224
37989.740394327986
42191.39012896698
41755.39125094197
37494.22580264407
37865.3206048575
38096.974854390915
38037.412640595874
38138.72869229858
38044.28230710954
38343.68423902983
38212.5591026812
37776.131281716225
38666.59142785936
38289.73394067415
38582.897947006066
37998.187963891774
38196.9619351589
37924.75896270597
37761.95533955573
38026.16022496748
37480.060179080705
37929.73361701926
39695.66402113786
38250.72076435831
38209.74549514771
37976.623702496196
37996.54032451024
38220.1855361652
37815.3429695168
38163.17961810353
38623.2489115335
38797.520279895594
41639.92965884295
38110.39826280879
38141.27439446185
37899.03386480992
37730.87839964245
37815.45619372154
37858.96140297668
37673.861878689895
38166.40991895209
38429.36443486123
38959.74858796689
37919.87625705441
38455.19302126445
38377.462031364645
37611.60476611057
37810.4878496117
38530.49334548062
37818.81888107535
38152.28412753339
37810.42640669729
37804.89321451576
38444.851036960215
38226.23747754888
38135.13113428098
37757.7468557979
37790.68424186824
37964.47946986524
38292.942812578534
38280.48282894416
37958.68393278294
38915.137629329634
37632.70358319607
38160.86042702451
38098.03364619798
37693.42298473998
38300.71075083285
38230.267135107875
38106.232067180696
38049.18675452276
38397.863011142545
38051.86804206032
37554.63150815722
38479.75661479815
38457.769244815456
38186.1441899159
37729.384165967225
38158.01228727766
38004.50561918795
38094.668311290494
37918.11590641762
38214.5405844663
38393.188584268195
38728.032006340116
37827.79382747611
38267.34594894883
38696.134364468715
38021.05169500149
37896.72020642303
38364.61006648954
40414.37115643782
38363.41718954802
38215.99571464146
38397.859271207984
38536.48183616674
38267.17462077696
38200.229164904464
37700.98634365716
37757.57147837517
38022.02513210319
37638.571516940305
38302.40105340156
37537.038669607085
38429.72401431904
37906.866640684246
38462.978613871586
37926.03683560103
37724.60509507943
40138.43523242644
38500.388829267715
38062.80525790529
37649.56895101575
38137.04623391138
38138.356815456806
37887.45594260102
37968.05690345988
37766.74137618979
38084.84789681406
37970.47681687648
38361.69436458183
38054.75937107953
37645.40204763782
39753.89815818786
38144.06629408466
37992.526958221206
37684.30406662397
38006.29379530085
38362.25854901408
38628.416350833635
38309.170673605615
38510.29725842806
37744.43254216529
38168.33946414897
38003.53919842084
37774.616753347495
37854.63620740114
38191.57957913211
38682.4418837742
38561.479675140574
37905.27773065503
38089.78911491982
38069.65072787141
37947.394821127506
37992.71347415477
38281.12265351896
37540.63851819084
37877.09104488204
37734.49934907031
38043.5002215812
37727.49496439579
37922.40744901352
38145.526908129556
38294.53755660643
38458.54823102831
38203.516657561006
38666.24469706831
37979.533413034274
38406.947390973924
38114.29294882202
37961.84580721284
37870.53266377221
38028.63921038548
37941.4638481109
38350.577764219386
38345.27936740974
38648.584620690715
38029.25447859535
38067.776230661824
37950.91629305849
37939.98825507521
37707.311056014674
37769.080570116006
37786.602617487944
38150.09235984155
38146.56571240564
38400.613454962186
37853.74204006637
37847.68238041253
38877.70724477205
37823.79101180837
38295.98120133316
38178.930244116695
37943.01429752379
37758.873060718906
38319.75544725956
38635.241541849326
39074.84480683429
37983.1218575061
37983.389054377825
37810.121208010074
37905.777656518636
38314.892051466406
37890.14583957549
38095.03946777266
38063.135031080215
37798.39916952735
37848.80489570353
38408.4563647707
38230.536499418886
38254.0989817962
average revenue:38212.66667686134
possibility:0.028