37287.05979252298
38259.55028313102
37161.367339989556
37927.676528509415
37757.68519088557
38079.302446058624
38103.91051650206
38448.375717076306
37896.49206099963
37832.316483088
38059.72316854999
37962.32495985612
37922.17116969158
37943.65196263505
41190.02623767339
38248.797586570785
38250.57506343572
41179.74259628603
37684.24643027579
38084.56844279302
41036.49782874243
38116.47430408572
37975.187840965635
37874.71801325292
37752.829901655845
38156.67557728485
38009.755506138354
37806.55691935107
41350.06061879266
37824.217259262645
38031.46778697253
38040.750269838594
38244.75793973643
38230.521505988516
37701.750096309275
37613.200562352664
37746.07300792147
37439.9096983735
37807.3047350377
37257.54157016985
38238.452960981056
37884.638396518516
37649.49408004778
38073.768568660766
37743.078731737165
37660.41406034396
38235.74369835816
38408.600073360954
38067.76997484356
37631.386068120846
37721.54936371145
38024.86560688032
38201.63614592333
37852.8222698418
38269.19719799621
38013.367489716926
37875.868378060106
37564.89880628153
38077.52821445236
37869.524635729256
37708.90006533729
37774.58058589532
38112.56851366678
37805.9774194154
37685.31778642838
37602.50042955425
37692.895610028725
38393.51140230534
38363.70573833996
38344.80499383425
37926.214047637026
38024.25881933125
38145.40032605608
38200.52091878977
37711.07980923753
37798.889508091415
37999.841862516674
38019.86462531178
38360.87504144821
37485.98646836798
37889.21131386234
38172.28236676898
42109.62525009162
38058.64919606236
37324.535757210324
37890.38225616778
37927.73770648378
37940.28356947612
38302.34855719771
38144.1156433161
37940.77927370607
37909.85997795234
38481.730975683284
38098.61012382242
38166.710755666114
38034.29399499922
37801.246135362715
37829.89568662825
37733.47225889445
37712.18334456726
38408.344163315116
37499.85146777245
38462.27473213071
37831.31856060993
38265.86089885085
38212.55202817308
38212.65483725732
38028.584425125926
37996.146310664466
37808.003527360685
37396.38948980429
38353.43007504183
38270.57847162693
37881.32860043116
38021.59526888081
39662.17164360945
37836.16515167634
38202.09850694036
38244.5386667433
38245.99395888196
37978.807907137714
37840.387627912
37885.54974135164
37608.83353757744
37495.15692672554
37504.13917400768
37527.09162962538
37836.58381865011
37958.93361402296
38047.06272713663
38183.158443390574
38412.21246810845
37860.03485100325
37709.863824490974
37682.26454289353
37758.437252119686
37695.8752612934
37629.89163777328
38459.676877324346
38214.85620768495
38212.07226156115
37742.860733053385
37892.4032429432
38895.31902162825
38060.78403334568
38088.059274127845
38164.83868156281
38090.11623499683
38388.05164411935
38285.97512657612
38015.69613413173
38122.04312730866
37996.22476441884
37496.722320322435
37726.5427364678
40367.47575447454
37483.17463838512
38280.52284885722
37662.13259091892
37667.54447237085
37941.741437075754
37893.521251037135
38108.005696670334
38568.25899778305
37756.5975008133
37421.443043746716
38277.19915320141
38227.88768740711
37700.926268818475
37789.00981608983
38139.803491204904
38288.18582367066
37912.04783571564
38142.479842550754
37676.50534613917
38438.48503939774
37829.11470446528
37819.16263540021
37797.48930297551
37646.59131267129
38079.439242352215
37851.39575205708
38260.167087121925
37792.13828007189
37832.08617350427
37476.983826375734
38393.37740532573
38000.663496981484
37675.23514040371
37805.4294405936
38163.0322479337
38111.485321235145
38149.231668433866
37982.7077521458
38438.31443040141
38226.16214909544
40957.0070098369
37849.77029764242
37783.15739378281
37526.993577878544
38399.229632647046
38114.55314824958
38639.044026287265
37542.25165321554
38178.57746848385
37925.797000615894
37440.30453179786
38459.41522989409
38050.336722143795
37974.13057149987
38139.44653514636
38272.85213586043
37748.398266496195
38651.10041263663
37776.684005690484
37598.27557972675
37704.33851684691
39838.42895666279
37761.4799786478
38330.86010318292
38392.34100532982
37982.59624686748
37703.972605335875
38092.478224758226
41237.520340211995
38009.74015304706
37647.04353724656
38034.22164577635
37819.42593328383
40572.831740512775
38615.24508709869
37744.87604304786
37819.753599987496
37885.50841624236
37923.27837953729
37904.73266994806
38242.64455932515
38026.268529296736
38080.25443096206
38156.9526486051
37708.69375574952
37638.743079393076
38310.11863477607
37886.80932617627
37822.783628581594
38158.129050007425
38010.327878303775
38638.245970965116
38220.53328615985
38602.22729616972
38238.219868159635
37375.33825053716
38412.76346942066
37823.288767876926
38650.183113568266
38056.24217802818
37887.22807074956
37409.93839335201
38496.29380001355
38425.803159967334
38092.70259284685
37984.22803270955
38425.69231091625
37914.98616722888
37974.74037009164
38155.54868109231
38099.056115672814
37714.59995886099
38142.76849911397
38054.41971355557
37478.08490009184
37980.99619284876
38241.26721001556
38092.0469967385
37732.20843281527
37852.90663224436
37933.64516879404
37572.9480982557
38275.03699897631
37536.453319052205
38322.11846833889
38085.94363798259
37309.127916850804
38136.67195875902
38425.86743501389
37613.01819904236
37886.30367969271
41105.63398699217
37911.26928671162
38118.06882929211
38349.59824193438
38825.20990268659
40012.20429934187
37896.22535288404
38032.41274244451
38191.95892885372
37633.45467174496
38093.49942873587
37639.04523004328
39049.17052377092
38564.18885606574
37932.10586593738
40232.206321517326
38446.91975185958
38767.31812816973
38171.028247978065
38022.96631618166
37825.168412116305
38492.32995738412
38542.67862740945
37703.345335554004
37946.09109601412
38510.08876614398
37699.27817585425
38573.34303768708
37692.259422487536
38333.16342943572
37783.00093516216
37734.10928980609
37372.310914217145
38012.25836375076
38724.915540563605
37803.59766907337
38916.331432268395
38219.77847466119
37859.59117947626
38082.291681962655
38456.0377979653
38282.84124863406
37603.3212930999
38199.81685313066
38174.33757511511
37549.06941186848
37746.980950581514
38371.944264629536
37841.14649292255
37927.79815536075
37585.01426338035
37796.004862776026
37929.56848018342
37778.09678383173
38345.098471620615
39137.44017594486
37838.988908251566
38229.89060176132
38203.55180177547
38352.81118714618
37860.278519525484
38266.68732712295
38353.250069260794
37899.82178108223
37536.63976534848
38608.37563653818
37911.003751909186
37535.670449888814
38499.49832293772
37962.58592689403
38305.32415090716
37741.97410461592
37621.66233735754
37801.54997450182
38248.10349148175
38121.42075249106
37433.907365301486
37900.00251396551
37810.62643102978
37777.06187960201
37682.39667845406
37790.680775668945
38887.780969797815
38027.04390823475
37917.722311602636
38075.81258199398
37648.70453393749
38524.3022255243
37566.82092524861
38181.6310527896
37882.840223215746
38294.96189963923
37838.76761358501
39598.467345480436
38208.90728962464
38160.15458656307
37924.24649764091
37565.934891136574
37731.007458635984
37866.64820672222
37565.387722101186
38253.19393302075
37953.0106862975
37764.45250207177
38014.310677418856
37635.21743655283
37835.51861236569
38201.869538831364
38076.73295622619
38111.50667124721
38461.14557696202
38258.07586342202
37502.453001995375
38116.41436998019
37791.036704084916
38083.07496816596
37455.97680048197
37725.62465346975
37639.28506004483
38184.880946574194
37878.19084003022
38665.24305884538
38108.6224207499
37553.058265656735
37519.30156380116
38076.55951590648
37499.35269319354
37863.51335724404
38066.129893496385
37841.70017375745
37582.63828867142
37853.64844450577
37574.1901322295
37553.68642242822
39159.59567104367
38277.10998493659
37935.6610614527
37850.194748251895
37873.76761843151
37494.33252363543
38279.74236573659
38093.19670148534
37989.90768513019
37848.24160982484
38293.64917043353
40298.39930853811
38070.174741542774
38274.8372871217
37681.30290029453
38324.65048686969
38003.003581371755
37767.40950133931
38678.98914600015
37812.47910571875
38008.283772917945
37649.03906763766
38190.58274778683
37971.30861107582
37877.6536459059
37925.54782592528
38218.764354374405
37605.06510602676
37856.91184628645
37440.299589283415
38060.96267643712
37591.31602968894
37486.88227868023
37914.2598685729
38344.35650582381
38712.50049591912
37629.89226677031
37793.413571299134
38192.25520896634
37776.00274372916
38159.27924374937
38293.5854140143
40227.84596348471
38095.22968607517
38282.97879054442
37951.06998198076
37626.03734511249
37548.85680381724
38183.17161706921
38443.64230293947
37770.73519454753
38115.239312072415
38097.113845990556
37918.27455705384
38083.3042939307
37964.80084620883
37408.2435489111
37962.01142991319
38103.961996168335
37911.486162790665
38346.84790426564
38149.64925142804
38291.39723613233
37809.49574468718
37848.51249806655
38450.64485515489
38466.420184745104
37619.74876838233
38207.718532417515
37621.66594016414
37672.70990524773
37900.8863870144
38557.15680246672
37814.34459708855
38072.41052969177
38156.16938671344
38035.2960409692
38125.519378354125
37711.30758159416
37669.42079190054
38362.70912368101
37637.47365602045
37622.63611213391
38074.10126662342
37563.73560933463
40632.27281400308
38250.47733522183
38027.31293262114
37800.61262498836
37671.210737403344
38132.88137175437
40997.92331032684
37895.98481867255
37780.89936929405
37700.32206839506
37878.62423827109
38013.67666722314
37575.930794737505
37644.20258689119
38246.21208417735
37698.236576446536
37936.22817593283
37551.77048842366
37497.42180690964
38618.40167263879
37791.43675946527
38165.75015180636
38079.2567801144
37923.97830087884
37950.83516909973
38074.4499572254
37908.10280424385
37950.71961990311
37629.546886794466
38190.31482544216
38207.047763430055
38071.41228817151
37720.584124767505
38522.39716988495
37861.23329235591
39596.65198091605
37624.34252212505
37778.49311879493
37597.86000908966
37659.78605567726
37511.24783754168
38017.3073072619
38599.24664370322
38720.6106248656
38499.06595271062
37854.628593993424
38001.53526515295
38323.24556432843
38567.29340543374
38459.67050363837
38705.69591421725
38103.152447126566
37474.25312123911
37751.740148521916
37496.977627294225
37993.566419363146
38210.20567886817
38244.10195563321
37974.844571119196
38055.99597398136
38199.94764144804
37809.20850706373
38353.915565191855
38257.78375647009
39824.30932329661
39032.80047497522
38394.2951282681
38126.39289823972
42244.05220626862
37995.604511239435
38322.8386766872
37902.53375009353
41777.77959858439
37843.96608201767
37909.71038028834
37973.5223591497
38602.30659089727
38032.249121204426
37964.35132955693
38127.70621406299
38151.40470067185
37420.31181092817
37645.54441919014
37676.57728227344
37987.2313913775
37980.925344009156
37637.11131593409
38115.34183124153
38332.37833491466
38079.93919411119
37991.10006965981
38046.253182878165
37678.07782592035
38023.273537120425
38060.24763659494
42169.7850161666
37898.21579097881
42066.487061409105
37835.54244443081
38656.006433023496
37870.47235650933
38260.24589885579
41157.4192861509
37834.651352149245
37560.68444938568
38182.20885660525
37905.81766898212
37879.257464036375
38035.003963824674
38738.26047090413
38268.84760281574
38332.451208891485
37756.590989157055
38094.730800481244
37926.760749914654
37973.354575278354
38042.24718501891
38102.90769731873
37923.03312897602
37521.25303924884
38423.07347222009
37895.14307036403
38330.517749799554
38038.17289590873
41122.110544959665
38076.636294383134
38195.66089663126
37877.820049910304
37464.087816356805
38109.750248461496
37985.26378294318
37879.33496126878
37372.43010391608
37894.62560808479
38372.57982914399
38303.923396910366
37975.48485519621
37699.803332541436
38005.77966201712
37875.302440175445
38226.12288367243
38116.69306113314
38129.9877658839
38153.65027831814
41402.523854214465
38151.30963476357
38363.543811082876
37692.89240715347
37481.69554767602
37519.20485550698
38679.80999850668
37714.31394752389
37889.12915751698
38345.89575254909
38138.475268332106
37810.83549107881
38817.924430492414
37726.190285776305
38354.67411140646
40848.00688726489
37997.509110630715
37653.692862595315
38098.124290783286
37553.79056691919
38041.9920432485
37904.4998734741
37574.16291884994
38534.041154396094
38288.02534676669
37675.893591390144
38257.69866498492
37971.02313957601
38079.28490698761
37855.56877435835
37769.4075788952
38059.85650066912
38609.45897395165
37824.28323977708
37327.24621756201
37463.77025202618
40281.19933331452
37710.095883919945
37816.08100233338
38514.37071423066
38270.41613394928
37924.13087420407
38267.68960446915
37722.42377140596
38262.00749684737
38362.57648411803
37972.725192292746
38495.355309084494
38043.67776556934
38299.55024905131
37547.91049500749
37968.51631481054
38726.203241698786
37671.25997134041
39377.62876495359
37652.28013403721
37560.41447504192
37620.139426469206
37556.376617330556
38426.44105838676
38155.66328583216
38073.22144844815
38120.74424960498
37864.80292188368
37875.43634909494
37948.852499816276
38469.51494004021
38091.58092930276
38433.28787849833
38105.34477223993
37788.99887579916
37899.784183110605
37861.96413300885
37627.55306472005
37700.0719762679
41041.898046619775
37769.50566083768
38084.357267081265
37967.95130276055
37663.07508102577
37835.13441188205
38037.696550380584
37616.35008756026
37704.706799982545
39202.840619761366
38207.09466371503
38333.87163162738
38171.67632295052
38356.45229964146
37960.43703042657
37997.146659659265
37906.63327513601
38047.76264004182
38157.697434637485
38185.358979909
37765.25907564677
38170.604475150525
38672.81036453935
38069.33501458779
37908.9593729663
39011.84814818902
38592.12787651782
37418.65484803414
37705.20406326725
38307.62130678334
37695.37168532927
37714.94280876395
38510.21119888987
40404.196289931395
37870.11132013542
38677.06777774203
38096.012280458264
39724.63439715366
37675.82093299354
38529.264865815865
37777.609506433175
38453.31679697843
37706.55832088453
38003.11327681402
37692.60334568158
37785.670331973444
37592.36769867063
37642.21819626826
40677.06641659169
37724.471958672104
37798.922513107915
37656.95693596247
38005.282875877594
38071.86287173607
37731.88671600999
37231.8929718104
37960.90589145661
37947.48014767963
37977.14608466566
38037.49199918785
37573.61053482441
37550.74293563201
37968.7645092153
38126.09030913845
41082.94143420526
38164.440818318966
38510.58789609876
37844.28166851525
38274.290505838224
38165.92091015222
37861.76885170866
38437.17383813634
38121.15609475557
38025.06592350463
37931.42398788566
37869.463954110644
37902.81122551089
38213.17995597837
38194.151792775534
38080.65025259383
38728.43929125424
37783.83519379145
38081.51504966637
37642.04013098683
37828.65117023604
37830.45785599296
38057.81415008717
38396.60661458503
37910.52202133485
38854.78727248322
37932.580755201394
38407.22191117188
38565.302834381706
37647.21747768845
38119.19244629172
37965.209516013274
37732.07665068245
37233.898569002515
38181.3493634807
38309.53250359648
37969.70003579194
38944.31287237763
37799.792583184804
38488.33010165483
37682.65837728717
37753.92290222681
37835.398744837454
38188.27773860697
40383.834736037126
38026.21738499511
39481.82172690311
38505.296034393716
38019.867556476696
37371.37517754814
38156.15152681931
38075.142044732085
38311.84914201049
40212.71227117347
38006.07682107778
38051.941994246416
37733.79594557691
38076.68992300452
38862.58586592444
38025.4768330305
38119.62878102067
38053.82006481575
38339.01389938794
38376.07879989781
38309.91811469823
37985.335945100705
38287.13391537072
37826.4431943475
38186.7948494687
37812.12084234037
38706.558212176365
37931.4877460526
38031.11984992754
37762.122897316316
38110.151321527876
38065.963889681654
38086.77568628404
37857.53229569376
37650.40667222029
37807.47704143429
38344.67321747878
37758.92675505851
41694.18303271171
38042.88071543313
37856.4315068528
38035.16183781531
37644.18244092718
37683.090651623366
38068.28577590712
37949.45724210829
37769.950624123
38192.592814429416
38149.30437517645
37562.32381353337
38545.471660376046
37785.57569566486
37720.38998341121
37775.16339503883
37594.303333022384
37844.238270625654
37900.962955802286
37510.80972800044
38391.40494059763
37854.81074265859
37728.67089053929
37992.94769639487
37992.72859716076
38127.63560053445
38127.836487046276
38746.42029095036
38270.624335797016
37733.744247322706
37977.74181872712
37766.543739064815
37735.25932979294
38284.71037373953
38004.91223928843
38098.08390522536
37323.714936170465
38410.12253569507
37819.227627589346
38098.42254684676
38257.90586120252
37808.59358607084
37795.3975520647
37758.38366422332
38126.33425503033
37807.70894978187
37837.614388163
37656.90339077936
37808.692852405475
38132.94370698544
37668.650139582656
38305.116313468636
37421.84913372979
38064.2099472411
37945.41329543522
38121.86949427895
38329.81508949206
37685.293879476936
37718.396267281925
38201.28407195977
38139.784132436886
38260.24225459005
39598.181108037876
37817.90809749325
38006.5461811957
37758.73650335544
37881.869796785795
38156.084565541736
38279.85537680755
37853.36270063798
37611.09891303638
38548.75117846682
37583.18686353756
37752.0055946315
38698.132301646365
38038.3268248437
40793.28336837236
37865.84846333404
39043.56034836851
37441.42873240659
38085.99372418957
39369.65983394032
38105.489964010136
38032.313634563994
37922.32116404115
38006.61944871964
38253.60670721681
38296.22428266871
37391.55980211382
38121.880563862105
37817.184664313594
38094.86986288689
38229.7065314988
38008.39528805543
37912.84769973925
38307.20295689804
37751.3948010636
38786.577371448075
38303.97506404039
41615.16852836191
38080.57598956372
37599.49984738305
38607.05108172829
37746.34157034443
37987.58984611454
37416.258021370115
37326.08551640025
37982.498547884905
37849.06313277414
38256.586907795456
37979.82472457686
37978.15163952015
38707.54964773249
37995.55716100356
37779.45208451522
38132.81294285372
37802.829929695516
38031.69543647796
38177.33011332955
38460.39720416203
38094.09245542684
37739.86058480995
38122.602628303044
37997.71468968346
37872.388230678596
38073.75428916142
37743.87475682998
38144.5705823544
37858.77898317197
average revenue:38118.986395329914
possibility:0.025