37406.76645755265
38177.05245889601
37260.452871521375
38086.52085556346
37914.04859578443
37373.628552914226
37364.4218451572
37500.876359676266
38073.12917334425
39449.98887348121
37790.38873872002
37325.22976156311
38000.07675346107
37764.89088012952
38038.97526343301
37771.64277136584
41701.77855233469
38210.7424127719
38294.80900292428
38260.33541301481
37340.62788295014
37896.3531731661
37711.18345769003
37974.156586903344
38137.890899996506
37763.25140773169
37787.06380400983
37540.293622920435
37785.11194695397
37971.89864492571
37525.90548247857
37240.65631651848
37805.552984107635
37649.120069850476
37569.995092591445
37546.38113464431
38257.44419523972
41966.70558544129
37398.553999895106
38470.055267650445
37120.53973024009
37725.415797070826
41362.34530767262
37758.547144706194
38355.53848561023
37678.732072659084
39559.049361041725
37695.69370337707
37927.87761768985
40351.433683825824
37670.55708376779
37864.37684297123
38035.62087786264
37752.445269140364
37389.24197996546
37896.816864653476
37865.18593259424
37576.78879699622
37636.58943067613
37873.225753530474
37465.068026030945
38109.86942199085
37717.67935231407
37758.599149815454
37536.354965551654
37550.298521775374
38332.90737431007
37636.39016462684
38047.84350867178
38935.61775973514
38272.45321287633
38268.54033714613
38513.75281423242
38141.55378675466
37301.053164763
37451.004410864945
38177.59448164282
37638.88251789218
37774.207453791416
40817.59450714738
37384.85254603305
38324.48774894788
38098.883638322994
37971.6285367627
37842.386015021446
37745.3921683253
37831.30972891412
40506.777058996275
37314.25699802031
41874.06777301051
38026.5719777078
39946.13503148195
37563.192972826924
37396.576675936216
38079.45440316479
37475.46128348743
39379.67134246135
41566.11859222796
37867.58999974344
37065.0309868191
38430.495356858395
38878.664195484205
37610.05975524729
38342.87135983794
38078.52729424324
37190.28381651536
38141.58678350457
37580.57905558721
37251.1426657356
37550.146552195496
40177.58729929909
37829.50742956151
37220.31577169594
37967.78609658567
38358.483287231626
37996.948074529595
40759.29781443638
37520.60369539037
38212.925427176095
37683.28617260712
39875.773642091575
37135.19919802918
37776.41486052284
37658.11334261039
37730.01997771422
37671.36021253007
37298.89688968019
38164.324296814695
37474.32866558189
38217.09085820676
39377.75379676817
41114.07941188974
38714.924427431906
37383.80377641641
37348.98461160516
37637.37421735616
39831.67113782699
37279.3713600304
38261.32177059154
37952.85685055324
37614.5779850825
37436.85841044555
37800.917553639745
37339.051581856125
37725.389686000155
37494.98127076426
37746.960765558775
37109.452611876506
37955.22463745002
38543.25995413512
41016.9022492948
37656.81423001878
37904.47990530788
37527.37539149392
37940.77582810849
37044.58192660067
37925.976870374776
37407.243721694744
37817.24003363709
37915.08603099108
37996.97941479734
37844.91159755309
37855.720032293626
37649.436997517245
37959.16926727277
38487.82065749054
37562.91485774796
37197.22305143882
37462.85151198549
37914.196651757455
37825.91672086472
37544.764430526484
37164.45875008272
37770.91245112643
38058.171272107196
37557.244554724995
37924.733655619544
37997.28307041393
37769.65360880211
41984.827665753204
37810.2266507997
41479.38456394918
37336.80546008827
37943.00650605644
37552.348193866004
41957.44367542097
37415.30834134055
37870.62741783016
37842.84720713717
37906.680865065246
37160.47627494951
37727.99873856537
41510.322249755875
37798.92245559813
37518.71418142751
37694.98571039975
38151.777624764014
37745.46566045399
38444.868377763705
38195.13522039402
37170.8116472795
40769.78302404132
38316.38736402115
38217.52931330309
37734.13759653407
37570.087110410575
37604.04227963173
37742.27575296161
37547.30196886845
37365.54408398415
38328.62427711108
37410.217130332385
38097.84259449048
37189.88955059273
37847.14734196163
37973.14444328041
38061.4843508194
37599.40617793738
37497.58069261334
37700.61874544244
37570.71673546715
37813.89918878898
37718.86453575316
37666.48399377633
37747.16606135013
37859.73596099966
38134.39484316858
37461.127931631105
37976.51097472464
37849.76570268452
37603.984933474625
41333.85812516727
37936.16745829679
37615.20828019926
37069.8786961742
37880.69432467965
37386.38785692483
37920.670588406996
37806.55940522334
37472.82179229577
37607.82810218578
37895.681163264926
40818.409050301656
38048.87776056636
37833.89111236868
37918.45591698016
41544.52170247849
41583.22487633139
37587.489023892536
37819.84801507463
37434.20876704454
40659.98592461476
37669.41569549598
37468.689140234004
37290.12646578655
37112.199801865274
37635.8293655737
37411.214412771165
37741.53362550986
37259.03728491692
37839.10645716409
38479.131808460384
37678.68055553824
38326.71555439141
37875.066885417036
40725.15086101367
37285.75908497109
37803.78675534399
38048.96128684955
37673.85221870934
37320.61211357079
37317.89430848203
37165.85268440477
37825.5002589703
38602.14684445221
37726.21047367081
37905.45559846337
37801.53766231191
37494.52941960821
37883.799264041474
41727.037037471615
38329.07616883471
41824.91564251408
37336.130619200216
38555.65649627466
37530.27301463326
37538.8825858893
37483.727810882716
38430.61518794832
38053.63359523403
37044.29732165722
40278.035863384684
40992.71586550288
37568.032170993654
37955.824762819364
37694.1787874989
37968.34425388419
37369.807111291666
37675.13024890034
37346.15578599779
38190.65701254347
38163.2796081416
36890.843941516396
37569.27237326918
37876.1852321288
37447.94782249778
37460.14983501089
37392.91243928056
37418.25744010686
40684.88753152338
37726.61470380183
37516.52696363529
37450.53494135933
37772.205187200154
38157.63892429054
42010.89292151793
37688.21754507387
37760.35369978609
38009.07325539876
37370.862369304465
37412.543123212774
39116.83854672463
41088.55719458433
37929.608492547435
38182.39947789778
37740.57797000132
37794.26577281616
38482.289364786644
37994.219942199474
37312.07537649294
38429.29419027063
37875.22910228895
39404.842991485
38377.96375727947
37755.54271295216
37602.74139725316
37815.92926160469
37440.11341158647
37858.0696519877
37441.33295411091
37542.25011892686
37470.1016493136
37911.928683008766
37421.301390371154
37975.884783142355
37968.89400023673
37088.6505720322
37371.03950738158
37377.36095407021
39207.591284090246
40744.59328790353
38034.823994888015
37671.6455402251
37479.89372638066
37920.21084256541
38140.00963745133
36805.149970227816
38008.3330740512
37900.913708909
37912.49772710388
38449.094682415
37071.858761654184
38004.16387709216
37779.271337446226
37397.64316661577
37364.3001119775
37874.95243145081
38333.964104072395
37733.50020736873
37987.95704549678
37411.35469637254
39284.76944954111
38012.04615895807
37499.58437575746
37555.04851585904
38456.085661767276
37331.16441179881
41579.74393481511
37384.68314074215
38612.94055190702
38107.275247781676
37633.12428596791
37251.43466515764
37529.85079759978
36968.833301260434
38292.74719584877
37705.968806586476
37497.60637559797
37815.574364723274
37376.39674329987
38037.918305210515
37949.56115064774
38017.626387818105
37693.464703186284
38363.73758690751
41453.65698747678
37028.53298403744
37673.65566450913
37501.379793999826
38050.746490303376
37537.12265443405
37167.43720756278
37294.53109563786
37953.04240016666
37805.76067001432
36987.42265188694
37788.31944270365
37597.58217198538
37808.327091836676
38130.21246187618
38251.60935080963
37688.21788155411
37394.25386233205
37625.7358475896
37628.36862879639
38206.457696806305
38015.64020080701
38349.458280193634
37870.077134339306
37926.37812336896
40285.58495919116
38014.303969390945
37743.40049367554
38447.98594329936
37192.019092819064
37973.56884130401
37964.861315557595
37789.19126586317
37634.54110874984
36992.40516421294
37949.9818698668
38073.8108805309
37296.22779256252
37387.063849031845
37660.221308678905
37397.19608369152
41157.75343890139
37352.03892357998
37892.269578678766
38117.040440317694
38385.83446186071
37469.538607229
37376.48570916078
37840.14380369809
37852.23056737739
37355.88551293558
38297.551833800426
37641.31516455458
37636.234470344105
37758.66888739646
37251.47579053721
38306.40248329824
37711.663982037666
37654.82703768296
37879.68057837473
37029.04161255483
38095.071359601054
39926.413053691336
37655.50728562816
37596.570012344564
38662.09109532518
37938.93073581205
37660.898596572995
37410.77498315488
37749.78503152136
37725.32005719862
38197.29527847389
38267.725774155755
37561.85348469302
40403.61574826308
37581.66712599367
37269.03084003536
38239.05518100459
39402.28114819541
37344.4262414946
37967.477605586515
37956.18034453364
37380.82344610093
40601.24246101303
37708.64438502242
37730.95497239524
42131.18286621222
38002.46558433723
37492.69843558623
37845.531665022325
37840.40987364018
40177.73193551933
39907.15345028486
37633.12110585997
37347.16548399859
37772.18868003011
38097.20731028836
37458.68401950414
37862.53961652766
37258.46121460669
37136.00143865365
37443.97023557254
37423.0429424584
37252.80198169269
37269.639490523194
38921.62432427367
37838.52988021928
37506.64938463397
37778.67319892382
38455.42424277837
37207.0317929305
37444.2851313105
38100.92871408569
37936.78946103755
37452.45626307198
38420.24122333797
37933.10471917467
37736.3764473299
37809.07504908389
37166.7042164298
37747.26522693019
37651.745914747546
37747.51570106649
37338.727753777486
37360.07993768296
37747.15958952061
37748.75494562126
38048.60035434604
37693.586330705424
37632.895711109915
37826.22370292625
40571.00458521998
38157.31323459101
37609.32208427993
38237.844463049376
37519.31420249215
39236.80539395945
37809.33997005908
37578.19568363793
37784.87942387099
37975.89203288478
37461.9818697095
37392.812239508174
37349.51427306326
37460.85622602099
37053.46677189402
37146.91626385659
37915.75122598326
37919.36814139741
37837.94035412656
37423.16980706931
38126.489047467665
38616.12564949988
37464.3026191166
37045.70195768075
37129.599037194705
37068.33974710811
39159.02750166511
38154.53758216128
37393.43800826371
37751.78860862558
38183.24023634887
37820.03092365491
37566.51980255379
38803.62546971613
37458.012632479615
38022.68509419347
38088.83755154497
37108.56229770974
37852.271112145376
40511.65046742052
37945.94193003116
38118.23067881281
38250.6435399735
39103.47068454573
37991.398604656046
37673.92154297441
38552.4827582811
37914.161791559025
37658.60557014728
38459.02666475663
38191.72231150002
40095.420490626406
37822.82325323892
37919.44372134904
37935.679455273224
37924.02055197852
37588.10925972233
37643.102872583695
37971.21261795695
37823.77830345008
37679.67345574447
37630.380731018886
37196.43490785592
40681.36737042914
37780.85602498724
38526.16205890242
41762.98852757616
37689.60101763235
37529.39913639161
37326.89026571375
38030.827777622886
37925.362094512915
37803.655617774966
37284.61473625426
37743.21636880741
37487.52102597276
37879.80301876825
37899.40829737073
37708.37746950934
37787.98108478051
37466.28617363216
37795.36085412094
37534.5884909829
37824.125981204175
37377.46244669532
37749.929630710714
37492.061784655874
37591.56673768276
37857.51808488503
37433.58658594389
37929.54645402822
37112.94601310548
36957.661762643766
37679.33062000287
38211.846479716536
37824.067633975756
38326.88560788523
38434.72590156905
37713.2048073794
38678.25499572296
39285.263156932364
38329.77885577799
37725.15925592164
39374.240385088684
37874.962752244486
37735.058289676184
37611.640370729336
37872.31518527397
37794.62490099302
37576.007648513914
38530.46851268146
37341.25196234508
37862.40200051354
37974.77270764611
37671.193646314794
38296.0342539239
37816.317067180615
40804.87508426482
37980.26459314686
37844.956786983064
38003.9327775643
39293.78915737184
37726.72368844853
37697.255058924464
37940.591515911794
37754.87601842589
38064.519337778256
38106.601720346946
37452.75079140115
38725.73872744911
37121.65020491231
37097.590544812
37841.8603095068
37084.27394792859
37588.04395536081
38571.681829083274
37900.395742311855
37523.22883198001
37646.53266248092
37886.89392777751
37437.35119910435
38135.62697832024
37338.21116086731
37221.83957370118
37914.94509125132
37837.77906672035
38078.35748654607
37301.476232473244
37970.36157499589
40070.63036399727
37928.74441145423
37759.70465947718
37299.06178024924
37865.30476365101
37891.50255643936
37885.27940015744
37640.69835383042
37531.58404057611
38120.10095853785
37544.04045062368
38066.190690979296
37103.67119172606
37949.19282325199
37663.6950576881
37488.83598533013
37433.59175640358
37361.30524036159
36974.75774113185
37983.772667055666
38827.753409216835
37600.13214513763
38177.46777783555
38002.23681242511
37517.148526622936
37714.17800649628
37970.19005014147
37738.70288983545
37708.73200289061
37466.123830974684
38090.16401999373
37899.9327793295
37821.68522126619
37814.00246329997
37785.05520204828
38579.315567092235
40685.8718123494
37602.9623032659
37751.03225145259
38798.712386489286
37574.33794046731
37845.910260774006
37746.904352237536
38036.67467305948
37468.81084049911
37697.29355924325
37870.61456495406
37794.84028580661
37624.68713704093
37641.05014316407
37402.181686395714
37241.545403995304
38182.55962340114
37991.288130540444
37842.76442787915
38253.99751626166
37395.792639342544
41542.520641304145
38053.76371969289
37586.28102012081
39834.727132646985
37868.0836303806
37420.214053595104
37656.511811431694
37771.562739610534
37707.99167394435
37546.10603853385
39877.421706507834
37691.708075714465
37770.68490010986
37676.93814045875
38428.597368378505
37751.00668724928
37715.29751622861
38111.29695040665
37694.91367419547
37541.55789061436
38239.83596069726
37449.32190294894
37496.839679765755
38199.752426379455
37717.6711109159
37529.416020365716
41796.44556877711
38781.963322248346
38356.929121206835
38015.035606583464
37957.35711191751
37969.97898689745
41397.45866750044
37815.35111655139
37348.89806696327
37846.49434850651
38324.3399557539
37468.675265667465
40611.2316776416
38441.47983620673
37711.49270818702
37656.23135986278
37091.32602408279
37291.55143421278
37757.763132915774
38338.025216953596
38000.69162379052
37586.77734261816
37123.385090515614
37338.64218234396
38212.95732134562
37598.27925474237
38361.29297568517
41373.73944466039
38055.58573632822
37758.62877592825
37911.61790220287
37343.131332350364
37294.89854715044
37300.20110480533
37649.60202105851
38230.68376530829
37982.84598700672
37891.06844064589
37196.781576870366
37601.80696305918
37579.733504912205
39001.721120542425
37885.517654337105
37468.94319022107
37876.62473010292
38159.210413562134
37998.112611116136
37552.69824264746
38464.90493378737
37349.96507632048
37604.31910877339
37390.49567904023
37586.213320454866
37659.616747894346
37412.59220071647
37294.12293466673
37659.40193495749
37592.469935553905
37366.597487515224
37860.19952623496
37800.444128509924
37728.69665393713
37032.68165370306
37904.04746180139
37864.4177461884
37892.664288865235
38217.31687829639
37283.210133754
37511.799915678406
37728.42324737416
38280.14411140084
38096.502683666484
37904.20849241998
37962.758264088814
38319.51196102521
37744.5974536845
37679.21712384666
37347.6220446439
41214.82639385717
37615.2364424418
37337.59715866145
38178.65141219669
37035.7109018783
37737.517215528904
37965.08693082331
37349.52539022607
37568.6306402116
37524.12842048654
37834.91927667014
37706.023471883345
37693.66100560014
38632.138761497445
36956.81502076187
37148.96825815378
37265.4641576412
37518.68665285993
37991.8358176499
37874.89669332408
40263.60436809937
37843.298766871885
37710.70230925645
37045.084326447504
40460.019432339686
37177.84543077607
37301.05486842873
39519.541576200645
37440.38748647191
37879.630608532694
37616.27051949934
37585.52876013333
37805.64751565562
36855.657409625965
41789.56570750944
37618.78242284474
37168.08445350297
38373.54940248518
37103.07702300229
37419.14800830936
37604.661549694945
37575.37106543014
36842.62844980432
37981.99464630708
37399.64360762964
37752.075472196346
37862.38654804487
37246.676179325754
38171.930939253776
38054.02745911705
37563.11285046686
38228.20455433125
37930.08598271461
38755.145297267045
37854.03798841315
37590.69967073308
37175.23512471417
37779.43397340148
37900.35623874364
37744.01790700981
37650.89530455692
37402.48551113584
39483.38669633991
37578.91380090495
38154.618370431155
39826.905428248094
39037.87133765576
38612.892401838646
37944.9478010907
37554.25632550196
37819.88142624588
37669.646503076394
37662.58098418377
37717.98376528652
37924.22370391167
38955.91300486017
37725.97780030241
37611.22316186097
37564.03196655189
37345.15123618794
37705.37415440605
37886.2607702072
37976.16237700909
38967.59334625901
38404.826728452135
37590.513059480974
38537.02548154275
37525.55075891917
39358.33340215937
38091.31965401968
38189.93355445622
37684.7228880478
38444.835643109276
37603.85933509112
37455.75824632083
37577.06136647197
38253.92520122945
37866.39961641483
37645.69186413557
37661.39997677093
37424.12014715826
37342.02280379593
37834.27554301577
37852.92862737244
41306.803265793125
37796.86143836565
38055.43678352767
37801.86985383467
38113.1602606523
37717.806397224595
37975.81463629543
37682.46699283834
38178.05852249342
37779.38853242427
36961.84552643493
37192.62606425244
40848.634660125455
37301.507096520356
38001.12228026623
37805.515251698635
37579.21411686305
37804.85156014388
38301.85228051065
37549.72565115953
37687.402308714365
37993.45167266602
38759.33080431052
37219.57656114932
38150.87102705805
37430.41692395435
37024.544767122825
37740.33532516455
37875.8184197913
38016.13080301521
37776.13022641816
38007.71067486486
40275.99513048529
37334.52673027524
37853.216636044526
38813.30833626308
38075.29730723534
37803.812740658286
37728.23253525466
38197.365440181915
37560.80130861292
37955.3682825324
37463.22763252242
37323.61712128499
37753.98792685785
37187.18207821071
39934.729409721804
38226.21693667189
37382.42880794586
37968.12744949241
37459.12955200094
37052.30265784536
37547.774845688895
37587.8802284112
37627.90932227027
37666.09341487487
37462.49312376004
37887.48373183488
37703.19895004016
36747.52462018073
average revenue:37998.56354826154
possibility:0.046