38149.99533624185
37587.53211216292
37959.92495754889
38457.10161436591
38095.15939232823
38400.84170360892
37759.98393520396
37502.72351755865
38251.25900636394
38262.98343338787
38522.43707995899
37870.28364571493
37352.173645849114
38417.12359350127
39375.86784440056
37995.35174948856
37949.73889262614
37842.53347186521
38140.428130191605
38365.726395885846
38415.699365334425
37377.93069702024
37986.939075809314
37723.021541963666
38274.818705753234
38049.48305746104
37897.41946806622
37884.35720778033
37738.05083809626
38706.83050756178
37971.97394659438
38917.49247789237
38022.41119678337
37679.06446443024
38439.63889807431
37921.441281910316
38037.08547535083
38802.19577398514
37980.10492976568
38258.037182865635
37863.52320896233
38144.00592693961
37830.03231091602
37842.147830159105
37634.78271563615
37941.50064092721
38366.71419545594
38110.52720636295
37363.68927880045
38927.994557865095
37844.30376558582
37957.07871964993
37573.31538799214
37921.35963331361
39448.02243153742
37843.16788680268
37691.18165012002
37961.5403123063
38603.571150254735
37646.12704202123
37429.70533447192
38456.26212890529
37914.48651778211
38236.800434651304
38703.25028738149
39826.611172570556
38426.56332879182
38085.04595424739
37925.61465680063
37790.03878851936
38474.44801223407
38222.986082185635
37805.202578553646
38489.83940015692
38045.19867379861
37947.11152985407
37954.30343716119
38252.23209889466
37652.80849204981
38211.04866806002
38152.26528934298
37786.03315949232
38256.636322626204
37657.70986000424
37436.246668307744
37677.36944233413
37678.88710143806
37994.79279181049
37585.8730722184
37956.18229804547
37879.03987009038
37577.69152726714
38105.600235636426
38042.90280809622
38040.890983048914
38562.64435553362
38011.50866732101
37518.30690790723
37572.76486859238
37768.05554464456
38023.96604225646
37928.176277098144
37731.707741007915
37734.73280998682
38191.51096077908
38068.27262265818
37870.1241316151
37779.12213850191
41037.159566293354
37414.80277201729
38307.640263801
38299.31426476791
37540.94094202533
37449.97646875079
37840.18487404991
37272.256010054036
37866.75031384106
38568.901531530384
37818.37728644358
37396.98051606576
37869.81442579203
37536.76306497617
37608.03529057693
38399.29638386091
41169.52888593229
38274.643897053786
37970.357525319894
38743.33661729742
37702.15019855342
37870.63180574334
37777.59224706235
37376.91243274393
37769.96939663073
38248.676534925595
37783.60949439173
37626.503435996594
37951.69188006306
38119.194225321684
37695.34220301062
38238.75565470625
38530.28258624543
37243.9175419641
38294.25712925214
37924.45162524359
38213.76375354422
37551.08447933374
37742.8634782487
37796.350018117504
38235.009415359826
37731.2622055677
38050.56955491455
38389.36132210531
38301.96524011018
38670.13744019362
37518.13280267969
38065.26948888772
42359.34876313132
37913.80641799973
37851.32104021391
37690.55891253912
38123.762808113526
37548.29363652776
41031.444622924784
37603.63468659608
38100.70197657095
37733.87635504018
37894.39854140717
37793.74866345807
37585.265245438124
37965.65048338504
38306.36659952064
37900.957770093846
38644.85562402074
38201.797190402904
37726.13115126463
37963.24664586522
38229.01963823788
37901.11877483949
38346.30685326349
38034.2894819969
37449.94689842882
37523.73072149967
37768.221485546026
37772.31835272061
38245.713550719614
37585.122154927434
37717.93473060514
37638.237267078366
37891.744271640186
37406.91208459581
37379.382016568554
41712.409705797705
39818.74351223916
38885.365887851614
37938.30203724419
37993.49713292819
37175.695314576165
37808.836976643106
42170.94652032916
37547.90532450271
38352.92119175889
38350.87417741842
38227.24953289873
37597.635708789974
38377.50135959673
37983.32977114394
38214.82849924855
38773.84563620964
38455.028590975235
37827.89725462469
38237.785102042195
38808.22146395036
38572.46647872855
37619.98043492098
38380.70221899394
37569.057112626506
37520.015632083676
37754.31694817861
37788.05172898144
37797.873305317065
38100.29378156117
38153.48641500533
38102.963557553405
38323.253501384606
38293.426174448374
37778.712412024885
38018.18542305713
37864.08321593119
38014.19456381466
38450.50804891464
38606.71023411213
38200.12590260154
37640.519636148885
37588.91983324517
37790.27009603504
37822.76917443709
37795.378848839384
37720.302453925746
37927.54148107537
38383.22998176524
38025.43795692091
37733.3671903558
38148.49019522619
37680.09028889687
38421.363908411186
37665.41106344797
37690.75969085977
38190.37520092059
37880.13959702404
37784.02224076705
37735.04829095966
37795.99237665743
37939.385095420475
37607.88940750222
37669.35157063373
37495.02903001256
37605.50960854202
38231.88893895531
39686.030644319406
38199.300267557875
37731.559928308896
37455.48638747604
37618.84369741385
37850.962167191385
41988.58686444014
38417.98320483094
37925.37439610113
38169.047305531276
39894.82103547958
37471.375894996374
38319.06503212005
38034.089194731794
38057.83105133656
38506.36725268282
38387.17271594789
38121.30594336802
38004.66016206997
38050.49727162098
37824.573249615256
38122.008127481895
38010.11113427248
37165.06887304686
37842.78991270115
38050.904672859324
41333.96062915767
37898.66167122601
38415.10961167313
37971.65699306278
37740.21849555114
38578.92000026596
38058.21763026401
38098.38078941619
38575.239801364834
41887.740481851346
37733.15781626246
38486.038583977686
38960.60058718785
37963.737739728145
38493.03473603644
37860.99224699374
38461.05378871164
38336.47777338238
37744.7255019299
38057.03069482282
38234.92990982478
37451.72954150756
37676.408835683214
37291.960414282796
38083.53632428476
37703.31603459335
37773.50539868077
38180.43156793665
38381.82049699517
37527.08157472823
37709.99891791765
37546.13118841002
38134.061453832954
37726.81737627456
37543.87452043597
37888.29238716702
38290.388509606855
37857.95016381993
38368.66771497593
38387.499307072685
38054.53828473375
37914.97820392718
37964.8953243351
37750.1502563768
37970.76071226475
38087.26559683734
37671.6694895867
38432.77763828569
37717.17643568031
38011.53001863918
40057.448220460676
38055.081803034554
38480.54379651008
38231.81836508129
37888.28101331616
37900.337828694304
38531.51938054792
38019.11696798974
37635.7992907051
37761.8283712657
37669.0092756964
38297.767186833094
38820.87343108337
38399.123600801984
37955.903539325045
38059.78355429344
40222.425014713335
37001.67460078598
38082.927052933985
37831.15233425147
37433.88491312054
37804.44344123336
37798.96432675624
38126.30139468981
38442.78279892677
39951.5043747545
37863.59456573771
37810.936924106194
37626.47440350415
37977.92158877283
38412.06097473785
37683.105215292366
38136.54691821194
38399.59527302656
38024.98181002165
38190.22052415075
38000.903356284885
37737.715821263904
37714.848895157396
38329.5077867543
37744.0603731827
37927.687204301394
38644.77032133914
41358.274374653236
38118.3225890713
37607.552233392664
37496.16787617309
38292.720557779656
37677.740275205724
40811.45696681025
37938.60891898551
37676.68679409542
37723.53153379739
38477.9536292287
37620.94772492241
37925.267145027894
37862.3099834782
37991.44867280309
37714.558267565204
37680.89586613144
37752.13555403897
37516.99919003744
37984.59218254193
37719.487330685486
38167.69965171389
37839.257847320485
37779.26597736543
37692.00321520151
38176.3815719001
38649.30672945047
37452.62825387092
37973.01560428387
38415.476572862
38132.14152628098
37890.20786463835
37768.918221616084
37196.892804120784
38581.9626751061
37447.958803841044
37426.2392428278
37522.43830000555
37599.764113407706
38512.478867458725
37705.216083160914
37585.94206932729
37830.34095134313
37688.19283011106
37215.275613366255
38279.935022946804
38016.91733382493
38009.57299125628
37594.221315521776
37664.00110487818
42033.541585959894
37746.29797281606
37537.53331388812
37867.65728464106
38277.22031247388
38128.71735532531
37378.61781205
38043.34433026793
41568.3619975129
38294.194028677965
37974.3855473217
37584.50043958898
37483.428770817976
38069.99476927059
38073.52897976625
37923.69152006851
37549.07968935592
38228.52783877144
37719.31627120899
38516.86599829314
38137.248829659206
37529.548678641746
37667.35546437735
38100.56490191365
37582.31168651433
37607.50651934534
37856.76255641682
37707.693509980905
37817.240698119334
39296.849245358855
37810.601542926255
38078.10649394368
37740.1361161616
38105.54923648783
37668.603155683515
38153.93026603871
37732.823092922496
37479.00670621576
38169.61001488841
40980.210971539804
37897.154668230054
37522.72641491874
38050.32723615208
38960.919794921385
37447.192620284695
38176.529499010336
37997.154930145225
38194.51669328277
37925.07309298103
37321.10962530111
40590.56830422657
38290.484398032
38201.20103997555
37497.62143364387
37856.66986537928
38446.33527392564
37889.906895880704
37947.23346079132
37934.98687266261
38041.059703043735
37924.621789744524
37520.45468874188
41240.894168310355
38162.84352009552
37220.63272966941
37946.05107217099
37984.41796531104
37864.196735175254
39744.621391908695
38101.94780023251
38133.96533245253
37598.34332590874
37481.38567424902
37815.37417671368
39971.34843133545
37585.51530811691
38820.36945708148
38290.64713380912
37982.952405830234
37751.909261884946
38699.14078186688
37615.33677500304
37901.51899032729
37727.55869526718
37540.22109116265
40231.17635166687
38702.84424967594
37977.91814914653
37998.69574786121
37925.102311950934
38169.84931676155
37869.307966438064
37561.34451113989
38077.37177452094
37922.69832278777
37929.204208708165
38207.01579684269
38078.464031226016
38094.645309266365
37535.39550635128
38038.49433614472
38061.96571729755
37652.32527559969
37736.98453643974
37778.71363930941
37848.32214801486
38065.19463740888
37747.9230940505
40449.65078024016
37404.08687144123
37853.648125808526
38150.76796956399
38388.04356728706
37908.76635005073
37672.48357402741
37856.92075128175
37949.348058661875
38624.85222610426
38025.926540737484
38291.79669544393
37754.18740833821
37652.88874655315
38061.505230404626
39181.40562973453
37110.53936930835
38190.127675837546
38053.37482376072
37619.981265827824
37791.9396712025
38023.012127350245
37895.63238599244
37766.95802468282
38209.369940559984
38073.14419656806
37241.38747362274
37777.882336238144
37344.251795382006
40058.61975509252
40796.46952297391
37569.25334036077
38277.69279386383
37906.56812863621
37698.217339884635
37442.81640636682
38549.365090358304
37693.825725649695
37907.82181679139
37724.45398396913
37915.28219657553
37784.11337546838
37948.13089663354
37975.415557394466
37784.79707462009
38152.38985858008
38610.56788722523
38066.58540781251
37757.78155456978
40078.029697723454
38262.25613208781
37960.54622653288
37707.46520387993
41194.52278956391
37290.50321492954
37970.841998989665
37639.87338822587
39032.23525851405
37802.24543443919
40394.553314321245
38540.36285953871
38286.253104383606
38379.67701323659
38155.36688338427
38004.16522079602
38668.806966292104
38191.60604219548
38357.43488491778
37666.46776332467
37975.81687907194
38026.10066062224
37914.30119293732
38191.52256242749
37805.291566634085
38012.93048058927
38190.95458601147
37901.64287515173
37938.305713704714
38059.418588022054
38253.50293592896
38031.97426907375
37899.787669414414
37841.8277777689
38007.19751863195
37851.72852343122
37840.16594044201
38155.42456407123
37871.9869807362
38074.87588740886
37844.73973818649
38463.21579335865
37661.2945382528
38192.28035705783
37534.7196194423
37726.95915942382
37891.64741525086
38123.63120603282
37696.82374545791
37965.42721171606
37911.37478973149
37867.12996179892
37911.274363443204
38026.55727553818
38136.239542160016
37861.394063217595
37696.43778300246
37807.658732553435
37977.08528856299
38372.21929544924
37802.512430982606
37785.87312321838
38097.40867345987
37620.82704459187
37827.52557233054
37673.66010835463
37806.92910637521
37458.33589150401
38096.705206119885
37298.06716280565
38565.11569725488
38401.34452210494
38040.4341784439
38394.26408075761
38090.09184562418
37770.72067242512
38151.67293073926
38098.44014002839
38234.700584056285
38408.668907717794
38290.144714036
39053.07479774195
37974.284342740095
38421.51725597132
37224.63268460422
37871.423109549505
37912.89274906361
41866.98296613398
37824.460102851255
38602.3277399312
37801.19523922766
37821.67894090448
38259.94529472826
40362.09538981014
38060.53031761466
37913.84765542628
37973.02993381144
37562.703499644565
38031.17412369744
38107.47811557984
38179.82966638831
37757.557104873624
40126.98677789478
37609.04429858432
38232.413107292414
37849.91175296498
37606.72066528588
37193.66839049426
37769.65378287125
37797.1250697388
38602.61894908867
37916.04842741171
37618.70093689564
38233.89177686678
37689.783984350084
37949.90761223939
38519.92089204394
37954.67350694693
37980.97945062964
38050.850679791234
38714.30299479759
38123.546209366476
38364.43695579816
37864.27877091761
37559.137673849466
37846.31801783755
37812.18187211263
38111.600620402554
37969.41006840172
38320.285777977304
37953.11262528565
37771.55001368034
38628.07345950145
37946.41529682357
38012.419091917516
38296.6411435295
37913.17698570893
37223.392394446564
38174.75560904794
37632.14795441905
38062.60812471237
37797.58008265041
37892.91679608694
37802.8116638967
37389.16546033095
38334.84549997082
39359.06623527668
38094.03295343133
37600.96756401762
37569.50422935562
38191.78457010986
38151.43990989752
37910.546050785546
37588.36644004776
37692.17888106086
37984.978518060445
37571.38732403715
38026.07603045222
37933.268333806074
37605.98264253422
37801.44375325282
37848.4883722097
37593.28076374448
38013.941538890096
38125.45638774129
38280.0465558567
37772.385727820365
37712.74511434277
38299.274410298094
38089.49623748907
38136.047858444465
38045.32678983682
38096.97721414724
39859.94289054707
37980.532906482345
38139.89913251736
39326.19390923183
38094.873333655494
38156.35920932482
37813.34295968849
38203.46170790129
38061.770840592755
38323.823777160454
37839.646746656246
37939.40608543227
37509.07104618253
37925.385439234924
37849.170552984455
37998.151264570726
37710.15887588583
38027.846927983606
38116.68960373169
37555.409395148716
37481.47323188534
38297.18385243163
37836.542102739055
38039.37030933014
40284.18941441895
38000.39593094945
37750.510586259086
38415.32389164539
38093.52206496861
41727.86362760609
40996.69835852686
38043.79984582376
38627.93145554244
37282.10233721619
38062.623001425505
41085.05235351754
38101.60552539895
38193.02571929484
37640.97736456782
37823.846294485615
39070.96885240309
38278.85909453582
37988.15128814258
38019.459309797036
38270.43806202622
37792.09452948419
41495.40195903703
37868.649282081984
38045.00309383842
37942.03081830604
37818.5502246358
38783.14228005005
38042.86245025511
37639.73502043136
38068.240188279844
37585.806196656544
38395.93124745887
37626.70981939003
38045.53206634288
37479.3915310901
38601.30722974324
38162.451833828905
37948.80007840966
37030.75457725621
38322.60267032685
37866.171428882735
37861.571553324145
37205.0494925794
37773.677444833374
38391.231543237795
37780.997859609575
37943.88939931625
37588.22015446087
38068.70430104646
37709.94222278151
38052.7666996727
37512.553810915786
37659.331036514064
37750.80424634177
37816.32837677161
37814.46390709676
37627.38512646585
38115.18900838625
37708.81893492998
37959.790727249885
37840.16874629855
37482.50149613905
38197.88318828173
37605.892200999704
38349.617637124866
37868.41223694848
38315.07776484231
37819.543092987115
42184.80974881924
38237.81945583844
38223.09871877028
38688.18670332691
37796.03575337672
37660.03548180909
37833.84565910093
38442.97412434455
37790.60195787638
38112.43675396954
38204.93454109166
38155.74270552937
38217.70777598358
37924.7506045226
38133.283834726506
42026.98251202587
38511.747169335664
37701.67066500408
37981.73189542376
37569.62847026524
37432.45329490947
37637.98344476584
38096.569962983835
37922.611397012224
40749.4242942098
37334.574509556296
38145.08214941059
40747.56475322821
38350.447894156
37625.0801362899
38175.46456330119
38064.408489997266
38707.10684286984
37972.887316253305
37943.90036586468
37865.9617849597
37975.17911564957
37910.36311236842
39856.89279705125
37965.953822481155
38268.57411518047
37955.84872341542
41604.84943269565
38234.459533366615
38234.84378190334
37873.721148662764
37689.049477235196
38665.505624561345
37985.22735509244
37924.99538620025
37569.15446077991
37715.01589138375
37909.87505938515
42197.91109581793
37974.99447833567
37376.349281688876
40795.44510753262
38029.672222322384
37777.051705664555
37576.49533811733
37978.773588137105
37974.889833263165
38394.468950618604
37839.27920671488
37665.1325944662
37747.26342334373
37646.31999791655
38683.94738833587
38207.25968247431
37943.07314569585
37355.30402425098
38221.251651236584
37743.2168615881
37737.92578115641
38298.04233876851
37661.96630921476
38272.345306245144
37985.48734415736
38168.4262271692
37891.77832867283
37741.19514157201
37660.6519452873
38303.071618787915
38177.51276222284
37265.021508543956
39823.56345051346
37814.63470168937
38020.00733639898
37942.712313735385
38056.66247517354
37970.7089470204
38381.66620396712
38078.83220633526
39065.18552582546
37861.48573312245
37715.92836008374
38432.91406489447
37782.30937676498
37586.22054531126
42172.762629330355
39608.57735784169
37798.70353313568
41458.78939250185
37507.3038798406
37960.57462126856
37795.20835955513
37645.83981247521
37585.48786399242
38497.656362414054
38644.41455139394
37535.18381664309
38045.43600364689
37748.47360401729
37754.717473799676
37970.920212387355
37842.94812757016
37471.96494466372
37744.48827597857
37805.29868885121
37626.343054775025
38110.511240657994
37511.639500401856
38359.855977011575
37574.2011727178
38213.37553152901
37437.714736912545
38396.677117086474
37525.97558065818
37584.488709505145
37699.79748645315
38280.231411942135
37614.63278008556
37743.10061659
37843.94967411686
37713.11286185668
38390.58874585255
38043.65345343714
38332.31790155885
41600.36871740616
37601.02609512731
38533.88129097597
38206.93446231775
37888.31591110087
38140.73397277232
39168.05439483144
38046.083158731635
40260.29391590227
37702.289333887034
41765.01701443658
38058.65584976906
average revenue:38129.630630944615
possibility:0.034