39345.599999999446
38983.33837081618
38908.79999999975
38858.6386140653
39225.978366400384
39075.417963373366
39116.42351955119
39131.399999999594
38929.185090596235
39067.363054470086
39038.99999999966
39093.59999999962
39206.99999999954
39220.15716669496
38942.399999999725
39043.3017204064
38883.73095690207
39043.199999999655
38992.82868483938
39047.39999999965
39097.79999999962
38927.77114148924
39215.399999999536
39008.661180637326
39225.885126817186
38992.79999999969
39076.79999999963
38977.40509770795
38948.17283938893
39135.59999999959
39068.39999999964
38996.850939736876
39021.33694365114
39030.599999999664
39232.199999999524
39182.83094945508
38854.199999999786
39135.59999999959
39114.599999999606
39305.202554989344
39152.39999999958
39142.72435002647
38921.39999999974
39150.64902233273
38971.42799021291
38954.999999999716
38912.999999999745
39059.99999999964
39022.19999999967
39072.599999999635
39148.19999999958
39085.199999999626
38984.399999999696
39162.213032280735
39223.35488580078
39006.449680560436
39164.99999999957
38986.427417318344
38892.344370254505
38962.844923702934
39017.99999999967
39290.99999999948
39180.05534054449
39100.102380430006
39173.399999999565
39106.19999999961
39085.199999999626
38807.99999999982
39248.70122579822
39028.79942401759
38917.76325603476
39106.19999999961
39206.99999999954
38954.999999999716
39082.40043414276
39123.628218677186
39280.28156670201
38980.1999999997
39164.99999999957
39148.19999999958
38921.39999999974
39071.23769990047
39072.599999999635
39185.999999999556
39111.7083105843
39004.32028776787
39095.42594895908
39148.19999999958
38921.90615556454
39366.06406058946
39173.32288822083
39215.399999999536
38908.79999999975
39164.99999999957
39036.302383584145
39047.39999999965
41387.196329163795
39506.305058244274
39232.199999999524
38881.07105332847
39022.19999999967
39144.05771262502
39030.72626475448
39169.19999999957
39248.99999999951
38896.19999999976
39177.070624273074
39009.59999999968
39232.35724861879
38904.59999999975
38989.455365496986
39161.715191568546
39229.47349968715
38963.39999999971
39177.59999999956
39001.199999999684
39332.05806459745
39007.319326567136
38894.42926050535
39103.53938041401
39090.15714426813
38908.79999999975
39148.19999999958
38896.19999999976
39106.19999999961
39043.47096139118
39034.79999999966
39165.40957675422
39064.19999999964
39089.39999999962
39215.399999999536
39166.41704547404
38844.33844734356
38950.79999999972
38912.999999999745
39152.39999999958
39017.99999999967
39106.19999999961
38959.19999999971
38974.66449217484
38971.799999999705
39080.99999999963
39132.620061515365
38952.81361041189
39300.19742192232
39059.99999999964
39146.081202890186
38822.72999804637
38925.76250727422
39060.754183372905
38925.59999999974
38954.999999999716
39022.19999999967
38959.19999999971
39106.19999999961
38954.999999999716
38971.799999999705
39160.79999999957
39280.641032046384
38862.59999999978
39068.39999999964
38903.72296045114
38946.59999999972
39030.599999999664
39034.79999999966
38892.8838466478
39064.19999999964
39075.28761497179
38984.399999999696
38975.9999999997
38917.19999999974
39027.2628071999
38974.6331341797
39435.305811057355
38993.64563323608
39369.28366051197
38971.799999999705
39013.799999999675
38963.39999999971
39085.199999999626
39190.31478927287
38984.399999999696
39017.99999999967
39064.66188373401
38992.79999999969
39206.99999999954
39202.799999999545
39077.4641666662
39106.59790720183
38938.19999999973
38938.19999999973
39067.39587967572
39142.66161653128
38954.999999999716
38887.79999999976
39047.39999999965
38963.39999999971
39132.89629302758
38959.19999999971
39143.999999999585
39232.199999999524
38988.59999999969
39057.70929256979
39068.67981141841
39059.99999999964
39064.19999999964
39240.59999999952
39110.39999999961
39013.799999999675
38999.62084241829
39156.59999999958
39084.95168607568
38980.1999999997
39160.79999999957
39076.79999999963
39022.19999999967
38946.59999999972
39096.30887623909
38912.999999999745
39068.39999999964
39081.13014884744
39001.199999999684
38974.12661695941
39026.39999999967
39160.79999999957
39044.47183050506
39122.9999999996
38933.99999999973
38862.59999999978
39135.95578630731
39274.80734002875
39143.999999999585
39072.599999999635
38938.19999999973
39127.1999999996
39157.89062034407
39236.089828123135
39088.08878322667
39047.39999999965
39037.5659397294
39139.79999999959
39086.639597329646
38996.99999999969
39135.59999999959
38944.725934754075
39038.99999999966
38917.19999999974
39200.168199606625
38982.221998738685
39103.65931207271
38995.827724635805
38988.59999999969
39038.99999999966
38900.399999999754
39107.78792904313
39110.39999999961
39152.39999999958
39112.77260764753
39030.599999999664
39022.19999999967
38963.39999999971
39025.791189531876
39013.799999999675
39057.711439282306
39017.99999999967
39210.251363957796
39034.79999999966
38910.616872240236
39038.99999999966
41422.13779613345
39029.53199999967
39085.39559516642
39085.199999999626
39106.19999999961
39157.13017343362
39017.44362731184
39026.39999999967
39240.59999999952
38949.28289865732
39240.59999999952
39093.59999999962
38975.9999999997
38898.438249654406
39150.87892347713
39140.75969109088
39076.79999999963
39072.599999999635
39122.9999999996
38910.637924072485
39055.79999999965
38994.77257215647
38896.19999999976
39039.72015448891
39120.096784718626
39178.84990070538
39143.999999999585
38984.399999999696
39157.7186443813
39093.59999999962
39099.57683624183
39226.17995854909
39013.799999999675
39076.79999999963
39165.639912183375
39375.39530085142
39009.59999999968
39273.17967859764
39022.19999999967
39122.9999999996
39190.19999999955
39139.18269664254
38971.799999999705
38963.39999999971
39069.537932050465
39296.132346939725
39072.599999999635
38980.994689866115
39017.99999999967
39131.399999999594
39173.399999999565
39030.599999999664
38845.79999999979
38954.999999999716
39076.79999999963
39202.799999999545
39139.79999999959
39173.399999999565
38988.11554665319
39160.79999999957
39164.99999999957
39055.79999999965
38971.97909275061
39100.263636016185
39285.602325497
39059.99999999964
39170.60434117115
38971.799999999705
39274.062869045054
39035.144446366234
39069.13534535084
39143.999999999585
39115.37759467098
39134.68430629218
39020.51218108748
39152.39999999958
39005.39999999968
38946.59999999972
38996.99999999969
38900.399999999754
39099.6328940149
39101.999999999614
38934.726157910285
39076.79999999963
38946.59999999972
38950.75091316291
39110.39999999961
39001.199999999684
38982.17954816489
38927.87691033549
39017.99999999967
39088.85659335475
39173.399999999565
39043.199999999655
39068.39999999964
39253.19999999951
39097.79999999962
39061.991106602436
38998.550197319695
39219.89128836117
39118.7999999996
38939.70600733684
39040.96372735753
38828.9999999998
38993.10315218749
38918.265864580026
39017.99999999967
38904.59999999975
38945.21899613014
39127.1999999996
39131.399999999594
39019.539171723634
38952.63157103644
39122.9999999996
39035.94242378456
38974.85520340599
38896.19999999976
39017.99999999967
39088.7819772538
39055.79999999965
39068.39999999964
39122.9999999996
39047.39999999965
39089.39999999962
38984.399999999696
39131.399999999594
39177.59999999956
39017.99999999967
39001.26009756276
39017.99999999967
39160.93663385256
39093.59999999962
39118.7999999996
39207.29286754523
39206.99999999954
39314.26177535876
39064.19999999964
39143.51837998201
38960.6075770018
38967.59999999971
39197.57257421419
39192.12219529664
39160.79999999957
39075.46691223625
39238.40844308183
38991.56423737994
39232.160015736474
39093.08881190128
38975.9999999997
39274.199999999495
39179.26337766893
39038.99999999966
38870.999999999774
38938.316694618145
39248.99999999951
39170.014889819766
39057.92304958734
39026.842548648725
39136.513587577814
38992.79999999969
38984.399999999696
38929.799999999734
39005.39999999968
39078.01735284026
39038.99999999966
39097.79999999962
38996.99999999969
39114.77326862425
38967.59999999971
39059.99999999964
39095.214120453544
39210.50129490218
38950.79999999972
38950.79999999972
39118.7999999996
39123.260009327394
39059.99999999964
38938.46201312032
39099.78325931304
39085.199999999626
38929.799999999734
39184.4308391054
39312.64742777178
39093.59999999962
39068.39999999964
39106.19999999961
39160.79999999957
41992.738887405765
38993.09999999969
39135.59999999959
39211.19999999954
38980.1999999997
38980.239120452956
39001.199999999684
39119.34112129508
38996.99999999969
39017.99999999967
38938.19999999973
39106.19999999961
39072.599999999635
39179.91792658186
39043.40848033782
39097.49956808027
39030.77858018136
39005.39999999968
39101.999999999614
39190.19999999955
39089.39999999962
39038.99999999966
39114.599999999606
38871.5073420541
39101.08060112616
38942.399999999725
39022.19999999967
39047.39999999965
39153.223719704576
39059.30376980099
39147.60021584212
38927.17051901823
39020.22023878069
39152.39999999958
39135.59999999959
39058.22479717193
39208.82775211515
38883.599999999766
39265.7999999995
39097.79999999962
38856.96287516002
39139.79999999959
39148.31361374508
39190.19999999955
39160.79999999957
39338.06304793837
39241.68540537946
39111.04126870028
39009.98235184537
38866.79999999978
39008.75204132484
38984.399999999696
39173.399999999565
39171.454760784414
39010.41374572208
39038.99999999966
39278.39999999949
39149.63411860149
39135.59999999959
39093.59999999962
42042.362124906824
38962.33199999972
38984.399999999696
39375.166013126865
39005.39999999968
39290.99999999948
39026.39999999967
39003.307922892825
39160.79999999957
39131.399999999594
39116.34205660933
39043.199999999655
38971.799999999705
39244.38726282482
39248.99999999951
38964.99905757182
39156.59999999958
39051.59999999965
39139.79999999959
39181.21679831834
39269.9999999995
38904.59999999975
39064.19999999964
39173.399999999565
39078.953162200334
39091.62615384136
38884.196609803344
38984.399999999696
38883.599999999766
39052.72532716668
39041.807310277785
39143.999999999585
39005.8468254204
38975.9999999997
38974.06647072116
39068.39999999964
39229.033516598414
39127.24574894542
38928.58467513073
39033.42361164765
38996.99999999969
38825.391675370425
39034.79999999966
39341.39999999945
39085.199999999626
39110.76477499241
39303.599999999475
39195.36376074836
39022.19999999967
38984.97109614716
39227.99999999953
39320.425794884046
39122.9999999996
38812.199999999815
38921.39999999974
39117.58044918502
39135.59999999959
39114.599999999606
39064.19999999964
38828.9999999998
39072.599999999635
39081.67512732419
38942.399999999725
38929.799999999734
39049.57396437795
38998.15674928507
39154.05700393947
39082.28662387271
39113.218943273925
39080.56828031081
39080.99999999963
39148.19999999958
38943.75142421504
38967.59999999971
39162.20631999718
39059.99999999964
39205.66882086368
39059.99999999964
39181.79999999956
39030.599999999664
38908.79999999975
38812.199999999815
39185.999999999556
38754.123058201105
38891.99999999976
39126.713613047206
38908.79999999975
39090.30347636862
39156.59999999958
39316.522608672225
38913.63805495824
39106.19999999961
39097.79999999962
38946.59999999972
38943.038474258756
39132.65656416468
39249.605229485715
39001.199999999684
38980.1999999997
39097.79999999962
39135.59999999959
38728.19999999987
38929.799999999734
39060.0560703291
38887.79999999976
39026.39999999967
39022.203281473565
38938.19999999973
38996.99999999969
38875.19999999977
39059.99999999964
39076.79999999963
39022.19999999967
39148.19999999958
39110.39999999961
38917.19999999974
38887.79999999976
38849.99999999979
39115.102728425285
38891.99999999976
39076.875788349374
39156.59999999958
38879.542355983955
39198.59999999955
39190.19999999955
39029.534773804015
39026.39999999967
38996.99999999969
39101.999999999614
39167.77909049014
42047.117488258424
38982.95267852834
39198.59999999955
38807.99999999982
39173.399999999565
39077.2697834097
38938.19999999973
39118.7999999996
39177.59999999956
39337.19999999945
39065.75740434687
38906.69491046225
38959.19999999971
38942.399999999725
38971.799999999705
39093.59999999962
39064.19999999964
39089.39999999962
38993.264391143595
39072.599999999635
39118.7999999996
39143.999999999585
38954.27668549612
39072.599999999635
39241.85637492651
38975.9999999997
39075.8801362241
39080.99999999963
39228.013319531594
39080.99999999963
39022.19999999967
39085.199999999626
38980.1999999997
39097.79999999962
39206.99999999954
39072.599999999635
39031.31233803382
39085.199999999626
38954.999999999716
39345.599999999446
38917.19999999974
39148.19999999958
39051.59999999965
38854.199999999786
39255.71451044822
38879.39999999977
38870.999999999774
39223.79999999953
39017.99999999967
38942.399999999725
39077.248497908564
39034.79999999966
39106.19999999961
39267.28638490359
38984.399999999696
38954.999999999716
39040.90880020736
39009.59999999968
39089.39999999962
38942.60654469675
39080.99999999963
39293.98438622684
39045.95911936345
39036.012768962966
39240.59999999952
39068.39999999964
39030.77343624085
38976.18326069818
39174.76072574972
39059.99999999964
39022.19999999967
39187.24508222547
39080.99999999963
39160.79999999957
39160.98219871827
39095.831837771664
38954.19303431292
39379.19999999942
39085.199999999626
38887.79999999976
39127.1999999996
39013.799999999675
39064.19999999964
39110.39999999961
39152.39999999958
39153.69809254175
39148.19999999958
38992.79999999969
39009.59999999968
39122.9999999996
39169.19999999957
39098.905861178144
39191.10869117795
38887.98149138341
39034.79999999966
39153.21229801637
39068.39999999964
38917.19999999974
39146.04731808033
39198.59999999955
38875.19999999977
39118.7999999996
39051.59999999965
39181.916964978314
39111.471245824396
38988.59999999969
39195.77606463798
38761.79999999985
39173.399999999565
38866.79999999978
38813.21214722937
39083.544582520735
39112.9491884923
39170.63928664913
39064.19999999964
39051.59999999965
39149.33629563901
42216.07441679834
39035.47199999966
39119.34129892593
39078.80054053873
39152.464510036734
39156.59999999958
39232.199999999524
38891.99999999976
39218.58231151727
38925.59999999974
39001.199999999684
39038.99999999966
39038.99999999966
39059.99999999964
39110.39999999961
39097.10892744742
39351.50112279425
39043.199999999655
38883.599999999766
38867.410644290365
39022.6686433241
38965.85484103198
39047.39999999965
38925.59999999974
39257.39999999951
39118.7999999996
39064.19999999964
39085.199999999626
39196.4088034245
39122.9999999996
39041.01233874912
39135.59999999959
39100.64671708706
41893.19456872035
39043.89599999966
39299.39999999948
39022.19999999967
39110.39999999961
38884.32644556666
39089.39999999962
39089.39999999962
39039.64854910361
38959.6741035379
39169.19999999957
39075.28971460989
39009.59999999968
38870.999999999774
39215.399999999536
38883.599999999766
38963.39999999971
38938.19999999973
39186.22727668628
39208.94205735047
39017.99999999967
39152.60431417744
38972.01431339943
39187.049714300534
39185.999999999556
39005.9219575719
39133.173768525594
38984.399999999696
39013.799999999675
39081.311839724905
39034.79999999966
39005.39999999968
38866.79999999978
38980.1999999997
39320.39999999946
38871.611670182254
39030.599999999664
39295.38718574956
39047.39999999965
39127.1999999996
38900.399999999754
38921.39999999974
39173.399999999565
39110.5751980401
39038.99999999966
39127.1999999996
39212.888099610995
39085.199999999626
39127.68039051766
39181.79999999956
39206.4624555187
39022.19999999967
39352.07276895249
39164.99999999957
38896.19999999976
39131.399999999594
38959.19999999971
39093.59999999962
39248.99999999951
39132.11232684845
39040.522781721476
39117.744530179494
39085.199999999626
39123.54412929127
39094.30789218723
39001.199999999684
39114.599999999606
39185.999999999556
39124.63710731993
39244.799999999515
39085.199999999626
39076.79999999963
39077.63047723341
39131.17508242083
39055.79999999965
39034.79999999966
39097.79999999962
38921.672908117645
38849.99999999979
39176.04494685675
39127.1999999996
38992.79999999969
39038.99999999966
39037.11866607535
39049.41114135544
39211.19999999954
38954.999999999716
38917.19999999974
38946.59999999972
39158.1011513386
39027.888329255606
39047.39999999965
39005.39999999968
39126.3972351808
39207.374179735336
39114.599999999606
39045.264173141404
39051.59999999965
39064.73931688507
39183.28861109525
38862.59999999978
38871.93388360552
38997.14449965388
39080.99999999963
39174.52961985434
39152.39999999958
38950.79999999972
39013.55613516216
39055.79999999965
39057.39435593948
39043.199999999655
39223.79999999953
39001.199999999684
39316.199999999466
39215.0241021158
39143.999999999585
39198.59999999955
39119.062426558834
42117.61068681603
39067.331999999646
39059.99999999964
39345.599999999446
39080.99999999963
39089.39999999962
39192.393228810404
38946.59999999972
39227.99999999953
39190.19999999955
38984.399999999696
38899.9277795422
39014.681378817826
38996.99999999969
39123.78655814138
38947.644428877145
39294.350767131495
38895.532082637896
39212.25876386892
39104.04947624818
38992.79999999969
39169.19999999957
38954.999999999716
39119.042482752106
39152.39999999958
39068.44779409591
38879.39999999977
38883.599999999766
38900.399999999754
38959.291699683745
39030.599999999664
39156.69276372552
38976.041857411736
39093.59999999962
39052.483293612146
39114.599999999606
38938.312214660014
41904.67641396652
39076.355999999636
39144.568174322114
39162.984506616864
39030.599999999664
39097.79999999962
39173.399999999565
39065.12483822425
38996.99999999969
39156.59999999958
39012.494247441246
39156.59999999958
39177.107921249975
38934.19810306621
39240.75967380073
39100.22752881057
38971.799999999705
38933.99999999973
38891.99999999976
39089.39999999962
39080.99999999963
39274.199999999495
38988.59999999969
38988.59999999969
39076.79999999963
38971.01069406741
39026.39999999967
39121.40365026671
39160.79999999957
39127.1999999996
39005.39999999968
38984.399999999696
39177.59999999956
39076.79999999963
39045.71576118953
38987.536058690224
39127.1999999996
38984.399999999696
39122.9999999996
39080.66165233162
39242.56536844207
39125.646411977774
39257.23688919429
39018.037305770595
39114.599999999606
39064.19999999964
39139.79999999959
39122.9999999996
39131.87412179517
average revenue:39093.56727532343
possibility:0.009