39993.75872398761
39434.285473506265
39477.62302088853
40579.785361642345
39410.27564596999
38736.85546972608
39178.551371321024
39434.59128714667
38579.70140402219
38842.37850471901
39237.25107337639
39272.30226547717
39570.68051655973
38857.70161771988
39101.69431430324
39072.422033401024
39374.60161913955
41567.79632254223
39012.47324685971
41019.752041783264
39313.65724595831
39327.27420297682
39728.823312734225
41377.54189189855
39992.58023824653
39263.37071081436
38967.585393150104
39259.48082891073
41339.23073482766
38903.479197822555
38928.05051475883
39487.29413317963
38867.123691017936
39142.12411891737
40689.80632645956
42022.182786803074
39261.96327823813
39248.44567203671
40476.42322577243
38766.5163437306
39296.631718517005
39289.24844070852
39177.55396073362
39136.341095223936
41475.54396025554
38803.30513099377
40247.43083141801
39287.654947525785
42135.07996621857
38500.08985432523
39109.81336812258
41249.23379652902
38857.49950476689
39116.09882998778
39525.77094212144
38980.31178076929
38887.986430776145
38864.50852557398
38935.093284020775
38785.692796870724
39001.15461402744
40132.55201164923
38984.39823807033
39207.60576394388
39098.261322176
41385.773758902345
38685.858761918615
38852.473659235635
38833.84508723483
39017.49745285437
38898.630853429124
39347.60597285182
39636.19154160503
38821.49280500207
39059.711393879086
39176.60810962146
39536.48749986297
39213.95920808231
39010.674449691236
39101.432780985684
39094.21517111375
39309.01943159745
40111.58272713724
40343.451600426844
39205.83992143516
38937.943137609174
39368.11368420411
41259.93436820844
41849.062052278096
38717.69141560085
39137.91732695841
38862.510636408944
38982.90634280507
39682.60556827527
38610.62566157877
39529.92894516791
39090.57208258172
39394.76072262119
39148.96967952464
38827.363548800044
38911.588456891564
38805.00670640596
39330.780330716814
38923.39948402131
39947.00897905301
40509.091150961096
39433.8932044441
39120.683834290845
39535.46142449545
40687.42552430865
39396.83188924386
39167.57130260757
39153.17161732196
39432.54530592381
41549.14764832836
40474.58587710121
38652.38187016797
39699.65047804739
39360.39157915065
41430.89137420292
40701.41064332526
40211.267531956015
39327.64826011741
39215.111632712054
42046.23243551068
39032.07808367701
38947.6998785258
39137.535714440564
39078.95585483281
39144.98700363441
38927.829802537526
39355.45171928137
39023.83956707634
39039.50355762142
40646.0261359662
38973.81160457503
40357.19264353293
39443.92300736808
39279.48634173753
38878.909720992815
39102.20470664819
39558.324990912326
40689.26925948113
39031.78303606769
41943.481819097935
39053.968916825164
39115.28549179586
40699.187132352235
38895.50462965589
38826.998085535764
38902.11769456371
39161.93650636227
41108.57187814856
39020.81152147326
38967.84679912084
39038.12932098353
38686.9977772816
41942.36046871768
39211.58553594314
39721.91449131907
38841.56302213981
39367.309042208515
39281.43920305339
41270.501415045685
39338.70776491734
38827.05212218453
41569.018814675816
39046.44784593246
41522.74537407084
38654.938683256645
38998.43807469896
38555.48259159416
39049.09284578685
41956.27500992765
39131.91647079329
39648.616279528476
38825.737080512015
39134.0337204313
39006.82122539628
41988.26681631988
39053.25642825094
39998.2466903127
41515.29251053181
41408.7909008291
39128.7060950415
38978.249345665725
39521.15141523867
41803.50830055507
41624.412190252304
39080.621981865595
40632.94325281137
41314.96013081232
38801.949734813636
39046.36134499666
39809.57993051557
41289.18381291136
39994.42102138845
38962.798485389045
39102.92539863425
38568.70451525171
39997.27878158075
38902.63521374044
39160.50937385165
39254.3525810207
38917.759254820514
42035.95815963044
40317.797730451224
39387.60697961195
39985.27854736798
39340.189002717685
39510.965056568035
39083.342511353956
40699.943106671446
39007.25983001864
41609.32349392365
39058.83863918144
39827.77759136089
38979.214564328526
39221.09001563464
41055.29943887
38785.75095712868
39057.314965440986
38895.6824157067
41035.59212384381
41690.65255090851
39235.59362465606
38991.60557617753
39279.524831724884
38672.7951098179
41565.558202928
39187.77780910834
38984.92375524366
38725.20953058461
38899.07523049191
40215.66535615341
39280.28459963454
38881.40650834431
39064.03673196203
38704.09523797346
40047.577744975075
39045.78396830598
40737.7483667057
39841.60599019695
38903.97751970099
39384.10504042454
38892.5005648826
40070.100496055275
39136.46106462745
39075.62243544585
38649.22246545419
39029.96401798021
39289.40018579022
41070.71947650567
39216.486840805825
38658.370961206856
39373.63564806498
38951.31195565208
38946.083638174314
39031.48440512466
38579.144926160916
39054.94884473149
39227.280067777334
39285.86724623391
40448.581147267345
41362.01007035633
38664.91070958121
39268.61991635983
41083.4463361823
38942.537575906645
39349.132408019366
39031.733883844354
41975.64986421205
39390.05335689487
39041.40300652715
39002.288580489934
39297.86721077576
39085.98121922584
39297.887031735365
40235.080373153636
40461.90654362313
39378.4200453872
39135.15139021978
39009.728829808606
40960.146690675734
39117.33984910203
39379.867931095534
38957.46616331161
39171.59453612344
40204.74049306746
39170.43081318224
39172.308934317414
38821.02353817647
38844.54718760164
41626.9619765972
38939.32889835683
39294.90857362482
38637.50966808263
38572.38500605472
39263.02282463622
39069.123815707644
39235.61425997935
38838.7477133532
39353.59912393403
41977.22630267629
39438.33381236404
39363.63272748505
40478.777540840034
39869.81297284795
38938.02601274204
38873.21294781222
39169.452806500965
39185.04073555401
40877.332248502666
39933.71441953369
41447.60573753906
39082.442646904485
38838.01281411384
42209.05564177756
39095.07591011714
39234.54900236023
39146.58258600055
39062.88424766379
42234.164842904815
39171.32615818022
39075.79570745967
38918.65227141312
38996.91334664426
41781.11290254652
39153.5328075926
39129.30809492592
39467.11169353622
40015.3294420195
39079.647796835714
39156.70956536679
39113.568327803994
38675.26301118176
41252.057409476205
41392.30897927534
39125.322496057255
39078.545565119326
39162.5965775923
39120.44857693821
39254.65441415059
39183.91051469586
38756.62724331211
38951.35593948634
39746.949344268025
39490.756952938464
38935.77207022395
39044.91078008979
39335.284538761225
41646.95508552113
39192.94927742449
39455.38041396123
40776.06300229097
41847.093656443605
40318.39715767923
38935.65172729697
38959.72135725169
42247.35651031184
38740.03277599605
38949.389720233004
39125.742209246004
39258.863419527705
38994.67325878731
39107.883650169715
39093.60066112696
41483.433938248585
39153.05605652261
38903.97949458701
40321.33558204796
41581.23897988352
42059.07170478971
39025.29194965782
38844.7737059765
41087.142005286914
39533.99223158619
39076.63689381945
38811.87299120839
39363.91592207969
38872.57722548442
39088.45933713349
41246.944940586465
40470.811673085875
39266.784709782645
38925.190398126724
38968.901054916445
41987.95045522867
39434.75625446584
39078.908381676985
41326.65288954537
38810.686752786685
39373.99737295082
40318.37068582614
40194.687035241666
40018.69628138123
38804.42957483707
39533.307273964914
39184.084921668575
40195.982070154954
38909.7081344949
42141.14144797563
39258.66007761162
38971.58990463484
38907.74626212172
39394.29437864261
38824.546643915724
41305.91081608334
39383.98882838241
39142.083537700746
39204.49827350617
38911.04340411798
39343.20182484703
39595.93281125593
39289.18921305241
39196.49704451934
38921.992328357286
39062.98355657408
38640.905524194364
39243.73867139226
39033.64086819071
39026.12437181726
39509.62436487123
39268.70811676665
39120.193823857466
39531.06829763672
38776.20444476621
39685.957423908265
38861.317529124004
38932.85023181628
39240.91409419682
39149.867751275146
39611.58046159853
39341.169062144785
38931.92349375901
38893.79532440898
38863.10637819175
39291.00327712434
38754.95132559718
39249.00267978614
41162.40130259481
38800.43811452077
41142.124334217646
40307.60052970861
38820.529119853025
39399.21566895581
41810.7652737467
39795.948257233176
38956.14828761399
38512.49898030209
38997.29119750569
39442.66841265555
39167.7026969748
38985.388220526984
39210.49391080205
39169.11635521404
38871.96669511039
38955.148321006476
39281.13045329492
39049.28470712818
39274.94343748293
38970.29493341546
38945.54516910232
39104.79433506131
40804.56891475829
38817.902486348146
39348.45246233502
41108.2751019764
40891.40301661783
39178.878305816615
38893.88979370776
41702.63549874706
38942.40453432681
40386.397009938504
39379.55286619665
39460.402444372405
40054.956848360285
39031.42149745978
39464.28057231934
38551.97239066128
41817.38334929267
40015.505734856706
38985.20034341994
38841.83271661307
39038.34088902802
39306.203924107176
38737.81522790812
39360.331113011154
39064.56678105643
38782.51347854113
39132.76792819145
38721.993012219646
39028.733143182624
38773.94285332161
39045.2582392086
39063.75939439418
41027.59394058506
39437.945858495856
39243.05219747981
39254.636015785414
39323.37773488964
39294.95323253417
40792.385039142435
38636.36724670917
39949.196314859604
38980.35684446667
39069.77904709021
38821.62649981171
39062.35679792877
39965.551532179634
40223.66760948509
39103.45126112149
39769.903048404994
38947.08526956387
38754.73194419167
39280.09567475496
39035.00661410035
38957.841512166735
39047.92918786942
39948.456776918305
38967.09813237346
39884.657872052936
41659.00719519719
38913.41446314042
38874.98726835011
38908.12005575403
38992.54438562051
38851.948276495976
39146.15504652021
39006.19070105976
39680.606138675874
38722.13613542858
40827.623159744726
39030.99687383616
38918.18413636445
39196.133367393435
39167.19761487122
38912.10979625562
39125.123179314745
39016.47209237901
39026.77254940594
41474.83052917623
39076.02093433241
38946.5323141081
38747.45450508329
38559.52715393035
39177.35431564795
38882.50136289072
38825.624563636404
39380.79254281603
39601.054167196475
40027.040842190894
41639.199314363876
38977.03497554777
39443.10385816835
39072.50581323265
38955.418661058226
39055.84892392244
39092.3617165681
38738.79238854424
39238.99885883336
39112.81307862518
38917.42314879057
39422.06753839002
41957.75723736103
38764.55465266174
38807.66834560728
39692.010399799925
39007.78918178784
38589.45855203814
39114.37206465041
38999.209547407874
38983.125048061
39043.56487744121
38926.856241968955
39354.2058579155
38523.74543660425
39036.54312440572
41850.54515250746
38897.28507237574
40177.57934885
38796.73977349588
38809.386165286116
39165.65013734345
38935.52256800289
39651.860096173754
39034.42044180976
38946.984538033124
38952.61714985943
39375.404850717634
39858.656232309935
41585.45086162839
40845.66011619388
38515.09381074961
42263.84643983268
39440.94423940385
39028.22941012266
38920.09375018098
38914.799886623055
38946.25866227562
38889.91100953117
38844.51968471726
39196.917900887194
39300.83590103143
39023.869143641685
40768.33879224104
39053.56004078805
38869.3229076021
41772.37366663364
38956.00913925826
38996.968810485734
38895.363230462666
38816.68509161667
41306.79168851651
39574.43621992635
38729.7057334496
38992.55076062729
39016.45442416328
38904.00970464905
42261.66910042197
39104.83031757924
39107.85136112947
41019.236066946
39075.835712557375
38931.92326287358
41576.931238599376
39006.714486112985
39020.508506577884
39584.37028315311
38902.51924728023
38920.52282915958
38848.76857915212
39138.30128974848
39025.2832761753
39233.99459515703
39297.98938563124
38984.288674859454
40226.716674949756
39053.25396171069
39219.03919240276
39008.301396485884
41702.16762561114
39193.52928413369
39179.34667930856
38723.136518333806
38921.253183784065
38851.8832345325
40489.861270847134
38961.349184994004
41427.50658485642
39974.62497333005
39433.10667120243
38937.21645982958
38696.08597449007
39405.67722637853
39229.72119383178
39985.50638641125
41446.258378866776
39656.41070350117
39204.521100918864
38898.16288082464
39373.011037410055
39102.579956743655
39072.03751560006
38615.36877498234
39025.710266512695
39150.14821337064
41443.795535158584
39005.12219367288
39329.79919370364
41948.93148774758
39231.74263372951
39201.83169602838
38777.425278020455
38873.795678931914
39205.78662097905
39589.55464349979
39600.635627628464
38893.442588268415
38863.625230238475
39220.46105716947
39275.8911658536
41600.69791269599
39220.85751123293
38999.96291339552
38738.096451579746
40225.45775835018
40871.35575447755
38968.58409985004
41919.914279740966
38847.107274890375
38659.74238576997
40927.371628802124
39596.78674284651
38953.46169392824
38874.50760914258
39525.08948666732
39239.24233170205
39301.95792579406
38979.4669924961
38706.27132488979
40949.14791352528
38838.33769834134
40237.81025398553
39804.834684322865
39047.86251980755
39370.53435690419
38990.89785883838
40362.87243896783
39054.889919328096
39145.22878392016
39145.94594203162
42223.91593220979
39131.52975341929
42014.923318137175
39390.817352954924
39506.56894695171
38687.39758500809
38999.32726758401
39958.45851985246
40952.55005350668
42108.6986562996
39204.339458525006
39159.410316872505
38761.78962883475
40192.680616570586
38952.9352853816
38639.68015127201
41615.1804650925
39282.28130583384
41469.34522447483
39262.16053878861
38863.577571738584
39385.64039526319
40185.67938891727
38955.739616081664
39350.5767873685
39592.88840566357
40617.46489958132
41737.48097665063
40088.99239377109
39433.61984747035
40659.43231501916
41482.25259423906
39009.89819686593
38675.567373076505
38976.6736690819
41824.71014647535
38972.247667810574
39188.20324572641
41338.8899356985
39274.194786421045
41734.59694507266
39125.319674964245
38993.97284560006
39202.370251905966
41159.48732126592
39095.74522125079
39052.786902260144
39720.44323842486
38685.75449230734
38654.969593981754
38957.499391869314
39792.87177746486
39213.98366467091
38971.929888224906
40910.208150868806
39234.65122667194
41485.80192875085
38894.947330178
39045.45985593762
38644.94513264412
41717.28323301104
39102.41398170685
38751.14600849625
39160.68180495397
42182.400515591195
38880.36281434906
39176.17194904447
41147.32827796275
39514.86894139341
39454.723710991224
39537.014384714676
39452.780294151715
39012.86865967538
39015.5138495633
41301.29636034225
39261.16962790918
38692.23127831672
38867.29577469558
39248.10588231585
40457.46688892536
38933.445222014765
39773.18491796351
38984.04660356823
40069.98712391758
39782.17311575638
38987.28579001473
39238.781721765394
39026.59864809138
39134.488362122094
38847.37062195241
39311.82261131479
39144.95179815278
39575.0139549092
41910.162698781096
42112.261339979494
39502.72292349521
38904.505030528926
38967.459546881095
39081.93418556533
39533.713525977466
41587.44367876581
40505.422268421404
39011.20921760857
39134.29639959205
39101.41179325459
38642.98208791783
40974.74896802676
38762.09037025462
41628.54886864977
39094.66463948498
38863.18701653406
41977.51414037961
39578.53394982523
39187.642740451105
38744.89565918708
39054.1636657629
39278.83733551501
38964.61399443528
39041.782413322995
40895.60270102475
39357.077287274406
39832.47964825893
39008.152828036866
38972.73088813956
41580.653541781125
39197.18750380201
39137.80274345248
39118.795731166145
41590.65003464377
38955.30204871068
39542.30864905221
41073.1139854331
38701.16551568542
39502.91598526873
39198.92761417153
38986.6687023701
39056.63825774169
39045.55851498124
38750.884906495034
38995.00561184799
39302.09530244002
39128.225185586576
38996.225217537525
40529.42788865108
39736.783033232714
39323.23509744961
38859.27231922031
38631.21324943164
38903.090976626845
39114.4031141282
39098.43982142872
38727.869469368175
39101.983991893256
41509.225604004845
39425.42453055237
39051.02650988692
40798.226885553
41654.261534571175
40810.61405960889
39151.3275690671
38852.64077751881
38974.23383391634
39150.55144492157
39333.28521003773
39251.3397713011
39525.51648244377
39383.975493238206
39220.3101980673
38993.17414166673
38995.00254069241
39416.7578158839
39407.98571516387
39894.24155762684
38965.71030291488
39261.645273042166
40173.40480667942
40134.36499161364
38627.66089919736
39969.387973569734
41842.79000985377
39157.91090643661
39264.171179231016
41908.0840109962
38813.847814115026
38818.57365903362
41312.1210073763
38972.73335933791
38842.03714071904
41069.98451653965
39261.095543375974
39369.358018689985
39538.20756790539
39145.4494814425
39851.669820199146
39193.88024613043
40564.40837703872
41751.46074328039
38860.22576137517
38926.59308424601
38995.19290470764
40832.25360072452
39062.92479829419
39139.99135810624
39256.502224909964
38842.32396106519
40609.23650454351
38973.4852755871
42190.06614956483
42028.99769865224
41910.31850146173
38916.57348066336
38843.73131753488
39023.64295052501
41097.88940148193
39457.52769783869
39928.653417302914
39254.25978400674
39366.69652881963
38686.11453294933
41116.10904907263
41882.70739515282
41618.81672256991
40710.936562954266
39128.669200132674
38849.62297414011
38988.25706025238
39339.58688730172
39064.21277512836
39174.794987877554
38824.36636425803
39310.64196169388
38895.30944200199
38763.73677689166
38655.458215990206
38925.67159162397
38830.68674820365
39757.17498589236
39230.06896541645
39061.951951267285
39272.55826515162
38920.74125021697
39006.877656923905
40943.45757132518
38976.24590816595
38873.75071933729
38935.37892915724
38939.59049507252
41020.0809480764
40305.66326537871
38647.102813495265
39501.38881508966
39039.92113036803
38720.551770203434
39119.03588656839
38878.366691115145
39019.722900528344
39158.12241312148
39045.68455054419
41433.93772395326
39331.24128344645
38663.6089064981
39272.14167720384
39255.73730544033
39149.61328676785
39145.538245983334
40954.127068588285
38411.456647062776
39166.22146202538
38730.34204842406
38852.007891602516
38683.337987475395
41609.06165463827
38786.674189479636
40199.472451194124
39224.15462217888
39135.73158905575
38973.81673639152
39584.108687773645
39000.888106626684
39493.012629017736
39109.83991353147
38779.83378313752
38863.94519833921
39141.235543946605
38670.501036702815
38914.514926556076
38688.21886349888
39261.75647144958
average revenue:39541.38071866714
possibility:0.162