39179.01221700745
40847.32349749594
38842.804141221095
39206.875616882426
38666.92611776024
38961.90261367959
41478.37956718142
39038.23753912953
39013.807878029686
41242.64697537317
39231.30853701783
38866.53995846514
38976.58089195018
40104.596059306525
39275.65905344772
39113.571423804526
39463.587496357875
39021.19295768921
38919.300435568905
40198.760288819634
38928.736763641966
39195.15049333086
38689.083330807036
39283.35777706828
38803.89010820457
39056.752800103604
41939.94688668029
39213.99325521506
38923.13568418652
38832.75388907755
38812.722322975
38930.058475623395
39896.61864174021
39147.88670693382
41246.97847841584
39068.13536052061
38685.385690503084
39022.853536057184
41280.04667906457
39251.39868680627
41011.71784627469
41651.6865348505
40332.72701300068
39229.73030649738
39284.25806204547
38970.36180411389
39001.40283449611
38750.22082510107
42182.458170600556
39176.10674061024
39321.444472408904
38771.15377696308
40590.731415633614
41245.440318913876
38934.53074106091
39137.85545351997
41378.68993734553
39072.72100514941
39144.376870911714
40084.00755251997
41527.457264972225
39259.43155919033
39389.37682265641
41816.486404815296
39145.3119070829
38855.000566328905
41005.3208707297
38736.5678424783
39095.84548239765
41926.503032328284
39302.15776355157
41811.24901474724
39565.62989326974
39096.93140253345
39124.47713080259
39786.01647389563
39248.9763104719
39073.49767998604
38863.472236481844
39225.20791311355
38999.01433384474
38648.06886499683
41467.912546726955
41910.596469890756
38971.93068882267
39175.875255471496
39433.87100028649
38822.26721144227
39108.59606623313
39049.22850112199
39022.72426560304
39113.601876995184
40085.83729746571
38880.954859555815
41725.73986828273
40959.11245398986
38921.19763938235
39526.65952738662
40896.95657317413
41292.45088802415
38925.279497013726
39499.73689887395
38800.72889450676
38823.05175899377
39761.34871408426
40753.57697823814
38704.75348126437
38923.226296519526
39127.2172575103
38889.15626439665
38883.641834795075
40657.25334000018
39089.642232552396
38700.916522113104
39096.42429254612
38919.299493405924
39146.74538643319
39094.13095762455
39248.681769243114
42153.53244144889
39606.26423473284
39166.67664330941
38855.69251236543
38785.92051405754
39509.36185650405
41731.33602547159
39234.993141943625
39913.870117231025
39218.11664034302
39779.39028286029
38788.89511191072
41176.05439573926
39001.3232625942
39378.47043172451
38947.24812143275
41303.58671106312
39358.3279332594
39001.65542426223
40361.513833744015
40175.02223878777
40431.924077367315
39178.88176072707
39645.26769753261
39088.84842384456
39002.26974192304
40318.74433295057
39173.68511089636
38877.25108703498
39241.14963033128
39627.84576485267
42024.881022382295
39798.72344778641
38672.06661571007
38978.73225961427
39282.899955770656
40558.956229043564
38961.219853749346
38583.76723277067
40079.077187059804
42089.81894662742
39277.56749417104
39292.58967948811
38785.41803696161
39301.8441719975
41924.810884641454
39016.38111040693
38912.72736218833
39335.25069593408
38941.414745153044
41150.33641159507
39174.03265066621
39034.84763910752
39137.95982224922
41652.352416578084
38874.59489990282
39142.266399590524
38806.78155382799
40988.352573211625
39137.433733246864
39225.69390986041
39039.958115157984
38853.28172140104
41436.20278039132
40055.53321782843
39132.62731269447
39261.123445916855
40082.01520249492
40759.907861662265
39152.22485589618
38756.45791643794
39088.398012468264
39286.261054047245
39273.2201579424
38923.57235595394
38982.71782983823
42038.69344440915
39090.48917697612
38995.10828777858
39228.11721209658
39190.94484769384
39109.56233544687
39334.125862530935
41194.75387269015
41275.81648166626
39177.440633640275
41992.43840832439
39293.01844146824
38786.14768488511
39282.388171641265
39092.82577911823
39652.04173069376
38783.19666892566
38859.11837880375
40152.60621613009
39753.39066124906
39108.78277273835
39352.180698846816
39020.9221070046
39053.20448438015
39004.92715836961
39010.67661115993
38949.593511813524
39295.99602963177
40868.66262969322
40239.95293837761
38861.27166840158
38927.11345499122
38874.584720368635
39277.84277206626
39191.17389927815
39936.167622122404
39132.217360734816
39119.740481920366
39200.77485781516
41988.92392455145
39486.79825937341
41365.87429990368
39070.345994078874
39406.475284385575
39337.82270156788
39138.909078725956
40728.37549730304
39335.80774292999
39351.46141898057
41853.346132492836
40217.87090260952
38786.397928266
38916.46870339202
40392.758711134586
39383.41902400643
38942.009384536635
39149.07925794459
38847.33518201972
39010.05899214891
41918.11051711147
39140.805200657785
39223.97992338863
39045.36649155392
39179.814343493344
39204.02225165265
38996.29417427244
38981.17569870155
41458.84954992619
39100.537063964155
39328.41334319194
39154.85693766614
39509.47071872112
39552.73696313818
39038.90342498675
38614.609061248026
39087.40088938227
40954.37814756862
38765.54359247804
38895.21137092049
39949.36265396124
39031.80038475557
41233.93099526231
39566.33142929193
39048.08379571586
38934.76908193072
41701.4020702144
39146.17467309137
38950.70543496715
39279.558078567046
39252.4902911552
39149.6910253192
39461.9024790973
38903.442483693536
39419.44935769999
39624.76585979938
38952.85653027705
39932.89499716034
39433.47558062509
39078.15639158499
39012.27332088232
39002.60464453261
39313.409957064185
41681.52734598692
41973.89031303496
39181.87707646588
41244.99375855125
39278.85240469088
38884.42447232359
39128.30143332984
39502.66971686403
41852.93612241863
40950.45912498334
39283.09922868683
41753.525073617544
38777.26316566649
38691.14842639402
39030.4955007625
39485.41108686066
40209.59375666796
39430.81028250049
41645.578449483444
38987.37046576566
41633.8826694146
39647.800390963595
38852.485442362224
41201.67843552884
41074.52269431261
39575.352336406526
39070.363067793136
39063.436234145265
41069.50349758505
39112.53198396635
40136.617878765086
39581.78614947
41525.78358680278
39015.08345041529
39376.7949539953
39001.55574877964
39058.19967734091
39449.52587955955
39712.88120353394
39237.36239415921
38816.74600985381
39385.30909758337
41810.265946446314
40725.27299293149
39133.16166147554
41780.000873047524
39205.50490291763
41206.18077027298
38694.77291809139
41665.4731143981
39099.670595672425
39015.22770945816
39983.839917733305
39190.36052632637
38770.249642834526
39181.35829235517
39498.90420152597
39665.64801512801
39562.83432021499
38917.16904847173
39071.153489292075
39028.28809323458
39469.49305306261
39096.71511035164
38994.67609144711
39270.817752919575
39122.379853843275
38695.75239306464
38974.55283484852
39184.42623401745
39266.38102820023
39400.97299434836
39310.049612228424
42190.36329798865
39678.92629554946
40677.997860161246
41787.55080672179
38833.42872561684
39518.83239141117
39425.63832461874
38894.983534153296
39132.210819506065
38773.07291702921
39928.26880876005
39060.716892455435
38865.62935306015
39252.70372213679
39657.33229244039
39224.44303950229
38707.62604237347
38694.199147983985
39306.52659747066
38634.02055626453
39433.56398428449
39546.37533594537
39037.917143983155
41366.08112940738
39264.875123768405
41487.91310504374
38919.267487667195
39652.440315423926
39155.745459983154
40068.27775746276
39301.3589156364
42000.77143909654
38812.39888483106
41134.658578197595
38879.60973672754
39229.11753539666
39884.05729988702
38889.993261988355
39271.86710761101
38884.24507352549
38796.005383991804
38880.7999194602
41915.50757541649
38798.593902742934
39645.88445492967
39033.77384133687
42009.62137793685
39264.3506021155
39077.84398889532
39209.59823093854
39964.96990860014
39540.557833082225
38852.03924016521
38606.87495837073
39214.13915225741
39376.9514530913
39095.10443309134
39262.75627490686
41862.466501730996
38934.24093704513
38976.5248927932
39172.55213546294
41408.92013739449
39399.117348432206
39642.60983839727
38813.663322068605
39123.003139887354
39133.63164280478
38906.12856297009
39088.888043967374
38922.920145403354
39275.87821465273
40666.967578762116
38757.31052656448
41616.26921614478
38972.063252403335
39839.17818735712
39085.282869015704
39472.87604021301
41748.16826766968
41924.294236728754
39106.06621115742
38899.44384608418
39183.312032671674
39502.368971816715
39187.49867222301
38938.70501992115
39044.38305500477
41728.30240920875
39147.96830150232
39080.040872185265
39004.57172705857
39039.11364726387
38729.11165302166
39072.59907311748
38706.61103333081
39190.807006495255
39146.89877484355
39098.70274164154
39109.74631288668
39118.26827508033
38898.43879533742
38952.89935642636
40563.10708541635
39294.96570938492
39183.6177476005
40751.98020262288
38929.544919179156
39180.715792385265
38928.11385763615
39064.72065178822
39967.275289661266
41685.76640926297
39377.109623707154
38973.419531428175
39155.41000183776
38956.556666643635
39066.54907560564
40524.62993697542
39219.80441894461
41590.643932817395
39014.87955736438
38852.90730587055
40405.08271062516
39472.27339891231
38904.0542712567
38891.55824742605
40832.51628975473
39404.26495625747
39310.14633198077
41818.462191566025
40160.17581070507
38832.327122298564
38976.851958428895
39254.288020180335
39248.33268250123
39165.117617548654
40205.44165368983
39361.54876788656
38809.332056014864
39363.49266593206
39500.0325453566
41354.91332797225
39454.59922404886
39020.16740267379
39335.42209943398
39122.641255246235
39066.157882727006
38928.44924285838
39014.43679520525
39133.840638671885
39077.827520840394
40281.779303462674
39082.50413705885
39186.12705943237
39236.772307084946
38539.98474621111
39110.45707849001
39506.20027884395
38864.49080221766
39532.10287241537
39318.455500729324
39306.25654180511
39434.67924019888
39788.15696170738
38587.074644109416
38982.78358436515
41759.80573860903
38972.16423660935
40984.3274021399
38820.933103952855
39811.375198023656
39447.82312663539
38919.970185855556
38769.54277960529
39165.992062150755
39189.14275805426
42033.05353034208
38883.861063401266
38627.388619016456
41766.79719837687
39061.92231867059
39062.915220672
39087.42877492332
39059.282568725444
39443.91527066764
38900.83440086352
39031.17937713451
38877.30832063037
40451.64259061778
39127.36098078385
38940.74895406624
39203.93572938635
40302.13355590125
39606.16866748373
39109.36096363196
38955.28899112825
40857.56934608346
41826.56832431856
39163.460003243585
39124.955805165424
39095.39440272802
38956.65680466048
40271.45299556885
40385.60153991592
39167.585919033605
38918.25880219877
39330.97312375211
39085.313572488165
39074.26174484573
39326.09775102003
40204.52551050469
38999.14468550858
39164.8550722945
39667.40319063529
38987.68549825466
39115.63913580945
40978.01980955676
38648.17949395097
39606.05548433482
41227.611333939334
39323.82247098622
39369.26278020963
41719.072258858476
39144.62070816666
39010.92497812168
38878.55321788771
39027.998532398284
40442.270745750015
39112.165978394965
39001.74154256638
39322.298060902314
39040.18505131128
39199.54979334888
38937.535918888956
39079.3770433478
39237.230344657815
38807.35677511791
38989.86964801694
38670.006011094694
38843.8761881086
39278.183060619485
39333.52887195839
40475.73186644908
40228.569703085224
39010.43494259993
38990.57969861984
39038.29494897076
39087.75698633538
39400.309922942506
39883.04064901742
38970.85972859037
38824.368485359024
40809.05118550622
40929.89819827019
41729.19378740975
38805.81683963439
40038.18678345019
39064.87577894039
39048.67473867673
39170.56366367757
40110.97202013126
39454.93421365102
39343.14871984443
39204.50980053043
38841.131419369856
38801.46724581474
38868.69108855481
41579.64230479059
38911.1071647838
38968.449388347144
42118.95285031552
39095.446101986156
39326.52782048623
38978.848610599845
39091.69918335245
41373.32103587215
38950.33813804498
39307.07565807314
38885.52658536414
39098.60172359074
39301.83966262756
41650.37619690409
38939.28575359485
38935.814894027666
38943.065583314135
39012.501065866585
39040.607166360445
39059.68175540339
39294.30175815623
39145.894326735746
38937.36418127407
38967.76654875567
39090.363872895105
39007.94915224233
38877.720208873914
38944.96461852254
39268.95118862476
41634.14702343924
42004.4203079009
38960.595286719516
38673.73488139834
39144.89459176199
39118.410336219335
38879.1970220301
38917.51417013489
38842.588055711705
42347.334324022566
41647.06177389224
41148.2049192864
39497.19755946731
39184.050279466
38645.007456305924
38995.64542492164
39262.241375072
39369.004744598715
39021.026755306215
41969.647092574385
41084.636817660765
38972.26774318763
38926.95165668991
39016.807249248035
39264.12713396668
39625.19890066131
39015.99025659484
39209.57848413244
39587.63414034394
39759.25658859448
39352.01397782521
39484.7376525297
39123.702859333804
38735.17719125033
39289.48771071494
38886.20820980884
39567.574334179815
41541.44465597631
39244.668812090735
39176.67575542957
38579.54277431188
39247.903623420374
39527.77218056623
38858.23452539771
39209.285118310305
40866.4617437297
39067.526451689846
39422.10297552164
39174.49326552655
39162.71069802002
39280.59228894225
38828.552034830805
39595.034202130715
39890.432414550836
39402.12606584393
39605.01012654332
38921.02310379387
41667.13624173292
39093.74610164163
38638.59299222445
39076.16898348252
39760.48912868452
42027.2410070942
39094.12855395251
41655.23492897391
39355.24398086299
42031.764280556206
38939.576165162456
38944.14568412367
39438.71901258665
39598.244406239144
38692.604983521225
38988.28494558697
38908.39869352385
39258.15919691646
39132.89302862213
41642.253897749026
39242.74273075643
39385.84245195107
39091.320751140025
39138.95099674706
39534.076218252376
39619.47569240761
39071.19701720689
39255.67949985834
38976.02356319206
39025.0371612089
41841.437610474706
38713.138630544316
39395.93419459031
39167.72403679406
38931.90498425051
39089.065729496164
39558.89771985468
39453.55987170473
40074.40671809131
39010.652031664846
40088.29674199987
39360.806903232464
39328.18613715485
39118.128039904324
38884.10137080531
39307.8459226535
41288.19024063853
39232.55036117637
39235.86913625463
39109.94669166349
39938.608644200336
39278.92526276804
39305.05463407458
41668.19207005338
41133.02172670012
39055.62661206083
41652.48908334556
40520.75272405582
39342.78739609175
39048.05085787189
42226.69530976309
40359.3759478291
38974.742757716194
39127.370729585666
39248.1816672555
41291.01153452937
39096.881492082044
39120.10382252301
39209.857623409036
38578.43950983075
38940.736203495006
41592.50772111104
39354.394865282855
39605.99807533571
39078.52092436397
39118.395721525616
39155.38093280359
38984.48868254865
39098.00332850551
38760.27300686989
38991.99182327776
38948.85489572863
38740.24298991711
38829.205431689195
41801.43737464393
38983.44292830036
42133.3162284413
39277.49381753477
39427.98772964587
41781.82926465538
38921.606660376485
38719.48174042317
38877.206776603
38724.33021180009
38956.810402885814
39243.46940930652
38846.39277255119
39747.16755011042
39336.48570163051
39094.359530951086
39082.0426144924
38994.77462598168
41382.01040975673
39341.02088139633
41535.555872240526
40292.823490148985
39143.662973713304
38869.357604303405
39055.99611756894
41631.019851543264
41275.123651362745
41327.4598193871
38749.59243356237
38963.24732523818
39220.25457521891
38991.62531637726
39038.591409327244
41771.42075963573
39455.09037581858
39015.67477400804
39600.34564295106
41033.898232441265
38817.80096678568
41853.10281412907
39274.039343412485
39046.611148225726
40483.36848620047
41282.44179083626
39085.41978805988
38826.02093822335
39132.05611412347
39189.4400427261
39118.46771475243
38867.475426537625
39296.76509741212
38831.8082806985
39383.117797937935
39340.904222835685
39932.735486526755
39419.326189878826
39046.36965929098
41948.197195038796
39311.871716649366
39215.03008139821
39207.969422984876
38892.092874767186
39059.49669825284
38858.81661140211
38800.21261351998
41491.540334870864
39368.240025186715
38897.19945510032
40565.00058436317
38815.962985536804
38695.945662752776
39380.24827922844
39414.90551140861
38976.54945307045
38992.855645616466
39653.74228635045
39742.2939719296
39803.364983921936
42085.538938329366
39328.38079638368
42277.05453390502
39490.97250126899
39532.41816491705
39016.60067864092
39031.991996954785
39162.21359389014
39131.831337465665
39105.58087269667
39026.57670597837
39114.58913351809
39161.048621204696
39256.64333296556
39345.72392194931
39368.382484472226
39342.11621291473
40354.55685387157
39563.89309919997
39256.026939618605
38889.643269636064
38872.54291255519
39288.34143056633
38996.30162906097
39021.355263492
38813.10336131908
40059.088769253554
39001.27966808397
39552.74555434592
39156.06791271712
38899.314105063764
39418.44470820253
39048.51582813822
38878.33891914176
38765.441374630434
38704.96874643
38957.53950355756
41803.87776041446
39585.38742683064
38667.036214716114
39587.82193247296
39347.22464626358
39608.1129512248
41386.53683710926
39188.69205008697
39159.478907140496
39026.38328454682
38783.61299148408
40586.75850947423
38929.8735264685
39022.21727909187
39305.12441822599
39163.31228934591
38976.06563922261
39089.675784038474
39276.637282996926
39120.164822088045
39268.5033734621
38683.76596814676
39194.89127583628
39290.53306085442
39266.07483501028
39684.02486868501
39169.884270030605
38878.2330201532
39352.575407035656
39158.824080105434
38779.9794504467
39085.33099762863
39135.039019227064
41738.04474854648
39179.697186654055
41976.87000818745
38982.499214498195
39081.025423098785
39017.81389781769
39349.18217717206
38888.33811164882
38807.51099192355
39331.01992993494
39159.93131783078
39518.04192817525
39204.109200468774
39009.261184557065
38619.104184173004
39244.17248264595
39024.34248381136
39362.88492040702
41100.51636886494
40178.10983805425
39068.08681706219
38704.31127441346
38755.7038430058
39358.496999284005
39276.478215350195
40640.999612914056
42195.67717299222
39038.24639250613
39566.21416770415
38848.97589767493
39428.81640999871
38891.8577761767
40326.269535261235
39381.76414400464
39083.83849615423
40573.307678259654
39362.138424650446
39319.520737028666
39517.417301383815
38999.57479700035
39617.93655778818
39053.38321719808
39860.86056838347
average revenue:39552.53308946879
possibility:0.158