38827.20906063815
38882.90411182938
39818.8312349431
39052.314023688814
39137.23433793587
39337.627580808745
40250.56834907632
39231.686188602886
39226.36302566664
39627.67163772908
38882.045919107804
40411.06751137151
38816.450796915735
39358.43353486796
39304.724068183416
39224.51016500919
39135.98927474441
39164.79859762663
39102.94593666061
39105.46991236676
41979.67467208195
39112.56866123776
40940.06617836467
40085.78895278069
39202.895494531345
38910.53209574246
39156.74621857495
39025.33862928752
42187.42855720517
39206.64864727858
39047.37004146778
38870.24981599462
40544.97027425863
39050.73186444325
38928.70419100855
42191.42807291158
39077.75985992296
38738.52151983611
39013.50730251411
39087.920607990476
39382.42191810891
41673.68106259653
39204.75307170677
38858.037760365856
41804.090803783845
38951.74802873268
39026.813762762664
41878.770343432785
39767.894707557905
39053.203206973696
38846.77213400291
39203.5250269541
38781.006130916816
38778.27081894533
38792.545467592085
39296.41668465379
40473.538621857806
39174.51099901469
40874.23851888465
38643.544812334745
38940.27913826213
39093.49582063459
39149.738741008965
41765.31540509107
39162.57751504819
40790.20127223394
40658.04529687706
38910.93962713257
38865.57702708726
41873.2451053513
39305.55950641787
38954.02983757453
38918.7984543259
39309.54053784148
40112.73634293086
39503.6304270668
39128.392834682476
38808.240350367814
39529.56215352602
39488.79166123831
40078.918240541956
41727.592564319675
39989.45503686386
39000.41894844792
39086.30350651214
38965.232292218076
39354.26653959534
38981.234959255846
39181.53593867009
39360.51422730324
38899.30842868791
39176.155185267664
40813.092163349276
40938.516491827264
41910.170510909295
39018.42793103341
38831.26777246049
41395.518664619056
39126.134143931435
39297.97265088833
39114.488866474836
39776.54499549437
39125.01723293858
39463.54288427662
39169.61139283559
39232.79478330612
38613.49398786991
38911.3486129292
39421.41639585387
39437.42433702346
40510.392169246246
39549.5450601961
40417.34753157468
39206.797570920164
38702.23290343121
38999.591986673644
39412.405522384026
38705.3290548434
39023.71059773661
39030.83778390622
38943.62143273907
38985.77565937052
38948.78581592142
41620.39903973164
39089.97581301296
39170.12041360328
39090.0986956978
38884.63597089631
39211.95591965905
39419.46455339974
41944.39404047868
41882.79123249169
41923.127226632176
41931.91730255317
38872.25406518556
39034.05816980092
38782.15895030666
39082.04313366633
39054.25917504182
39086.58984149766
38727.324674640346
42028.93071954275
38969.92884436474
39253.218143060796
38912.17212869477
39088.54940497617
38916.074674701274
39012.4596377051
40694.71327979214
41764.92442388139
38970.96439139472
38736.60723602647
40508.24115641788
39579.414741332
38985.91436458272
41624.969742985966
38959.73658114193
39012.72528369409
40120.72283249894
41888.8640286165
39440.03331196791
39099.91392964021
38899.10602703244
38973.05515708047
41597.18860476042
38977.463104774055
39307.78794136718
39190.304187562426
40957.75705723808
39296.30600512103
39326.22887106691
39261.40195784042
39256.46106610221
38714.25204810189
39030.26749680267
38644.650397989775
39818.7981173368
41653.36862635995
41721.12975067721
41895.60613370944
39171.26423646568
39120.12320635388
39445.77875654456
41723.31430713083
38974.897906782215
39242.50369820452
41933.89993864418
38551.77126887789
38988.53903394191
39367.42551406109
38581.766516225245
39328.76667402985
40158.052135883074
39516.83377381065
42155.63771467983
40154.927144705885
39607.81501975518
39694.561031760866
39217.4203916215
39585.07253420642
41513.05902381172
40112.112365947694
39820.81089447324
39043.80570019321
39301.50364170907
41131.04713444693
38725.666607782456
39084.43302300751
41517.53846695771
39141.68784015642
39082.48211449469
39999.39809288498
38763.15843560176
41400.12403169036
41320.16084851592
39086.38249516567
38899.02055027362
39067.26943513995
39005.36038938374
39485.23494654155
41183.117748341385
39627.28699476568
40934.56925529111
39108.186154588395
40902.158994821795
38877.82941809327
38626.40296723443
38986.1762357651
39491.48569373368
40312.15164264338
38901.657970632725
39201.62308842541
39245.0116053998
38717.6085840677
38861.316546052425
38741.24808125635
40594.504696298514
40401.41274904613
39241.73531217824
40130.510676775426
39331.68962640075
38889.61068109362
39325.69612230892
41723.91141946555
38884.52809538425
39121.39662311746
39969.856251847654
39440.32110012788
39151.18677741051
39492.39737786701
39073.63841902122
38719.6246892438
38915.62628411868
38665.60723578984
38833.096966599194
39057.22255258016
39087.60660027712
39255.729861191205
39016.765571626645
39053.99714967107
39274.85624943843
38812.48062699571
39634.758178702636
41686.149870461464
38842.84708495532
42079.03915837763
39353.69160647565
40633.036090119705
39246.5863490029
38690.35500354841
38978.38874525571
38983.297043198516
39527.1963232068
39119.079162949354
39012.45676635874
39290.54097706766
39239.65757830746
39575.859219992744
38696.132692166524
39068.218644510125
39275.931419640496
38954.70973283393
39055.81136829852
38775.69630554643
39288.0503013391
38892.53638527534
39127.61144064055
40731.2403781002
38688.110986489344
39011.895284838014
38923.48501258825
41763.609720189095
39658.37905420524
41502.8891468318
39249.07510534414
39007.22984870498
38803.958322917475
38872.586067210585
39090.40605040462
39075.40840571835
41965.40172335953
38872.66714427254
39188.76728220866
40176.81048154387
39534.93411751926
39021.134435635104
40599.56344178748
39560.81482266393
38920.90934092865
42004.48057100842
39035.680259083485
38580.67379763305
39448.241781952056
38928.722620962035
38974.44877854869
38855.95579874527
40703.554430728196
38811.58310653231
39428.739851869585
39573.67900628684
38953.340277882446
39374.14718289746
38753.60743371348
38760.28572437713
39208.53095048582
39144.05855420951
39603.47642735741
39026.6075962196
38901.398444782164
41581.97728401904
39029.278561959436
39325.4834978617
39157.31949191024
39460.10253960768
40117.25392688966
39317.368441939194
38990.993021544506
39166.50120341664
38937.989673148215
39198.13698255778
41364.38220748479
38866.98240311218
39050.87604088536
39014.49728880128
39187.63606919659
40282.90187330765
39117.65061690189
39251.442803485596
38986.145789778966
39323.9832545364
39027.25776103086
39151.8856321606
39400.525814437606
38941.641706297305
39907.004802870724
39309.72770092804
39327.445256656756
38997.36261544418
38989.65115349755
41868.88345650905
42267.6327877566
39253.04321931485
39163.780542745
41838.7701922603
39490.87495720041
38896.00780747116
38917.43267306457
39311.090314765825
39316.879818179834
40455.163766428035
38988.219676733825
39270.938638025844
38864.99185360298
39433.1886931647
38988.10460792248
39305.651349038366
40664.39001288176
39504.73893060089
39230.071043160024
39067.010142422274
40911.03705287414
39326.06964547724
39218.70156294304
38926.55767218622
39073.41029937842
39146.843392880604
39437.71752805192
39372.53529609823
42069.474908547934
39071.25751880451
39185.042784061334
39603.98639377182
38987.69850574713
39083.40609432446
38886.29884288603
39475.78622073695
39080.99748249397
41559.558957398905
39010.044853632666
39685.5023986189
38982.86832483365
38782.87147196724
41820.832623411465
39117.62206765164
39352.61117316714
39130.62194173574
39186.42718602573
39098.70552842619
38573.97679127486
39373.919210081425
38843.70798336712
39363.4825649818
39104.27195721527
39025.13171023347
39005.5460184095
39215.398578040506
39047.37949271764
41048.39164586496
39188.238506581
39235.61676083565
39417.65709761896
39208.10763370343
39667.93648993671
42123.85807160389
38838.1199572004
38930.10304586097
39226.76776211583
39325.58613076101
39277.09197208421
39018.77961336332
38780.811195088
40502.053169579136
39113.200050569976
40200.041718955224
39015.54720172911
38980.30516214572
42219.73920126696
39359.367606086504
39524.57592565158
39042.39810253005
39092.20490040183
39085.89465822059
39000.21774729205
38864.590044436714
41840.83241267277
38623.52806375998
38957.66775321799
41963.10275696971
41040.77464071749
41013.626268912056
38817.580630767836
39858.33369215519
39205.82421962269
39125.12269224073
39664.96230024178
39462.37170854281
39120.61539323421
39167.735458394534
40154.75596858548
39287.03558980023
39132.45033225964
39040.42472946878
39334.00762825398
38975.20039031955
39579.03672114388
39166.1585911921
39164.050113860445
38985.2313195481
38698.912556818934
39201.15699921882
41759.18345421475
38912.840594854
39476.75181584444
39081.18001059788
38964.37840608383
41575.11244392627
39517.63374557359
39737.690441589766
39283.38350778216
39338.3866141403
40416.67955305785
39480.20411384473
38959.92075166444
38729.300425581474
40614.89259896645
39523.03516447364
39725.46929504081
38703.153701070434
38890.452811760435
39339.04343739651
39139.56253699223
39158.97654457971
38746.84990717914
38851.81912721952
42033.114805765275
38561.55241998053
38827.24913242873
42098.96916011555
39035.905417055714
41556.92943622537
42111.47627140454
38821.03892886745
40287.667742100966
38965.95997526555
38878.729117852825
39224.0927003576
39382.546463278806
39206.851112687866
38884.42470893738
39134.869754198924
38941.81444994262
39705.53768244688
39177.93402645695
39039.147035688315
38992.917604137576
39200.08526853808
39223.9754912772
39067.775545218334
38948.22578718635
38893.04099658202
39231.31363052796
39254.84854517585
39033.60186581805
39090.48997843203
41068.91505639877
39172.782184025455
39014.37553690609
39314.06666416842
42244.39916664476
39644.33765370581
38892.356860237036
38688.11580387313
38797.89885003932
38831.01913773132
39435.31327442369
40049.14618189406
39360.76890553494
39019.83422609765
38808.819261034914
39993.22887303287
39662.46921883959
39087.27601365093
39268.689762539456
38605.647438727705
39250.09560572057
38722.75921297124
39153.1250995693
39350.31472064333
38981.2598584543
40950.033307541555
39186.84010408827
38902.25532551783
39029.203994619376
38852.43991193112
38861.07048615243
39005.60264855328
38908.01903515231
38627.0420109339
41598.030394789865
38903.38717891474
38899.916163746595
39164.66073041385
39025.934105242086
38855.44444554342
38746.44286670971
39651.342576855364
39331.37211397943
38956.23457937875
38908.656193789946
39085.00510023257
39177.432454019785
40400.39171176062
41211.582943378955
39353.639938999266
41860.538423486774
42193.74964790568
38529.60997100927
39811.023250004
39140.739820893556
39453.33054293232
38755.081386922924
39082.32468758905
38768.01857842375
39605.28041613625
39178.381246362515
39808.938036686865
40772.93625739935
38929.695912491545
39106.53879577371
38863.6215280043
39244.96130134444
39079.66373392589
39140.49900635542
38902.13006096769
40871.01430636217
39061.210221834335
38798.926918492994
39128.37003633315
39174.41490770947
41276.52135421793
40546.683922132295
39853.86073287422
38949.970998267876
40207.45624538994
39066.13110539823
39574.972220835676
39212.04877106127
38758.265941145495
39807.53934494188
39276.65565965189
40490.39891651837
40621.72891153934
39276.71436313485
38703.270885428115
39134.75515146034
39182.7507790998
39473.456743607465
39133.81322381825
39289.41255683811
39185.9824887679
39249.408788029294
40164.18080862853
39563.74330955568
39047.27109389745
39034.404969525654
39120.75760141281
42078.60241475141
38903.03903401324
38660.92886199589
38910.59927877832
39037.27930650331
40927.20640885799
39348.18620839571
39875.67532717517
39301.65678904707
39333.54126462073
39283.22214569708
41101.35497960574
38801.98331210257
39050.238629059764
39143.48639679218
39125.2803430254
39293.981887971386
39413.52298518681
38970.054167252216
39117.75445440526
38957.83469715784
38865.76475674109
39088.324363495754
40521.099702358166
38903.59989029497
39340.011930508175
40129.433336995055
39043.932528897225
39122.43465796262
39486.89019999193
39358.104796116415
39210.83432408551
39087.562681239026
40236.432275788335
39094.06212271745
39132.293175890714
39148.38847525315
41564.00843252858
39134.75768689756
39050.24797348297
42051.54729091178
39959.74613680499
39370.44128281787
39354.533700828266
39458.46782997849
41691.68944277298
38999.80007691384
39127.414742401925
39126.17121954159
39182.53702517895
39007.97102893745
41230.04018604244
39085.424762496135
38974.96286345432
39106.54192401867
39120.421851879575
39091.59287443619
39046.11512801063
41958.20126771785
39296.56968443659
38785.42245910221
39059.58193518131
39048.87443705692
38982.45949161737
39409.491481440404
38992.13271001608
39065.45216133576
39675.88768236106
39063.46070598487
40618.07696139743
39328.17524803821
39179.60149741735
38694.40403228225
39475.710385049686
39209.057066983994
39077.62181340941
39387.15550875072
39108.9572567017
39100.88163788216
38940.421070390024
39052.47906976635
40661.79489643446
38941.20885504138
40930.27656636558
41724.69100047642
38852.795425409335
39139.88717401423
39043.99235090245
38743.42124909759
38833.154228134474
39309.369152597545
39494.88779199558
38801.48420242305
38914.24799682337
41071.80357563044
38949.61888455655
39239.55029817144
39329.908265867234
39214.21166799214
39039.471668288876
38882.97200428759
39214.120290836676
39194.466236933746
41045.407165346674
38850.7095896604
40658.639835569134
39067.73216888281
38823.71604368087
38863.03092033156
38783.25882452683
38958.82210595408
42320.828578839006
40956.672477502114
39380.31459506215
38824.86732267955
40869.3289014108
39339.6817728025
38830.924361298596
39208.99430414214
38832.440534582696
38825.33856192492
39184.66936350605
39270.396788899045
41389.99714788353
38867.59967112321
39010.34601197743
39045.708181762355
39215.08907316781
38865.33564175921
39382.51186325039
39394.13456643625
39751.27381737604
38614.44761032951
40694.866193186055
39157.766247212996
42029.27263564457
39581.10716233918
39052.299056978496
39271.758849293175
39302.258586781514
40512.40959869131
38914.640697529554
39157.64770449134
38872.23604146343
41057.20970547948
39273.59597031522
39700.58288713946
38897.85915827895
41989.95885797745
39657.012458669175
39597.81092293585
38852.874272147565
39156.02732627954
39452.197934359385
39088.732057294284
40838.079667889775
39053.70879742696
38769.280034174655
39033.2942617853
38873.3761179039
39559.48866710496
39142.76729435832
39124.47525981581
39438.43731295057
39167.164755489546
39196.177124195245
39037.35901572242
41798.426279963984
39000.98064142051
41575.55644806922
39280.259212765675
39002.54317129618
39216.17341708619
39045.02068764585
39211.19690628363
39146.36103119092
39169.66977390192
39408.19245158553
38999.71502846849
39181.946192871445
42044.18575016969
39291.25349593096
38803.84112610569
38947.04666045324
39319.134966971054
38892.57598577704
39019.94862069844
40207.46370605855
39085.92798317764
39209.64128706145
38859.30325532848
39234.33408069914
39046.14802632236
39369.06203814087
38846.64115869465
38787.70233947848
39089.149557821795
39243.86648160233
40150.17887773011
41269.04515279801
42275.432179074196
41838.00389543565
39052.24481753186
38904.46747262274
39413.920404149234
41028.29840982338
39519.92522283575
38808.72435706692
39542.144237027955
38879.34803719169
39276.31721548189
40177.30534091907
38926.198152855366
38821.421107604605
39079.30081267138
39033.62406303234
42391.260666127215
38987.209946010415
39296.90310430619
39009.55471724357
38776.52554134502
39133.25386471511
39280.94968006911
38886.03703620999
39109.56184309014
39926.10070443207
39185.752340021514
39210.61740759862
42149.757758493746
40272.99257471064
38920.15959368122
41808.0995291215
39536.85886797213
39117.3223771384
41497.209085368486
40010.35431026381
38917.89103437311
39317.820730859465
39483.348610626395
39452.12364658542
40453.29479110784
39070.25621929661
39115.26357036297
41444.893516256256
38949.59620345273
39550.6284114501
38991.119721423325
39365.75610503745
39042.3775354448
41389.9361773016
38520.8129593029
38918.795505356895
39473.639726740425
39349.59812820906
39368.50943545914
39754.314064958984
39127.54875222292
39193.252887899915
40346.918690335624
41864.99629414671
39356.71280964319
39512.39332979765
41936.62616999327
38640.844108315454
41200.311652223245
41180.01341937429
38863.99488504602
38907.0558236008
41845.135369943666
39112.00347214413
39430.500456611066
38737.532166827776
42111.19761315051
39157.20634226316
39281.66347137279
39653.71278889243
38898.69735886797
38896.82512011131
38865.720008244556
40623.330072082616
39016.81175126919
38958.720714325296
38834.033139032166
39305.08702885379
39104.1022559925
39349.472013620216
39057.57426205676
39187.18640867212
40420.62249638151
39220.39005151916
38797.769689620975
39087.68928821995
39355.79733253957
38816.9289457963
38823.597615433646
39417.58262940687
38589.28224133435
39076.06628986456
40256.72627294092
39145.887942372574
38700.14803957648
41124.118357028325
41011.88058892408
39047.958797459796
39073.63295232805
38957.52894005355
39077.38873294593
40992.553892419215
38987.5959155116
39177.02150997455
38966.4560739069
39124.38602384407
39073.996824001726
39096.02516840097
39170.65454058603
39076.24308326411
39475.55292108592
39116.27543713978
40614.391835347466
38795.88056054102
40074.95640703544
38934.87102313501
38845.16490906669
39227.367422731215
39237.27197527121
38898.121663855745
38891.03880438468
39008.36183204183
40355.58868186758
39513.882770071126
39206.740203375484
41476.05878271756
38914.4714183173
42304.859970429185
39259.86278828945
39363.58694136462
39282.90078872752
42029.894529381185
39145.25854926809
38871.449766287486
39454.25989222478
39236.70951710838
38693.81528321422
40670.314519602
40716.229682831254
39247.25325279263
40329.40326996199
41714.05946797988
41494.581514961006
41794.079674369765
40359.739521309435
41004.581998506364
39158.87276257085
38641.68186437125
38625.007519127044
39182.626817399265
38905.59722391967
39034.2139098075
39364.42141182202
39108.425684065354
38932.85485531041
39095.070163868106
39272.84226263749
41378.454472129786
41755.090163773755
38741.03069928995
39288.61858513599
39133.42970444817
39184.293868934474
39222.814471401165
39112.80076420884
39116.441933770824
39091.828413063966
41236.01996217423
average revenue:39534.58145495906
possibility:0.153