38909.56603527125
40556.359877332055
39079.05887118869
41966.46676650514
39544.675938373366
38749.4676269996
38711.22743906403
39269.73986381859
39170.85604875614
39663.14750604157
39704.35155956326
39293.21815541153
39418.31939745124
42207.17628749288
38726.069081723836
40876.276046882085
38931.037591457585
38985.2346253133
40757.92804181878
38885.23041163561
39474.617988881946
39584.47383899686
38892.91342011096
39429.89505361114
38997.75058854882
38994.28266598754
38988.08319718626
39186.67079461178
38933.305402407044
41256.11479044691
40333.384233338045
39073.569805629224
39069.39477656873
38844.821040552204
38891.05132062098
39993.08493235855
39485.13368854633
41883.73044562294
39171.97443090487
39020.25174901906
39003.03345961057
39148.667043961286
38757.635667377996
39154.0039252545
40721.45680300515
41758.626659677364
39041.62922004168
39278.057132639806
39233.18889973019
39373.24741429055
39699.44611339212
39170.14121137989
38936.217867462125
40331.5264400812
38913.38936902897
39098.086071633574
38991.07641998417
38879.003150312325
41315.64292322437
39204.67046647535
41913.80406002083
39228.58073230795
39257.84807313136
39108.476855564426
39535.206484719885
39316.36944924702
38788.25240113066
38878.687593193135
39167.29595572687
39088.668544413
39088.69200067061
39536.679418826345
40732.104587826565
38782.384355045666
39190.715946415585
39082.584627130644
38931.78098321341
39097.31750109655
40614.31138256828
39034.30813225937
39537.04959219526
39201.39475840667
38925.50498001948
39039.86820643214
38821.158757790945
38502.731518375185
38906.95975352701
41585.26722902969
38819.64558102045
39698.85574105387
39028.120272220294
38899.70030568735
38909.97633130792
39022.27850925893
38902.39869779928
38998.96205599087
38987.782405628044
38923.970633202385
39698.7318124085
41880.54689217093
40319.596779177584
39002.446395661136
39068.26042600429
39052.95200345474
38896.20947295628
39247.58479644186
39049.5095045307
38641.16097216953
38991.43405265026
39131.64520086343
39973.19030386373
39056.3948784004
38728.41396091987
41536.4964890178
39225.51700673017
38796.31360373726
39622.429812994225
39463.86755710274
39177.28516744713
38763.31990864694
39657.24690646782
39138.391023111544
39038.597852808845
39519.5328407726
41648.680678663884
39103.43807016417
38649.81481139999
39120.83479869704
39187.69552152528
39116.910286041726
39103.78084268695
39337.00274237342
38998.713556183946
39252.73818744466
39711.92856523392
39305.48992788512
38991.94977718675
38945.11948193757
41593.31716329207
41338.5143419543
38885.24093528572
41702.430897432205
38806.851004056465
42271.8598957552
38924.102110790256
38796.656471146365
39140.05991448536
38845.41811579466
39368.161613722354
40500.374127429626
38890.17732731629
39750.425095587016
42174.41390727395
39253.61624592303
38976.57870487938
39355.235159410295
39111.206180127505
38964.98530405771
38576.2438712764
39571.72502264916
39082.01533637877
39091.36412695104
38877.71896433026
39504.63313333914
39260.27480442944
39561.17527826532
39365.427781551276
39303.39996896691
39454.10466935112
39103.41286286237
39008.29347242715
38992.97349383981
38947.12308253181
39241.831810547956
39317.89418127254
38806.84824662544
40334.60068520342
39322.90033064933
38718.88662750993
41674.57956644858
38973.072468934544
38640.931336712776
39194.016686562296
39359.706393780405
38983.371800775705
39205.73886303736
39783.251533353556
39199.15928650318
39338.202220443534
39830.26394409986
39373.42225556688
40843.38448898229
39338.8837789083
40132.03935594301
39498.30095327238
39479.12329913422
39553.26571412996
39175.12299240648
39032.19985266072
38889.46005049239
41029.560243256616
39376.87390753567
39208.67183484133
38740.89392225294
39278.619522015935
40760.193471993276
41126.620666091716
41521.259707651385
38979.636984846795
38933.11832509306
40357.369651836925
39065.70845190365
39230.61822654493
40833.93219985113
41039.11670579107
39328.26383784786
38826.807211621155
38931.99051259562
39324.4542815923
38888.40382319696
39727.58145741764
39069.85134748386
39455.945008642135
39089.136454170795
41160.47140508735
39107.15911424364
39631.776507742376
41126.104340352744
41027.01282999185
39355.35783950017
38849.282198009736
38836.928926338354
38522.05351449909
39647.193595857214
38986.29296400439
38899.47880284566
38647.629114238836
38748.50438701435
39200.253039773204
38967.26776708613
39057.634128645965
39074.186108959824
39376.85124617385
39627.04576658592
39521.29322790165
39212.09293851423
40897.008901287176
39060.18952994773
41672.22396728525
41171.77354269504
38979.702527211586
39149.23022481261
39201.01829339023
39186.25428609374
39965.61136035793
41309.86986094324
38836.46183100402
39001.170038035496
41919.486568750275
39161.98739311354
39053.29783158949
39306.30190323071
38879.569247111576
38935.818261854496
39251.0791825807
39278.52382932261
41282.32422040786
39119.03363741961
38815.966177550494
39050.78402439844
38876.9036112252
38870.23532647636
39018.54538441706
39072.34224847147
38657.62234324186
39145.54095061978
39290.940428667906
39675.74639660124
40124.76339256878
39809.28371736176
38763.288283232876
38988.36697955544
38689.712000166735
40687.15021866741
40498.47139703452
38645.10949613744
41147.0868854513
39482.34181684206
39347.71828362297
39177.800349152014
39594.61229245947
39681.237159964905
40504.464213251056
40489.89759908024
39304.14629814127
38792.05481025718
38727.18583752815
38739.030113281304
39269.58826675383
39141.25365489238
39152.003679523936
38911.50671974185
39036.402389201576
38791.214305335954
40405.12006274465
42174.356596240636
39012.81936020262
42098.45696271421
38782.5691540868
39335.7188230297
40025.94089367805
38991.97661240552
39091.88770122431
40097.26285627871
39073.67875918883
38857.386164004354
40644.98527345362
38865.06343423681
41547.4108773871
39822.18870541383
39433.49718360548
38922.61892078408
39438.80787370862
39142.32732436436
40705.26035622181
38922.982411968194
39142.3525114671
42265.6209624112
39874.21238331067
41610.744568944385
38889.147613520225
39174.619923185695
38899.14127111652
38837.77215083419
40566.13019655718
42177.39632493934
39121.60155918623
38932.29823089281
38866.252856612155
38844.801662701466
39094.54638709204
39281.35755573466
38892.09225431353
39651.061508214705
39146.048814794456
42196.90378093369
38959.346163138274
40695.689539708044
38855.68806579598
39072.57685103235
39298.90481004343
39066.76641309815
42113.805276068895
38975.1237279897
40333.158340277885
39090.240486425544
39385.707796506875
38978.22489749618
40509.215239934834
40734.52292521045
40003.05446808902
38893.273997911674
39160.25403385488
39328.96658352903
39181.78188880575
38940.042939577164
39072.73357325086
38984.63208149448
39394.45920617256
38854.00036352435
39261.68371929908
39055.707634951155
38660.02919553346
40259.75058897074
41866.02052696182
40876.563526325095
39435.612118188954
42039.02842906006
40679.71961109892
39413.90806408671
39113.67562117638
38892.314266862675
39038.635040050074
40826.7221526247
39148.3428234856
40225.356574519814
39057.86610237558
38986.7275773617
39298.627608122784
39251.32198769299
39071.46041989647
39247.98582035115
39012.351694048266
39084.56312792172
39050.04391018589
39117.836678608815
39263.91073878513
39108.34367981845
38670.869098695024
39325.575569654844
39507.334554895315
39171.56914938659
41044.93324964061
38944.71754626165
42086.61838247855
41834.69932494844
41265.01190240698
39265.75798494406
38744.73925648621
41343.12613185876
39030.269160828364
39225.08861614756
40634.65211328123
38691.683037291594
39274.78952694764
39243.74877482303
39234.056353668646
39952.1355452049
40426.50893813345
39209.679681788504
38948.925719469175
41897.20673920965
38938.1991001104
39032.17147115801
40680.51767435354
39146.227608651505
39455.52629508899
39258.220654480014
39631.69807322365
38878.170640493205
39365.446907421436
39127.8377942057
39314.23022512376
38523.74786927212
40168.70590572872
39093.10773456242
38837.77261381421
39205.91055580696
39153.81241169395
39256.036181076335
39139.88412897782
38817.9023835016
38810.70218850139
40258.18522556946
38967.72479052456
38596.89177431187
38915.41182853276
39094.87229058329
39221.893459024344
39103.53042526328
39029.24789642907
39418.95958716271
38687.881939307095
41726.499540849356
39039.64077092718
41222.58441945432
38963.603089055236
38782.066818267514
42050.89736476229
41087.1386258227
38982.730368462
39266.50080891077
39585.75224882065
41617.53932626619
39596.31605707911
38974.13089179209
39189.48637005344
39038.72453764324
39019.9464805271
40302.67987565082
39089.30393564314
38877.23679970092
39470.00178963884
38823.11937974903
38932.19150635363
38994.54179835555
39022.64565075097
38759.915117256365
39663.8234749946
38800.36778111196
38936.91788876009
38975.466300757376
39078.65006453305
39071.85558416337
39412.51676748872
39662.13278307988
39090.40148910158
39284.5838333608
39096.08213302405
40944.32814474303
39936.917318470994
38776.13831683127
39936.46735251263
39243.215450607095
38860.454631328736
39009.74526585742
39293.147427775606
38960.127697845244
40985.78160894356
39180.96528289021
39293.213112343066
42150.821298146424
38769.45638938679
39258.03448954101
39223.42580086176
38970.28385775193
39217.18032696619
39075.84023504109
39154.2184449684
39258.18636543644
39093.096760219494
40607.844676376095
39237.37819414392
40578.1499568558
39381.6677444247
39458.512966407274
39226.17494868867
38856.951737248586
41986.06216586625
38896.00906727128
39090.69347336866
40703.39103271064
39051.1709418469
41059.974612412756
39271.524970179555
38635.893393422186
39041.36119522305
39205.36943317145
38883.04638609154
39336.150782748926
39174.42794470238
39499.73740934321
41696.03706704058
39167.66353261855
38970.848588257715
39046.99026327849
39311.03614440892
39736.15864298444
40613.04069839982
40726.15544565088
38890.84815023702
39098.49763257983
39653.591993588394
39130.927541463505
38998.062468993216
39225.1676894865
39135.45276478862
38664.387434242235
39134.698356128014
39070.69395964736
38798.90274270945
38647.2451302838
38958.235143355705
41828.35914236132
38774.24674348156
41751.746207003984
38791.8406295086
39101.28906644518
41164.05295763818
41250.5807835517
38659.45667189458
39239.447879511754
39558.041393139
39408.16877582003
38858.845439849385
39760.600867848036
38957.028192919905
39397.952127795965
39028.824815459026
39205.099485640916
39389.18538320765
39067.162495929246
39117.7419722196
38846.220399137186
39889.15099704498
38865.557823700634
39222.7196546768
38943.25261086427
39108.124700504144
40173.2419265795
39315.04870041385
39004.70706539639
39625.58319683875
38919.05556777005
38784.5161878968
38932.72220305722
41051.700846394095
38924.90730211256
40373.83594599208
38851.10102800938
39674.961292580105
38916.150734085895
38815.81013888878
39391.98957937248
41330.245888019854
39374.31283288531
38826.099995948774
39285.168268126385
40890.18987369612
38975.87892591601
41457.21660979342
39196.111401511786
38835.60260342937
39171.707588353005
38747.188655023165
38893.25280413861
39324.87424480428
38765.274009316134
39011.40309272016
38939.827537802645
39482.52445944524
39278.3341444578
39389.202767149836
39391.004840846246
39208.03694105522
39012.4501693667
38928.84732050584
39125.86042446481
38628.374132646786
39537.57966657542
38819.7132515617
39342.01680374196
39162.54605500789
38929.950175909704
38898.65236987205
39014.80482879722
38829.33496484984
39131.772963610114
39084.0041921979
38839.81232869698
39145.248861998785
40969.234028806575
41722.12522933511
39018.05320365504
39116.867948751016
39619.95651575971
39011.99050018676
38918.835217287524
41420.202829232774
39139.78446943666
39342.9037665202
38891.49810769056
39456.687615160175
39243.650904401715
41589.07522601948
39363.74290236592
38987.853599786955
39528.442916544496
40152.390848373034
39819.82615994315
42044.8097906217
38764.90929077419
39173.737855323096
39092.90827110671
40458.74708461099
39673.07886835395
41321.59637073879
40042.97682822484
39715.280549217845
40686.33756960259
39246.04024281051
39430.3254219865
39905.59089328051
39002.45796426082
38963.235442212244
39099.559665886474
39272.70910223092
39088.77829564462
38870.297767184216
39338.19202312604
39006.32632297383
38868.232670705554
39346.700167518575
39376.26096421838
39402.21023417908
38860.277111579366
40449.37216010201
38998.216836854896
40875.879694498886
40041.6201782079
38977.95642621359
40726.17092920567
41296.66023678012
39034.93825883229
39045.88921209507
39341.91295844546
38817.87362139518
40733.368907336764
39264.881343095876
39119.37300869559
38807.143222133025
42136.431907303086
39147.76578661844
39434.91439027082
38898.23124416222
39338.99217724389
39561.86055303302
39335.97589510909
39334.839081382335
39056.45021595973
39416.7025233004
39178.835021244166
38949.292907111805
39128.369958494106
39000.135043456634
39132.93325667874
38800.93383678096
39535.26716964474
40079.64776027918
38576.88906518864
38833.49425496675
40140.79874072799
41396.12687182385
39137.50374807767
38767.69593982801
39262.00395375481
39311.20834077358
39129.88874392202
39312.95481454666
38889.55590014977
38732.087058006735
38955.296771047906
42093.8179580221
40121.95497210986
39115.78005348201
39697.97477506892
39113.996341318
39170.67361260681
41634.81690354401
38818.487879258835
39074.99221235492
39279.61059486039
39144.32066932638
39105.21345290939
39108.00903665509
42192.37597697049
40021.73433900712
40205.57905334817
40150.89855676225
40633.969665366276
40643.68592796795
39022.574525543365
39060.41375509854
38915.17668498798
39299.263070997695
42002.467107119635
39065.26278515193
39011.96319193121
39736.65923888717
39330.67023237285
38936.49059211763
38859.98330897408
39081.80416559204
39044.382957515234
39166.49614352891
39751.21534436607
38714.652661931075
38862.0230671672
39329.20574872402
39050.67666683968
38979.16441740265
39296.879865957206
41618.87389576145
39152.93550466677
39200.75215659218
39282.43217269323
38832.77931636257
38736.03065181568
39322.042036698476
38912.58340900136
39618.919147113775
39427.6845180305
39146.400179000266
39857.587409304804
38743.34415707721
39578.008818356255
38926.26510751767
38671.644067088266
40334.6783656071
39020.10317129304
38762.76059043723
39276.831451369915
39025.79339162581
39245.955628680946
38771.87637923027
39011.412706939045
39286.92831128838
39522.589550913675
39093.67865264943
38761.733675761425
39155.464567976596
39701.28003969418
39544.124109026736
38784.2477012468
38794.950542133396
39041.19563577975
40980.701713216535
39083.44349153062
38978.25684882049
39010.28814375195
38567.83717951154
38973.194806958556
40992.702308601714
38949.64660488554
40168.58009664926
39410.245083792914
39900.24132142117
38898.25489057656
39079.766972357414
39296.214354359625
38912.90690000433
38887.43747579284
38767.74236185807
39273.46901689404
38755.03499102498
39059.060393805674
38569.28418009049
39209.90498931932
39105.97572100689
38964.19983828545
39504.167340033244
39361.89471826326
39064.910198757025
39961.043383444296
38890.15791007019
42162.04914805728
40364.394302079156
38773.78832507499
38799.26001249023
39046.52357225837
38988.76406212236
39166.34944036486
41178.901293171075
38976.33324498146
38797.31522448379
39785.612608478725
40820.404168464585
39061.95625928736
39277.91491127156
39327.03125075992
39036.23166298259
39077.545703578915
39549.95438358077
38732.43346413375
39051.5340669087
39186.7503052617
39224.008690603965
38792.07093980255
38854.352574906734
39243.9124602439
41645.43856223878
40769.90761003864
38856.6371235395
38667.64852618087
39362.11860293768
38836.151834428885
39357.540131772395
39451.60560261868
39453.19862052247
39105.730457202764
42089.790145598934
39529.111948740894
40049.777424856875
38992.90288396361
38880.92948883568
39056.685481216
39393.86275648939
38734.90164104172
38613.170998554466
38802.08645675639
39056.2422479884
38838.27080304644
39035.59304268205
40399.95276740552
39674.45377345936
39040.44987995414
39158.08214984197
39241.65706637535
42014.78432214058
38585.769902836735
39727.03218271224
40690.67463192845
39998.89326904091
38837.150604303686
39219.78448640121
40098.289956369634
39103.53386076036
38784.35589423086
41659.7645464608
39390.67625122761
39425.83981194416
38943.40722072532
39158.23625362682
38700.393170394
39170.72222506163
38648.942837083785
39315.85161063567
38689.71676098993
39316.603099798296
41777.47891723304
38745.7895377056
38954.94287718318
39179.33445143226
39250.55167273446
38833.14415361711
41257.534015895086
39310.26123089346
39279.17328775811
38857.00319627498
41003.38281813572
38964.17186811081
41997.33806190081
41434.2059972482
39151.35538648947
41489.908610152466
41264.509200520326
41199.83428466372
39109.39379671048
38922.392205843644
39582.70457864972
39084.96632997402
38972.87507411094
39175.51301121505
38774.54995589052
38613.37727030887
38853.52688166405
38482.52863120275
39144.35205907513
40505.21485074261
38994.59104675302
38983.35110049703
38934.82148899989
38793.625772495965
40587.62469179243
39988.3888273022
39141.71801999079
39581.547383735604
39046.53097235544
38865.44629951332
38763.361029689004
39818.946710711476
38900.34694063281
39028.07397400607
41646.38152303619
38776.73804653175
39064.99972728697
39079.746883063664
39017.94142568376
39001.60449207845
38785.73307450377
39553.72445584304
39076.99588978262
39299.52993619056
39309.6621609173
38861.3021762922
39218.18647321101
38954.981838207765
41569.06482480643
42111.13254220798
38981.802243855476
41373.27568031521
39131.28889166038
38639.49517022919
41415.162111657046
40387.03656296676
39244.94779220069
41566.27133380774
38685.54491834682
38751.49581304257
39011.84144224765
39473.28717126128
40285.66780826145
38709.22459924062
39703.07116209924
38909.6867578813
40509.504301837405
39249.36730658556
38939.04071174335
39808.81260733598
41990.16573891027
39368.851862206306
42160.761904580184
40632.41615558202
39146.27869104855
39014.109384637726
38905.52490471684
39335.62941741171
38951.374391090576
39039.091060665705
40801.556962003524
39982.17798920357
41343.56760697788
38838.199225294185
38869.1773085969
38831.94459610539
39250.08309989724
39308.910094408566
38788.23173031825
38954.32529493514
38860.814711622814
average revenue:39490.627643226995
possibility:0.142