39099.006835969834
41033.24624743582
39577.21476150972
39312.91231764266
39234.35060010454
39206.316402308104
39121.1821546176
38951.22277535084
39799.50766697301
38907.61265101983
39180.660101642636
39333.10129438372
39284.845117115714
39162.52509972845
39383.27766211179
42009.12836698944
39055.783496893324
41805.27289004438
38690.93001836617
39576.04199529504
39143.33359061119
39501.91368709034
40831.123790744154
41176.65790163445
39159.63609157164
39217.16742280529
38856.184507924234
39519.67155336036
39076.449964556385
39080.59390339434
39059.080923797774
39143.3866033563
40938.08997490199
39003.60104338781
38996.74864326439
39065.11920813572
38841.77573289459
39412.25762405564
39471.75624594722
39006.50556653834
41583.77860748122
39004.7728975859
41609.86557035668
39126.840517298486
38766.36057075913
39153.58791608719
39430.927302243006
39672.47893915467
39187.65334158389
39242.27955342211
39243.09008180753
38894.739872778344
38754.82610295457
39340.58969327939
39239.5458556604
41814.2580654264
41166.47687012819
39238.49961728775
41329.77316910691
39170.90566961118
39091.51477853405
39114.10958957105
38719.04914383874
39715.3696659422
38897.86537786706
39416.00087373061
38887.76210814038
38635.270750350086
39605.57431229926
40167.71784321837
41408.04568424333
38915.05972139274
39128.527811621025
39720.23089057133
38674.20582767318
41853.76457675963
39055.57171656292
39816.05583427796
39091.04920779691
38799.61874380649
39280.59614338917
39027.44852152997
39126.318849656986
39234.189677671784
38921.42327385451
39093.27853485683
39024.89652159093
38701.95546091816
39202.05134991639
39656.28922044448
39383.81871648506
39377.06070363856
39274.68165110878
38864.827460046115
39199.68988960916
39041.73972730027
41318.45163119128
39217.20873657254
38909.265908955735
39090.12816405142
39472.729697363386
39024.466123554834
39539.49573532036
39028.44796058306
39077.38001456337
39417.02194750495
39021.40908155826
40011.08058717401
39204.75196895878
39931.93330091091
40193.52296942136
41290.90664535218
40042.91524590323
41525.709265604615
38975.241479662465
39037.69061482452
40106.3990718955
39103.2919961049
38932.59218058152
39188.45761846593
39008.15859471562
40872.05534371682
38849.80885615977
39112.61972054488
41633.66665122879
39303.12844472905
39486.06882932448
42028.76339522395
39396.55598448389
39245.90404777836
38850.487472545414
42152.28814740347
39257.8520368774
39169.892313730474
38773.45401230989
39436.44661552534
39151.78571346134
38944.51148767015
39580.788481407806
38987.510059338594
39100.16777125635
39381.19739818172
40717.68997062124
38881.86141334667
38846.802608631944
42267.64053192917
39044.9215841927
38841.08027408865
41597.13391258644
40818.31161450096
39195.162079939655
39467.21352556915
41542.81123868906
39698.994383495316
39127.708317680255
41612.834825860424
38879.051484350995
39059.62424556872
39035.63000480811
40840.71492912969
38809.61957148951
38844.4207198155
38812.39649493337
39218.32120338756
38955.37728128056
39048.31540562324
39230.69304876808
39071.404938208754
40617.41831977195
41963.616062031964
39402.84493340066
41820.74200971039
39202.34561156718
41104.05649759358
39017.12868312069
41512.75635185818
41990.021193427696
39085.998553312886
41093.839712557485
39200.4581241516
39060.13748968174
38847.090463568864
39453.514899848145
39267.971856201024
41062.09494379324
39257.26853668907
39091.748504580675
39137.955971712756
39172.4585592153
40307.07582838084
39163.44993736857
38898.73204195846
41932.50860825767
38951.8028395041
39316.668523622146
39103.97920114433
39398.448230775626
39338.087196581306
40301.39558217011
42157.54893668774
40103.18350351642
38858.22366204306
40929.880919610725
38852.73073185415
39091.32650568605
38927.862618747
41702.64545222649
39054.33068370605
39085.331055274895
39320.47383142403
38911.58553381748
41101.96956710104
39004.191260729785
39334.10152124387
38849.54694616817
41133.66787872147
39046.22990021717
39150.80290417177
38801.48358996776
40682.3911741567
39228.57678172935
39017.06610219526
41841.46490159579
39493.299389758715
38803.841560388755
38765.91679978151
38721.057378173784
39106.58093309559
39015.228877529385
40059.94464357682
38951.05295396657
39256.02962770726
39058.26715697514
38731.014278272094
39023.3111929619
39354.041042728764
39033.18728305448
39112.460786743155
39074.614401837476
38798.31889688677
42013.04314765256
38897.1322889179
38875.200349970044
39124.26144193236
39295.7841691845
38988.1722725131
39367.177232208196
39687.239588992095
38972.36264120286
38832.60938866552
39263.98235924726
39080.597325974035
40425.42155289882
39234.60619044795
39130.4605671977
39331.924937094576
39235.58588344495
39223.345575821855
41908.703043581576
40299.83747924102
39000.86131735212
42145.30491612237
39210.27716975776
39180.05857562619
38721.78450333113
39329.64678070668
39087.38518201469
39073.167307814736
38959.57232696636
38977.475531390985
39136.2407543872
39205.74767507933
40864.12671521368
39090.363782617416
40947.37744398772
38909.62075700116
39086.90275193743
38913.05878236493
40851.58474946407
39694.10644460301
38659.80448273006
39163.84501610828
40041.53634706117
39664.81432806588
41408.754997492506
38665.68639786691
39108.903713702304
38770.96916330698
39682.64196666517
39229.36321975882
39064.12984269785
38861.70775508
39323.67428182842
38734.678464676115
41469.88759006613
39019.96306260916
39235.05109463053
38968.5909733283
41278.6561846404
42112.32075499302
40757.366914940445
41325.4478623113
40460.5035746309
40386.888775073836
39692.98851081889
39525.41637423422
40186.597381562606
39271.12743934473
38930.55669731179
38948.51955606449
39115.26065200196
39250.88466351513
41359.085499111534
39262.75206768432
39177.60539658218
39107.93843519519
39135.64890139004
38892.94157191288
38996.6464050429
39141.94023336414
39330.11111871578
38845.52033537284
39242.92034942506
39185.559254817825
38765.86890882211
39301.831123497825
39045.17782655526
40996.41592867394
39288.96016259051
39310.0176376867
39037.967537031655
39157.37290439649
38964.55901424248
40060.07345228883
41734.17130747401
40590.19439472778
39154.58048404042
38934.32834210994
38919.12156917836
39251.060369802944
39163.28960199458
38950.88659924816
39326.971790643394
39630.92666997472
39884.871768489444
39132.96018992974
41238.28770961131
39527.70699187447
40352.14389943134
38717.96909549351
38835.22917824757
39161.83001564372
39213.53864808103
38755.08750177225
40813.626544162646
39268.85673598851
39081.19994602611
41890.398453664115
39086.22334642752
39262.51920192411
38880.2973136847
39010.106962691905
39321.87890157668
39110.51526876447
41896.43105598326
38869.4427310739
41502.100256508034
42168.414963907206
39532.316477727676
39149.59727922376
38953.80369314246
39051.476301194176
39216.10050442035
39554.8191965112
39954.129752166475
38780.19693530791
39031.94835559609
39053.614784372854
39163.33541785424
39213.589205521595
39400.539206703615
39162.693743681426
40048.01062379055
38931.299917442215
39225.71598170156
39436.300526473686
39805.12206979265
39291.048408928626
39641.269416604555
39088.87983223304
39206.57498392618
39106.1417445942
39068.420684472185
39069.70916241097
39956.85451832496
38576.486602613084
38865.591612010496
39025.591511761646
39196.007409519654
40117.83408362942
38992.434972608404
39148.86714144899
38713.852846831775
39055.10715885706
38974.697430932734
38943.29040192812
39086.86567541387
39272.92217735356
40942.50897905417
38894.43208865813
39330.156609312595
40624.712360336016
39078.678934135576
41457.43678650901
38758.57809844846
39073.802514205614
38766.744593305404
39091.463036569774
39235.72723264699
39479.82632904601
41391.33509313886
39124.33020616861
39483.54041531989
39036.55238513156
38915.78983801366
39283.39174557704
38987.23064021132
38978.21143145622
41807.14482845777
39107.08049247623
40100.84232967458
38937.981720565425
39110.213173009644
41195.60446288741
38924.28661097621
39197.4213090277
39090.735608322735
40093.830917088824
39686.85952789333
38904.93422591138
38764.1355520365
39361.568499674635
39340.399261185405
38914.476902315284
39502.01627359328
39113.47043415245
41261.57818719359
39141.4707958555
39616.959175883916
41719.040254898486
39543.373370497946
41357.81757802588
41863.593108706176
39312.28293057621
39032.8843520988
39053.57331026321
39333.30511832461
39022.311333881815
39296.999122802205
41177.342825259046
39155.34528127343
39269.81070805025
41244.04206933926
39373.16837538149
39438.52778268097
41002.32538490619
41272.080208291234
39488.69994298326
38635.77287993729
38966.62433803754
42221.98692834578
40055.05508234644
41156.163499152004
39192.75339886929
39089.59724844118
38982.69776140419
38649.190844034194
39904.856050263086
38855.65371330827
39025.06776167572
41065.116163526836
42219.37657409633
39286.0420676863
39934.358553801656
38837.25755710075
40630.49722427659
38805.725922661855
38861.471765685135
39133.0696181297
38929.86493919268
39175.048710493946
38964.32287030461
40483.405605167674
38925.84654592673
41090.441141442716
39385.634071064946
39098.82364086619
39670.6757430265
39254.83197996387
39367.212587441536
39379.8783444455
41806.27938748825
40827.98108849906
39221.174320635124
39063.15885451899
38887.46791994721
38852.349729655936
39235.78942890333
39478.67041273404
39096.186585058196
38757.78922248155
38781.00318544103
39007.45882315084
39021.23063611678
39029.63242637806
39611.88355917498
38871.52613864995
39384.90208607361
39782.25499483141
39338.13257041114
41171.042903874666
39116.355091374004
38842.66753219409
39455.442533244
39048.880455034116
39448.96370356694
39678.211396978375
39971.67458800773
39146.7351170806
39044.62754247712
39384.8607404812
39125.228953464255
39242.093723045786
39257.50176488553
39285.42329732111
40378.864031405006
39109.80030079237
38847.225059860604
39578.685689519065
39210.590987201365
38959.60786683038
40107.19840724937
39021.581604285064
39174.598967485486
38679.86062103906
39036.970466358056
39222.11703230587
38933.72344382617
39447.55665995711
38871.74721407801
38873.54934445017
39189.411657644596
39015.24828877568
41358.423539584364
39049.336403126355
40201.0267586123
38861.838251694346
39658.19167295354
42037.170400243696
39879.87480452473
39309.898651668474
39068.74206334506
40359.39611938991
39330.105943720955
39414.191151553125
38950.4829374954
41700.76492203958
38809.429384255985
40885.573686737305
38975.74345204698
39447.5686372274
41028.827991445294
38973.92892557955
39102.31928161246
40489.793655527945
39294.12389058098
39084.82631266916
40997.13706911582
39529.04175242988
38913.49040677438
39061.2411866137
39246.98752727927
38914.791771585034
38744.252251616046
39431.27878288426
38672.00260354627
42137.55305424851
39254.55297475518
42228.567003591525
39958.07150215089
39280.67959642764
39151.90399605939
39049.10809634434
39355.06158499161
40473.685135986576
39072.57403302785
38886.26730067696
39416.79506822153
39308.53941992193
39400.82494284964
38963.549560543004
41759.72697303292
39611.38216715061
41433.23346282111
39018.6236284971
39404.52712521109
38890.6487767609
39556.92189325158
39084.31068110903
39146.93012387027
39014.60781164669
39247.98735228504
38938.71099143283
41781.28998306095
39450.85286163874
39256.166568391345
39520.26370195272
38988.10349254186
38971.94840255565
40608.82001505993
39387.484983357914
39095.594690178186
39433.252560583926
39187.16735870428
39323.350514577935
39151.71602348371
38950.25949301164
38770.84057644247
41762.579933829606
39202.82276353996
39199.717871759785
39057.53375883411
39963.225698321505
39083.399074720604
39174.85240744004
39155.74444077914
41225.165163212114
40559.057720862416
38860.31937084693
41260.9895972238
39059.02976983377
41539.7867878595
39186.8161106103
38575.32886457348
39243.43734133447
41548.73082739685
41239.59009484628
41808.21755726224
39215.512101961314
39080.29307613151
38987.116780381286
39122.82446045958
39060.8734547539
38898.441900066755
39314.831743189025
39431.336668093645
41605.710121938726
39411.401612628084
38905.31334359864
41931.19697952206
39885.72903682983
39083.04370454138
39215.845951480915
38799.95311917393
39367.95643462709
39891.6494781306
38836.83039732966
39077.548625152136
41184.017043920976
39291.04048532762
39248.76447298953
39010.04374666619
39153.90148802159
39318.09068696626
38921.435115735054
38942.52339337538
39282.94670660056
39466.77092174463
39023.07267752985
38894.366985219465
39229.96196826127
38900.596357106115
39004.33240573881
38966.403342180594
40631.39800781577
38782.53384311649
39884.89559455787
38816.97138341652
39083.8836522109
39666.92811115758
39389.95884697979
41109.3828615442
38960.60283214056
38882.8410244926
39166.16940233825
39885.61245730746
38798.635189058354
39004.165931939955
39462.18078482227
39060.21133437213
41669.296625623836
41758.61579911352
39013.53995804936
38923.480240392615
40593.88213117055
39077.16016009377
40682.97266784096
38780.90697339073
39151.22699995711
38995.95794477902
39055.29792136507
38967.9803125841
39262.28908305522
38846.25999206702
38775.23893531809
39278.98746942195
39464.88167178368
41020.23032113279
39061.766645281816
39482.05080230891
41242.34883512736
39010.76806163975
39034.68197645374
39081.695589124996
39173.29361265817
39119.30066650124
39160.350643005986
38984.49414020247
39038.66841618539
38778.1642765448
40069.79934045943
39224.53510884714
38921.10603993815
42234.90510636051
38973.02352420546
41447.79709306952
39041.82386795058
38754.53779255673
39161.15284071173
39191.476826956976
39528.56471281481
42060.15229065647
41782.71165291949
39241.45480296213
40467.77977571958
39266.4700600114
39256.21391907554
39098.26642323243
40615.97815006764
40596.59730495281
39005.55537184833
39200.74931851042
39321.10384071532
38998.95239308554
39410.951561012305
38902.23956933778
38869.59044901256
39074.42939495428
38743.17777003225
39243.158369387995
39121.39664805278
38991.61374212412
39125.68029040554
38921.17406361674
38939.52062545392
39185.94317211457
39302.654004485965
39771.732243481645
39823.35450165761
39626.81227728532
39520.585327484194
42196.59961646424
41326.9591246479
38998.135811950146
41537.50441065502
39093.93765162778
39317.53098506779
38910.309522250944
38984.20208330772
41887.91567811742
39302.18644572113
39285.52228786116
39053.145600522876
39159.84110095975
41619.41071609548
39854.9090543712
40844.234016694354
39271.35131255588
39101.02325308783
40207.93576887647
39176.11835639781
38721.38100581107
39377.76786608509
38974.44896005389
41996.091525394884
39787.41864976569
38799.04879251665
38972.79220741424
41746.52376099626
40862.95208825538
38829.877685931584
39812.38944300795
39141.58228485302
41591.317888474354
40446.70498363306
41402.181308825355
39188.25225183521
39224.06758038886
39042.01911229276
39805.57677118984
39007.73105138613
39349.29540631437
39136.53684360265
38964.843597761595
39203.98685003757
39208.8305559897
38551.248998853254
39206.765019547835
39720.757579203135
38805.82070639619
39227.54188727694
39484.89982582912
40219.71572355848
41438.47290213717
39489.86813972611
39269.661787508856
39069.12052431912
39029.50806793227
39392.24456148219
39372.126179634026
39014.12199498748
39489.00667164816
39352.713295717454
40878.531083533424
38970.24188726365
39074.4571971286
39053.63401840633
39574.55776361331
39274.38529426831
40933.44878330296
39429.58572751944
38911.0746654
38833.84316926952
39282.51661892417
38789.890797862485
38945.35697500554
39178.871919131256
39162.9907437174
39255.49082624173
40922.1412826459
38903.785759175014
38812.27751906368
39025.284907757756
39268.84916176272
40269.94886623235
39179.525147616114
40166.67003820044
39213.19535903672
42046.1229113108
41879.43648448352
39764.24724604553
38850.48363615172
39361.2706854116
38918.70344163223
39067.043515660785
39221.281121293374
39104.03254760792
39133.089401337165
39516.99888213571
39551.03389474404
39227.005182981564
39125.014254349626
41688.19492565876
38998.79759976791
38745.78659761859
39124.144529550824
38953.81117423676
39002.22930972757
39503.930453274814
39461.151231954296
38786.27089147591
39347.79031797399
38820.62264690063
40888.80968503568
40226.42808981432
39654.33111340451
39824.11364313343
39267.13044334868
38955.44849442092
41951.327132343555
39146.82449168865
38869.67458988613
41515.52921702305
39180.43465168477
39359.11847743223
39081.158365519004
39305.16778117103
39818.96400527995
39169.32648825484
38930.35852470923
38868.271640519975
38770.219091101026
39082.550427367794
39159.250370130736
39568.72254872032
38698.56106156447
39084.56786494686
39355.60847054369
42119.02582178976
39706.67251182428
39666.51167291751
39300.77662579311
39389.29634607091
39723.59409863913
39199.19915861983
39890.45151859624
38925.120848385195
39486.68264734417
39514.02949350946
41291.42275222694
39400.85223093178
41422.63385020559
39042.3294588844
39088.60578824874
41948.347750590125
41650.133666125315
38993.11447712458
38954.62178584157
38965.11314781359
39397.40495031785
39235.00417773079
41453.30612768625
41633.602986943406
39270.51013954884
39155.9918411291
39051.62611415198
39295.78274169418
38650.64109321634
38932.75979823394
39116.00080668783
39077.68874059202
39119.72681059644
39261.304568503816
38885.81970593367
38834.70307483267
41722.8077518923
38826.12465639094
38979.989325178685
38820.24586849902
39058.20626392852
41761.006527598314
40893.44050763644
38950.97965179293
39114.5869976131
39230.500507242374
39105.8391485408
41333.77169637014
39495.52164918933
40206.8435494496
38961.922904230836
39227.70385603708
38983.035249143555
39109.77620980033
39052.83182623459
39428.497315657136
39734.847845240474
39264.99115820354
38813.56439855445
39017.433014152964
39234.344644160636
40167.629242894865
38953.18135918641
39389.45043209823
39055.09076464849
39357.23428030893
39131.08168123306
38870.45490447114
40418.80218194425
39164.046502289864
38805.34857860344
38904.29972751701
39239.60684834056
39382.97769688598
38885.57197815006
41597.825146941235
39132.42505072349
39320.73750941256
39380.24125952757
39432.79184847493
39193.93022356344
39084.11649058496
38748.94171135904
39159.04379050498
39278.618900931106
39393.12256370572
38829.39050790442
39175.162984913615
39810.618147694986
40978.79669333829
38878.64678413956
average revenue:39557.28832604898
possibility:0.159