38769.00771304621
41391.23868796488
39236.4901409486
39211.31027932887
39217.892679117234
38939.478173145915
39509.75234222142
39187.35646767814
38965.94116059848
39197.13623971624
39010.203767942876
38992.04269586875
41409.908811370115
40690.19250161505
39315.99293072192
38883.78172602367
39352.942214173636
39060.693848154304
38900.94096612255
39337.24190542496
39130.6052255473
39883.02373819111
39047.83655613526
39188.288759952746
39506.1226505837
39069.85862550523
41772.1031569809
38906.79250216194
39359.52611415017
40997.09149223223
38801.33880615218
39074.03981594292
41613.394817414286
39382.55134616562
39184.608693166716
39512.499142639295
40122.71640168971
39157.22139024053
39322.9104180809
40151.718381446655
38745.620446582536
38932.769819662586
39240.32114139591
41263.32803374533
38813.87421903591
39140.05439942651
38894.925190030284
41592.67797393081
38834.05859103611
39023.18166000076
38890.49566517249
41444.1751081845
38854.670938329786
39391.48358672633
39104.27021380774
38993.50008040369
39226.42193164342
42020.1301588602
39723.51596806608
41515.69490015972
38935.03877265408
38789.43175540297
39389.79711859845
40105.213746141155
41375.11130630104
40507.82387284985
39545.669596742526
40682.66762155664
39210.24765861708
39031.020302802186
39020.964416831506
39418.68390349409
38887.46503514133
39389.2170300331
39350.20543438742
38568.14903167757
42009.64502852191
39370.68532876696
40351.9222354006
38943.56258029887
41884.738503769804
38923.883989653164
39387.6802511295
38887.817816289615
39092.54091928592
38843.77181470158
40637.764556805014
40520.35349731085
39348.63139846309
39025.34710808999
39184.19893635858
40945.053137573545
39437.37237327488
39252.20456915384
39444.5873912799
39188.73038307226
39113.23723383728
39164.674910352616
39067.869210276076
41104.774284276566
39189.77439407526
39179.01489396382
39083.521138044845
38951.93372848179
39113.58450902628
39181.48031703292
41717.43644098026
39051.105915133325
41679.41437969763
39143.49694138466
38712.79814027405
39075.897601227596
38712.554248791894
39152.67878830616
38925.525145306616
39027.262975005
39130.66478055836
38967.143969361765
39117.7384392331
39169.37429093827
39109.4773695657
38994.5273589126
39105.44759044022
39098.00302969592
39049.98932852899
39567.142942810875
39042.16897085633
39756.0080196033
39127.71133702194
39296.61036726723
39312.47598640483
39216.979786624266
41136.64974498308
39198.22438443949
39053.06315640842
38746.752228929974
39064.1094282146
39285.162428033975
41971.95953844674
38991.74253364785
38990.770325485086
41445.599896180014
41428.05368718552
39332.15457319422
39491.08998420319
41294.871906187436
41529.898865373296
42105.73536376063
39271.21157402798
39032.16008966247
39259.90527072559
39482.95980934746
39211.868877737325
39348.77954467566
39621.55195883371
39562.20374363786
39192.08027434555
39185.62012630694
39295.23700774621
38890.16610437138
39221.54832004157
40084.77428511646
39366.497612773266
39538.65765230145
41531.644861179935
38848.2976587885
39060.60361470596
40224.59759530226
40682.67544948306
39143.91616436185
39018.972141650374
40475.85296057172
39297.434278018
39694.597599843204
41099.63062337134
38676.996145868216
39463.31067098487
41128.8616189526
38939.82507542249
39095.585678325224
42042.28245491076
41865.922920522426
39194.98020677069
39240.17718664368
40642.03198330411
39057.705163439176
42282.3722963672
39408.54771486118
39286.833037014665
39102.31003342569
38911.93809171936
39098.11484041509
38880.405117759256
38821.44516097327
41654.14025686078
41110.96454654628
39067.42643371944
39329.158338158806
39228.25950929831
40538.6751961903
40264.495598131856
39198.27695023139
40229.883786031474
39343.77620523947
38873.02408065141
39201.217712827216
39272.348999351016
39007.609586610735
38961.08161987183
40876.8093827306
41149.35466204677
41284.638560471176
39100.84605217799
38964.1864173657
39536.55624879621
40740.38925213854
38926.177377624444
39108.203749178814
38793.497406375005
39196.67201350181
39635.62023665762
40885.176495437954
38998.07145385822
41479.968059380844
38935.87492010047
39034.46073317671
39191.91629946764
41560.754732021116
39459.09041900579
39152.39824547229
39197.53997627576
40952.76852671858
39114.66816960582
39016.320272405916
39544.391249669956
39302.20366706005
39022.291632155335
39353.827247509245
39008.3059667957
39041.03688221047
39432.702980264934
39301.270192263044
38722.48006158288
38680.74985399799
39582.87599161785
39138.865753830156
38989.11713607419
38853.0174994952
39399.43696154192
39116.3040527837
38937.57888812429
39168.95596419135
39012.53644022397
39343.44071688151
38796.39972834604
39022.533760088525
39325.74703008941
39615.41054725523
39127.518051103776
41604.731316628735
39168.99852847939
39278.268290460626
39285.57945829353
38996.585523066395
39476.184344699264
39172.872877000205
39356.46511204621
39341.919197865915
38842.445378235774
39213.01652246668
38689.35696993155
39170.0141291103
39796.49717790991
39867.50729711376
39315.18767118733
39080.62097505791
38964.99764601704
38998.376283576596
38978.18634579609
39513.162063609634
39534.80251607732
38916.457754055635
39166.06997871404
39409.79569703078
38930.58211561253
40702.387188451845
39479.48790183304
41397.19308197954
40001.241207067476
39671.92314036356
39337.133322857924
39349.859969117635
38901.92617381755
40738.42351772062
38819.58611980314
38854.72510256986
38903.18973706216
38815.48466050629
39312.02918584936
39412.637987771115
39265.858553059334
41321.28360891793
41038.924961983335
39053.13376574203
39040.64182893852
41450.76089245035
38788.13250374012
40209.89500837803
39441.086858863135
38897.43129345624
38648.88945645114
39232.59263226701
39982.810946489495
38847.3491234771
41800.58787715006
38918.95776304993
39293.22511599843
39178.19979729464
38866.23863489453
38857.035991526194
39421.09866543214
40741.84412794635
39140.88680519675
39097.96735470967
39079.95332948957
39017.0453752209
39298.50912690628
41183.3754395156
42107.18160862748
39112.87641133995
39110.62816324277
38714.75694165203
39906.24809601658
38889.99198901878
38889.03470242796
39370.57853321641
39469.91036400325
38993.64780792316
41863.942261432625
39007.22374445824
41250.86309933112
39256.74939758596
39003.10134411341
38694.14493109405
38763.30567367404
39043.759066652245
39134.77556682986
39991.68169675222
38995.840302099954
39219.82973596465
39272.326622850895
38987.08808382283
39772.32292644369
40981.5358079797
40474.58807373669
39396.16625871982
39414.79015798386
39193.26397138644
39394.715261242665
39058.02637768575
39145.36227290478
38840.371853712415
39169.553999858676
39006.63441453537
38765.98223164021
38883.05798360106
38731.76375115761
41127.07144236185
38968.578580835805
38690.000978223325
38931.99088148465
38700.93103318607
40138.56496510529
38872.838333988926
40007.97164054488
38767.49676505676
40209.43282658948
39016.02562375208
39370.29435052234
40965.86156758853
39360.354827539784
39000.180484014156
39557.735819758935
39562.816324770225
39424.701822431125
39237.98245986594
39015.96631610947
38851.64984336857
39155.61280679728
41335.06597492318
39105.21247187445
41879.6200737194
39461.734770417075
39408.46829883451
42067.76452112964
39145.05211362583
39024.7475905458
38866.854615175296
39138.84091134129
38865.97267039941
41863.49858194094
39514.687198088766
38989.314679443465
39048.58231735861
38490.34568434448
39232.195686438165
38985.63197697153
40867.17824007572
39180.20253662107
39034.84371481671
38816.59876249222
39147.11980011956
39894.302365798925
38810.68263484865
39167.92811838633
40996.53869066438
39263.148229011254
40831.809005040566
39073.32855737089
41277.428933950614
40126.66017596258
39685.78614200895
39087.75148717316
38673.203412710594
39007.531980806314
41172.48752274436
39825.78453308671
39147.12882938502
39198.54593986677
42026.597121173945
39084.714853491976
39038.106211012855
38929.797485894174
38782.15521579607
38998.143113705526
40199.42468077075
40782.59447572062
39135.78865240329
38917.9003524204
38991.25739932686
40594.58790125479
39045.19136353977
40009.13301852811
39476.54697279952
39197.11180886824
39076.44412546308
38938.81915734131
41487.003664203236
39024.339205472046
39404.61163958056
40697.45194571479
39102.20794075014
41711.18398868126
39366.718140922334
42491.42347031523
39033.04057730153
39141.52555253258
39063.82013764161
39175.90341011673
38955.11615003404
39240.567577974834
41090.09480713589
38999.34958509534
38816.746917703276
39042.782441181305
38752.08171880815
41442.88813036698
39372.30219400932
38900.977113521556
39009.15304161403
38978.85379919925
39138.6535204814
39622.370213961054
39418.04855707564
39198.22420431465
39555.92760639183
41725.07129836649
38956.40544700943
41318.58644137484
41864.38174302259
38960.546671764074
39185.13083766421
39334.66563899936
40425.862798519796
38859.66898909212
39030.42322060878
39097.8209002086
39343.42097672218
41098.99531417268
38939.52160505859
38849.991138736266
38878.74980630014
39384.003297785006
38732.763766707554
38632.199649814655
39027.80500179844
40055.91927084877
39427.34110360722
39140.9938664002
38853.02703958541
38666.64339812779
41862.4857665807
40407.383075115526
40119.501018950774
39310.35728352434
39101.90582372838
39520.94621070131
41316.93322842772
38834.41444001103
39274.482045535944
39207.99942413176
39339.69958171234
40591.82383416547
38934.38592216838
41265.15210609394
38746.826050637224
40080.164089417885
39538.27366402079
41776.86681356408
39075.75348346365
39127.02609962289
39113.757069408064
39218.91315453748
39150.05396778971
39139.591182586184
39097.4502961835
39198.36861035057
39256.99955328052
39244.94810497361
38906.44795560587
39111.69578889589
38988.531323180745
41060.97246086314
40111.02347070558
41982.624919106456
41519.74859950312
38995.92443757133
39568.54113356939
39300.61205816085
41658.18333166346
39278.58851379373
38775.61210338536
38988.56340058354
38888.20799676607
39248.77773912081
38906.51113576385
39317.08314441257
39530.732092371196
40813.764761129954
38889.47478555997
38869.70090260999
39084.124102276095
40376.97611522681
39233.09123153174
38907.71507349775
38994.78734921038
39268.6034206933
39329.90655709732
39191.41782204891
42044.46761104877
38998.28915888443
39197.45980485625
39081.57616105159
40617.83470560882
39170.579466836025
41899.14336300042
39848.665361076244
39142.23467686439
39167.67369890495
38788.33321428754
39304.98646483837
40759.69156936248
38912.35810934469
38956.98846998151
39299.366373523575
39066.02361772167
39541.64574992956
39747.44129073334
41253.64172579249
41987.74400587782
38996.48702959789
38753.93172540371
39049.705185676816
39267.217862863356
39696.76158629455
38989.68538948248
39219.305933554424
39361.421209412816
39130.724405624824
39226.35720279126
38941.405818950174
39044.62642760218
39328.99805819466
39222.09993997587
38923.684738819626
38938.29512176676
39175.07104749657
39175.06470448465
38707.658669338874
39113.30452899902
38952.42630225156
40809.337735835245
41811.90922336293
38907.28854083277
41555.51889145592
40460.08033479525
39271.0420833602
39205.53208275766
39293.98266440732
38867.91253206309
39213.906644230265
39056.18881350783
38841.85907726962
39089.573870486456
39189.43777233674
39504.9683918822
40711.320533494916
40123.658925482516
39009.97680172218
40126.65548003053
38842.913832899256
39104.86206512291
38830.511438121815
39056.83966021542
40113.34462782787
38994.03685776731
40036.22748099987
38802.375398988544
38882.60319568961
38903.647919635805
39541.06324451167
39343.72218414089
39272.434479667776
41742.65278481783
39355.330973223
39039.758841600196
39062.20051924119
38763.779537802126
40917.083373408626
41080.02971403416
39230.857525296495
41122.45655032312
39180.604904923086
39376.39532473291
39461.797282258805
40613.5355657675
39380.213586449725
39221.18299531997
40405.56209487799
39073.20601265787
38835.90133613654
39280.48164616411
38860.53482478811
39377.99891486448
38959.819254085865
39720.3693245464
38899.64275073956
39155.30373857712
40362.434853566985
39037.26002517211
42189.446417192295
39179.291523274034
39264.97217337615
38978.89997351305
41034.92437998292
41690.36264814166
39403.888894158044
39350.33288715388
39442.96512992145
38877.074624181376
38860.493191238
41059.31183099808
38948.878579575205
39082.82233763213
41239.41936192877
39128.718898171224
39028.50580643002
39994.65762228779
41489.02219456049
39110.672525388516
39433.707666422604
39146.11837398322
39278.314294437616
39407.5615322695
39095.183669738544
39026.46096611514
39302.99665953018
39683.567006476136
39006.03023210878
39094.23137796626
42024.30118028904
38712.99711899322
41346.10698038697
38843.67195510929
38974.6077958863
41707.76503191636
39400.4659568681
39191.828869257704
39299.29554555218
39052.39681351934
38960.93594660137
39336.22207509402
38863.81275735358
39570.23261559761
38963.68466701757
38982.13269073472
40919.82754293233
38904.54077171121
39942.864150183384
38917.15466364067
39401.437620850935
38926.171223065794
39149.560931345826
38846.88253376528
38881.452563605795
39196.69564685455
39372.25724676337
39136.306715040344
39554.04900196736
39178.63458061851
39978.4424744709
39241.503824761836
39105.556201263345
41682.33265177553
39367.35468938052
39062.69681210382
38938.36787979007
38862.48736937707
38830.17450186121
39008.187462505186
39189.332568939775
39169.61670777233
39195.90102801866
39340.799500053996
39241.207269162696
38878.30937581989
39050.462746333425
39554.35750525956
38878.02933376596
39209.273724635656
40034.65239360659
39221.62638021119
40595.819998817155
41498.339048605594
39038.33492047066
39000.56897714166
38889.24558137304
41156.985609456
39199.0022730443
39169.95037750564
38887.52983988816
39890.448911030646
39071.38796151412
39237.64470942763
39908.21333036649
39121.476985453184
39201.407379377975
40781.7809938171
38922.42675764117
39430.58743233961
40386.405768373304
39042.84158114898
38860.96238768782
40445.21620708435
39363.34800633639
40256.37982019121
38873.26748136315
39380.92264774882
39150.75402319304
39232.02168070766
39136.296067376104
39065.53904483326
40510.1749790482
38876.03693608978
39237.22164414801
39021.057128136934
39205.08150565489
39199.264969917254
39308.93577214341
39189.95505816242
40693.090951760096
40695.30233616152
38991.2795191209
39276.76075062645
39016.13171547838
39294.92669328558
39048.79272231819
39783.32473241263
39290.28345153526
40561.337740552706
40539.71670897153
39055.915947367495
39092.43298948624
41814.37033883429
39023.92884155971
39151.018953928964
39260.70649189184
39220.52411298225
39067.52988449522
39182.894171847125
41105.252562845206
38811.420333131595
38968.35690359999
39853.574985727435
39631.057340429834
38874.657954526
39335.93723823074
38947.01371755846
39240.289562312675
39485.151662116885
40873.209932819496
40697.80409841072
38943.34447137742
40494.5136126292
39035.64745757491
39988.977354696464
38995.3385138562
40262.63260033086
39319.85469061237
38833.81626406294
39162.61887772725
39409.25515143426
39131.46229399021
41388.25138594297
39439.1011801744
39317.77359284252
38802.96965366979
39068.44331806231
39415.06626133488
39007.390434121124
41535.322710632434
38725.888245929265
42113.27691556154
39416.50695396543
39038.845246241464
39039.11092739003
38844.00798292313
39049.864992494484
40355.031760656384
41146.62777159112
38897.01634250732
39832.45601415885
39209.312663419405
39553.33028764399
39004.50880376166
39000.34631207134
39608.88529657013
39280.70556070809
40404.20677159171
38981.29668099611
39211.67557014144
39696.22866868785
39605.89195450212
39447.538594082616
38939.800110096614
39225.069665429204
38862.89802479807
38835.19475092123
39310.29168907425
39232.47533555968
40066.91769942007
38973.58522201066
38647.93196244963
38940.10532797022
38698.78155296732
38727.33552334422
39029.147342452125
38892.78300394865
38901.000835530074
41332.74722047066
39169.50353702377
39916.65096681004
38864.112543540956
38902.63784863425
39237.87315992855
38961.94813200458
38610.7542520648
40821.759551014664
40699.17705288039
39255.61389936253
39121.09943185398
38962.377263709495
39577.015767625264
40363.100581370694
40689.67232828461
39286.47803888466
39289.67106185527
38987.64851473288
39101.150882286536
41476.27155892999
39380.9383502835
39198.246846818525
40003.411958158584
39077.849930417666
38933.025230934894
39404.29922064226
39161.14709201941
39245.833309656366
38977.8161532868
39005.32170531602
40447.08747203002
40612.78815948218
41983.55832339291
39001.805154548725
39530.478076874875
39255.870929526325
38783.739770207394
39273.37995359099
38876.83130236292
39427.83708987955
41621.692103642235
39093.83671199445
39001.34224853757
41677.098172560436
39420.819756845565
39973.849104447196
39196.08807186069
39097.692463038016
38881.80407098409
39069.20344626921
39180.74845675337
38906.57513521442
38957.15255972661
39034.16229690019
41690.18614874757
39197.65641303843
39133.57462319846
41440.259615762334
38877.6346976847
39072.13502237126
39365.40907844614
38806.695371730486
39248.642118615266
39790.30207087068
39094.65839586848
38774.56136245537
41819.34326965037
39163.320970727014
38730.10037889606
39494.7813751732
39083.97880761275
38948.15667640982
42103.47898011138
39487.34650016425
41571.864611077974
38709.80648419218
41959.779601815055
39041.5129929615
38811.50717983527
38673.32271158964
38781.21389890227
41165.370049886114
39191.864602578135
39427.21058917114
38897.882036864794
40745.419929672134
38970.589867362774
38954.01632953204
39911.59507733285
41982.27432569523
38921.222372080156
39216.19208637291
38842.4205128135
39094.69869300166
39496.21046778299
39066.989378062586
39090.369837264145
38770.48277022891
39001.262671634424
39003.24588816869
39018.076078713944
38948.57945474578
39466.112289007426
39129.001629316845
41035.30679145537
39430.203543017495
39130.84508813381
39258.46624252344
38973.05691698363
41989.45086591182
38995.44537172765
39081.6341057838
40968.20112010465
39018.09160574535
39802.97255535799
39245.96883752892
39029.27872801923
38890.26810539088
38870.52441947567
39145.851894397114
40857.58358819975
39369.69770939161
38951.58779280602
38879.38071288094
38977.78841167242
39581.11103289206
39442.06031559746
39509.12268877583
41327.55333696719
39140.16792108628
average revenue:39542.01311957163
possibility:0.16