39040.80042853493
42188.39292859033
39385.03692547937
38879.295746901
39447.6057203528
39187.61589942639
40511.234739774205
39035.90734948797
39759.51660344708
39345.69765760745
38993.05144319549
39074.84676805725
38767.644190141196
39062.42091042246
39210.30979248087
39242.257635796974
39322.17691762246
39242.14581180551
39118.22270149469
38975.556149575685
39012.90132637078
38975.28139651048
39052.08188706614
39258.031230982735
39570.715160592554
39034.59055783152
39244.03592616199
39150.0091272458
38955.0804918939
39133.26090699823
39045.24911629264
40952.98036465954
38733.269693598835
41125.5940224975
39506.419677037
38960.93819577242
38703.740809773444
39268.287235466036
38718.07307374514
42005.856959729776
39488.34942514067
39072.76220242186
40483.46741451854
38996.67961035378
39029.13443448683
39583.856079721125
38951.53600780354
41678.20231888475
38953.27426394659
39827.34200832528
40177.64615548561
41052.90976126857
40973.467981951595
39518.42715839755
39210.45902752325
38999.77962619023
38842.62920651985
39021.19773114115
38919.79454564225
39165.47503134
39134.97589716756
41693.43452066949
39354.20942269242
40800.93976811623
38889.30381459894
39335.364749036184
39113.703430717746
39275.63312241222
39184.27258248986
39275.464247111835
40025.93874941822
38859.35136730308
38776.32563894614
42128.74635456816
39405.75206205741
39253.01043055088
38942.36041228137
38966.45628922109
42054.25759456725
38904.479380823155
39034.09987824605
38813.99219462517
41095.13485860168
38770.66744663671
39120.2073927259
38859.789312039036
39155.31133917815
39958.35179102912
40264.8585256398
38992.13433899762
39553.76781428769
39252.16946561331
40226.51022296093
39442.20508270696
41737.948492147036
39604.201551774684
38954.280063498925
39126.910671410624
40962.85390840353
39186.068638608864
39350.04030926163
38741.79717688665
38781.120891484694
39662.65456585246
39160.55269707186
38954.6343268268
39321.69909204364
38923.956855414144
39124.23541035876
39046.10060626964
39523.48141345324
39073.5943309338
38874.80774947854
39529.432406896194
39504.565881600545
39235.42104451592
40090.665772595414
39044.18151155053
38937.36319395868
39132.18431856666
39028.8245802288
39335.779410738374
39220.96907719679
39399.328521450596
39270.512083614616
41108.85490514673
40350.18820331481
41750.65845919558
40023.07064146612
39443.10289544478
39437.7322623444
41681.92769676628
39128.323698533786
39233.77059140166
40542.38765982596
40680.13883797115
39390.630413778636
38995.247806624044
39020.37772338279
39432.20318771679
40473.287710649965
39761.409288261784
38998.97332221033
39096.27124898506
41767.27050304249
40823.97957949655
39060.153444001924
41483.18810750117
38844.611199041465
39083.172289083726
39281.9945571768
39625.76483244267
39823.02209182719
39132.678698169846
39157.98845414061
39000.55637019717
41440.08356923704
39277.82420266076
38980.84505884393
41325.08880567236
39091.25170543834
39005.811287220604
39092.918165438336
38830.6242257366
39277.97653760503
39526.70455806168
39131.314735725035
39216.47509133458
39050.854793368904
38723.69589621038
40654.47567283795
38602.99213308915
39838.78969806128
39087.31376321029
39538.484482277825
39261.50805199978
39515.185470788565
38865.97531473538
39211.905126103426
38874.23051353534
39069.75804345479
38860.55413378177
41055.33178021572
40766.98229179696
39445.97510347516
39212.6539816685
39084.206785543625
40166.85578693594
38855.5179198855
39853.437968593054
38981.55818506021
39106.41776983953
38947.68564921492
40566.3050225504
39561.241772560024
38971.22597199118
41425.16945436905
38789.7557786264
39044.251831931215
39668.25873757095
38995.18203629133
38826.20463262322
39317.6502284995
39006.33553686939
39310.27766614385
38711.636314171206
39133.221332451416
39102.009287905945
39073.284554749785
39144.300194592535
41837.12751514015
39279.33001465671
39068.108607420116
41353.29163403586
39028.37585542819
39173.40059167792
39001.38082451272
39619.80061374844
39770.23604475721
38940.537474743105
38872.86601059258
40023.77712144054
39128.1901803898
39462.285597370865
39524.768746740585
39271.53058976348
39177.32842427246
39233.3863757765
40743.39711574509
38923.20031221784
39165.39998711991
39197.0603847126
38819.4721909767
40941.08459570503
40783.2467693849
39232.103430661286
41925.802272693574
39115.736345753605
38941.35565478017
39253.02509737329
39222.78809548037
39246.69992812735
38878.99761726047
41129.73257768031
38993.93409342996
42170.8717900689
39732.338362307106
41583.18333791004
39106.10589657989
38985.71763940417
39178.47593499286
41199.220406887034
39396.332293287036
39313.54986109773
42051.63910829514
39066.15393251238
39202.48574644507
40989.084130354044
39357.855059946196
38799.09988807053
39008.68568430131
41362.9192794544
38988.55793227589
39257.40326590031
39225.045860660546
38993.13270450691
38994.30775063968
39272.3016434663
38895.14134871327
39029.97488243023
39254.400788464714
39209.86381672264
39464.55029231812
38805.478122333705
39424.77238421759
38781.86327465277
41240.941159394206
39024.57881524644
39097.84173510853
39295.87424937761
39326.21911805173
39544.7082100901
39019.97448614682
41341.162607774066
39163.087442107295
39107.321263822785
39219.6776526025
38847.612277824235
40651.736077715555
39044.37181896987
38961.822946260574
39268.44972006799
40466.60336784481
40613.61894837469
39297.16451806546
39149.2965879646
42107.96582454837
39148.69930113219
38611.72697971131
39003.51612092325
39672.08041927482
38964.231196586334
39370.242901832215
38953.1294638974
39038.32770157794
39591.438041862886
39615.771864331975
39693.419700208084
39281.808473188845
39050.780144175296
38973.44445990448
39163.111885925326
39011.738928856095
39055.30389861254
39394.783692566474
39224.4094030275
38954.81631333384
39260.18003368043
39313.63539098901
39234.31144718201
39934.59617624593
38928.4143634719
39813.21993794567
41705.95641649229
39012.6618671179
39221.44288040037
38841.33616433387
39007.02045485981
41272.24359866622
39072.79130278101
38550.98768862113
39295.0446866657
39292.387856752575
39288.87311671931
39925.70632355299
39069.95724463386
38951.47783469881
39484.46216972538
38914.30858572064
38962.598741334106
39155.35584077093
38917.16254710961
38942.04254757208
39249.01698805791
39205.2617374822
38928.81677455542
39375.44259306713
39053.2952437367
40419.235258488065
39354.659181774194
38942.562877652614
39303.507593012444
39121.42508073556
39078.069268416475
42063.244394754875
39130.83730776097
41697.28877524645
39016.32450857737
39227.23022771334
39449.68331950955
41913.47323500486
40953.11337921109
39449.10153746308
41980.811434391115
40623.986161721354
38993.89929258245
39045.234627920196
39879.17222837421
38833.989962361935
41492.99644648275
39079.30334899197
41954.775208901214
40363.29586113
39020.4377254447
39703.7627845949
38972.75657765113
39066.948055547
38765.06705933011
39171.85959235831
39025.228418536135
39027.46672545722
39200.68814130326
39089.609559097305
38923.04584012359
38923.36867442
39129.9667114498
39470.59345220876
38761.067506994325
40417.715080551796
39039.24233483704
40558.45593820763
38800.60521614618
39220.92494361905
41022.30329179554
42125.8387699766
39545.76145847662
39286.14127153429
39001.54439245651
39106.08197334571
39123.33169708645
39193.30114273051
39035.33038436152
39232.84476242834
38965.20073515746
39280.632776606646
39471.022499174986
39039.33996174583
39651.219685616044
41481.139151964235
42003.57479337065
40786.85853316757
39151.196982712805
39707.91669920855
39040.56067084109
39054.06597432705
39675.405753593426
39107.09521280353
40561.436000394104
38964.67646958174
41998.92978884991
39402.69048685931
39016.83772709237
39108.99746770789
39011.48773457862
39049.65364850832
39554.88937493099
39300.3933665237
39202.36292376999
39687.79544295357
39140.45229206353
38874.56009152136
38884.90306878921
39135.92364856705
38708.483153447705
41386.15067539406
39142.34468741316
39262.726752213755
38809.042059738225
40858.094108713965
39821.709238410156
40692.530778764434
39556.34676763893
41403.27174057093
39721.30274845204
39413.08225284762
39244.02685456323
39481.29674557997
38731.630212840704
39302.41407202337
39355.66810154668
39008.29482848505
39187.38293334982
41388.90880170322
39258.55516274468
38835.48565241714
38988.248705550424
39180.25877403129
39103.44433177313
40609.612421726815
39014.30595763363
41478.84701916588
38884.61488453044
39106.86307310239
39110.11489478699
39418.60320432775
39474.56298337187
42299.65342470275
39104.25840058169
39068.28575149632
39040.778797106344
38973.76301596436
39285.31338186958
40270.3696792226
39011.17702157642
42139.648336963466
39036.362632308555
39651.10986977554
42343.12004574209
39429.93298586091
40545.273241999355
39242.39491024958
39286.14627255734
39069.37635095077
39079.31181119134
39192.797205229086
41800.29796853393
38963.02323716317
39246.212098862314
40491.767670089714
39205.14735463441
39094.601213850736
38928.586538967065
39024.6389844199
39014.401027520915
38892.28947552254
39009.51960146623
39208.00364964404
38796.50688465097
41386.92837549808
39076.712273714875
38736.43722296128
39104.54883353438
40719.59347647747
39087.034002734144
39422.613456688225
39091.83524930984
39055.32545141769
39164.58383916487
38587.471412979605
39207.53766997277
39062.27570997223
38935.02928387851
39061.91819980244
39450.09527343925
39580.35381934594
39167.7688399571
39108.33101682524
40493.76734777939
41567.880412800805
39002.11853029837
38870.94766993775
39136.10276660728
41564.85806174419
38797.86796336903
39025.08043459072
38886.104017293306
39280.51672463455
39256.47537478301
39655.52955424789
38915.08060235855
38860.64892970641
39292.751840872006
40701.48013426849
40237.78912833573
39218.00617592158
39175.77417608387
40418.429463613145
41990.73985687375
39151.77866387786
40372.29257391337
39087.56096208422
39883.42426667823
39057.608069447066
39308.456839015875
39571.03459929649
39015.65927155425
39767.778940581826
39274.25650873088
41771.544499897165
41778.11525734722
40415.987843638235
39095.696729978314
38974.68272018641
39417.15422680354
39271.071210068585
38988.29762104952
39081.01745665014
40907.031519571756
39168.35618457779
38918.02223773355
39398.90109621886
39264.67608554117
41648.21645767508
39148.96360954281
39135.211775743424
38999.72331741469
42164.00170329246
39338.18013679025
40228.07293238123
41271.04983261042
39225.74838953846
39312.3294308392
38931.672109014005
39964.56313569577
39465.337516466236
39512.41310003856
38807.62087774351
42013.58402740937
39932.568574338045
39086.5031492818
40186.79662555243
38808.83232556955
38914.14276990249
39083.67213963615
38991.85191150123
39216.86248986929
41564.70630263128
39166.421368177354
38977.57135406854
39248.60843398463
38849.673406982096
39375.29511589036
38925.33095780424
38952.85350793451
38940.54187111706
39186.771727619765
39309.14236414194
38727.10836253178
38881.83020372848
38718.605672125384
39113.550735832985
39428.1932472396
40268.342454472426
39095.40651871703
39027.063443941
39341.45336460952
39082.20377714084
40962.803410413086
41268.936516155714
38745.330591691105
39095.80627534986
38883.99644201303
39574.37469634275
42075.81454125928
39019.94801977751
41709.82090707079
39061.09052464725
38809.227589289054
39294.96043505402
41913.32225600812
39193.89101123799
39149.231016962454
39422.04305166579
38950.11994218786
40231.80835617331
39278.16971801185
39155.68003583162
39000.61268953008
38988.80419563164
39704.04534810734
38992.21408425326
39508.60931542013
38719.958565847526
39539.48370663381
38912.647568012224
41412.234376053784
39003.19939557605
41150.87444285563
39385.57112042616
39037.89619473631
41279.9763959442
39334.22772031158
39005.59865882692
39835.17596960226
39156.018304032215
39424.60158255447
38750.45920508743
39899.32272197503
39115.261670202264
40937.5101099476
40238.761061161764
39103.619657347364
38701.98949727004
41137.7948077155
38960.85187173082
39276.316290647854
38893.598527094044
41423.58101360354
39109.67434084644
40192.9164359964
38954.689072646055
38872.164279343735
38765.54466876267
39139.514876206005
39232.766221064405
41078.75061889086
39178.71020089499
41297.159712031455
38984.49247857057
38904.407944401944
40098.95005720467
41808.54734365286
40703.74644418961
39275.54179313077
41838.6548495663
39014.81673999678
38699.545491775236
39508.77847526783
39420.81624077316
42092.655325815074
39338.167282877184
39538.41672725076
41964.94262453063
38756.12132795293
39475.04698992499
39324.77805235335
38683.314081376826
38895.007913385314
38936.73935812589
38860.48121011469
39177.412088927165
39037.09982852816
39050.02783195756
40235.01785821422
39008.99001261053
38659.617718377485
38898.82255237307
39007.10896732311
39209.777343511836
39543.01336392801
39519.19519418668
38907.989321239744
39401.33461779691
38637.75149780519
39548.197447327046
39434.635229239975
39419.64268472378
38945.50243444579
39093.58361868588
39114.577936156806
40634.810947388876
39054.59320807641
41622.33507668091
39099.43730348984
39083.12925561571
39202.03651545307
39090.652191877394
39457.226082219364
38967.734266251966
39541.14630838546
39321.64430724482
39604.406401107146
42123.45302030857
38916.71171739733
39053.04762048166
39513.96663893588
41781.5844273678
39362.667769461754
39189.61959031938
38963.62552832382
38842.501199677296
41710.19926295281
42298.710211695754
39095.596054711146
41075.46154587655
39267.37736615454
39268.321415548344
39718.340790434166
38972.79329487382
38826.82305489915
38905.43591301877
39273.881499629046
40490.1043661672
39022.88169862786
38814.01046255473
39148.9017248266
38920.42383688677
39846.61539644705
38973.6254890659
39027.207374697515
38958.0018585405
39780.23911434851
38932.48993281799
39072.42379052801
39096.17152077893
40750.42391972446
39017.863574061994
40472.49320645141
39666.888379966986
39199.45282934292
39275.213076125765
39301.88327803022
39191.7720234396
39111.11382749594
39167.17933369002
38804.8345289141
39347.80942312605
39398.001601652635
40000.02917123039
39037.40131409561
39065.85632645276
39030.1961599281
41060.34612159096
39102.053628772395
39993.73810166761
39042.47827026881
39194.124329209044
39407.62770993236
42067.86368612736
39086.09439900507
39162.51842277364
39335.54594658753
39488.3371566303
39148.64279850533
38964.740197876265
38896.24432253077
39072.93406039672
39138.779446994464
39331.51047842356
39244.80174747411
39069.27184823815
38845.90425377822
38840.22522456087
39220.41658805202
39042.82762373898
39575.99648233728
39578.41951913124
38948.57760864775
39463.87401484028
40902.28526952452
40083.50368513855
39251.75710394217
38927.58194037566
39358.81440224989
38873.940715433535
39321.48775951259
42101.09128525832
38952.271241791226
39103.011955152004
39043.61680136849
39161.61959999467
39009.31738463672
41294.76132637009
40720.440745911
39353.06433735163
39074.0347187927
40354.91252990497
41691.673378764644
38847.10440526911
39221.7796698403
41817.239670596486
39000.86304805078
38956.78505953143
41054.96399775893
39358.279219777316
39861.15533046368
39504.80575480925
39024.99377747787
39249.124402582216
38957.351082151894
39287.16643221927
40373.22369113983
39114.55907900454
39284.91667142699
40614.130817382684
39547.182103713305
39142.35060430302
40172.238535337405
39167.437388727885
39070.06365647162
39255.25527816573
38880.58247853756
40240.17759421286
38726.56595989964
39305.87490407223
40470.218567527554
40628.691772025915
39544.70576714402
38788.172378382194
39056.57202443057
41076.05577015075
39379.35848855704
39128.285960146415
39208.162226231325
39824.86035858659
40061.53303061496
39203.01058321122
38801.550945355775
39068.98244678553
39131.94781881438
41365.72481412184
38996.371453454965
39252.462507663906
39234.4625330978
39903.84066474039
39227.38424660821
39112.34450161553
38692.74849124415
38872.48294336924
39384.783642805654
39224.99164307677
39444.67698011518
41340.242843740954
39061.19973738528
38799.30425589919
39044.878935326415
39368.03674327829
39055.23640630898
41024.71557929224
39185.5886884629
39076.14526055423
39419.682912847784
39293.43389134372
39787.723024486564
38855.056825605956
38857.50113221521
39015.732543259976
38818.45710429357
39151.37423919193
38805.160635842854
42161.04126388952
38864.72559635021
39920.98793655294
38693.83657307124
39808.35135242186
39133.90748809851
38828.64126064332
39559.108268767566
39109.45132610631
40691.259247717375
39201.8224146051
40028.53689238601
39293.839719594
41512.79191377971
41704.615237983366
38951.8983879692
39437.92382724364
39085.591269360484
39796.698516645476
38899.61896696438
39469.67301756994
38939.135386236325
39121.58493145413
41735.58073348693
39438.08844821566
38999.61838607402
39537.9927204077
39203.14294597003
39328.469299784694
39170.71122511382
39293.79357612366
38822.84891369361
39029.07648179174
40646.89669591629
38928.106034149576
38977.817559125586
39468.35807933453
38609.068326372115
39278.59209307169
39097.6323879093
39020.55548313936
38955.9731394923
39057.33506213827
39212.593085167515
39154.632310916524
39175.13159569192
39049.41033351083
39470.977840945845
39019.28975228537
38907.83307263831
39444.192356845626
40599.44304351115
41082.31353904344
39107.79869050405
39206.444548698775
40281.267127117644
39401.00869243533
39217.73151747072
39005.82415594476
39222.64904168307
39308.07629926985
40406.01242954303
41402.71428779879
39532.00101821358
39054.836655678184
39086.11810861956
38792.93590783565
40754.557215654844
38884.350588065434
39638.710006517984
40572.176278141415
41473.70258530929
39080.01366607103
39228.54100304705
41336.534118177806
39001.52586408297
38914.81704459604
39079.41371133851
38923.82769933552
38802.075574461785
38853.894611138225
38949.55301474019
39084.6589933981
39321.41368191296
39321.2335050706
39557.88219053428
39135.52522573526
39677.203942816246
39310.441370103516
39180.241765584484
39088.93735416405
39915.73811302128
39062.10302310779
38883.59238977959
40914.88794619428
42128.58585565435
39406.63280315683
39305.869936960866
38994.54653645216
39124.14996378361
39279.31234179875
40367.763612380855
39350.90239345886
38879.65410609732
39388.648547742014
39578.2947045235
41392.4974933375
40624.928653486786
38882.19032132867
39083.7769497018
average revenue:39540.16930412806
possibility:0.149