38944.06080873824
38995.99577541747
39131.624383674316
39076.79999999963
39061.250524242474
38837.3999999998
39080.99999999963
39171.37127488886
38994.622428511924
39173.399999999565
38879.39999999977
39064.19999999964
38959.19999999971
38983.84505972561
39007.9803885502
39009.59999999968
39043.199999999655
39105.11365888809
39308.21568849893
39043.199999999655
38968.868207053856
38933.99999999973
39022.19999999967
39038.99999999966
39072.05360969361
39223.79999999953
39200.115675599714
39085.199999999626
39022.19999999967
39160.79999999957
39085.199999999626
38959.19999999971
39152.39999999958
38971.799999999705
39088.91759198259
39108.26380896862
39177.59999999956
38996.99999999969
38949.53982448308
39300.42609123821
39059.99999999964
38942.399999999725
39117.26772545357
39080.99999999963
39114.599999999606
39191.92784898287
39030.599999999664
39113.9771857374
39110.475969661115
39207.8260513122
39089.0657545998
38938.19999999973
38992.79999999969
38927.499299780466
38926.213538527205
38975.9999999997
39110.39999999961
39173.399999999565
39348.850818400846
39164.99999999957
38894.061765773055
38879.39999999977
39114.599999999606
38948.21746657063
39156.59999999958
39190.19999999955
39022.19999999967
39005.39999999968
39101.999999999614
39211.431336291396
39075.868160850274
39106.19999999961
39105.14537610263
39038.99999999966
39233.62070342427
39137.96379338922
38913.62569623995
39056.907565563575
39097.79999999962
39116.914343035955
39118.7999999996
38950.79999999972
38980.225395687
39093.59999999962
38994.579683843665
39097.83329882978
38996.99999999969
39009.59999999968
38986.09650175001
39013.799999999675
39143.999999999585
39097.79999999962
39009.59999999968
39122.9999999996
39240.650719036785
39038.99999999966
38963.39999999971
38992.79999999969
38929.799999999734
39140.07560506765
39110.73630600406
38938.42068882023
39178.42189995501
38820.59999999981
39005.39999999968
39009.88062157561
39198.2783664399
38954.999999999716
39072.599999999635
39038.99999999966
39001.199999999684
39055.79999999965
39080.99999999963
38942.399999999725
39064.37658659538
39223.79999999953
39219.59999999953
39009.59999999968
38921.39999999974
38954.999999999716
39160.79999999957
39018.77795165226
38859.538411416186
39165.49274697497
39021.591601570915
38988.59999999969
39299.39999999948
39148.38009401432
39038.99999999966
39111.73646895297
39017.99999999967
39059.99999999964
39009.59999999968
39215.399999999536
38983.197229051155
39026.39999999967
39110.39999999961
39156.59999999958
39090.67013732522
39027.770848003995
39097.79999999962
38898.75632293287
39056.8806057937
39093.59999999962
39038.99999999966
39021.74066745401
38996.99999999969
38971.799999999705
39148.19999999958
39114.599999999606
38963.91797494119
39022.19999999967
38980.1999999997
38856.62353732608
39114.599999999606
38880.62318574701
39241.463663320195
39206.105449356
38975.9999999997
39051.59999999965
39110.39999999961
38992.79999999969
39013.799999999675
39093.59999999962
39148.19999999958
39121.88786546706
38959.19999999971
39185.999999999556
39122.9999999996
39135.59999999959
38938.19999999973
39234.22341981535
38908.79999999975
39080.99999999963
38938.19999999973
39219.59999999953
39091.33824005147
39215.399999999536
39201.04921597083
39131.399999999594
39080.99999999963
39143.999999999585
39080.99999999963
39248.99999999951
38925.59999999974
39030.439218880245
39135.59999999959
39131.399999999594
39127.1999999996
39093.59999999962
38984.399999999696
38967.59999999971
39106.19999999961
38942.399999999725
38946.59999999972
38849.99999999979
39156.48427303957
39048.008557930465
39097.79999999962
39177.59999999956
39387.59999999942
39080.99999999963
39278.39999999949
38959.19999999971
39030.85017930784
39128.19484912857
39026.39999999967
39026.39999999967
39131.42012649622
38980.1999999997
39055.79999999965
39240.59999999952
39172.59844112802
39089.39999999962
38954.999999999716
38967.59999999971
39135.59999999959
39043.199999999655
39159.11744759398
39087.25447003255
39009.59999999968
39081.89275290362
39152.39999999958
38909.548048893805
39022.19999999967
39185.999999999556
39148.91203989571
38904.59999999975
39184.00976552131
39092.87964541442
41117.24201179585
39207.67199999954
39009.59999999968
39236.135207792024
39111.975567325775
39177.59999999956
38944.853089208445
38975.02096556297
39164.99999999957
39052.466053472715
38921.39999999974
38992.79999999969
39017.99999999967
39121.93102604324
39101.999999999614
39244.799999999515
39076.79999999963
38980.1999999997
38926.73367587439
38900.71266192556
38946.59999999972
39039.536632570605
39055.79999999965
39179.942651380035
39164.99999999957
38954.999999999716
38992.79999999969
38963.39999999971
38925.59999999974
38901.13940893089
39261.599999999504
39046.34415420217
38984.36054394131
38988.59999999969
39030.599999999664
39009.59999999968
39098.57963910771
38929.799999999734
39219.59999999953
39190.19999999955
39045.49764306235
39116.37108118748
39051.59999999965
39009.59999999968
39156.59999999958
38858.39999999978
38858.39999999978
38992.79999999969
38962.947823173316
39017.99999999967
38992.79999999969
38938.3189152267
39199.007319698765
39272.101039746136
38904.59999999975
39049.07986600631
39135.59999999959
39118.7999999996
39148.19999999958
39022.49861592496
39227.99999999953
39110.39999999961
39164.99999999957
39026.39999999967
39007.60817714796
39110.39999999961
38849.361684786134
39083.90973433966
39119.5614192249
39034.79999999966
39005.39999999968
38902.09378235151
39022.19999999967
39036.43837919018
39114.599999999606
38791.19999999983
39066.42666744035
39122.9999999996
39078.275997125646
39038.99999999966
39118.7999999996
39127.39516992809
38871.77284513338
39129.70628074719
39160.79999999957
39102.449133167975
39215.399999999536
39131.399999999594
39152.47229375655
39295.19999999948
38975.9999999997
38929.799999999734
39049.178915238626
39224.06263046261
39097.79999999962
39093.59999999962
39131.399999999594
39105.50094775049
39038.99999999966
38875.19999999977
39233.697741065764
39181.79999999956
39211.19999999954
39330.257535081284
39227.38823633557
38896.19999999976
39200.32706146717
38967.59999999971
38984.934839474445
39047.39999999965
39055.79999999965
39061.52238431783
38891.99999999976
39253.19999999951
38950.4318284934
39107.323326496524
39206.99999999954
39210.273542197174
39278.39999999949
39134.763844258654
39177.67036028367
38996.99999999969
39152.39999999958
39339.95448250716
39177.59999999956
39286.980879788214
38950.79999999972
39030.82489598186
39011.78152400194
39136.13229226616
39349.47246706935
39232.92023538704
39063.14560966384
39155.34803830883
39064.19999999964
39005.39999999968
38923.41101504747
39202.799999999545
38979.24004905756
38896.19999999976
39089.39999999962
39032.44553100562
39169.19999999957
38973.50264405808
39030.599999999664
39164.99999999957
39185.999999999556
39072.599999999635
39198.59999999955
39005.39999999968
39261.599999999504
39309.22541234142
38921.39999999974
39114.599999999606
39127.798900535396
39127.1999999996
39068.39999999964
39005.39999999968
39130.6204787817
38877.16470227927
39194.9542102545
39093.59999999962
39173.514207280205
39135.59999999959
39058.1086179426
39164.6061673168
39089.39999999962
39064.19999999964
39034.79999999966
38984.399999999696
39081.02497412225
38982.58807874543
39088.55821300776
39121.15667360439
39059.99999999964
39139.19163580305
39244.799999999515
39274.199999999495
39303.599999999475
38971.799999999705
39143.53105431218
38908.79999999975
39258.273799469935
39169.56245910033
39155.44779648404
39080.99999999963
38893.59966788322
39023.67025852236
39041.17021281955
38949.273374854776
39085.199999999626
38975.9999999997
39030.599999999664
39253.19999999951
38938.19999999973
39244.799999999515
38932.33749992245
39034.79999999966
39018.12373084346
39148.19999999958
39039.74061785917
39156.59999999958
39093.59999999962
38791.19999999983
39118.7999999996
39008.303488342055
39067.79395552165
38977.34513617476
39145.39962213632
39135.59999999959
39072.599999999635
38963.7823518454
39036.642558999614
39310.93166095706
39044.59538135514
38996.99999999969
39006.93186062838
39173.399999999565
38854.199999999786
39169.19999999957
39017.99999999967
39073.363753590944
39067.35827125175
39089.39999999962
39118.7999999996
38980.28990684112
39013.799999999675
38875.19999999977
39240.59999999952
38985.36119859014
39190.90084523258
39137.34410232622
38971.799999999705
39131.263036714314
39017.99999999967
39038.99999999966
39085.01334678461
39118.66128877842
39068.39999999964
38845.79999999979
38807.99999999982
39149.927962589674
39175.346527337206
39080.99999999963
39064.19999999964
39167.06375647725
39119.013094074966
39189.555773251464
38912.999999999745
38999.91545955327
38950.79999999972
39122.9999999996
39106.19999999961
39198.59999999955
39131.399999999594
39122.9999999996
39257.39999999951
38941.56674989812
38862.73763164602
39051.59999999965
39072.599999999635
39030.599999999664
39051.59999999965
39030.599999999664
39068.03094641448
39202.799999999545
39009.59999999968
38942.399999999725
39131.399999999594
39006.6408013
38928.57526446469
39203.465785900924
39087.28632980436
39043.199999999655
39056.22446027226
39131.399999999594
39270.16014564924
39181.79999999956
39009.59999999968
38886.197731757944
39156.59999999958
38996.99999999969
39169.19737381786
39017.99999999967
39106.19999999961
38946.057272700484
39061.71981428092
39264.642169347855
38980.1999999997
39005.39999999968
42210.439603328996
39155.68687858453
39285.54650848401
39093.59999999962
39160.79999999957
39362.399999999434
38989.04912134154
38975.9999999997
39160.79999999957
39059.99999999964
39306.30344313703
39066.49902489455
39034.79999999966
39026.39999999967
39089.39999999962
39038.99999999966
39051.59999999965
39190.19999999955
39114.599999999606
39043.199999999655
39194.39999999955
39130.199977807504
39093.59999999962
38954.412296374954
38950.79999999972
39362.67934058203
39328.79999999946
41814.974932787954
38966.531999999715
38936.9489552947
39139.79999999959
39181.79999999956
39191.429580646225
38816.39999999981
39017.79718450474
39251.68510874965
38929.799999999734
39233.19796640169
39135.625307352006
39257.39999999951
39039.21026605634
39169.19999999957
39059.99999999964
39110.39999999961
39032.46092058496
39214.78011146854
39160.79999999957
38955.224986929075
39224.09093736857
39028.321968256154
39101.999999999614
39004.58839866081
38929.799999999734
38928.35051251907
39101.999999999614
39068.39999999964
39148.19999999958
38883.599999999766
39051.59999999965
39055.79999999965
39015.74022042449
39122.38185413449
38984.399999999696
38828.9999999998
39164.99999999957
38992.79999999969
38909.54870419645
39173.399999999565
39181.79999999956
39118.7999999996
39110.60793702927
39118.7999999996
39177.59999999956
39155.36006285467
39119.01477745411
38988.254726469226
39185.999999999556
38973.890649946436
39161.02233720033
39137.95517105995
39097.79999999962
39030.60090264492
39084.7147825199
38925.59999999974
39164.99999999957
38929.799999999734
38967.86365510689
39097.79999999962
38908.79999999975
38963.39999999971
39047.39999999965
39005.39999999968
39014.572300620275
39040.5445942395
38873.49218121065
39001.199999999684
38963.39999999971
39085.199999999626
38858.39999999978
38963.39999999971
39055.79999999965
39030.599999999664
39131.399999999594
39039.78471095632
39099.71713193562
39143.999999999585
39043.199999999655
39139.79999999959
39005.39999999968
38968.71332341693
39303.599999999475
39131.399999999594
39051.59999999965
39213.972614190745
38833.1999999998
39133.06281101775
38992.79999999969
39076.79999999963
38986.60853293989
39153.62611041173
39093.59999999962
39062.489368593575
39118.64917202029
39043.199999999655
38984.399999999696
39059.99999999964
38887.79999999976
39005.39999999968
39194.39999999955
38841.832609641904
39034.79999999966
38959.31052024102
39112.27673617785
39127.1999999996
39105.210917031705
39018.643873253845
39240.59999999952
38950.92130682729
39085.199999999626
39224.41430529872
39165.58743161687
39030.599999999664
39107.229435411675
39198.59999999955
38816.39999999981
39055.79999999965
42100.910635669454
39001.505911149194
38933.99999999973
39022.19999999967
39298.49174693223
39117.16387380675
38980.744527793286
38900.399999999754
39202.799999999545
38904.736764432164
39223.79999999953
39090.418234484816
39001.199999999684
39029.06279998058
38841.599999999795
38900.399999999754
39025.51042738645
39108.91185906599
39085.199999999626
39065.47248721483
39030.599999999664
39017.99999999967
39119.0142491428
39274.199999999495
39122.9999999996
38971.799999999705
39169.19999999957
38832.353958483196
38921.39999999974
39137.124803722676
39122.9999999996
39152.39999999958
38988.59999999969
39110.39999999961
39049.839935841075
39030.599999999664
39121.653498136155
39076.79999999963
39118.135558427486
39093.59999999962
39110.39999999961
39068.39999999964
39342.21689417099
38870.999999999774
39106.82103739066
38988.59999999969
39181.79999999956
39064.19999999964
39093.85629417604
39110.39999999961
39100.135594900596
38929.799999999734
39085.199999999626
39038.99999999966
39203.51527869257
39026.39999999967
39033.35302094074
40403.4986279348
39288.370953987214
38824.79999999981
39030.599999999664
39139.79999999959
38933.99999999973
39143.999999999585
39166.31417545028
39101.999999999614
39233.36054011025
39051.24391052885
39059.99999999964
39076.79999999963
39027.62121130011
38971.799999999705
38921.39999999974
39106.19999999961
39152.39999999958
38933.99999999973
39085.199999999626
38967.59999999971
39131.399999999594
39148.19999999958
38988.59999999969
39005.39999999968
39043.199999999655
39029.17225866456
38995.580280161965
39127.1999999996
38973.77572137213
39047.7529236175
38891.99999999976
38967.59999999971
39156.59999999958
38988.59999999969
39001.199999999684
39165.48304376771
39118.7999999996
39047.39999999965
39020.35598262693
38980.1999999997
39131.40080067124
39078.71285991371
38997.93739445142
39072.599999999635
39248.99999999951
39026.39999999967
38975.9999999997
39185.999999999556
39009.59999999968
38993.30975092138
39026.39999999967
38932.236991119804
39037.27103712317
39152.39999999958
39147.184882272784
39085.199999999626
38972.24292179193
38938.19999999973
39053.91647530788
39022.19999999967
39195.07198920926
39202.799999999545
39026.39999999967
38972.42367314084
39101.999999999614
39026.39999999967
38942.399999999725
39055.79999999965
39017.99999999967
38946.59999999972
39106.19999999961
39307.948951629594
39080.99999999963
39148.19999999958
39157.41685111328
38875.45158074048
39005.39999999968
38883.599999999766
39191.98257534978
39034.79999999966
39135.59999999959
39097.79999999962
39324.59999999946
39089.39999999962
39169.19999999957
39278.61790297599
39110.39999999961
39228.186746401785
38974.97100731865
39034.79999999966
39022.19999999967
38988.59999999969
38996.99999999969
38891.99999999976
38954.999999999716
39110.26011319511
39169.19999999957
39098.77346300668
39051.59999999965
39198.59999999955
39009.59999999968
39152.60163791823
38971.799999999705
39089.39999999962
39150.32532388617
39051.59999999965
39034.79999999966
39056.42734247177
39001.199999999684
38917.19999999974
38959.19999999971
39198.59999999955
39034.79999999966
38917.19999999974
39062.37465515594
38860.61130230204
39143.999999999585
39075.05910679998
38980.1999999997
38952.72495212763
38854.199999999786
39040.380059435956
39054.905742141935
39118.7999999996
39043.199999999655
38870.999999999774
38908.79999999975
39142.41052221393
39117.2669292044
39143.999999999585
39047.39999999965
39043.199999999655
39114.599999999606
39022.97095499735
39026.39999999967
38963.39999999971
38996.99999999969
38992.79999999969
39039.59624396092
39030.599999999664
38963.39999999971
39005.39999999968
39110.39999999961
39018.32771724121
39068.39999999964
38975.9999999997
39118.7999999996
39098.39356468852
39002.854039864535
39080.99999999963
39248.99999999951
39043.199999999655
39190.5367564714
39122.9999999996
38959.19999999971
42265.826570849735
39205.511999999544
39114.93152198555
39051.120903555035
39059.99999999964
38865.19139987671
38952.14132204925
39034.79999999966
39236.39999999952
39080.99999999963
39114.599999999606
39198.59999999955
38907.81605953147
39077.90575661312
39111.94763672017
39013.24991971376
38993.51894825936
38908.79999999975
39061.0803743915
39244.799999999515
38845.79999999979
39055.79999999965
39055.82868483933
38963.39999999971
38988.59999999969
39076.26855266263
39060.665954836484
39034.79999999966
38875.1519931698
38969.65409841416
39071.425148145485
38937.909635193355
39185.999999999556
38925.59999999974
39089.39999999962
42232.633330121964
38982.5879999997
39085.199999999626
39072.599999999635
39064.19999999964
39219.59999999953
39073.26331612797
38963.09593215652
39026.39999999967
39013.799999999675
39093.59999999962
39198.59999999955
39173.399999999565
38917.19999999974
38841.599999999795
38980.1999999997
39219.59999999953
39114.599999999606
39114.599999999606
38984.399999999696
39055.79999999965
39101.96718575442
38896.19999999976
39085.199999999626
39097.79999999962
39253.19999999951
39089.39999999962
39127.1999999996
38921.39999999974
39131.399999999594
39151.89903656131
39026.39999999967
39139.95015154854
39089.39999999962
39177.59999999956
42129.75040079865
38799.923999999824
39022.19999999967
39059.99999999964
39143.999999999585
39110.76574501738
39139.835572316144
39055.09726107577
39219.39051773297
39038.99999999966
39024.43937678297
39073.51402669548
39077.56441880881
39202.799999999545
39177.41013136082
39064.34131667683
39131.399999999594
39201.79921297938
39064.19999999964
39215.399999999536
39068.39999999964
38981.337752931664
38985.43486869113
39047.42868483934
39034.95050618496
41919.151896995085
39165.29999999957
39165.8045448577
39127.1999999996
39027.96544121653
38963.39999999971
39118.7999999996
39236.39999999952
38959.19999999971
38946.312386180725
38925.59999999974
38992.79999999969
38702.99999999989
39101.999999999614
39192.632102972995
38989.60205072473
39211.19999999954
39019.34014893792
39148.19999999958
39038.99999999966
38980.1999999997
39164.99999999957
38959.19999999971
39034.79999999966
39079.39916498551
39068.45574703667
average revenue:39091.09906355189
possibility:0.008