40827.7655986338
39954.349181449776
41656.91965049268
38620.86326856378
41941.375542533715
39180.68877402246
39215.219820506776
39106.12458476445
39153.76148639791
39723.60318303892
39064.80923870083
39154.3535869917
39132.34098180432
41297.29873898176
39859.07994405384
38825.343884569134
39376.349250030085
39335.71208488533
39765.78049785325
38937.15088624139
39275.54142455534
38912.71917809888
38989.54704555092
39676.40055303365
38988.69392830271
39551.41566827046
41625.98292221499
39188.06909588404
39125.65422722515
39019.01753607961
39057.125717374736
38879.48682057208
39117.359028690335
39254.680697163436
39002.24570826114
38903.18849397206
39078.187873531795
39242.61775895277
38843.603038146386
39253.57293337341
38958.34374795555
39181.88633334424
38935.76031533596
38627.28300656598
39864.0554733129
39207.04190505978
39077.08896858908
38889.24299498435
39070.838443967245
39397.16493622467
40883.34994344997
39630.42332737682
39370.60644136152
38920.27549134262
38812.5696578793
40185.134404154625
39364.376773396965
39358.77122964808
39401.88234039929
39349.46473502903
39564.67068623266
39275.52263307654
41444.97048269406
38765.887862547315
40386.374554917085
39042.01888918055
39319.64323686658
38932.90561650564
38904.9004913287
39080.20188024531
39012.84744350154
41017.28290709502
39295.35306128019
38619.10870574252
39245.06097819387
39265.30782657038
40323.6891045838
38890.88852293079
42110.67220353474
38945.38305366815
39065.48902428184
39054.83222038518
41510.919646851806
39317.648000727604
40743.624699456486
42230.594217763595
38558.88291500899
38671.755427944656
39312.676297285696
38618.41209418573
41613.91029013482
38958.15973266853
39159.58499550406
39271.04433170476
39253.13334814267
42051.83981820815
39016.097099132174
40662.82075480139
38832.71143685828
38959.99072519876
39038.157165689685
42079.20411287449
39132.57805993853
38822.067783817525
39134.415824140546
38971.76135591366
39369.61174063964
39023.813560220886
39308.79867217409
41896.636118213886
38885.94199435333
41755.951805684716
39110.139329383805
39160.43164533112
38933.11508345985
41487.51661547202
39189.587545091614
39593.960067138374
38809.95991091069
39133.6027210516
39531.799052514056
39019.89018947112
40915.783499259865
40526.40244759864
39197.11681012876
41737.060123145624
38789.229169328384
41396.059486167374
42064.00510827219
39008.26343516191
38680.869030537986
39170.5596994043
39270.85340168516
38600.00780331741
38912.270075361295
41679.70705175911
39162.55580280756
41439.032087949694
39365.32876150253
41073.54945581135
39039.512246708124
39390.241018242494
38745.64069238558
38617.145695546635
41337.19706305651
39277.59167346363
41328.268018683855
38882.271659601385
40301.931309083244
39559.78395599017
38848.21736614087
39736.186013804516
38790.53121822349
39095.051958582844
39021.64856850596
39081.46443380279
38956.60047509271
39409.56952894765
39016.97342933329
39176.62168541233
39006.57195909454
38620.429467988564
39828.2787593155
38860.98665012182
38457.210533225334
38749.447433939866
40353.509542720974
39097.740854024974
42297.36972437094
39237.4790777744
41859.86150722942
39071.57691946334
41481.287867157356
39621.86116216533
38755.10115920826
39179.164983345916
39469.22370435645
39216.06731835441
39243.86080086481
40394.44162477409
39317.40026332405
39188.3625677154
38892.66959428129
39065.53798258107
40846.35113920241
42184.60101604429
38968.45291470248
38854.56957944223
41392.779048025375
39680.560457895335
39377.93069684999
39193.06299560811
40067.64327163787
39028.91825361577
39265.92685497734
39149.166848770685
39163.226722318366
38987.5374628206
39352.37500691396
39275.11458614122
39320.72532270657
40869.620211950234
39011.532334489864
38699.39860796301
38788.92453082998
39235.81758800149
39723.518718387175
38920.32367307504
40195.34168063969
39409.23287701202
39101.845725379106
38805.90554923527
39391.055680742946
39327.946921712195
39243.38749372893
39159.14766688622
39211.467762307344
39308.06178881411
39084.54175178685
39015.67425199696
38767.43155857858
41674.51404546692
39082.57634743136
38693.3234262381
39420.91592595853
39471.280556066784
39586.84264287925
41795.87092079884
38728.73096286347
38988.29805338917
41175.21514318312
39276.988494195604
41822.85377882901
38936.70694859573
39064.689242946
42081.30960661778
40873.35284699918
39960.69448512536
38897.79523764523
38862.54016765693
38669.88711276715
39090.78289442366
42011.8823700597
39651.572938175974
41832.353709822266
39080.0705588607
39140.18022579071
39261.984004008125
39193.98652841092
39890.401083239325
38912.36151828313
38850.716058254264
39084.55520209469
39074.02678310465
39287.6580475802
38708.73124065514
39108.96475704527
39144.17004138984
38872.267726663216
39490.578901299974
39077.95521050012
39013.687747992735
39166.897558513796
39893.9380685292
39165.724736552445
40290.43188876811
39108.032076298645
39519.33734606105
39331.38091843053
38889.61153438029
38936.32804923095
41223.37106075752
38586.79485548993
41221.27702141857
38786.00302797398
41645.51976183078
39016.00164253853
39239.93302701746
39294.895894217116
38963.72425651526
39344.788484016455
41684.25592972397
39148.331258012906
38716.78173387548
40757.74347217021
39048.973908445936
40810.80896393241
38948.79893314595
38897.11813391306
39143.26663024728
38949.571882186625
38931.43865193205
39530.86438738383
39379.91833222696
39076.97127067186
39153.48955831294
41811.56158273254
41060.724854559994
40866.74321940811
41650.51999881571
38594.66833460236
38868.713432579534
39297.378325936195
40655.78546984583
42192.1690708552
41522.2418731978
38953.76739261737
38940.54361835335
38987.574467146434
39067.06582468477
38976.19672080874
41037.50269777293
38830.83639934449
39064.37692806638
39708.3120649595
39196.56865680328
41482.90477856276
39237.8188385068
39093.35318595507
39214.78193510947
39508.83742746721
39012.71679100931
39096.14154233391
39369.766589465595
39029.23549790817
39037.80863902049
41069.72724557165
39219.80136828512
39937.80407833801
39192.829352409215
39277.15336290553
39518.53414657173
38913.42011980823
38993.072404531005
38745.564491846504
38726.16140821487
39578.95211578725
39184.05999709363
39226.12227607543
38907.51859219997
39423.83900793385
39537.44487217414
39098.668137323715
39986.064708961494
38973.07483114212
38886.69204693659
39237.38316462309
38947.789519944505
38973.47480718929
38780.734941398514
39264.304327258535
39116.52674050746
39209.46943438031
39176.19885122273
39181.175394402795
39131.456152029736
39222.427806131
39024.65555471558
38944.92367533375
39214.71124331326
38810.99395876542
39135.00159076755
39376.95561712424
38757.24630873807
38619.11328480812
38830.72323738548
38874.21057755658
39327.92540738522
39213.450527959685
40990.66100896693
39379.9099064728
38883.09326000546
39001.60158369142
39103.82618781976
39184.36476766629
39366.67917047648
38929.910568244355
40493.2523612491
39216.815806851744
39072.60446954078
39130.06537737189
39105.06474402065
39115.45625321007
39136.48127133379
40339.11889659584
39263.45999137258
39338.20522510204
39023.23982965626
38942.833957754745
39081.58259069246
39858.88765904892
41783.26559018102
39303.538799410286
39176.42071765509
38918.59175782455
38806.326838702924
39066.77784924948
39206.33088523055
39384.15631314443
38979.13528836549
38621.27815152625
39165.83842901921
42185.3739244896
39187.723315288735
40919.60530398511
39036.31006114057
39243.07083573216
38697.75915935829
38433.41615365209
39084.33190710199
41099.058094673725
40587.95390262427
38966.58144794734
38947.17680406606
39272.428316598794
39440.66654793767
41655.2932102915
42049.6478714308
39066.565873062
41325.23084436176
40873.27044032313
39169.50365584496
39166.8673065491
39161.44686820779
38705.73605657831
39336.1346259538
39099.67565476671
39113.5214495891
39175.2256235037
38868.8686497332
39203.658694618316
39212.23974524541
39160.36728643815
39113.981147967745
39252.68574039372
39129.473417510635
39139.02521479383
39196.66982531396
39324.48623399132
39187.23960317767
40245.09438741843
39133.60384767443
38704.85760692063
41337.18294383153
39450.83642039421
38921.68591971027
39031.42910578574
41892.16582070855
42189.992326490494
38910.35365194525
39025.724183082384
39087.62717337201
38740.01158615977
39058.65830029448
39072.36552692037
39198.73368106413
39343.51650637234
38793.57058573693
40930.91212313952
42311.54466375565
38786.38981037667
39145.9962987011
39147.342890167056
41001.017047948364
42036.746909227106
38935.50382159134
38835.61449749423
38977.6611305011
39967.17442331119
38869.21079103122
39025.68892315235
39438.46060447642
40508.38740541895
39473.330305721654
39705.996060383375
39867.169032081525
40524.539779647086
38771.648634003795
39453.71251867612
41493.7658550363
39310.63260013434
39205.71930514875
39215.59657384979
38899.90942493479
38928.1088353755
38976.80197312612
39369.93140654103
38981.2237527131
39023.98529943248
39755.712839339285
39178.7429192391
39167.40120872409
39058.86683161883
41649.01751970399
38879.89074262048
39281.41245798046
42175.9737215001
38976.16171615061
39032.588431078235
41327.620183234314
39047.23511148025
39189.93616047199
38740.141013220746
39074.95084760047
38797.00673951208
38887.170357888346
41023.20182839089
40714.877282201785
39164.97484986494
38928.02809479316
39009.95604314414
39004.862721646685
41210.922920832054
39275.09903743536
39095.908093616235
41299.2691089335
42150.28709078058
39392.074429657005
39681.01809244255
39139.55983054228
40388.15145302585
39211.88976388071
39057.78655260908
41962.3968973606
39063.018774570686
39931.66929684196
38937.36348180881
41059.428789876714
39152.10570989664
38779.419814410976
39113.910542896825
38934.55945749005
39053.10047043844
40909.55363161712
39551.81528219376
39262.86769230719
39443.3283292801
38759.89106004333
39057.367973213324
38911.58021261479
38995.04595539243
39281.42114380766
39256.85696652976
38960.232165343914
39248.352026987304
41360.03799833072
42123.3203155788
39396.23775335588
39141.45196883565
38989.97647291855
39369.65663977998
39393.915601194276
39244.97468679048
39255.118073577025
39148.499331915285
39657.725185001626
38892.839639763486
39925.45253074631
39045.11169423912
38794.37768434295
39064.944501047816
38749.891288039
41507.730529523236
39047.06463748666
39175.066235684484
38878.30548248662
41231.18008135999
39178.23397746679
40085.6808697663
39286.786729555606
39020.58451264949
38958.04687819155
41061.311153356124
39123.541786003734
39022.704530890755
41214.3412001015
39309.73722869012
39870.199336942744
39097.2445072893
38671.39009706895
40710.99621770053
38855.61161939479
39071.14034435752
39744.15370474396
39243.2355523055
41942.39019607553
40337.357440941894
41407.6942909212
38982.18367934234
38955.29726149366
38991.21740219584
38831.83868718394
39262.23966156138
39013.64777485212
38951.808819512546
39149.82997398371
40877.08966959827
39018.321564690385
39241.44085986546
39063.50587517403
39101.5969647083
38948.46493702236
39348.433593628695
41496.40010453117
39022.86873860713
39348.03125102274
39246.48485985059
39297.82948143685
39046.51503800105
39238.39643980613
39102.846910428
38804.04018748462
38843.314271579395
39395.607244111765
39728.38711211197
38846.841036193226
39573.97582541768
40718.83743169288
38876.12158452853
38930.728593319196
39009.010739677
38934.36762218895
39649.84967767492
38677.57758129524
39278.33176028217
39282.77142548581
39275.77156192855
39045.63606708546
39285.317892084815
39792.27470398311
38844.751460776395
38970.838591887645
39185.15508739567
41975.462303250286
39076.098857348086
39048.53611411118
39696.34308180074
41814.89478649696
40716.35044759647
41327.101265704
41438.82080554963
40426.96205156851
39370.09611924379
39122.02319398115
39492.51757423586
39152.58957215363
39192.70039059288
38909.11435238051
38990.50845539997
40248.32889056203
39060.0077074244
40458.290774666624
39469.272359091156
39064.228325632386
39048.09255419287
39265.784693181435
39004.63963735204
38970.13278517221
38867.2977948538
39562.548592739215
39363.974141962215
39144.734022810604
39104.53506320144
39020.23113155208
39127.67135978798
41462.177010935535
39202.47507567463
41043.539423533235
39283.98720503735
39078.07672038332
39070.22696818375
39239.45233919492
39353.409034172386
40703.131673103904
39368.16489832137
38769.887812180445
38969.04813125947
39208.80877865511
39100.13128531103
39209.775849415026
39154.16357558599
38620.764104352085
39028.27008227485
38888.195674187926
39214.19622120763
39318.12628217771
39201.19038449667
39257.946917119385
38721.59627576904
39479.39279934578
38784.87889525759
39317.66107424865
39196.255593192
41771.28102395438
38928.250066098146
39029.37207073595
40250.30583519085
39217.77014252691
38735.58354949358
39045.09735778631
39289.35117246554
39302.00877303569
39754.583150393766
38761.327866072585
38891.028997788766
39615.88370712296
39112.6862028931
41232.90126496663
39265.62279289066
39037.536380834026
39124.083791279
40856.484798960686
39343.034781749186
39276.31423015289
39231.16169673123
39207.9426219842
39491.381811452295
39293.28973506794
39034.70292606298
41236.60910537255
39177.98814971998
39033.99435825612
40623.09300325958
39312.936456836374
38633.84838690223
39846.12484571115
39253.594046652805
39286.6220160634
39034.13932392303
41958.20435143073
41867.76485908814
41818.00481570876
42226.118112245684
39346.33202504421
39278.875540510184
40781.84887443478
40839.19323333083
38803.82120731286
39071.42172154957
39175.16284859846
41628.990016303454
41782.35428922114
40728.598565746135
41824.38715037321
39400.30816383962
42077.51294052535
38912.00465388606
39422.5334332557
40599.98552146732
40824.08385736259
39328.17637860377
38887.640057569675
41988.642000825486
38720.83219539258
38948.4264709096
38891.16754355056
41642.52144007284
39016.782319018785
38816.06525910553
38799.122822874124
41415.16332301933
38972.98821218102
39180.95229693947
38843.28082862882
39365.91439492643
39189.49610145142
39056.72286615164
38945.584517671654
39123.09501032775
39295.054016706956
39362.882151945094
39848.20154763313
38839.93232613106
38897.06050928385
39330.240288099354
39495.866559295006
39100.01899697178
39601.76614852407
39057.76533477413
38963.92455370287
41636.360955120035
38675.33997789389
39288.84896365426
39023.05001383235
40599.05074847767
39080.682871191195
39751.91185950798
39083.36664749841
39564.34934434434
41072.57824287043
39300.20593282073
38994.77161977671
39867.59903887869
39026.37113269207
39006.337085619074
39096.95670697843
39238.24474297364
39048.19260689522
38913.88521108668
39159.147146096206
39259.55829576547
41759.733955355565
39097.53831266805
38890.78864630412
40706.85147479346
41995.72182084719
39151.78692536121
39628.91341372344
38932.35256573641
39330.02336937952
39426.30814655334
39600.06137858409
39352.23038658718
39526.782953393216
39141.54897631612
38835.83592340443
41783.41265681065
38880.169525673526
39392.14593014
39238.92363510636
39044.81301344548
38626.15897308217
39062.29934926674
41792.32562885661
38968.4244395043
41762.93797300811
38953.18463836114
41935.42836459537
39537.01080496823
38993.32051300651
38960.07491227035
39424.43743056727
39093.47288674938
39423.48838046336
41525.90979851267
39475.65162420113
38979.17227432438
39087.55543602675
38942.518795377786
38600.38533175921
39233.599416605866
38986.39044081095
41663.80986111144
41142.545872128954
39268.45426132078
39185.49237481396
39604.24075364353
39430.27446047087
39176.871509839955
41284.1695709939
39236.982499622165
38899.5282997934
39494.662173298835
38854.34985651182
39303.8440240076
40275.40193462252
39370.21303196415
40887.58406455238
39097.95672402706
39121.82504482672
39358.95376932909
39010.13493998784
39293.39660306083
39578.24856203597
40271.243423090345
39151.97738743785
39169.37077566329
39545.458345116254
40011.17906318444
39240.69777055577
39161.68945347493
39364.504247841585
39024.85252004362
39229.44036235725
39424.30397434386
39080.30553723766
40435.297066031766
39059.36682525363
39071.026933491434
39348.73459297151
40214.41712074966
39520.00209045242
39709.986687844976
40382.63671215152
39476.52086468527
40432.255468514355
39036.946944156225
39675.91118343345
39915.64388979829
39671.70486206688
39032.82895856374
39435.189022110506
38919.874125027796
39125.75402289198
40289.198513061056
39280.324473494555
39066.24812711938
38825.11128203199
39044.00801988898
40757.83904746802
40866.43362958748
39133.46576608668
38809.301437694216
38828.64147719888
39071.545752011014
40699.253306681414
38699.36539432635
39451.92140260517
39310.19577408378
38602.41106542085
39292.85284376224
41776.32503134082
40399.11928787191
39492.96593733168
39264.11123119897
39035.81549367361
38981.62595084899
39085.08377991246
38925.01917276711
39193.798580076276
40853.049086087514
40975.0371627792
38909.57641906194
39717.53903377962
40923.65275170727
38978.33910358776
38850.440432996285
38523.7895192857
40847.03351804436
39093.73855308979
38894.57927808359
38898.80773749014
39212.84488005775
39055.96321832874
40600.63005927864
39092.57664917279
39195.82463721757
39476.469861534
38771.30955182428
38936.353631415914
38914.2588247312
39071.24964812397
39134.724487020205
42035.98227068477
39067.39328919666
38910.26262411575
39069.78242969059
38876.64569875345
38837.59646442896
39660.16180877965
39341.50374047161
38667.36342435031
41822.815297423374
39285.478511652684
39539.38100562815
39182.32883377202
39058.33369275459
39342.568887964844
38920.75493378899
41778.04791972783
38953.15608850904
39124.584585986035
38935.65887876111
38937.63960306174
38974.15905093769
39125.00298628376
38832.521028369505
38971.081891637645
39303.04042791592
39912.08355060536
39020.1088182428
39077.335322891966
39086.72509388177
39232.21937210226
39207.2661949665
40103.41273846198
42032.009307114036
41044.320415443595
39320.7395183086
38816.04212182845
38620.90691519643
38602.36048155229
39379.83522578022
39155.93532568172
39213.0219669791
39125.9332990593
39100.49663529691
41107.578435196134
38950.23911041792
40295.33317733977
38939.6444004278
39180.67477505802
39174.11786269985
40232.446352829276
38660.703894879334
39329.64664907488
38894.13391067703
38976.01127599742
38851.01992279781
39204.80242706477
average revenue:39536.978995579135
possibility:0.161