40213.81709842895
39459.87319682098
39369.24357905089
39191.13485301926
39102.951796134636
39357.478919598936
39150.06415918962
39224.54839170464
41697.13565649384
39055.004275519495
40137.175092193545
41589.336049091246
39282.18298229656
42138.10181815937
39745.50961873722
39126.23325899016
39173.73934293796
39068.10687316428
39449.62531898499
39212.77778748669
41561.10856585251
41459.145664567506
39133.374615987304
38835.07268472462
40786.67009661396
41650.53285400438
39209.69047018554
38920.82253101482
42142.9728054113
39406.619978028604
39176.190289526014
39301.37108010907
41720.05448658878
39508.692656325096
39623.366237690054
38835.1909570584
38885.85060934444
38969.809875443956
39117.7570755091
41069.43057319661
39083.414852413895
39414.95716726911
41091.76565802661
38710.6343939549
40589.8270742314
39183.075708514996
39403.70925470865
39310.44192260599
42074.796794424044
39029.884829499024
38952.43897497703
38894.07359497161
38895.21271925937
38806.45711238589
38858.17705593981
39213.2656900219
38807.315232024215
39145.31599244579
41241.836331155835
39039.20414593054
41883.996473433086
39298.59271933364
39611.6774542543
39015.49078144852
39136.62090713082
39864.0909714806
38851.93611658385
42157.20129562172
39536.255522181455
39401.74972309809
38912.27423863742
39024.05660364084
38953.002620007304
42082.16608659284
39322.727951515495
39054.85181476052
38965.31280967113
39224.29966553006
39453.87036421775
38795.89616203946
41759.675138728875
40736.47171510647
39489.93096752992
41762.40119765908
40054.82580341028
38797.27354465274
38948.704078689654
38990.57881282607
38927.83543092804
38814.040798444454
39231.521801760275
39179.65270060021
41066.255330073865
39590.24529521967
39250.26729075782
38848.057565402516
38818.16762034702
39302.685230043695
39773.82761225625
39236.20166546873
38950.703048189906
39695.22579925285
39145.68276293297
38838.422636986565
38989.8550214782
39168.16308137665
39430.06364252576
41782.258519324496
38781.07868528266
39036.41644701292
39001.47739479089
39350.32370150704
38796.66307810821
39157.69735135674
39177.97361284749
39080.86702601448
39196.54774982303
39107.21605714639
42043.282694115966
38881.69183805334
39216.89138055803
39012.92365743664
40168.41767412581
40406.097367764676
42219.13063682061
39009.003188687355
39637.467074185544
39748.05894234645
38889.900165119674
38776.03875941176
39179.96091917805
39168.47983479276
38949.893573531815
38969.400927549694
41554.252353445634
39057.39245597846
39173.74055990643
39221.746869174116
38850.23787225863
39031.99100536378
38894.37248213227
39001.96844314597
39181.638506489784
39582.551888585534
40067.99781018469
40577.24738765504
40281.54110565348
38843.60589546512
39054.37300426551
39078.5204128553
39091.92669271597
39076.326407925706
41222.23006560697
39262.934024282345
39201.13888643459
38930.37455248266
39014.54152712589
39719.952231901785
41568.840054293345
39212.17807491842
39013.80398609425
39291.18684396348
41815.135735018426
38896.85834862198
38926.62267730312
39086.27937042202
38990.92335496961
38891.50500376716
39136.58049621413
38926.752498229966
39607.48369561437
38784.74994492971
38998.770231379596
39529.99802409034
39290.42929749798
39167.90461555385
39077.63961382194
41501.228447033434
38811.02719679651
38969.05386144599
38823.08819037581
39803.630917526345
39160.084379463704
39217.11524655711
39252.946505470485
38927.46576035852
39066.12339783671
39675.27161900546
39546.92415577337
41931.93155048528
41912.88755035913
38875.4720244753
40911.59156868661
38975.383525888
38949.41371769726
38974.772561217906
39054.11753929612
39637.37524028435
40662.36095827435
39446.32471367898
39091.0135738984
38776.04782170884
39136.8808425846
39073.257455205625
39557.74573723631
39115.34378836303
39304.506068071816
39357.46511789343
40836.19125657094
39353.029645447226
39184.360110088965
39035.54852297772
41305.309725519
39226.884319888624
39321.88398940043
38901.975901711055
41501.57173119606
39089.20228976368
41804.54660700492
39302.325113706334
39285.45777737311
39432.062379136885
38981.86348941246
38967.49544173977
38871.62660897766
38829.28611288801
38841.24049855561
38977.90301740403
39080.20942190036
40762.467886899576
39741.168956207344
41831.52206321767
39673.87865842217
39587.183980818525
41125.04263101275
38953.20359715899
38727.870258609684
38981.21010224131
40530.655369987886
38936.02147593625
39143.49505516973
39153.09612076427
39298.08220617215
39680.78516610096
38874.76013793578
39416.61076884243
39292.07999035262
38988.73934018883
39484.45961440972
40538.619259122344
39205.28005592016
38864.685018188815
38757.052605260236
41875.40869539056
41357.16528003112
38826.90015908229
38655.87671647397
38986.64900492014
38917.93660348698
39140.433828539964
39145.26883516136
39319.97425689633
39099.45352430032
41847.56351690091
41426.12419526141
39908.31477598227
39035.424895102034
39061.48687717162
39828.95677969573
39522.256685613254
38896.44153461909
39261.387753482515
38862.32905128695
38979.73556163712
41648.262538219446
42311.20697704473
40244.660330303595
39350.30684796404
39126.10832488754
39030.65333806183
38974.634606049316
39156.02231305751
40891.037463356086
39127.02854232801
39570.69192575159
41903.671197136035
39137.032813432976
40172.54103112829
39019.88654482357
39262.70045928135
38928.432766270176
39040.26958501938
39064.73024785889
38877.54898614586
38859.38225128278
39057.095564396586
39319.4134856848
41515.997952910395
39446.30000634986
39381.00881656485
39850.69141888153
41574.72004312086
41930.34863936785
39136.594608767955
39307.27759026246
39025.42881027945
39186.78635183312
40083.26183481545
38901.5164092021
40356.71545006256
40331.02297318374
38959.27389236635
41572.24292849588
40614.32625534833
38839.13929188315
40041.917328870426
39496.134148605954
39100.00094586618
39438.3337510301
39158.425259623116
39254.03722118551
39518.70274263775
38892.74875412997
38949.82985934997
39687.546070341195
38893.28649882247
41154.02226372868
38803.66496061325
40245.76833652055
39291.519714635615
39047.94845926983
39120.91232384541
41983.122437254926
38830.743291430466
39090.76154928436
39563.06844296218
38659.431788735725
40673.604260156724
38893.97300460555
39151.627585171685
41945.9372168901
38933.273365461224
39176.693284874105
40410.93377734746
39190.825746897004
38983.8052695634
39521.76457450814
39291.22122639145
39189.71335841297
39144.2511449681
39426.19118403862
39237.83822285246
38835.67096598998
39076.837007864924
38844.909497734574
38925.68491265428
38991.62452857523
41353.00202734804
39232.4852828497
39389.45950902032
39150.14954666551
39051.62599328247
39382.36464168567
39619.71765655104
39176.54831906891
38840.04241037633
38963.18145113014
38836.23709884675
39130.28303539201
39280.23820136314
38730.5721410201
39367.96129889142
39214.44178202657
39336.36042619249
38981.78512948366
39880.01743234332
39468.715878694704
39040.41063008752
39240.58535405223
38939.77309437839
39285.6383852675
38923.23892596923
38964.46883216176
39150.42808049392
38699.6357182995
38840.25510116059
38837.16074660106
39008.16231683033
39228.48583578083
38996.05185808124
38890.29820406259
39541.92862857449
39565.86806117064
39052.933022839235
39008.7204919933
38994.94232456394
39399.7892838085
39666.33513104532
39018.79197516612
39128.480931038495
42200.17123554744
39640.45820379154
39436.882734184335
39273.61568605216
39116.16991513031
38913.2114960528
39002.093661462015
38812.23093359745
38854.81499289565
39002.690814368114
39013.40241674182
39008.44538933776
40354.93465940079
41243.980432353404
39539.009529294824
41456.04077802362
39482.42602917464
41995.01321886022
38969.158579827716
39434.88165777314
40662.48939899053
39080.705833549146
39813.56744067452
39212.62653593693
39563.9370505464
41101.21682952992
40457.24204681229
39335.52376050317
38977.13799503005
39722.39765077161
41260.513199919784
39263.17348266226
39168.12199123184
39907.78367455059
39105.91407637263
39005.86380570537
39088.032351331574
40129.90413841775
41807.02965396507
39180.637292219486
38876.93966112094
38976.82070434659
38697.33800353392
38661.174478529516
39134.70741615289
40945.44379841109
40033.63068244443
38652.65791262762
38708.82957673653
39033.540578589935
39093.57988243768
39839.53745587136
39617.661355390606
41534.6221272919
38841.97870269963
39089.35858105997
39363.97183668651
39688.28102642736
38716.17834081221
40224.58237803402
38906.31744676962
40144.06717480485
38979.85559991668
38835.58398787267
41394.955889598146
39294.53196684111
40148.65039712479
39154.90728968388
39269.42997833007
38829.27707722404
39899.708838874096
39474.046171782604
41879.86346923766
39302.99365529438
40948.78483851874
39294.08692147629
39328.1092565232
39137.310693570675
39186.45211758835
40284.77306430552
41019.84763597229
39424.68028681031
39264.69280478526
42242.51947560108
41747.73171257998
40881.59220167283
40028.79590891795
39713.77718042247
40162.64625881009
39418.07646296556
39436.8593128024
39638.590468817776
39291.651296264725
39172.475792091
39238.50111278528
39202.7346794313
39402.66308568887
38897.3377245705
39699.48450232178
40420.69731588726
39157.424192891354
42152.76492042047
39087.56102607434
39256.90758235292
39358.91178907025
41422.70320161973
38918.56738949907
39059.86246804109
38967.07483840459
38901.51313378189
38875.94595943503
40236.71456986964
39059.37802548133
39215.108657233635
40751.98003218731
39250.241413460375
39150.7460401353
38914.57755120726
38980.932177890354
38974.44698151693
38828.346777780745
39134.803059395636
39241.2149363967
39159.64111963675
38643.778680316784
39678.55889359657
38883.68305538199
38988.86953760807
39521.5941118785
38970.8852107817
38842.87530937507
39065.62334953284
40802.14248083248
39142.75171394907
39699.22737140572
38931.361617958355
39004.63273395291
40140.637836054135
39208.12306848631
41656.047763820236
39285.96739333681
39145.178357762765
41904.95567825185
38982.01302174344
40510.88364263971
38956.48141052108
38770.62472111615
39106.432068930786
40386.33712765221
39623.38486184073
39377.80334621516
39135.227450936516
39286.516025648954
38882.37928768601
41872.572756793925
39043.90955758375
40953.00262465576
38993.89229834101
39689.35924635047
39018.839304758134
39332.55309611044
38828.061161894286
39060.75067990752
38731.98810714671
39068.851653838676
38874.62460988439
39188.21150527973
39336.280071301175
39020.45583125745
39030.26240958367
40359.71746591143
39046.975545061985
39771.7628487743
39348.26001714287
39135.186267729485
42197.54343252529
39733.28340005562
38841.89922891394
40671.805621235784
39250.626683124756
38867.70010479205
39066.394184198056
39182.40435493633
39478.19721737478
39937.68655496323
40429.391213768235
38948.49580660364
39188.52364823269
39105.533437948565
41063.87681485629
38940.806133875936
39269.147790912706
39050.6840682028
39581.540937263155
41728.21585644952
39097.89493371602
39324.41619608627
39265.76986988074
39518.54307027777
39180.1884268152
38930.07084877725
39213.22999821469
38885.9973852675
41821.19932956674
39144.109919162176
38930.13814083782
39666.2118099601
39151.02287583426
39070.18392581965
40204.378961051916
39672.09529435843
39039.455751074216
39378.32931847945
39221.559921095795
39615.3799858287
39197.60518624024
42226.44963105651
38865.84663634325
38847.297798276246
39905.4335992944
39006.06279113774
39876.287240792284
39037.65544944707
39265.949436930096
39366.24124703046
39126.77560674741
39007.30534611304
39440.15336950449
38921.128888379666
39187.61156192491
39566.62427737112
39100.507569949055
39030.6194834239
39553.38820246082
39640.70512547931
39126.36187826069
38877.5975045499
39492.63152694625
39056.44915848238
38970.18783597865
39201.504384352564
39592.24228686784
39039.77740622109
38913.58782335194
38764.33884806146
39317.35730617118
39005.41662944156
38841.35050753811
39011.072260319124
38637.35104277755
40061.39015677326
39141.32696479944
39194.35941031381
39280.395320503034
41568.52733788443
38972.906433127784
39153.10895643094
38959.70510283981
41869.74363856262
41628.3209585445
38930.81189029714
39922.38561550564
38967.73062609075
39110.23609542489
39365.31855001955
39050.73901245448
39588.14881037534
38913.345568436576
38961.42897553365
39009.00273596313
39170.08681454446
39325.657012947384
39462.97914474036
39202.58236233797
39436.21179631799
39057.92845768454
41412.6147851504
39069.648568730096
39142.04276914718
40221.9202582124
39244.128012377434
39264.32150513851
39049.599144184
40524.024596679
39130.44845251158
38779.0573046578
38792.391159262275
41492.767572494246
39346.767413431284
38827.58072208131
39054.74710259375
39243.67806251342
41107.82534506336
38908.127647208734
39264.733024745576
39080.76564561442
42010.76985884098
39240.53618975028
40203.64906993511
39350.075454102815
38837.7670868191
38967.0219647613
40533.91082139549
39229.324413435286
40301.176301298525
39121.55293941392
38840.86772390488
39064.72297083237
40666.45526766635
39010.57971203215
38962.718672949886
38988.710040648635
39033.6030153143
39045.93388556043
39539.787854860275
41545.62231422533
39010.786646876324
38868.58906224216
39029.44942436603
39150.12700489369
39280.605919023605
39383.761013347175
38687.90330968843
41587.63940475296
38834.1533020275
41281.3628410128
39132.19394863017
39279.88292591918
39119.324408898836
39282.6966962819
42049.145400097645
39117.484973549865
39001.87178347347
38998.85064311309
39164.67073757426
39181.966350144714
41363.34846723871
38753.22711017087
41620.74259425959
39064.72395067698
41279.99809290762
41001.81786078701
39230.23350355354
39148.905466218435
39043.754390521026
40795.02599809424
38974.30293341311
40999.58746994032
39362.59865866685
41137.228284330085
39729.472380970816
38902.49500551045
41040.008892910104
41652.80527876961
39106.56107597166
38974.150349277705
39349.56037899648
39052.17733874624
39681.90856690417
41267.39741074452
38929.18195824437
39513.00791043547
38774.65871925886
38775.33665083325
39058.03987877061
38842.146079423605
39189.769766791025
40220.45710285173
39028.58856149124
39170.55596563247
39155.287205039065
41135.01341661987
39121.21871638352
39310.57655174532
39192.26014955302
41882.507822862026
39350.20662211481
39028.930671209615
38997.14780994947
39515.67786681108
39135.401766149254
38919.56769473329
38930.01325602286
41868.71990871691
38861.970056922655
39340.759168665885
39116.59707445399
38846.95451593111
38933.32482005931
39348.52204380944
39446.57242154431
38901.310755411076
39250.83222284075
38801.86454576159
39130.0012073306
39045.60440948526
39319.84970168572
39087.442947540214
38917.532048564586
42036.81945766219
39754.28386258789
39549.400713600335
40096.47504144221
38739.03004220028
39354.307463618614
39040.5140974558
39430.29313112259
40090.7477256967
39178.820614920325
38701.309030120225
38929.050649720346
39340.08530290994
39242.21793589554
42097.13444239397
39141.02284257849
39268.66357305186
38874.84468929693
40307.32971965666
39002.79439180519
38998.02333424124
39247.46231597574
39420.607902638316
38701.099928970325
39338.7964867298
38821.59625112897
39041.95215802526
42203.11284492523
40646.155458458605
39792.94775215693
39241.06118610962
39313.352569911665
41249.82836922827
38644.05368760276
38810.07483423885
38986.97611078518
38976.848155737345
38983.50185594659
39106.53976509684
39334.38404526896
39054.338143834175
39208.97236765982
39554.49502085917
39013.33771439579
38835.44833051415
39247.1054082218
38826.1484089063
41671.002781067466
39014.262815522845
38574.52657224118
38931.15727173375
39910.61001257995
39029.38343122532
41946.12705505346
40707.72714239647
38935.01661099188
39263.75297976471
38955.06350676072
39572.94559146406
38920.718975658296
39076.96674308784
39092.07347613678
39146.07601888657
39924.74683057031
38990.41035650875
39430.59906114531
39030.10970830192
39040.69116712253
40500.73374483139
39440.50078969768
40773.95784171661
38995.56485689625
38880.48374936856
38793.818360920384
39231.97243748538
38914.9497673541
39601.5742472122
39846.818716058195
40349.649548829286
38993.6628268446
39004.90306920594
38782.36211362187
39384.0562167192
38637.056972739214
39050.57759349333
41225.9806754147
38880.36369705568
39286.74296509832
41124.91677083544
39117.647494501674
39241.60284909699
38815.03398949934
39274.5226305584
40085.51091573877
39340.32395456241
38761.88037086015
39038.76129491951
40696.11196548774
40342.054494928634
40267.243227963656
39595.5983501071
39412.08079656363
39353.22685492397
39158.36393323487
39014.855888906415
39030.2067861122
40289.94305662784
39204.33929355421
39075.184916149155
40380.570226864846
38854.34266337091
39896.00059095689
39161.39020367381
39532.19388993604
39091.395820224934
39119.13788919853
39652.73193783531
41339.82515667382
38717.47337775512
41667.720697818506
39203.177939710884
40191.73906627046
39307.517218567824
42079.74063838754
39557.47654887845
39181.9135239813
38983.37795964382
39057.62110104104
39300.53680792061
39537.10996574412
39368.93282472259
38716.67967648054
39037.74158163917
38677.73462978542
39101.65832168812
40874.06953464875
39471.34619351022
38891.35780268272
39084.532419713876
39767.00906181102
39049.262634603234
39247.14132695354
39114.06963919803
39309.85176217679
39098.81742111276
38808.4994651381
38736.08891743761
38620.96408354064
39097.82596026275
38982.085241450055
39002.97045318212
38973.35065131478
38638.095106840956
39079.05449425798
39996.48388456407
39538.261906301224
39043.270414349456
38965.17729808924
39468.6990698493
39106.205832125976
40482.44962465578
39175.31287297567
40844.037031154985
38820.822107367356
38981.73100861178
41532.72542209196
39345.43701312682
39130.734206342575
38953.75919486082
39585.30363643118
39034.42473023018
39027.70429376584
39048.52843074669
39102.9470002609
39426.370060804904
39225.34010637466
39304.156864997996
38944.786610658186
39295.976509062566
39074.235790419
39046.62785215646
41359.219431494945
41548.239493324916
39066.503073674496
39551.932299216234
39304.77428318701
38862.76413517333
38832.460751905615
41686.391830763525
40540.28805313145
39312.06289180857
39341.5813429621
39019.510714048556
39198.66181190374
39652.02064542202
38884.43419686964
38884.54910270364
39305.17771104243
39266.32616487913
41909.261273844735
39151.50299488281
average revenue:39529.29056263031
possibility:0.142