36261.11891343908
36298.296996240555
36461.94465080635
36208.43988222833
36951.7047173086
36487.130155769184
36246.09968659998
36605.71191588067
36394.055083834064
36620.131222579315
36304.788502693475
36368.84103186497
36334.469391876955
36402.1177897407
36374.171200422876
36167.62407904861
36631.25307135024
36490.927208438676
36223.860619904844
36788.561843456315
36152.67887469926
36460.30620138556
36541.91081193033
36322.71845860276
36056.350837180216
36441.03079663401
36316.956534159086
36597.52408397397
36955.52676416682
36020.31247566431
36206.483024491776
36317.893090386075
36569.617436290035
36321.90207614389
36471.61279091306
36257.673567221995
36197.53280695288
36498.53773420077
36647.61845339379
41818.91601806758
36330.88266553467
37252.02955817026
36569.98858998291
36848.3665021494
36510.01385341949
36418.93731757965
36267.011018369056
36753.026801934895
36450.44651353141
36483.44235498733
36197.54409020761
36207.74172724688
36335.67904363933
36337.77269337296
36201.504419799625
36143.63435934293
36438.66949269492
36582.122846645216
36530.44887561859
36622.35075992741
36088.52179538265
36890.92374038765
36981.64846301138
36379.77089456853
36499.350969747524
36650.34024869962
36419.98236063048
36430.49195892138
36444.21801549224
36358.23460954962
36625.32238480672
36206.64053338123
36603.968070478506
37080.50579548
36607.421810426174
36431.28869068275
36030.83499813071
36244.81520543703
36423.95356091202
36511.836335747525
36667.455529579136
36399.32395398485
36596.65991579367
36308.91100844481
36142.25558742223
36284.413679930425
36121.18538284604
36524.926440488576
36275.0626518238
36324.46239358821
36303.42979387083
36255.66211059511
36287.77243113385
36440.10079168236
36461.78430496354
36379.76288965983
36820.72351677667
36517.47493586966
36672.90940257989
36322.6593188794
36345.89204493056
36214.32018523128
36599.52622733678
36346.310435101936
36542.071526840045
36752.26015865321
36879.62852229333
36509.47486008225
36631.63651988662
36264.08984417075
36242.36534868234
36422.7738628855
36262.274959330374
36327.07813678352
36608.260169133115
36410.73516172367
36487.62638173923
36670.306648428385
36600.303288818235
36546.44381761136
36492.28812690328
36533.435652900036
36472.237500287854
36118.02976277474
36107.54306193715
36591.879773445544
36310.81034653184
36217.197434933274
36584.08896065325
36301.22242986595
36518.96806707578
37145.9028552932
36240.54939439227
36470.448234794494
36206.117330178284
38086.16962368513
36546.27286371371
36843.22009599853
36575.55068080739
36451.060763952126
36173.3453969839
36514.67881452531
36819.454555669734
36132.889763473664
36311.51187806586
36338.99232256382
36393.88214753651
36283.61624788009
36803.45219716379
36400.624155308666
36556.41684033972
36090.14775817956
36346.88442520363
36369.523692967836
36534.61709523947
36521.89317578004
36298.81848807929
36448.779573046
36407.70765795556
36513.296458534154
36407.3170225473
36140.883502784614
36448.99373136584
36538.342173838864
36330.019721703575
36162.79464974042
36355.65173584584
36284.944721243526
36831.76337113955
36613.48598739727
36674.424391628825
36676.83180155174
36535.05877841452
36558.474165593536
36501.78431096107
36853.736275591196
36427.04092958316
36492.80997841781
36317.52540222395
36724.289379879825
36375.41042684437
36393.61055877216
36233.487682269166
37079.22442549801
36397.31572336816
36520.77416905788
36603.17373856147
36482.305594476675
36255.609939094575
36496.633701617226
36555.0256601102
36612.31237635847
36364.75716929758
36306.37734582997
36334.57356015894
36618.4182721191
36397.00036258539
36308.75574312849
36738.97486182086
36424.92852431958
36585.09105805659
36300.94850363269
41503.58503864668
36464.5266660519
36709.346144322735
36663.79707412958
36397.311300371366
36200.01399263845
36304.49175797315
36273.594979061934
36606.40276357755
36488.70753999682
36379.036025749534
36550.8657206034
36676.88544657356
36710.95592860471
36284.555660971484
36828.70405332881
36500.1231748169
36255.24317820392
36533.89936588632
36428.09841060389
36702.61420985132
36260.87487295906
36159.76152281248
36290.50635854886
36236.22905615444
36381.88701373424
36035.379259357505
35959.01848959887
36072.85690346699
36336.77829514696
36755.81108075687
36202.86062502448
36727.81675143669
36180.88363340451
36314.28031698645
36693.47851959905
36602.000219511094
36446.81792242858
36510.899336105496
36554.03421261302
36619.454582439896
36427.7046797688
36583.55247561611
36781.26325832657
36514.85130707478
36704.68508589398
36652.93617779075
36357.32419765021
36076.41153778848
36325.488264022555
36726.983722864
36643.916682330135
36522.0685132456
36305.98732784083
36457.76916316423
36196.009417620764
36426.94240946867
36416.88792750569
36260.95433961005
36466.09450823171
36423.52402406132
36327.462585983805
36557.380298065924
36352.55947604809
36201.667982660925
36215.18903895062
36002.950749001815
36543.32085939192
36290.0540602386
36743.80201120156
36437.17507854149
36272.808655331304
36804.48474348574
36252.46636153758
36244.554254219685
36354.990336531024
36584.221442173
36600.56881878114
36346.261847788395
36655.320323299165
36716.383927106464
36248.751319325274
36322.267657016
36434.230053332234
36168.852982298275
36354.77278015112
36344.42765843268
36468.661374126845
36481.136944164085
36370.674146587844
36741.30089891115
36451.743766875574
36427.59123133768
36714.0957109021
36739.08198296537
36689.170927785744
36390.51724187571
36513.44741113428
36574.8385799438
36897.64112132827
36326.67937905645
36204.682061133884
36158.90812632523
36687.37987171844
36555.04950394271
36377.98347965135
36255.86960991698
36442.45395640779
36501.35098981457
36440.48376840228
36038.69808112603
36526.67785270634
36804.49015387795
36681.29626195151
36366.30240025305
36354.537532793416
36861.26294650201
36488.68236439835
36839.04741735877
36301.07316985764
36343.012155667275
36325.59118958424
36533.85898221093
36462.481201597824
36271.00778213148
36327.08258302087
36515.79530042664
36513.81261338373
36801.83855847274
36419.63077377521
36266.22597110892
36320.64554768165
36402.50748505261
36403.8279286788
36406.84940848398
36249.14357529555
36564.49148954956
36395.45135558619
36792.525595553394
36537.50767825007
36317.29265052896
36402.491966710295
36400.22046126304
36374.41739573441
36248.08989718326
36355.284096032745
36098.63696456776
36495.92545072514
36126.24550645854
36420.73490692153
36205.29978658206
36513.89890884725
36463.357295456364
36420.81623178534
36608.321889783634
36359.16695137333
36426.438320067966
36477.031180819635
36796.77990231703
36507.11039734231
35936.80443573217
36331.43754459671
36517.91731891737
36742.849064947695
36800.562772434256
36221.352237540246
36639.93637436398
36486.70617445479
36646.180369437454
36676.58198143613
36212.00522661104
36484.880758032916
36377.577478251864
36286.17518147268
36347.92967217265
36369.54593170334
36062.13254779566
36261.926079629804
36380.72668225344
36388.73787912918
36612.93645592914
36706.175580753676
36454.06555353386
36747.95096278738
36208.25101896221
36296.08602194239
36067.901950681044
36549.44874082805
36443.444933751125
36906.51530887682
36113.79560366154
36605.93253582017
36364.209480843056
36372.30384744938
36357.39730075194
36240.85190648333
36598.60019664689
36562.577099381655
36514.87889564849
36496.39160122796
36562.645617412614
36289.57629434279
36219.63608278895
36543.64984808915
36279.632293036484
36408.30915807641
36492.158922574024
36994.79940796886
36210.252574534265
36635.473376655675
36438.79227882176
36383.16658094499
36456.41368906475
36244.659450371604
36352.002148641855
36538.26046657129
36491.593446698
36462.240234291865
36447.6487816722
36178.58748018728
36285.95295113608
36583.473366786755
36394.85937927814
36389.52887001124
36234.741488346925
36517.23589696307
36471.27956649292
36520.32068073867
36705.60671404041
36106.31083442705
36411.40225132051
36422.67745920088
36096.27506352516
36815.2386264686
36299.310575548036
36564.101264276025
36230.62426729463
36698.17189489469
36112.287491189294
36563.77863868061
36339.44479265533
36602.89215790504
36349.603971598735
36826.131919814194
36208.87741768645
36785.67292711285
36269.00562203004
36585.443355636984
36195.74815014291
36333.92252507412
36587.170715249886
36424.995406362796
36392.52386885708
36647.78076258546
36251.38065503835
36552.14902235441
36532.813295043015
36337.33500192432
36552.87924629456
36350.62913539195
36329.825082986856
36543.97137611544
36418.07693634624
36475.112323005844
36409.42156072333
36131.7648102317
36485.43716422636
36042.30787735938
36549.33163325877
36351.582389353134
36100.51746852027
36343.54614571382
36307.40912827321
36302.51617326591
37208.666639972165
36645.74513954332
36343.158161106774
36573.295561348416
36580.695326594876
36102.14773284117
36470.96106126263
36593.76197540177
36528.89693266368
36292.39633183704
36295.580835090645
36279.10172858892
36291.99744762905
36448.7984553829
36495.710715862675
36245.78985734076
36489.69656520048
36330.785805592655
36217.828086211375
41933.81991490007
36622.730386952586
36423.66223197478
36271.34557322702
36416.18053002721
36514.237538902096
36312.77520027933
36429.14818450765
36298.264801638696
36421.08023818264
36130.46669480457
36627.36372719219
36315.153822652195
36201.80706055966
36801.52927169169
36386.22155718961
36485.85054113567
36625.90974246308
36925.56546616148
36815.289118720706
36158.3195015295
36390.464620406296
36447.843302888
36443.56420802014
36298.636979182
36699.84681208827
36598.163355257515
36175.32620475451
36479.66792462861
36570.361536237026
36409.239114834985
36333.38986047451
36568.13812276997
36137.02807217039
36805.31476612073
36212.3978440547
36485.4175504127
36525.41763931663
36386.90675499916
36667.95780879344
36548.16139805355
36670.40438793499
36101.56131067643
36420.1772948023
36401.80497997474
36142.68674369677
36166.619909166584
36360.58740124826
37165.18055751351
36264.929627311496
36708.62171703109
36391.326491306674
36084.3670094884
36519.713143080226
36538.16909636627
36756.6830216471
36535.177043101365
36545.164502179934
36543.95678402091
36367.06999806806
36590.14011846294
36825.85037132626
36649.71004121233
36250.187055354305
36326.21195599594
36488.56360529468
36142.00058377248
36740.85740666621
36404.19304407135
36148.064501136265
36193.45704153778
36454.62193811886
36452.29311282475
36607.92390658809
36295.31548752491
36369.276140560956
36403.245887525874
36561.813766991036
36605.15786353344
36243.20228014627
36413.59002943607
36108.188074852835
36673.776621510464
36324.55081849333
36679.864735893105
36524.838248407905
36248.34082321
36374.74997949064
36416.63141388509
36727.29693184964
36441.04707839386
36573.94796848984
36403.81615766683
36395.99861584317
36359.042294776256
36488.7512307099
36334.83904613566
36443.201078703794
36530.85368407858
36395.34598789716
36344.97581257887
36226.8251231545
36203.922946111066
36386.70133391745
36369.59245580874
36537.34592016663
36526.60949122257
36178.56806770556
36561.15948177869
36563.416637394424
36435.784591721305
36310.58315534574
36601.36166678708
36275.39555875688
36391.80925242001
36328.67332393839
36378.88252957624
36281.63948693304
36871.52484196377
36194.7337963327
36205.19018646125
36458.90806442704
36295.99223559223
36727.10520342227
36198.99696380915
36436.66070822413
36472.33704362744
36491.243003566124
36349.96792671324
36545.60503278995
41642.06502943522
36550.70257893697
36377.95597878727
36345.01658270651
36085.83853950086
36692.78875052147
36222.238767884824
36148.67820091042
36752.419886614975
36111.14815449195
36472.62495388421
36525.91953068474
36298.99432156206
36277.7340420832
37050.407748594436
36154.136387579085
36432.443367140455
37257.02632771236
36349.894909814386
36376.39340353054
36258.06218867176
36373.87830136951
36330.91180196267
36398.92637582052
36295.780980032985
36531.396674875876
36483.543787333634
36115.49809963068
36632.787808437926
36204.65741698834
36384.09171142349
36255.81610446396
36070.77446066423
36351.5345095174
36321.75353743294
36534.266344216485
36515.80065291936
36306.73306277979
36217.42464771207
35997.71734505241
36690.36949260105
36798.04756563001
36526.98144617298
36489.99966686422
36426.81424137175
36630.757548399495
36470.77306798113
37023.105442335676
36433.90515793484
36376.70210490014
36492.31254516307
36291.79437564538
36391.905800167515
36258.028282396066
36098.22381801108
36488.23182257086
36596.891663039234
36504.243530681946
36563.75850807707
36288.45413414201
36499.502930267394
36430.93268195373
36403.390868415605
36359.75030978913
36422.84501123933
36516.42703971584
36233.54912974926
36269.77188020629
36237.533069038844
36570.23623985451
36403.0357988982
36392.49897069549
36244.27566945648
36266.49456956557
36589.28142164098
36113.534195279295
36414.77136443078
38150.02435341707
36286.90133001948
36822.50638954843
36288.21276092655
36803.34296582609
36594.847527057536
36542.46312210841
36438.479384235514
36259.10512816472
36192.29593891276
36688.53813575943
41972.78591725895
36463.76507756822
36181.24901477818
36163.57033339218
36432.75425087472
36295.42811508986
36141.88146359174
36138.8253869176
36448.791654930676
36250.17111472751
36307.42322414137
36351.69108612697
36256.84948279631
36626.421152918585
36521.30016475425
36359.057691310656
36702.869340024394
36540.11089165444
36254.242022048544
36210.86689629097
36960.182602232206
36366.89304528339
36228.36529687031
36310.3287757279
36320.96948196357
36168.26260861937
36174.72179378022
36593.08501191068
36198.94393561942
36420.12870377349
36287.79802711206
36459.81440335158
36260.475496951294
36276.355579081064
36412.70773541492
36441.225095378984
36196.519194798195
36386.006129655216
36155.17965335965
36096.75046920823
36423.732271994035
36290.07020576341
36286.292629522286
36269.945110634064
36455.691052409784
36618.89480384095
36392.11613368614
36269.48293036594
36401.90938428697
36316.56144618512
36237.967027164246
36459.9449503513
36391.6493241535
36383.36431906052
36522.40033241791
36490.0298143542
36681.10440471073
36154.8017204121
36336.48493336738
36577.60305084823
36407.506488918356
36459.25479707782
36430.785336266825
36236.079822561536
36316.86401699707
36092.667937339735
36323.39250863294
36300.81005270045
36418.9811407317
37038.96505401549
36760.8204709531
36449.28158095025
36551.55377728621
36397.615820591935
36431.42640313875
36467.43355597821
36186.400113576594
36755.030075073504
36307.12123259718
36514.387442885076
36441.39916702106
36599.908329174636
36674.699143695965
36254.48977516388
36399.84569198713
36289.44807361294
36299.07030515535
36337.60769501681
36560.91309121441
36689.40568799315
36176.38002039886
36333.81756998146
36809.40918745594
36665.46034929159
36231.0956495498
36457.97469035683
36696.72335908542
36560.56368182429
36181.02271663586
36536.32864926157
36579.24137951725
36049.27220407172
36216.933306993225
36398.78825957508
36582.46746670434
36714.77339651719
36481.2876761693
36454.040716072035
36335.54959631105
37874.02152896836
36233.956993868276
36232.979513682956
36760.67708878951
36104.862265715696
36466.11693985876
36174.214819659115
36641.36522242414
36442.49204413462
36153.94556348221
36930.42528997816
36204.71159660256
36079.31757953559
36317.78837544002
36279.74284474077
36435.05774281721
36509.972064310045
36293.14146184229
36038.38332111855
36423.07302989831
36249.08364134566
36714.63828782916
36392.59398057388
36754.97159604983
36307.84008640633
36177.37953688704
36325.224605137606
36459.13315493705
36389.65564314486
36308.570675349765
36465.31059596328
36579.7404329221
36839.32678255228
36597.5647804928
37248.4935371933
36236.67910569954
36864.94750349202
36691.709690075906
36578.937437807115
36456.68125130117
36597.18372119621
36179.55477009816
36323.200182587025
36277.21982999893
36008.63577728463
36384.122987047565
36418.24647274434
36616.18672542359
36377.06737627938
36526.0977103661
36470.85889817036
36355.739517511865
36434.44434183423
36379.00334793449
36148.94032098467
36346.43276322437
36089.31226899742
36489.45698817079
36445.873190661034
36420.272752553996
36386.401298064426
36222.82352072713
36129.00690998865
36421.45310705136
36435.862997758406
36183.88279978887
36309.902226458464
36213.05019069678
36208.47648516405
36588.24625346188
36259.306676408196
36105.60262207481
36258.8022409846
36369.32559891773
36252.64883668389
36749.21374922619
36271.93559106104
36164.873747784004
36392.4015943199
36205.498180761315
36335.73342280077
36274.35860683352
36502.632288773035
36648.925073884726
36375.31070042355
36176.98362018636
36404.779711536285
36475.74289664363
36666.825012704525
36649.58967879638
36389.86076601685
36181.77787051204
36704.64050109018
36430.575079235445
36659.25214149946
36865.186035719424
36587.63406259654
36262.08229403877
36074.89237907463
36615.98392856311
36455.08403162834
36471.468040724765
36661.73368259506
36265.22346096852
36418.76986067582
36301.421475393465
36417.69105496238
36413.92746960272
36172.851364595015
36468.91909901224
36334.28511075612
36444.97901453102
36506.73406363257
36003.71983212121
36440.42486133996
36368.18063564689
36868.59620604763
36249.473595299925
36425.856149772764
36520.73049881301
36409.10647439978
36551.80510157289
36429.29610413599
36452.707994164055
36383.499984014474
36124.70595945695
36334.43310970829
36304.67246149462
36779.94114040727
36274.864845167336
36341.25528360129
36073.55021742405
36953.69792081823
36488.78537565989
36529.57959920717
36578.992021778875
36409.56686446934
36580.38175000766
36391.030693504086
36236.702881301346
36318.51161028146
36884.941693481356
36435.065300883085
36328.26899325315
36456.87498127788
36425.27194423137
36418.941917585944
36049.23981893566
36439.588874636276
36259.68880943274
36359.216550092635
36474.70496476577
36960.58011504197
36417.77769505685
36507.79034157357
36639.79840899963
36256.0752400601
36193.951288521625
36382.50758560493
36232.282261289234
36229.95698025317
36549.2103280796
36391.87346754428
36535.46900194364
36498.568605313296
36593.69446701307
36467.63483540939
36343.155578962724
36440.48903409139
36452.51902087453
36648.7943328867
36385.515104756705
36476.30325915175
36502.427125913346
36445.09643336403
36178.15239489943
36487.10161095284
36408.42360410373
average revenue:36462.209012920976
possibility:0.005