29039.28070855816
28058.540582699814
28223.123435480138
27373.008193635742
28364.22984246189
27372.02954626678
28775.71179521673
27636.479560658507
27452.709176973036
28125.872910003105
27502.09908215153
28282.396360244293
27596.25828758975
27486.45855094606
28476.287813750074
29194.636080851473
27557.72032089923
30518.825447120093
27094.28236341969
27576.307831782906
27438.077708856286
27860.887050954432
29444.030639200828
27730.077601405017
27730.179681700527
27887.78391668988
28107.194483973824
27456.924265100766
28677.681418464952
28401.270790659277
28014.516885355893
28761.840588270596
27920.93931557383
27916.798892749113
28570.689278095608
27665.28005928006
27606.888405557263
29248.953836539815
27419.822336515732
27722.31780762172
27790.56871162051
29231.227637736545
27631.373908905472
29720.662732190514
27876.33877080748
27685.346763228546
28612.168169978835
27469.544904057177
27776.928203378957
27792.11222253658
27523.437149183872
29796.866824419885
27313.962165075103
27916.406757215074
28512.162085573167
27649.91126184702
28066.11120028425
27583.775850598322
28352.417941821426
27718.958392749933
27759.570241015354
27990.755566187672
28165.467464802594
27924.38405100221
27195.198129230397
28000.928414550566
27316.670456195145
27172.912071423223
27622.50196189133
27359.210024316362
27800.980200274094
28191.779425363056
28282.019915977104
29190.040128050216
29078.85476265924
28062.493829570136
28027.881176095878
27195.131483682853
28004.794063182035
28049.129668674286
28435.244836630845
27951.32030158036
29001.2517213424
27669.75844564072
27184.849480092897
30556.44821902546
29351.670976718917
27626.94773532925
27900.198560561385
28125.619601512124
27474.138027986624
27703.34067937439
28512.99356265918
27607.972229754392
28173.268814156632
28005.328722360748
27531.642291678145
28441.012292737014
27473.557315178165
27161.394123313436
27685.090648388243
27577.36861393439
28218.761309654106
28621.849019895504
28169.670637100528
27459.64279494656
27497.224174701452
28303.443788498273
27404.769546572054
27917.90545013579
29172.064898970155
27756.737526180732
27971.30280195349
27033.133957855523
28102.182483341017
27441.548012867977
28005.383285813197
27493.245694427234
28196.81143467331
28389.453373420027
27118.577942065454
27523.607602118944
27901.998279182844
28090.17048693518
27168.9741332221
27437.662426956136
28344.806912766162
26915.05957126914
28014.69714661074
27762.77979777147
27699.37329337572
27678.45770033336
28493.89126326491
27734.820699352735
28452.79752377622
28305.51981760891
27252.25979331433
28399.055836539173
27924.66619400314
28429.45023607378
28674.360953667536
27626.475687272177
27657.637262908895
29048.398111566836
27075.665238479276
27756.901920890625
28135.990148402827
27790.56273928933
28661.973460048404
29683.616590023215
28653.26743459703
28677.257596850704
27695.219245124033
27591.682653129254
28535.838505119682
28967.079910621585
28986.383172395737
28145.56318550505
28696.817306660792
27377.587095303606
29066.47358804675
27746.131077411523
27837.10391787068
28667.078894521208
28150.107467211237
27903.94926786054
26884.347018318367
28416.64338867526
27780.15360587473
27830.303089029887
27803.81654829891
28588.468430108827
27651.42639806254
28067.35752278561
28320.364047643954
27296.678556087045
29868.00814396071
28562.764813943177
28390.799754799675
27522.149794519388
27529.302769648482
29219.099966626705
28630.53524034544
28948.21395968078
28036.26744161875
27261.158482752624
30175.919495554826
27203.92151426407
27827.476088996504
29028.328537397596
28486.346660110306
27553.08030920369
27726.350953118683
29227.58586048421
28081.732054357246
27939.41936722304
27478.316124542667
28254.886553314074
28116.359785910372
27611.9289425288
28287.31220561011
27795.088216227006
28202.06642582159
27782.781622285052
27051.626611451342
28046.709864739947
27058.939265136247
28209.79180495328
28126.47078295936
27925.09895936104
27686.6556570907
28383.456042055408
27078.526123254673
27677.946812908755
27766.65249473005
27731.173576037167
27257.74819174336
28004.725084407262
27695.968932320764
27262.622147803544
28041.81272251782
29041.987336084796
29855.51975256016
41733.293669497456
27526.51377703855
29017.145019386764
27716.781615772787
28051.632617376054
28334.25743125685
27194.09514278203
28742.40427691766
27648.79203705561
28103.66592692321
27895.661693004597
28265.837700758286
28671.41004920528
29246.32115550832
28771.16982425895
26987.881425382
27496.20247484588
27902.578374882443
27996.474258934446
27198.368141031475
28028.638565330075
28146.35172412552
28307.772409956837
27884.515441773416
28599.9956084558
27392.073885507907
28063.623063739076
28011.46363509172
27900.80814488666
27591.65790560899
27807.514454676933
27802.080721368664
27870.857143291418
28672.045179439243
27847.644783475444
28003.772704509724
27500.29370317814
28044.898657366488
27952.977981363896
27817.274216362024
28251.600164025225
27011.70534826097
27869.484965293334
27968.298093719062
27390.42455962849
27969.24608907923
27755.40955828961
27113.339236090582
27960.92541979575
28040.689737298868
27241.625030429208
28283.967871094574
26982.746393984027
27927.00855193033
27214.686154101946
27503.606806311112
28703.69705643016
27217.644547475666
27680.826107250246
29259.627538672205
27584.421540512147
29189.725509804462
28028.28038778648
27940.396028605064
28088.59599230438
27920.27777758049
27318.805192961096
29055.951269451805
27261.46017142396
28631.666133454728
27302.940567023896
29211.535376662727
28599.289639191364
27558.950269549776
28044.304865234775
27329.530794791146
28541.49845051203
27680.84853493929
28286.95291330381
27674.768718495725
27795.37290315319
27864.252683925108
28000.454200098415
27181.665899679272
27776.49021445396
27228.517254929073
28191.136210418965
27622.758333809084
28621.47407927739
27926.293902395206
27813.874499117657
27363.64282571878
27804.493041977632
27781.3813093799
28311.31407820978
27934.419474395312
29797.712619780203
27484.40017621687
30194.88906988515
28166.086697006267
27939.188137161258
28237.41616519774
28007.537557743235
27776.47758848766
28413.105262132645
27899.77252852463
27187.587901426352
27742.395467712835
29118.35351433035
27646.320007388644
28732.106560020715
28767.320904785418
27230.093442995963
27673.844341186534
27457.17520421906
27462.492021908936
28570.451629643216
27291.68197348829
27881.989397569097
27898.189927600975
28157.607707932635
27617.77850130606
27390.915625523947
28006.40226869972
27640.50459645128
27582.550269973643
27376.584098407042
28159.54790960055
29099.918228603085
27552.321313073713
27733.368114776524
27913.37186957838
28645.83651609528
27654.94549732728
27659.76278269753
27805.680360994967
27534.24690295034
27804.735515588953
27542.623649374033
27887.70081679487
28870.544644406877
27279.451540484526
27471.23831535032
27945.798367410014
27617.409409012216
27650.31346317927
27739.599156066422
27476.999662569797
29038.074095490916
27775.129117745993
27568.979034900418
27503.15956953001
28065.90652386737
27286.733865275583
27493.64397860833
28264.47299542353
27669.203531849344
27331.497027410962
28087.66026998648
27369.905517648735
27852.814248162853
28735.372179477166
29270.72224397566
27583.7582085471
27262.898750649714
27388.33511919548
27360.524961997748
28022.479328355916
28576.108217788307
28599.062517042054
27778.847518290328
26955.735247847668
29249.333552669537
28352.65042069467
28192.734125921594
27833.93337993981
28161.237133845192
27777.236873246784
27597.675388514606
27870.635611858797
26943.018134439266
28154.468447128955
27946.47665804599
27945.899932108194
28537.945894297638
28463.11069189124
27694.601397199505
30610.97117260705
27463.044373753164
28307.253886776616
28773.89635925447
27301.795689258925
27243.061900227432
27272.851520800934
28974.730666059226
27697.894490674556
27129.051242694804
28226.936746512718
29153.567640437464
27072.373605937053
28327.882015825344
28056.19386943435
27686.346541055173
28118.120442030544
28543.666643572713
27757.30591123916
28767.32410327635
28072.243780028257
27871.443468108755
28700.63077352437
27433.29259854024
28287.397734672923
28201.552894358712
28930.723047217652
27823.052540253077
28026.846919415402
28259.97230167042
27867.936168002947
27112.900145709013
28313.312675534733
27830.406405141573
28674.440501846344
28058.203409296755
27319.56846856252
27845.96715333517
27130.499775875014
27262.192316964847
28034.101663043642
27467.648710894002
27624.597016335883
27198.90423486504
29560.76849792426
28863.296875600678
28542.038848583943
28058.35767779305
27577.699791473064
28203.234431657198
27626.862024735212
27529.202159129483
27196.28032080612
28094.861641540985
28650.81907547563
27517.171419925595
29237.607219912283
27198.11867962453
28264.663503423108
27712.954128651116
28413.669316956642
27907.38699526577
27621.1856332558
28477.039900890308
27316.630791802596
27259.922374759688
28571.227454739816
27497.728700240063
27670.091938798847
27439.70201201745
29505.530358478885
27436.555914410772
28232.685287556847
29119.721817132766
27663.748763944815
27930.49682153004
27705.312256299963
27546.315016105455
27628.33616374494
27533.467595418766
28344.749323855045
27472.620548866606
27796.0549519565
27750.61101323226
29302.029641531448
27452.499696887608
28253.87089116889
28148.200308468302
26995.509488352673
28990.057084171127
27681.55161669473
28586.812583450297
27434.949915679073
27783.295568508256
28144.45485717146
28487.784992035067
28064.638226526255
29159.12596787623
28099.060594167866
28485.032717396112
27331.876328606013
27763.922161233164
27927.02389792001
29467.15760728612
27769.14846286604
28282.810496011174
29014.70694774459
27707.809052867662
27939.482212945433
27512.388357642445
28150.539050430452
27479.519399823497
28044.095391372903
27696.79524385985
27976.45193460046
27951.011427464036
28730.142877219965
27988.916155946474
29913.470952415617
27905.596467538642
27276.061047171468
27470.254080555507
27653.64382302555
30051.185144235464
28889.183840216374
29157.63189787901
27382.450550710408
27744.820986215218
27563.807107468463
27853.310173930604
28921.808982455528
27727.126284743346
27386.299570432253
27374.361007784457
27767.86951055829
27752.30289236088
27492.171114199075
28977.089619256134
27243.483084949934
28109.666628080406
27445.191700167798
28303.68754290895
28335.91593600613
27601.066737672718
28116.182419364224
29209.80009281942
27866.14444868699
27400.8479818217
27887.63357043442
28324.018158917967
27969.321108082582
28011.026525013815
27188.643781204035
27544.512355486066
27769.857564349353
27726.04008293128
27423.73740036352
27257.27842362624
27674.656630687343
28061.236075439978
28682.08396607282
27447.371225870305
27753.48302309085
27459.885660625474
27388.555311627755
28817.526331974612
28500.145414077837
27805.948006992534
27889.683664135588
27340.77137539697
31120.167030960463
27477.908403725458
27552.751890019183
29915.469672631243
28906.877703017843
27514.39505294328
27574.374110700446
28373.34839350641
28145.094132002054
27457.757589360826
28324.292052508452
27706.56473005622
27666.956146726025
27749.12000912397
28133.13118610821
27422.09580194896
29707.5021454702
30550.484718253563
28814.85013055343
27324.66745833897
28664.439646261457
27783.59785412486
28208.974754053943
28229.313160252474
29122.856716745955
27710.123426658265
27730.800824234244
27458.673007587637
27467.556919989584
28977.04960776791
27455.77881019747
29519.742508751548
27922.165251704126
27578.807443448382
30990.253870505127
27369.697321199612
27648.581693995242
27822.078680659088
27071.772481446813
27256.93748692079
28832.136010290265
28382.024978363577
27413.311010118174
26992.981234074614
29711.36544314553
27942.958939695913
27786.503101613103
27882.398083779583
27672.74170826916
27423.39770145377
28733.321131934852
27672.414967851746
28545.349744719664
27769.45100597479
27802.80720078451
28187.148621703738
27884.57737401176
27676.47089139677
28200.20819330896
27798.540928970997
29640.134878207267
28860.70836879643
27681.57057442891
28968.389872003987
28288.365792670058
27705.962378164153
27337.95330364024
27961.485210447812
29528.318908889007
28495.434604982347
28913.043072426353
27786.24606688368
27540.0794736157
28158.268102650698
28022.3781774432
28116.58898708117
27596.773621388988
27673.75293388101
29156.24133293276
27017.275776083363
30043.562650698943
27788.808958707523
28121.98400516036
28859.47407484821
28212.01500816868
27663.860883880596
29522.53106600599
27617.784673266287
28517.72422949627
27031.781943917827
28468.337314748034
27863.55792552531
27749.359491343894
28556.699648033347
27496.401418043453
28701.595976198452
28344.808178005012
27332.243639218552
27466.901257305624
26874.958319649937
27487.25731955093
27729.30053917993
28957.25783354081
27599.665427584856
27530.753905935522
28241.860759983774
28013.62540133966
27903.152177666037
30205.975845977344
27758.128623727225
27721.49097887024
27907.02431837566
27477.848195675928
27874.48345700401
27766.98969125321
30273.808926703794
28049.030568848928
28996.326624295772
27304.784159625277
27354.16504568975
29495.4494344496
27081.73076324856
28433.15136057523
29031.791097239166
27095.957442452138
27306.776628955293
28412.1849582972
29463.22510476477
27788.883947305018
28339.347587170134
27550.418464829283
28177.486917644026
27855.971578272005
27387.74204758741
28124.471873414903
27790.119372179015
27904.5819988892
27632.605576825234
27763.710990180567
29128.621506078554
27567.275799058865
28094.892303545366
28085.44917197817
28607.444346950168
27677.31531731197
27862.941043581413
28130.209347073458
27867.508276956338
28964.34917730037
28079.57720788146
28263.709586815847
28297.51029151238
29668.525733486444
28359.03942006676
28387.123054162814
27956.39339245579
30272.752900402276
27683.066108907173
27699.502025728412
28383.770810417598
28219.11587301809
27475.260842189222
29174.74275547507
28166.08134169612
27948.939257970073
28097.396902547083
28906.00836432275
41633.52405059467
27516.604961813428
27644.067081229874
27367.305184953188
28447.248679587086
29112.280631581358
28236.02397592169
29692.922653960257
27760.76070108566
28800.332808032606
28549.508179541834
27483.836219149856
27827.02139702372
27732.53880775275
27832.438804284575
27887.45658458012
28698.421928545733
27729.68767315714
27412.49457174345
30151.56731278897
27866.31506480812
27463.997937762797
30632.904404717694
27835.723316137915
27891.109110992227
27455.433755919355
28144.968677921424
28043.755170113884
27997.956477661108
29024.19345694732
29033.67547528739
28243.34326664448
29434.73840815416
27829.388410956555
27400.669675131925
26900.04134081991
28065.93735378483
27391.95052370535
27210.0433333079
28875.431190174302
28204.21598300125
28227.231635171953
27561.02827904814
27346.803569231266
28037.977202131173
27440.81727985127
27126.150177041265
27093.87840377184
29581.76819799548
27358.601316581346
28162.69842216706
29172.918705174525
27722.872827124756
27277.94248417585
27382.554815069125
27745.19095723867
27680.015361785558
27958.69571210111
27715.89934711631
27526.994317529407
27028.384065365757
28206.367712130315
41988.13265143243
27981.102062868813
27981.313272345717
27105.855903114967
27284.610688912286
27302.27665079183
28667.953449022563
27435.926771431725
27080.887031397528
27808.793664079843
27067.538719200016
27506.004561882262
30918.64162937991
41974.35672185784
27784.431297909945
27602.96954009366
27837.66711051621
27910.147239770286
27196.263969081403
28383.993828809744
28017.12968384943
27671.744689246774
28287.311893380895
27685.273878332286
27767.757293520335
27509.466318599545
28333.13011427031
27506.95705843225
27345.435135727108
28833.073431440494
28899.643442595745
28171.60572484023
28291.411705946313
27855.45365704722
28846.93082849374
27495.507518852926
27728.975094933812
28159.760328728982
28091.9201770748
28033.637125249483
28205.853915567895
28131.60907586396
28716.318289778763
28633.62740956338
28798.414948459158
27391.286346099994
28933.780377793904
27624.063295331856
28841.558815661858
27506.088453167842
29593.28650486443
27859.42234506643
28897.922357343115
27360.470337318377
27683.010442297516
27365.15467977232
29305.976441118702
27553.614732995233
27862.371518253985
27863.15711152748
27516.014085827235
28320.18228841049
27763.23472482837
29212.71536494803
27399.646916813716
27304.9143043127
27647.690914546227
28993.68001195641
27663.01882233677
27363.724122560085
27480.91958479127
27767.906789973287
27774.513852742304
28144.12118701332
28794.308853961087
27492.502898732284
27362.811393578417
27689.0437266366
28196.098359302818
28516.86327802526
27730.812064062444
27766.697972785638
27773.6772151253
27701.614593653558
28890.254436964686
28239.305943594034
27431.171610848764
29077.084056194602
28644.703670278886
27704.154812127064
27693.390028897615
27964.352442776377
27458.78046647241
27404.227237014835
28370.140352103077
29876.17573263385
28417.378680589147
27250.9654840652
27871.504424286046
27376.42166644655
27915.827598403623
29651.957879275797
27452.351230730634
28335.494678030787
29621.791318753825
27255.12346294811
27682.72959530454
27821.485150919474
28051.771346656755
28395.203754937953
27907.402179626326
28213.572960397425
27795.342232171755
28753.05882499628
29718.455596016614
28946.596301295205
27790.996427101614
28836.33769657437
28993.582231927896
28243.02935747327
28238.09423698693
28002.842663515068
29011.33948469427
29124.4889260902
29563.34004182364
27103.69302169662
27117.53570326285
27678.70495202682
27838.436959379855
29391.438711023486
28012.71221179055
27823.01441330234
28036.14745903667
29606.76807807031
28262.797192062888
27492.415144237497
27873.223003918858
27641.811083698656
28298.54418501621
27264.32421434742
27532.940342519338
27791.61113608614
28258.05300932362
27712.264245317834
28490.301113796788
27848.067057666354
27807.121259410505
27326.36010972063
27977.83504348835
27471.78904698946
27559.48565863612
29387.632432515937
29616.20962700544
28667.691826993847
27190.86760424634
27758.09750739974
28218.534765354678
28118.51306987453
27517.401388160208
28033.982940091286
30248.404009601763
28314.435825745288
27834.87134459934
27721.71590700769
28973.19885420404
27757.137520270175
28064.44044487181
27916.413880466196
28547.25142003352
27387.55054312617
27457.89515324456
28142.984388566478
27923.21482515152
28003.467328337083
27588.26162345212
28974.478254465925
27829.67400165594
27517.658469999038
28354.323350982333
27979.83813718809
27690.43311112477
28483.412506601562
27975.907469754326
27370.382200295
28513.191494813444
27700.396520775972
28278.44041798177
28150.503218925423
29163.70873873998
27414.14813844974
28652.396054917834
average revenue:28101.949152919216
possibility:0.004