39122.9999999996
39169.19999999957
39051.59999999965
38875.19999999977
38938.88382695056
39047.39999999965
39290.99999999948
39247.30521971863
38980.1999999997
39022.157474859756
39135.59999999959
39122.06987446508
39190.19999999955
38992.79999999969
38912.999999999745
38912.999999999745
38963.39999999971
39093.73733860877
38904.59999999975
39043.199999999655
39184.396924170105
39051.49722988517
39064.35816769601
39109.74184370106
38896.90509057702
39047.39999999965
39051.59999999965
38967.59999999971
39055.79999999965
39089.39999999962
38955.66628873155
41265.82492405234
39055.11982402441
39034.79999999966
39114.599999999606
38954.999999999716
38778.59999999984
39072.599999999635
38896.19999999976
39124.58360301263
38828.9999999998
39097.169180236684
39110.39999999961
38755.68862385513
39061.435678213275
39059.99999999964
39152.39999999958
39064.19999999964
38925.59999999974
39118.7999999996
39186.569902132695
39013.799999999675
38904.59999999975
38984.399999999696
39171.85318097587
38952.59941582638
38929.22943121235
39122.9999999996
39047.39999999965
39136.28752159718
39054.34308379142
38912.999999999745
38891.99999999976
38975.9999999997
39206.99999999954
39059.99999999964
39165.43312914235
39106.05158624974
39051.59999999965
38917.19999999974
39160.79999999957
39047.39999999965
39164.99999999957
38921.54251856725
38930.04464715992
39068.39999999964
39257.39999999951
38904.59999999975
39374.92884309301
39012.09537806151
39087.31340605698
38887.79999999976
39183.702151042045
39093.59999999962
38984.399999999696
39072.599999999635
39118.7999999996
39227.99999999953
39074.70233881504
39169.19999999957
39232.199999999524
39169.19999999957
38980.1999999997
39069.113292190836
39035.94523669188
38820.59999999981
38938.19999999973
39183.82716266747
39257.39999999951
39034.79999999966
39135.59999999959
39051.59999999965
38963.46659767495
39127.1999999996
38917.19999999974
39146.55297869734
39005.39999999968
38975.9999999997
39253.19999999951
39064.19999999964
40622.41489576208
39051.89999999965
39181.79999999956
38975.9999999997
39108.41990033299
39276.30914427316
38996.99999999969
39215.399999999536
39046.08434459124
39118.7999999996
39073.825095653534
39065.37083328969
38914.61637884814
38999.67905780836
39051.59999999965
39030.599999999664
39022.19999999967
39034.79999999966
38975.9999999997
38822.4031181109
39185.999999999556
39034.79999999966
39215.399999999536
38959.19999999971
38984.399999999696
39034.79999999966
39164.99999999957
38856.95749468418
39043.199999999655
39028.79397736517
39073.4089995308
38959.19999999971
39316.96057936532
39106.19999999961
39125.647646224716
39089.39999999962
39013.799999999675
38955.192176000266
39173.399999999565
38969.303330635135
39211.19999999954
39131.399999999594
38942.399999999725
38883.599999999766
39029.701755612106
39245.93767321716
39118.7999999996
39244.41158959912
39128.05924030046
39148.19999999958
38952.07416032575
39108.62515913241
39228.433843144776
39076.79999999963
39122.9999999996
39223.79999999953
39345.097426006636
39030.599999999664
39137.921241611446
38988.59999999969
39030.599999999664
39266.31313127032
39009.42503527577
39192.67117613068
38984.80428293635
39278.39999999949
39131.399999999594
38954.999999999716
39223.90812470284
39114.599999999606
38996.99999999969
39116.06622628705
39177.59999999956
38980.1999999997
39089.39999999962
38942.399999999725
39047.39999999965
39093.59999999962
39261.599999999504
39024.50111423066
39219.59999999953
39017.99999999967
39034.79999999966
39123.03543981384
38988.59999999969
39026.39999999967
39022.19999999967
39114.599999999606
39164.99999999957
39051.59999999965
38984.399999999696
39001.199999999684
38883.56797115778
39122.9999999996
39061.27615532694
39146.06186682376
39106.19999999961
39076.79999999963
39005.39999999968
39072.64789570399
39114.599999999606
39152.39999999958
39173.399999999565
38938.19999999973
39017.417337913015
38963.528665886624
39286.25771463875
39202.799999999545
38799.599999999824
39206.99999999954
39076.79999999963
39089.39999999962
38921.371129907166
39143.48853882576
38900.399999999754
39093.59999999962
38998.93752964307
38977.07526275966
39097.79999999962
38862.59999999978
39030.599999999664
39072.599999999635
38996.99999999969
39125.727984476536
39295.19999999948
38988.59999999969
39161.70746986188
39064.19999999964
39055.79999999965
39086.536747129496
39068.39999999964
38854.199999999786
38980.1999999997
39152.73841380881
39047.11736517426
38950.79999999972
39156.59999999958
39190.19999999955
39198.59999999955
39101.999999999614
39020.08867070871
38992.79999999969
39076.79999999963
38946.59999999972
39089.16810728337
39082.248912857955
38959.19999999971
39194.39999999955
39179.409220696434
39080.08249230766
38980.1999999997
39005.39999999968
39102.89166249738
39085.199999999626
38959.19999999971
39076.79999999963
39059.99999999964
38887.79999999976
38848.28341582591
39097.79999999962
39114.599999999606
42065.112289566634
39009.94799999968
39064.19999999964
39053.91372265344
39009.59999999968
39013.799999999675
39092.05868937905
39082.13132036913
39028.926766538556
39122.39440864566
38941.29132687143
39243.298253643195
39038.99999999966
39154.53469852296
38992.94249170524
39097.79999999962
39013.799999999675
39135.59999999959
38924.48645647113
39004.34608659218
38950.79999999972
39089.39999999962
39118.089049711976
39227.99999999953
39072.599999999635
38774.248354593234
39207.932320666274
38896.19999999976
38938.19999999973
39349.79999999944
39285.88290228975
38786.99999999983
39169.22496749825
39160.884902271886
39059.99999999964
38992.79999999969
38947.35488232016
38912.999999999745
38966.60083825504
39234.529204405364
38984.399999999696
39009.59999999968
39206.99999999954
39056.20209037929
39250.15903174567
39026.766083686925
39149.62822737373
39026.39999999967
38859.35829876159
39131.399999999594
39157.55657791452
39035.075857684285
39160.79999999957
39103.77223651812
38959.19999999971
39085.199999999626
39051.59999999965
39038.99999999966
39093.59999999962
39098.55809636364
38982.24941878564
39084.208099690404
38744.99999999986
39047.39999999965
38971.799999999705
39190.19999999955
39076.79999999963
38933.99999999973
39178.49103329158
39114.78404925383
38930.18396863967
39059.99999999964
39059.99999999964
39181.79999999956
38963.39999999971
38912.24698274081
39199.40131916355
39143.999999999585
39064.19999999964
39093.59999999962
39291.17021925393
39135.59999999959
39098.51542950606
39017.99999999967
39055.79999999965
39006.44814545562
39106.19999999961
38825.076099911
38946.59999999972
38938.6451650931
39148.19999999958
39131.399999999594
39043.738571494265
39106.19999999961
39186.36990942533
39097.79999999962
39110.39999999961
39010.44673485612
38988.59999999969
38959.19999999971
39106.19999999961
38904.59999999975
39164.99999999957
39122.9999999996
39047.39999999965
39114.81651856617
39064.19999999964
39169.19999999957
38841.599999999795
38908.79999999975
39286.91638297364
39002.173558753195
39002.34399109645
38917.19999999974
38929.799999999734
39003.00091085407
39013.799999999675
39194.39999999955
39076.79999999963
39053.469464279005
38967.59999999971
39205.05577235744
38959.19999999971
38988.59999999969
39148.19999999958
39135.59999999959
39114.599999999606
38988.59999999969
39139.79999999959
39059.99999999964
39093.59999999962
39236.39999999952
39106.19999999961
39085.199999999626
39168.811666851136
38988.59999999969
39187.66650010253
39119.72115252091
38933.99999999973
39063.15773633766
39101.999999999614
39083.53633245158
39017.99999999967
39106.19999999961
39086.966392463175
39250.97301893765
39236.89122364413
39043.199999999655
39009.59999999968
39194.39999999955
39122.9999999996
39215.399999999536
39127.1999999996
39034.79999999966
38996.99999999969
39064.70317610095
39164.99999999957
39229.30692292381
39110.39999999961
39206.34370408017
38912.999999999745
38992.79999999969
39169.19999999957
39097.79999999962
39018.710627094246
39068.39999999964
38881.519366982095
39029.0729619866
39026.39999999967
39110.39999999961
38950.79999999972
39076.79999999963
38849.99999999979
39049.064333625625
39097.79999999962
39206.99999999954
39024.86526944206
39058.66832863076
39056.09730041895
39299.39999999948
38975.9999999997
39177.59999999956
39082.16343079499
38917.19999999974
39120.73680354254
39139.79999999959
39030.599999999664
39295.19999999948
39013.799999999675
39148.19999999958
39122.9999999996
39123.55130247882
39064.19999999964
38875.19999999977
38980.63622822562
39085.7856002303
39018.677637266555
39042.45638688996
39051.59999999965
39286.799999999486
39089.39999999962
38954.999999999716
39030.82962513665
39022.19999999967
38938.19999999973
39047.39999999965
38975.9999999997
39041.917522078256
39131.399999999594
39101.999999999614
39143.134137850415
39122.9999999996
39001.13054392426
39030.599999999664
39055.79999999965
38971.799999999705
38950.78202550504
39026.39999999967
39229.0146179546
38959.19999999971
38959.19999999971
39072.599999999635
39202.799999999545
39101.999999999614
39070.012720389066
39209.95487655693
42210.76819101924
39050.879999999655
39106.19999999961
38997.11781669968
38954.999999999716
39013.799999999675
39185.999999999556
38942.399999999725
38988.59999999969
39076.79999999963
38981.01613558434
38942.97907077209
38963.39999999971
39152.43048400151
39156.59999999958
38841.599999999795
39131.399999999594
39131.399999999594
39152.63850229644
39028.15679971841
38812.199999999815
39093.59999999962
39188.06011592103
39274.199999999495
39076.79999999963
39126.56106308835
39030.33709838713
39076.79999999963
39205.66836456949
39111.54918023848
38973.87176504289
39160.79999999957
39122.9999999996
39101.999999999614
38967.59999999971
39085.199999999626
38996.99999999969
38831.94934251172
39265.7999999995
39149.56127658922
38896.19999999976
38921.39999999974
39032.34729613121
39007.56859066522
39191.16425524521
39073.57899918461
39150.39913453479
39097.79999999962
39193.92178907997
38980.1999999997
39030.599999999664
39119.90704643115
39198.59999999955
38896.19999999976
39068.39999999964
39072.599999999635
39156.59999999958
39098.15630110474
39194.39999999955
38959.19999999971
39139.66273358045
39215.399999999536
39219.59999999953
39051.59999999965
39002.98344453444
39101.999999999614
38908.79999999975
39022.19999999967
39051.92420696021
38904.59999999975
39114.599999999606
39056.20617647725
38854.199999999786
39209.529928799944
38992.79999999969
38942.399999999725
39237.24828472536
39134.808613214445
39002.86864985435
39219.59999999953
39305.48254601433
39026.39999999967
39191.7414396863
39160.79999999957
39060.29235268841
39131.399999999594
38938.19999999973
38753.399999999856
39043.199999999655
39195.08818990663
38984.399999999696
38934.710340530924
38876.45506010629
38900.399999999754
38950.79999999972
39181.79999999956
38942.399999999725
39209.375575883154
39138.85222356787
39123.27634955286
39033.14859386269
39051.59999999965
38992.79999999969
39236.39999999952
39089.39999999962
39215.399999999536
38896.76482319576
38896.19999999976
39156.59999999958
39039.36717180957
39080.99999999963
38950.79999999972
39043.199999999655
38967.73259683013
38925.59999999974
38999.124245414576
39137.82250372325
38866.79999999978
39140.148539150134
39009.59999999968
38931.207492959846
39147.85301358759
38963.39999999971
38933.99999999973
39101.999999999614
39080.99999999963
39013.799999999675
38946.59999999972
39076.79999999963
39122.9999999996
39245.62266183762
39211.19999999954
39283.23800289854
39185.999999999556
39005.41610907128
39061.2379440871
38943.12855286562
38929.799999999734
39055.79999999965
38862.59999999978
38959.19999999971
38908.79999999975
39047.46822451257
38963.39999999971
39158.632086350306
39014.075468495874
39106.19999999961
38971.799999999705
39106.19999999961
39155.439470541554
38963.39999999971
39197.038946304594
39143.999999999585
38946.59999999972
39119.54951832556
39286.799999999486
38879.39999999977
39013.799999999675
39123.96347531655
39047.92769929845
39038.99999999966
39127.1999999996
39159.17297855411
41862.05790520061
39050.483999999655
38925.59999999974
39191.294176993106
39102.523511199644
39343.04466922898
38980.1999999997
39258.71670329587
39114.599999999606
39139.79999999959
38933.99999999973
38972.92076390005
39190.19999999955
38996.99999999969
39395.33404389293
38908.79999999975
39251.474723198946
39024.59954733431
38959.19999999971
39161.762291079656
39122.9999999996
39041.2314091066
39131.399999999594
39022.19999999967
39079.5210204326
39018.004024033486
39017.99999999967
39290.99999999948
39089.39999999962
39169.19999999957
38904.59999999975
39091.62597917322
39131.399999999594
38963.39999999971
39055.79999999965
39110.39999999961
39173.399999999565
38959.205059163025
38946.59999999972
39237.10508926346
39006.77806675417
38902.87104527674
39026.39999999967
39241.247718720544
38905.0386437485
39145.48281223925
38820.59999999981
38955.07119051868
39156.7547596944
39206.99999999954
39064.479684454316
39101.999999999614
38967.59999999971
38992.79999999969
39149.92738622068
39584.63728797884
39080.99999999963
38967.59999999971
38975.9999999997
39110.6466401217
38971.799999999705
39194.39999999955
39105.44082609408
39136.336807740234
39122.9999999996
38979.61317603013
39089.39999999962
39152.39999999958
39139.85606402316
38863.50444913377
39201.7301643381
38954.999999999716
39184.84187653116
39198.59999999955
38997.04829563046
38975.9999999997
39253.93430668816
39043.199999999655
39148.19999999958
39239.70673317998
39194.39999999955
38904.47247166643
39185.999999999556
38810.24858982746
39055.79999999965
39194.39999999955
39068.39999999964
39043.199999999655
39113.80890873285
39034.79999999966
39257.39999999951
39022.19999999967
39013.799999999675
38984.399999999696
38862.59999999978
38913.636931651556
39278.39999999949
39135.59999999959
39350.11435794374
38879.39999999977
39198.59999999955
38925.59999999974
39013.799999999675
39099.306052028885
39164.99999999957
39028.476807533705
38954.999999999716
39122.9999999996
38933.99999999973
38974.89463376789
39001.72820654363
39059.99999999964
39203.29863213145
39173.399999999565
38913.16016400932
39164.99999999957
39059.99999999964
38724.35709430009
39101.999999999614
39047.39999999965
39080.99999999963
39026.39999999967
39023.3600682783
38887.79999999976
39017.99999999967
39143.999999999585
39108.84299121103
39090.23389479998
39110.39999999961
39181.79999999956
39082.01024115861
39282.59999999949
39034.79999999966
38991.87861422253
39190.19999999955
38984.399999999696
39206.99999999954
39051.59999999965
39081.143135820654
39215.399999999536
39104.1098267175
38975.558788149225
39211.18975400351
38888.06514342221
39429.59999999939
39106.19999999961
39059.99999999964
39068.39999999964
39090.28401614279
39122.9999999996
39030.80244211194
39017.99999999967
38996.99999999969
42088.051889781345
38850.85603193118
39119.250068179215
39047.39999999965
39101.999999999614
39070.17480387856
39120.10654452476
38917.19999999974
39127.1999999996
39122.092112200306
39209.52717969208
39064.443859000035
39017.99999999967
39185.999999999556
38946.790527910336
38933.99999999973
39135.59999999959
39051.59999999965
39110.39999999961
39077.72001772853
39233.52186038711
39123.059544423784
39039.54748027542
39133.64913115295
39110.39999999961
38977.78985414543
38883.599999999766
39364.81037375992
39190.19999999955
39085.199999999626
39101.999999999614
38992.79999999969
39190.19999999955
38904.59999999975
39097.79999999962
39160.79999999957
39046.34070237786
39148.95862158608
39253.68281317435
39295.19999999948
38988.59999999969
39260.195355023134
38988.59999999969
39047.39999999965
39032.46576346832
38946.59999999972
39211.19999999954
39194.39999999955
39142.13373679193
39110.39999999961
39144.313474939096
39135.59999999959
38942.399999999725
38819.27250428397
38921.39999999974
39127.50900255234
39139.79999999959
39022.19999999967
39225.183479185966
38954.21282338484
39287.0459499025
39082.92134078442
39036.771648954906
39102.27829526778
39110.39999999961
39068.39999999964
39026.855437589715
39039.20769166479
39227.99999999953
39034.79999999966
39017.99999999967
39160.79999999957
38971.799999999705
38887.79999999976
38938.19999999973
39253.19999999951
39101.999999999614
38854.20526817349
39059.99999999964
39038.99999999966
38983.44132270411
38904.59999999975
38862.59999999978
39213.815253531975
38943.079523190274
38972.05612515318
38887.79999999976
39148.19999999958
38984.399999999696
39098.0791253993
39026.39999999967
39223.79999999953
38996.99999999969
38881.43549081203
39055.79999999965
39169.32345967372
39030.599999999664
39293.40656160418
39127.1999999996
39158.71479868392
39045.57542030073
39034.79999999966
39047.39999999965
39127.1999999996
39013.799999999675
38996.99999999969
39114.599999999606
39257.39999999951
39076.79999999963
39009.09786455321
39017.99999999967
38933.99999999973
38992.79999999969
39054.04024530229
39152.39999999958
39127.1999999996
39024.20198191337
39034.79999999966
39038.99999999966
39142.994535556565
39056.40631102034
39160.90963455878
38896.19999999976
39030.599999999664
38904.59999999975
39114.599999999606
39068.39999999964
38926.94616503753
38900.99331996433
39194.39999999955
39082.6733975567
38943.25111443519
38993.63451494191
39257.415210761654
38971.799999999705
38975.9999999997
39005.39999999968
39183.307465733145
39211.19999999954
39059.99999999964
38992.79999999969
39122.9999999996
39072.599999999635
38879.39999999977
39101.999999999614
39019.654110444964
38891.99999999976
39133.41847282262
39008.197565004215
39214.121012331656
39152.39999999958
39097.79999999962
39080.99999999963
38923.111208058
38967.59999999971
39002.774350335814
39026.39999999967
39085.199999999626
39257.39999999951
38992.79999999969
39138.5294684386
38912.999999999745
38946.59999999972
39015.67158164419
38853.24229396597
38938.19999999973
39190.19999999955
39244.799999999515
39036.845485552
39055.79999999965
39223.79999999953
39142.230804734645
38979.84650013015
39135.65991847673
39038.99999999966
39192.876071926825
39164.99999999957
39064.19999999964
41745.52041783731
39119.706528015784
39319.23147124696
38992.79999999969
39012.56769612366
39026.39999999967
39122.9999999996
39038.99999999966
38908.79999999975
average revenue:39083.886425148965
possibility:0.007