30678.01470515268
31336.875752063766
30360.239566063196
30530.34232614957
30877.884828256127
30785.25965619425
30571.057931204334
30805.973829620554
31051.783800404097
30532.582281425395
31249.122109462987
30705.365581737828
32020.556840266032
30822.43928272722
31129.493287346922
31746.42114781124
30330.759629454456
30311.068772749517
31123.521393206254
30388.187987232555
30915.487015150487
30673.291364260844
30465.234121196987
30740.557535115164
31486.21731212383
31787.113074410012
31266.03649980727
30594.030278784256
31174.54352204789
30797.03690494006
30614.55275485887
31354.327008598735
32487.280173439078
31130.838480410894
30948.501299461426
31426.778536000755
30378.543408881393
31212.73126776886
30425.210390095857
32194.61055870576
30391.034469925275
30941.276198541986
30861.83469211288
31323.67173366468
30601.55848753409
30588.29619228786
30719.78435750462
31351.10305317876
31111.472306250358
31141.20470710088
30742.574910723026
30742.907064781175
31446.609183471355
31061.93634310921
30935.504893448444
30468.965535455445
30945.71369568433
30931.570619956186
30766.329243955497
30518.024244125063
31190.680883820773
30746.61420873162
30372.19735306228
30668.004608082203
30000.360483239627
30850.785563855075
32200.382422177674
30705.434072091364
31860.60460957425
30554.447321868203
31293.175655759245
30947.605465975434
31664.39906456677
30384.669825308727
31276.919216222625
30584.06890484714
31239.054293121008
30550.571646818084
30802.507385645487
30454.092041630807
30615.3914835004
30585.03056835266
30934.8855829042
31750.273006668856
30332.724166044245
30994.168397052385
30650.33799039647
30460.755674366508
30422.953540459755
31598.78135630133
30696.14159830017
31710.354791223075
30143.487910385677
31082.482307573242
31511.1182034975
30182.534721763128
30677.20456523821
42299.63188606787
30981.664361877807
30287.961636096978
31881.196630377246
30688.930510642444
31405.638936175503
34314.837446698315
30645.09258462669
31036.375596117363
30390.82270474651
30597.70873015474
30674.441802932783
31882.091952469516
30523.747790726087
30418.141498560577
31363.592551665508
30258.47774512914
30724.290630248575
32425.691946481937
30711.488400766943
30609.72980625861
31166.985528667858
30660.09215156359
30584.016026322817
31027.99897413499
30764.885892104943
30842.105690579952
31077.110833463717
31027.562497379397
30311.34290378164
30935.22722604122
30963.949141989255
30465.16726517822
30751.365686591354
29943.973940442185
31144.273538675105
30950.888081778492
30307.950257870278
30962.875838108925
30912.872658061977
31055.591804855223
31473.649771729717
32476.477055059204
31078.09509906875
31654.505499942046
30290.19844464082
30987.081907137566
32208.80907995257
30778.547022926337
31538.038503412074
30642.63846708377
30889.45206658038
30881.134951092492
30528.779309399324
30924.289316995026
30617.97397193333
30476.441919121367
31043.641254740818
30911.035198385045
30381.673944748232
30936.47501906103
31921.269808484416
30333.01789079646
31079.26393926695
30730.376173385386
31512.305117879507
30491.957108276063
30454.265283386274
31427.16860927044
30503.622521788373
30211.141406891642
32522.87435005194
31015.54570912348
30539.871556418697
30722.905218944037
30470.926025734498
30534.875163703855
31915.88724871627
31142.42817794979
31639.667678418336
30589.594560494075
30249.93624907675
30800.03861428143
33019.81671567078
30813.81228269226
30824.74519968766
30680.140867644986
30428.068380584544
31025.04116180559
31090.42730655435
30581.916492940425
30503.852084937673
30883.708962480636
30715.129234775257
30450.315332077513
30828.05067588928
31942.36020124578
31025.843529201356
30849.932399200618
30812.335371169036
31050.06737755728
31063.56129757249
30241.816204292933
33578.370699791485
31858.220432535345
30566.427641811828
30776.836722862732
30662.26725489583
30522.073088856952
30381.172251033957
30746.211416251856
30632.171209119013
31778.531992170338
32160.171125261182
30811.6105934714
31968.14407907774
31843.847688742975
31017.213539473487
30598.376609145238
30556.895087008616
30578.946530247504
30406.630986746753
31070.039460139218
32395.198145598228
31112.664737472573
30431.399424597526
31479.643567904568
30671.61765096127
31109.845164764483
30673.90963351606
32764.396175342605
31066.56993367335
30089.06148892299
31438.730552643585
31071.39653869249
30510.75454928923
31030.961086345775
30331.516293674744
32113.602987586644
30751.619957850082
30801.839290685
32159.75521431286
30109.137312731968
30467.89152994655
31133.556530071284
30528.92928184368
31636.420814463847
30605.020654598477
30330.834027256966
30473.844823513627
30963.09382891041
31002.29396848118
31942.03592820144
31067.660065800384
31521.05417287878
30953.891717368046
31383.7646079034
30409.442182255872
30525.76857756569
31369.534596300007
30972.477645438423
30291.706221299493
30961.28952241222
30238.81560732074
30588.124136484385
32817.29378892349
30415.52925255939
31164.23399630364
30414.58147663157
30635.66596907049
30389.581375039346
30475.545339592507
30370.80743603221
31012.79968996997
31620.2649763095
30663.083767033237
30838.871981161217
31418.07493055936
31767.37966699326
31020.652064179616
30658.353291305557
31234.953873633658
42116.09033270614
30944.192797245538
31016.79683059239
30514.836237629712
30468.882153545157
30586.52626341352
30637.623902300707
30479.702817409365
30115.263776419884
30168.105738577044
30971.50209878171
30844.046234780595
30504.997238116342
30348.49007336421
31011.339935631735
30279.77707149363
30535.502635644054
30598.942869015453
30474.0903034054
31589.865102693508
30879.05408193616
31943.276563025578
31510.611483742294
30344.401606016345
31455.284203371302
30793.44579977182
31372.871400464424
30959.441821627894
30711.916999585035
30919.874993388796
31296.237932506032
30039.103681475193
30770.35544351351
31148.47061946908
30668.2339958883
30359.939029306388
30791.773046314986
30539.642344430333
30445.360238344943
31574.281796523148
30577.143090344216
31592.572096299846
30659.87886243525
30702.568410551987
30686.77964909785
31882.8505740423
30710.237896693125
30574.778511685803
31784.927584422352
30800.749735977093
31300.861848435707
30529.53708058879
30637.459868514186
30959.340260375644
30293.932791045805
31439.844162171044
30540.433736244846
31283.088453676464
30830.299474909334
30848.55616209578
30685.869704134187
31066.116942642282
30583.710820164215
30789.893051341616
30824.84488578749
31248.419304091913
30937.628391018694
30787.11429033797
30668.263088326916
30609.695005573398
31108.126424028287
31758.727361831592
30238.57829905844
30669.094455709783
30343.997619050406
30678.341895263013
30396.85060234059
30865.386811205994
31250.46060852223
30457.342694751405
31611.080294649546
30747.839724841546
30514.013499822286
30947.45989111669
32881.024314522154
31065.132926921462
30629.617848779817
31133.125067948098
30663.601469899768
31223.629962380863
30561.461167917776
30528.713116676056
30632.59135577859
30538.89560013523
30665.26263729202
30387.616552273914
31051.075758825235
30433.407288092498
30343.175622816332
30444.06750245263
30881.739838559617
31092.390777191344
30411.426082933605
33047.78573128439
30548.80594634666
30826.28687895536
31701.027290022485
42094.741963716675
31472.808036873594
30650.928315147627
30407.568954174072
31157.045986511643
30914.77971935926
31030.36691581092
30349.93611262166
30967.675878461843
30331.40107507206
31492.658058132103
30951.36121298683
30714.677113964946
30806.327885144725
31203.804111763267
30817.741508063627
30531.372131388423
30781.40563027142
30609.3460701426
30794.637542567078
30465.460374724447
30730.251299719308
30845.990101701
30892.798541794586
30496.59582997056
30814.933556922333
30590.24145930403
30586.5230703159
30734.508086860646
30976.45070904217
31577.06486158249
30898.41371279093
31301.692458343856
30224.73014562857
30699.86810111735
30474.926965463063
30078.742666393704
31139.509120763792
31088.674421396303
30907.87797001556
31224.657572668555
31003.324848223052
30356.702156993575
31472.07070518339
31153.264383747664
30946.24099248765
30820.66994184631
32198.024959529674
30218.509418645288
30807.50477663416
31294.83942216308
30649.936755708353
32303.00426820083
30736.709781881076
30649.06449264055
31207.54593844831
31197.935568589142
30727.372573774137
30810.622983483005
30837.971070132957
31323.61237504967
31086.959501595575
32718.013989995412
31319.124063274357
30566.79952960254
30191.236178511514
31003.95670042419
30698.62608544557
30578.28775660643
31456.20785528621
30886.999555312243
31550.77002989472
31175.3990679664
30377.529631612302
30388.04025709853
30483.400751374666
30775.679357534347
30458.311007997807
30907.85401188277
30608.970288865374
30755.140746186808
30487.706468245888
30315.508557317295
30580.3084618156
30405.835048466844
30767.83516901746
31135.581680905558
30902.21110124196
30736.340562533886
30414.59675635947
30142.956721853
30722.75263726732
30447.251462796718
30780.769141773773
31955.573031606982
30368.481727921437
30487.26937936098
30368.351385625254
30527.290291418078
30664.78248421519
30767.888133488355
30805.23683967922
31147.40270082841
30802.3108180895
31107.45031439003
31014.482209421192
30739.49578013165
31179.926254011305
30383.476822376404
30751.966286030955
30111.841340772142
30608.720786495127
30728.380628252402
30520.597417159974
31862.74607468944
31035.53019459343
30496.516526531654
30384.682045576665
31165.396075360357
31009.431058581216
31796.076205076504
31323.636718456437
31048.594996715547
30361.34408499057
30843.56024728908
30744.33963085907
30684.49840123275
30329.838820801964
30554.88948148968
31565.62266258023
30794.56424145692
31453.23234745565
31301.457800060958
31093.325943339554
30519.694400596585
30767.206634253052
30597.39882548504
30439.197161255583
30508.10081194514
30843.92145415686
30762.163880875352
30304.92349293146
30822.904071201334
30552.669968656166
30873.27524333169
31778.876892995475
30543.29555050843
30523.284339464502
30786.870012972613
31129.007068997973
30659.891363982046
30435.58277500368
30384.48286319215
31447.117201435143
31139.99269602988
30941.019627509297
31020.39192132389
30402.95076843795
30887.578054055153
30828.558186105623
31637.643955738367
31402.027706214663
30753.186695046126
30855.694774719363
31803.95174371932
31871.16589609615
31106.864016511583
30708.09497404262
30481.156730445666
31132.499095472704
31067.697210752216
31473.86755921641
30515.18689919872
30310.787288788735
31075.574671807284
31261.185348444003
31759.471662055497
30752.214160864612
30458.317110920405
30527.315101787553
30699.75499521365
30735.278348174637
30322.6293976884
30568.44264527512
31315.879902423803
32614.54281894461
30270.67201577896
30727.289884038968
30762.271110758895
30623.920790572498
30685.463970073026
30743.248197477842
30792.266598611386
30707.881273217517
32283.992189061253
30327.830132201183
30599.725030581376
31371.060634143923
30354.61924983366
31907.380000051075
32210.35588978083
30467.343834229356
30405.304228356716
30747.696412184814
30759.33244025517
30375.76586534826
30811.37170157603
31038.146547477758
30354.8436555782
30453.158378804106
30741.613651976553
31387.53280041934
31248.007633319303
30487.196055904773
30678.243699811155
30249.70333533901
30591.711123382665
30487.86339440558
30576.914032695233
30494.591134784834
30340.074212106345
30767.656889351852
32193.757863179355
30911.065399146853
32435.727022175462
30815.359583428482
30517.210332369792
30972.878064480694
31519.263623106595
30418.45909117123
30897.166679869464
32184.062634090915
30631.863704497126
31343.477639569828
30928.040230161572
33629.0308134962
31874.658323644806
30676.916814099066
30483.84839006683
30484.40195797143
30753.16356253486
30047.24692482098
30319.087541316476
30352.53794977087
31190.12957930352
31773.879074949586
30534.759603785144
30892.321533356546
30426.867789255484
30631.763673788108
30517.97206587311
30463.683513287047
30226.816655728904
31636.857723872905
30505.670489068732
30474.54439615992
32604.276942441298
33796.37150014172
30505.749225081654
31225.689675567177
30229.233525442916
30619.689664617188
31321.80627721362
29986.593817225516
30462.468327153176
32329.476627732714
31077.373643067327
31021.4219454963
31071.656327941757
31069.959663152338
30076.984294790633
30811.437159712783
30513.86904295642
30775.321953370967
30969.82171540069
30337.01751645606
31074.178972846352
31621.036338456142
30792.944144588015
32637.83264218823
31683.700686145192
32025.394202650856
30645.722210584645
30329.987400314247
30633.904545257818
30736.636815259928
31377.240824561413
31623.565715871464
30747.459427348647
31969.08685687712
30840.626552263257
30834.525812722317
30291.31906368258
31040.425710363495
31947.189787310617
30712.60311149557
30477.06433676212
30526.101272247295
31672.365728088138
31611.858988488177
33313.16966115493
30394.704496032944
30602.030118142764
30463.29068898233
30788.01677012964
30724.72337462969
32364.091996897914
32224.263302556126
30840.91814302065
30326.47845600247
30691.923537016606
31063.061964363766
30257.160974180842
30473.60145734942
30429.541613526766
30508.821673784278
30433.829896820716
31739.898925168432
30694.59961459795
31411.23865571482
30602.049616215958
31839.821696521467
30673.13298205546
30417.18794837136
30412.146020452223
30380.738126683933
30764.638499972018
32187.203904488517
31290.826140794103
30700.630192180266
30572.751817550467
32406.114241422474
30780.415115004776
31039.882806287133
31185.69059966516
30462.904664382284
30377.53117171899
30564.31295989636
31750.084742389634
30951.654896206423
31659.898984122483
30926.960450872277
30565.895928957347
31028.494203342787
30733.284439749004
30432.85891179395
32081.84514114805
30812.994314516396
30992.058226626083
31060.99973343624
30767.793821186515
30435.464631426392
30849.502984263272
30561.905928671942
30951.552556758215
30612.600670217158
30727.49175602203
30727.12966961347
31594.609060588475
32321.355308975904
30314.58361425498
30463.44392257004
30751.92996018784
30451.92191929012
30196.537682848724
30701.128461329285
31316.827937801438
30703.09873219557
31008.11547985951
30826.758812035263
30497.093860261215
30151.398919804313
30370.112308173146
31108.21851938358
30494.694486827506
30656.44784304372
30366.274484718837
30348.647442584315
31909.88141393644
31163.09899704979
31792.46382159796
30679.81626385837
30199.75323361973
30785.08841349576
30421.59877085639
30696.470521820862
30537.099757040087
30768.28499667433
31059.246239235494
30644.50006517671
30386.882718569777
31147.59324978136
31328.68374046414
30575.08537069902
31122.70285889544
30735.658468885526
30658.6296402805
30846.378342085936
31869.969826930537
30856.515665196435
32056.410749963037
31839.096586898533
30512.983815043066
31076.452478372394
30260.78359789432
31922.2743356006
30429.759874744454
31192.88181537803
30720.35855384791
30857.221645486152
31248.50622519526
30973.320209801797
30881.925600634215
30680.561743407285
30483.924432315736
31059.961476724853
31203.408533460402
30731.29792361306
30895.67656199031
30404.96776876628
30299.16594191281
30502.41500154652
31002.11379007629
30367.813015504402
30625.500920695857
32322.799484361367
32071.53714488163
31025.819613953325
31436.184485231333
30627.458686877893
30413.288106082055
31513.663160887492
30875.88118649018
30516.909007791804
31272.8686395069
30811.50066375313
30551.101881088343
30520.658730582232
30808.59604856471
30423.47408731307
30517.46338681191
30786.77838886364
31202.823551662437
31247.884775698054
30360.335299060967
31148.03417432975
30894.764411826447
31230.80335840629
30720.388703215474
30538.537988075037
30945.264769286823
30571.77296307251
31994.641514842726
30271.885171114318
30970.90072388648
30700.703217787097
31310.781162988194
30732.368086572733
30620.792460809007
30911.90013708385
30242.044464641585
30722.176603663367
31361.56906380016
30482.247069373283
30190.630014685703
31043.14108783636
29980.2772362616
31097.340389184872
30934.21311314367
30566.4791494269
30181.86131592724
30826.583071454763
31986.70890452966
30239.835856109825
30992.954376189613
31626.308693523268
30373.33571234088
30976.451925212023
30372.67653508836
31200.975296708602
30717.21974145429
30929.93895861699
30294.13049800458
31069.191644865477
31134.865482506157
31775.71184887478
30896.869736193796
30616.294692597436
31302.876340818613
31189.698525833483
31023.729355745327
30636.115105417055
32802.67819922245
30585.183059203526
32124.829954793666
31887.866694485165
31038.56450722823
30710.995266715094
31212.20041699808
31519.16905633755
32611.59722790634
31076.53981441642
31249.54875562846
30634.724315197956
31540.480879023737
32422.892361339214
30277.82368128488
31276.817211887697
30410.832694895544
31283.915491717387
30380.911187042202
31315.614807857317
30748.308163331832
31873.26178587617
30215.43471968008
30196.68633460165
31488.620451427712
31328.83711809364
30360.851447308203
31251.66687542544
30262.527841441577
31660.25139735235
30912.577516023553
31706.607832759568
30537.661162146418
30549.330938956078
31003.28013766635
31519.52962125651
30767.813019513116
31194.28539857863
31235.31082443588
30717.07496644127
30497.613126468703
31190.83221377879
31637.918469896857
41839.58397074458
30343.794864573378
30666.202868377557
30674.035557545314
30967.873380857895
30855.922786074
30012.34240255083
30451.08029297889
30576.314225838945
31825.11666065166
30655.310979258786
30402.54377765642
31142.15480679604
31181.63594335135
30699.24908063481
30666.644550014513
31261.73052589401
30396.54042706386
32202.734001520315
31296.671422062478
30758.3040173208
30774.485602636403
30753.73650195952
32365.156851366242
30582.886169648304
31201.259374818594
30849.8063679232
30460.081337509506
42228.00287135206
31262.012253814155
30868.37437137819
31783.45920727608
30518.502122278613
30346.906365023686
30974.333150326045
30346.57000319349
31356.56865157912
30282.111050487707
29889.489106584326
30555.79166978075
30405.137906084266
30546.28926750927
31663.90082920309
30296.77765512333
30527.967687997352
31053.861979945355
31158.36731744366
30337.718399316258
31104.748624336113
30387.81857393952
31193.114621888322
41833.85663282931
30864.98424251931
30865.934036666888
30580.55986840882
31050.897028920604
30722.368076319624
31665.654292079802
30879.041318724434
31189.4332345457
30752.94648847574
30455.92594409737
31577.199730814293
32300.333014593303
31290.91484124652
30793.037714026286
31333.68217208928
32212.217867129948
30596.92956884403
30342.619023295414
30465.869054247065
30431.697361843566
30719.082535871392
30724.62483790031
30921.453904303587
30308.963088128752
30163.81930383457
30421.723913551563
30466.98599933628
average revenue:30989.391029189475
possibility:0.006