21489.29199290196
21120.01805550139
22253.022919964
21543.57590691042
21941.323724468242
22227.94894013697
21257.195184822278
21485.23017685326
24129.870633446608
21576.910595713896
20898.20398674255
22054.967600963595
21777.470437471686
20834.743031493315
23630.999486478846
21560.42262933139
22319.88042871884
23421.18092853653
23601.773092168696
21555.05368434245
21887.05935294188
21806.168314919727
21139.698169053707
22048.299923540617
23313.997070117788
21509.849969608647
21417.465027772374
20948.64464032093
21541.226115226236
21085.06117223141
21789.2807958858
23193.727029348924
21288.519856068317
22043.73233396818
22189.03173478152
20915.35470075294
25357.397019679145
20854.31567323936
21496.957702596213
21513.233529216297
21668.31015718662
22857.60392795238
22124.9050662333
22340.415452625697
22790.819446661542
20835.979417471503
21112.174202645998
23792.27638195093
22404.43951376198
21150.217587877436
22213.05339616311
21646.976902191393
21559.99138736787
21668.969488297906
21468.78488707098
21090.949792294272
22459.968323436657
21967.93808832624
21101.277235187514
23718.631128146237
22565.391652199658
21544.648903535428
21611.448858961558
24833.125079053723
21606.451941890315
22029.589276886883
21299.51194289381
20884.555066683675
22269.89033431022
21897.124208536847
23572.769451677585
21670.950977156648
21067.06151953167
21240.2069837678
21171.13169927465
21831.88376627176
21154.60413989124
22629.187286850898
22952.913065404216
20943.710765562693
21332.245163853033
21080.753945092292
23646.575834341136
22239.457216976356
22618.94260473811
21199.506980654274
22258.93072569412
22356.41436328992
21339.37690266035
20861.473761176792
22581.058452005207
22901.826661036743
21847.482259956614
21371.494959249587
21470.33332923875
21926.296429558115
21003.870166057597
21644.986514824825
23403.667913552457
20610.990056632825
22749.929175960413
21829.82503353473
23283.89005604359
21220.325317344494
20943.354561469994
21169.742595529748
22296.182873837788
22110.093471532335
21650.206712315965
22489.126630190953
21491.014914352465
20973.142392952916
21330.688265528894
21016.11430947483
21474.813664545843
23123.568181498937
21106.71258079578
21006.65184666454
21997.923438805927
21278.888981018186
20979.33817419061
20757.416292017366
20732.099072373447
23223.227438486625
21243.288628781906
22110.47777939023
21884.85819365628
21449.194117724015
21404.67252483693
21138.713703685673
22009.319919446883
21166.790666216577
21210.77453635387
22518.725917728294
21415.540023535577
22377.04940227475
22088.91766713338
22797.152548372535
24831.995347010543
21042.706821991713
21809.007353127152
20843.90909966955
22158.747093851674
22727.69057010203
21585.913256186366
21763.707750832426
21856.83796341029
22823.907047266144
21069.547701750485
23483.08757237859
21137.84318874249
21733.13962580742
21204.1452293021
21289.68589883941
20897.034392798152
23276.227996288213
22181.972363603258
21113.53465706264
22582.311402739986
22298.929756191614
22204.79341930353
21442.753511231498
23006.08659072178
20740.248066347493
21524.172882546343
20978.567598378602
21249.363669217717
22244.939878484023
21600.23993050533
22243.463681724097
21411.26772397617
22581.346066843642
22046.309342019686
22482.30082103682
21774.442735633904
21523.75939038638
22882.555101402148
20576.40833931897
21003.323448367442
21915.14471193094
21333.154921233137
22537.121869139042
21601.86475185726
20954.484417880947
21996.33507347646
21115.208256294507
22928.16431473624
21113.209802605736
20711.07427773454
20648.381984872558
21952.597052784236
22556.017997388793
21204.217156336963
21651.745208584165
21587.699091622773
23673.246488917124
22602.709239605014
21099.219053485234
21037.55932132078
21172.354160279232
24969.57403300112
21802.570487978828
21037.59757459967
22141.282338307436
22015.03185605491
21510.712480904025
21005.497691260498
22723.89891999328
22706.66504395057
22366.46816414753
21037.658590455187
23178.423563757166
21832.293550499668
21317.22468736879
21388.947301333093
21203.033503007067
22200.888499087076
21387.7675050793
21665.497599840375
22574.749974598708
21833.443222771723
21350.74881007018
22012.25106678124
22601.57125864031
20904.87006675885
22918.114429645277
22260.66520830652
21213.715170247044
22467.411176528836
20801.670725939388
22000.086095976178
20921.715174016048
21286.375295492006
21478.33543170015
22457.577038449163
23210.19744204321
23090.880834859356
22161.364825511177
21083.204074947236
24277.295748121625
22592.634814661666
23045.849079320808
21081.425640877813
23720.524004358755
22378.571460271258
22649.179640779144
21577.260813609977
21765.702362312673
20893.871048875728
21819.000012081906
22528.00989699988
21399.679684855277
21982.26608436231
21258.188285890403
21274.73774458736
22431.7613320846
21807.435503994227
21767.207756907876
23413.74200798402
22266.696379137822
21217.829437867316
22199.46957386992
21745.861123525403
21046.41718823454
22175.96273935861
21965.014897055215
41457.871457600275
22699.85647799002
22512.212502481547
22128.73256665606
22096.515451067837
22182.098621827306
21213.00256556659
24048.027964902172
22730.5626160911
24679.022294936844
23435.478954698676
21628.683352464377
21000.40567037022
20781.83277440762
21367.077417752414
21405.92219682492
20675.262433780816
21719.762141730887
21267.322366338853
21316.581562744454
22537.32972721663
28857.329154016104
21791.343816192162
21692.60583640597
28144.521409445326
23290.47125535973
21266.43739526544
21412.792044223497
22604.179633718468
23541.428192362462
23419.794990740305
23919.017866243445
21154.060294305476
21656.002135850642
23255.725499635755
21774.48094587063
21188.21261815574
23589.312901260786
23747.264021474304
21668.795557801022
23568.64293760046
21412.46526807696
22121.822523958617
21530.177687113963
23273.261483792725
22458.87612357658
22336.152928828637
21672.470357369515
21283.37663430872
23953.09703525281
20759.209614124746
21150.803300722153
21410.639848076764
21801.014047598343
20606.888671226166
21434.78738980763
21486.48452413086
22700.879760551496
21273.991157554407
21558.590353469648
21459.952373141103
21643.79310181183
21582.072649983198
22669.913153690166
21489.955186238232
22069.41610271501
21306.963891986292
22708.660807441953
21726.999589615454
21949.46496394114
24316.501627782378
25207.708867991012
23333.315967168437
21481.87885593459
21340.286175719317
21414.278456253534
20735.760793432535
22312.78908263521
21771.862192373
21390.36528557258
20557.57707816167
23958.99992977623
21445.500576147162
22081.505421566675
21013.126313713026
20926.672354211263
21637.31717312614
21989.84172451585
23481.317280218333
22970.888356832955
21073.437664045723
23625.39712117011
21250.727670037853
21095.48113668866
21056.934631243406
22958.605945629253
22253.220753810478
21797.587708642157
21386.767773624124
21937.70932112805
23135.176600581166
22318.043415963053
22284.593365488417
21483.238253720603
21417.867689946586
21596.785019436684
21027.284948794826
21963.53608191079
21078.841625830086
20882.43392753986
22300.87136626997
21518.569232128622
21085.05301458664
21589.961056391203
21242.875888503022
21359.289201648826
22033.426721228312
22602.456072996298
21958.61467792287
28226.505197961298
22214.374211479313
22286.62741385908
21833.451167075233
26305.622241649122
23922.444811808287
21006.06304615242
23771.38664511194
22038.52269076104
22694.17968224121
22076.027169078054
21353.540949390568
21837.496655366118
22200.42915444001
21405.803458182236
21207.781862373617
21602.460758794154
21125.635555330453
21118.616127390967
20777.80935406586
21004.85819178853
23496.87250230727
22895.746019969345
22102.36554446052
21182.92749205851
23806.813370324377
21513.87100115863
21316.7424806865
22612.094626221166
21979.778830479714
22461.175864879388
21217.442351832837
22535.04813913416
21729.18365953808
22049.318084361235
22512.982790483282
22054.440974386707
21510.38045100882
21253.458870842
21744.276513262226
24029.232042688902
22073.672670954602
21349.522847656157
21940.712230316265
21656.900307774846
23270.43790653123
21596.245276418198
21183.24264590954
21199.00296857217
21934.744685572583
22278.842637452934
23647.27704591278
21185.9448697037
20960.547817614297
21692.78376400481
21660.387856732246
21560.929596647966
21247.62038496886
22317.762738528763
23584.233093941268
22181.883440603946
21134.242303189934
22856.01622036438
22260.2741875807
21168.958787207703
24405.95197500448
21379.502979002416
22107.48103622764
21878.245405042515
21187.304507196488
21268.85517016382
21102.6396436452
21454.46915726697
21365.932003200625
22521.787260457117
22022.711702926917
21368.12202803305
22419.143913695076
21729.145985960284
22032.34250856277
21113.214276682924
23492.007539332917
22727.107462355274
20997.75113516594
21462.543208960506
21546.255435332296
21017.27869284433
27107.780852148946
22313.510387029517
21912.08001114122
22033.277800971162
22185.801979827957
21390.12116832238
21405.48742912076
22314.809242520387
20654.911779897062
21657.533099898897
21238.177412405665
22754.851632688773
21099.017613669403
21939.894403942562
21056.17098345664
22372.85042293035
23156.55219537761
21180.833663762256
21624.47611575837
22519.313652203087
21344.441287062924
21626.963968422748
22451.34956085156
21140.911160012478
21643.54197403484
22081.649473579102
22024.159751625837
21681.091514921838
21606.268107267526
21065.61224683092
21172.309269692287
24089.991370322852
20795.315648917647
21873.04107054779
22476.804102950926
21556.251671440245
22018.69998648127
20615.936017959055
22262.68411301486
23352.158012582862
22614.46090730776
23443.22349429746
22619.00315332762
23233.546608456712
20882.009139835962
21943.736615291695
21455.009790993263
24055.654474677805
21192.09796232975
21414.185225499496
23965.300985655893
21181.662271285193
21626.918985238986
23845.886677294817
21722.68433656947
20764.526326655327
21672.952972984483
22160.095904397855
22563.165149749733
21181.846141147013
21217.91535232291
21360.85343170099
21849.71320978588
22519.06693153376
20945.660928013436
21691.206535785608
21640.93632623047
21638.464315723635
22088.49406582894
22538.968234081236
23389.427241016863
21480.981877699705
21147.84624776848
21897.70947186244
21825.00377014981
23917.914180273463
22039.80438912149
22941.97055145413
20942.712401153687
20872.64989182068
22748.91904666398
21555.371666641375
22772.956101319534
22331.76427782855
22080.755553922856
23287.26834896845
22317.679969591623
22051.996651681577
22966.488568623696
21612.731850282096
22112.509453651128
21976.097304580755
20926.267588695584
22046.886013417596
22261.693769935264
22207.059061886044
22963.752343676682
21807.367507662148
21870.787241936603
21112.06839967397
21696.95440080681
22362.824074431635
24506.733113679395
21501.107033866814
23437.25863435059
21272.347222205957
21786.18910678454
21243.409114916187
23077.332559370072
22161.303494573607
21593.6154065326
21416.703024635855
22346.690913663508
21802.37998857001
21319.770573743135
21563.252356293207
21771.040478074658
22659.958912529364
22283.63313800899
22755.43426339612
22481.325065308425
21595.6160589875
21395.470047894516
21410.581628808282
20886.622556597747
21782.053454875157
20804.75962605189
21518.40280114314
24174.336899391077
21485.16919530505
21753.485143392267
23529.437319770088
24068.558650785915
21910.079530823183
21795.829397849164
21619.325225446377
20673.91430299211
21538.823107301017
22157.78088071581
21934.318156289708
21789.244849883544
21889.77331284508
22183.498087852637
21481.12048327767
22129.538264394698
23969.466689480265
20865.092847205426
23023.22441591886
22198.195993005607
21271.820469497645
21209.452212762342
21719.311073700766
21382.411337436457
21441.56396015701
20905.176060621612
21517.016056491408
21524.789671088358
23229.378087429854
21375.858990472352
21193.67503150431
21138.999124550624
25298.09623367361
21812.376130855624
21633.22187660482
21550.95688267719
21481.03422221812
21154.054812326038
23860.278378746563
21424.872852503726
21678.167639395237
22279.073551371384
25017.035818375538
20832.754527761525
21408.572457645525
20928.048562301396
22553.501520028945
21637.89302633677
20630.512602623796
21702.24583558485
22490.322448239043
21305.19980796381
21901.614797377904
24553.17846151767
24706.606844023565
21170.636621821035
21619.034980380133
23251.608379912577
21362.006711085134
21176.7199543844
21833.723039931865
21227.417287049808
21620.909090580386
21049.41129775203
21454.962320007962
21611.5776380246
20981.007028088417
21797.567121906308
21088.67926494321
20713.436013770737
21244.24167150408
21627.832617746717
21052.08750777547
21530.53079935801
22453.508600884445
22263.72284896466
21434.6501006368
21474.61022274354
22368.26892104187
23052.027792957095
22099.543747971675
22238.623460647414
21355.20346460752
21062.737014478113
20868.806202075866
21235.48825118001
21127.193842014785
21859.43562745072
21246.62218152975
22275.282145894096
23628.242185696865
22454.668265471468
21388.395092115003
23096.67268931427
20872.672809238236
22358.075186070197
23166.610554597213
21935.079713699943
21046.222599311448
23461.703989738897
22536.472724411567
21213.167159376568
21932.01737519476
21762.82718436951
21136.039021099656
21413.965555714225
22073.94795193479
22661.97253468655
20945.246862990218
21231.82389523468
21872.746143483935
20924.81516370828
26306.082484791546
21006.06244798475
21694.523583845865
21011.699805556003
22719.55332618083
22528.36799645441
22386.239559601778
21215.624385022562
21137.006932393768
21054.274791833137
22108.651541804276
21389.661677491913
22034.237077140937
21686.622553592315
22303.269741438577
22167.199010587305
21542.535381277274
22797.860620196367
22243.806127086777
21536.289561735324
21582.534299920462
22742.239730655856
21178.536252554666
21034.299094618433
22495.345858605593
24113.036201386767
21109.271719819484
21033.684431023685
21240.66292651183
21103.4645745211
21425.482959762383
22226.103804357368
22731.2773826857
21125.64059442281
21818.374995509505
22450.829457521337
22232.295576996366
21436.845946813104
21171.772131320467
21545.833351300753
21182.02644021252
21485.643635454093
21195.54322103031
21722.53581087595
22055.141189777023
21717.00863543587
21734.20887263364
22512.515099860644
21448.511484987957
23699.51707696549
22579.73668669077
22010.76173830569
21627.73360158404
21252.635238847342
22217.76186342026
24815.954187299307
23945.093337879505
21613.428613007614
22457.82962167379
21371.769637379995
20845.561755340706
23698.53509053062
22111.284787141234
41833.41343143869
22524.148057361064
21311.928966776253
22261.61910237353
21850.61953615563
22420.878942081905
22866.847427545916
21580.477440539147
21781.30058368164
22567.916906048136
22206.335511135025
20992.31622810574
22338.38440357717
22359.547830113414
23933.44473690355
22243.985802507945
22242.08649849546
21243.47788628959
20671.845734658364
22033.654816157858
21203.26269384802
22484.45006400429
22771.656861637708
22239.934961332314
21871.98033621758
21522.268827735916
23239.22206650679
21254.71504995682
21949.641940685862
21133.13629455937
21605.846183245692
22520.002692414535
42052.46266794479
22455.84433539518
21186.981725953156
21975.01266844274
21125.1212863765
21410.840478584705
22141.571673657894
21167.101840372867
22201.884623284608
21009.60809728357
23159.035125125512
22559.082120751667
21357.365367214727
20973.73847807672
22419.99513514706
22055.77495954259
22161.995482810133
24227.60137413924
21951.322356778153
21371.49757646112
21132.702388730966
23413.43744336377
23273.460127792394
20985.360469554525
20796.37999886826
20904.300857583476
21722.20553858597
23017.431858067906
23500.054757924987
22106.04264937548
21409.917903894482
22427.274844042357
22727.46833197205
20960.02341158375
22591.2762184502
21508.20214247828
21251.860686229666
21479.823901020267
20924.71003871941
20983.626177035956
22911.674002632684
21222.490195943403
23791.63942354792
23541.15703315614
24869.933552928862
21904.89710321601
22523.58213384467
22741.460319600512
21465.445614032822
23932.607959837685
22815.984443378562
20959.2906835247
21025.845021241348
22563.650364711848
22173.51761971315
22141.684604846643
21485.480867272756
20967.526866947483
20873.76422949794
22472.24565146082
22828.93246346562
21222.248102747675
21379.221600098324
20833.369994936296
21435.26211220249
20899.51961822179
21662.692938901895
23312.44922615254
21775.10704311015
21506.035977562282
21789.888744854878
21201.171575694054
22037.744782246442
20899.516478517875
21732.666900058597
22061.078983675
22394.560695433727
21098.465548370816
22242.019499309714
21371.006363018812
21840.42475326962
22602.113849933477
21190.603826726543
22431.520812724153
23570.923572779768
22381.28677928699
22009.297613400984
22426.955866392866
22481.85055194257
22128.251745751342
20789.590115785504
21560.1369979237
22184.6833538321
22703.60044143041
24388.359206140158
24347.194004290264
21420.128791392
20572.937794645466
23133.043582510152
21645.400225927984
20806.858302594854
21962.724409269547
21181.172839710867
21666.705070548614
22381.463921267554
21107.51743613144
23142.85182708428
22075.843004541955
20985.148083724864
21672.787936915494
21032.359321904783
23156.909559308362
22799.98879185846
21293.45321378172
20856.972886491738
23026.56734795955
22576.891440976382
22393.74833512958
22989.706026976095
21483.246526553266
21366.71176201132
20890.242449769896
21559.181785741206
21346.563038687582
23283.091976094485
21501.570448418042
21872.448259004297
21318.515108639673
21343.435570040496
22664.07964279161
21736.646590862423
21451.806496161113
21338.30876184754
22816.947602546727
20986.1640027636
21109.99147875715
20517.41548147491
25719.474610840076
21261.53376957865
22201.98665433325
21966.12485581107
21777.549170010174
42275.39499717506
21324.643840402023
20875.92964587402
21319.4534266974
21808.09640523545
22826.396586779
26392.53772278965
22572.91543061521
22360.660482232037
21081.547494691225
21950.66247698648
22249.66699722733
22097.65601068632
21553.901957234604
21785.569655625073
25008.463966665222
21878.418697297697
23640.865044164286
22291.186851985047
22118.40660872862
21580.41086837318
20737.39965774278
21081.78592256611
22737.30493768076
23104.23161563491
20879.03165913926
23462.032171898714
21952.82858849631
21593.79650667262
22022.044859464942
21283.79046881035
22176.14319961031
21391.621823143676
23530.427577207112
21036.958941237466
22070.31023703054
23270.99943202328
21276.442447616155
22088.153600224065
23910.859139378255
22053.77410604624
21769.81027916516
21214.975931842037
24647.711749239385
24865.764022774212
21665.64036227231
21895.09786451697
23472.5740275058
22155.81741953287
22978.111151531368
average revenue:22076.54141965388
possibility:0.004