33619.69275031984
33397.762686855865
33825.71141432838
33955.4394767374
34359.134548269576
33450.51354262829
33292.31225740393
34005.826792890985
33194.791914018286
33577.96386730425
33713.65034998
33616.48792618905
33806.69014662471
33343.24703116735
33692.55590734194
33506.50593070271
33471.5817187528
33282.48709535142
33369.188837209775
33467.92619199421
33432.63681337633
33731.753235184595
33793.16727061605
33872.854222250055
34111.826666587265
33730.54149314249
33691.15831223447
33738.99088011677
33741.540954677024
33443.15961736287
33832.78109050827
33723.54095974545
33818.123268121206
33135.74318496344
33634.78664069421
33716.3638671202
33542.43124644365
34490.293518988416
33812.63354350787
33906.70450338024
33542.239456812655
34301.76172875944
33993.59328277979
33558.22704706343
33752.63009111167
33810.035301365075
33387.11992702175
33716.36786802895
34295.81169137181
33815.01040070592
33631.24557729815
34204.047533993406
33645.63781614168
33304.45619075794
33453.864751372705
33506.8626716902
33842.83087170422
33918.44248969466
33440.93656510923
33923.04635816155
34342.009474093065
33513.07098628555
33342.614624442824
33342.71274669465
33741.701022612855
33616.24498369807
34121.05137537548
33501.24818752926
33593.14256807474
33831.348457023356
33716.5337480365
33590.86463731784
33680.135874836735
33371.369167729266
33721.689481493995
33977.753417566666
33378.51863234263
33873.70664929474
33838.33875170559
33655.67598013245
33306.74905884937
33697.22907045769
33408.19474935599
33602.03289047855
34102.21285997606
33788.361459884676
34111.584395403355
34003.72667348341
33132.99580920648
33778.87609440986
33728.97621370173
33455.750755011286
33888.787817658216
33947.53299092571
33855.948567127285
33710.95110979245
33244.00748105751
33624.76710221801
33744.56009252967
34210.14843594047
34070.13123465463
33526.22513271269
33774.64124339058
33301.53517981053
34713.235695280746
33509.97538146111
33735.780191714606
33353.32113804879
33448.2406216496
33768.18031331308
34525.1724876481
34260.89297392097
34102.78764056621
33427.485490884756
33549.08410296475
33418.72396888395
33633.97877289806
34417.39631820495
33583.46751179728
33284.35147577691
35005.65432689177
33676.4417248722
34080.3421419932
33362.986098325426
33617.68871315849
33912.12105849518
33368.893820897225
33452.204308436645
33558.891562300894
33464.700420980065
34661.98740557529
33245.75947202894
33832.63065439264
33563.83551937052
33993.491950159194
33411.162597820934
33455.84106615267
33801.48957157827
33365.31138594195
33578.91065637579
33617.77941929407
33711.02013542909
33852.60556756598
33777.98838660328
33548.65252311964
33534.54887879706
34242.88170348021
33076.705883715025
33318.657318941725
34010.62831896626
33862.100657951814
34037.66900399473
33907.23156854851
33617.64681656363
34441.54456290685
33349.10652018113
33741.43880406268
33992.53311332558
33396.47361825724
33962.01246053075
33572.419742638805
33609.05452653977
33922.315534936395
33605.029555748915
33715.33231674249
34027.467898193885
34290.43761902954
33451.412061814015
34049.200405851356
33433.49913822504
33374.40732054879
33239.01947198533
34112.92445326132
33401.945724208264
33305.79746727117
34120.423887192424
33126.747865390345
33540.59128781395
34197.81048347753
33753.482775460856
34497.21614348606
33581.911773518324
33832.34959761272
34123.655233958525
33673.54817011876
34339.89711559862
33757.03041804882
33553.19913257891
33546.377424702136
33919.51302103474
33464.248503939074
33913.38026311349
33555.572656687335
34000.72913834165
33933.79278794603
33822.51391689346
33640.27547677933
33864.45389020067
33439.61525454109
34282.61826963707
33691.44850716736
41971.45418686122
33366.895652626175
34242.66687439825
33882.92451254875
34006.18832126986
33545.727173968415
33577.74825425893
33487.340734513244
33765.944605507204
33547.453766598344
33875.58135139118
33521.120089852666
34114.01847590062
34229.58636943534
34144.13527927003
33804.29778761568
34894.36626239915
34628.47649445329
34815.12002073478
33453.22159379584
34104.41563834927
33597.35271779138
33516.56486500894
33518.59770180128
34034.851778118624
33712.28193140663
34496.09327721073
33442.65821540756
33486.750727361745
33725.384084807774
33400.2490580997
34218.71495848142
33440.02550133179
33311.27261398224
34459.6959775766
33379.779862181895
33890.39797927209
33560.471667239486
33175.52982638735
34329.11363238718
33219.38984886479
33462.59652926032
33795.24905022415
33786.540669506394
33983.957857150104
34159.51252398488
34208.507529988994
33742.401152120474
33705.74132390373
33344.32531121055
33608.31531438288
33687.62630468099
33475.8482846537
33667.88090122022
33697.225148699166
33809.097389381524
33737.43921260505
33743.98452981366
35680.82577291221
33587.27980576687
33421.080089064846
33940.77515344088
33532.168850600254
33221.170447082564
33903.90982588899
41676.081172428516
33420.25532780432
33739.63774772406
33568.69738106062
33730.77838799734
33423.1725702387
34095.16577320408
33783.51727129578
33492.43790825829
33413.36483760424
34034.83428568882
33495.863518276696
33734.007996367734
34777.020388642224
33477.21905567136
33779.828573221756
33701.002469254694
33715.05882026193
33559.15658504461
33695.91863853552
33687.18266158244
33409.49730125938
33783.870818685
33802.84990741746
33720.48742306529
33460.95334724868
33993.803259658285
34278.642819914035
33999.63463773916
34250.52355729675
33449.011689294515
33386.54090545687
33238.6749959648
33544.6036273343
34402.36232994696
33525.23201325252
33867.94720994302
33335.94959914689
33475.10078659191
33535.049199599125
33894.39507648405
33261.27362287568
33625.27640035238
33994.860167920735
34146.704144615316
33572.12258428402
33784.069539110074
33530.28721246312
33968.92674830841
34835.31944511045
33766.89145042208
33711.95304167499
33240.74845627373
33624.43949699954
33486.13535913256
33402.93219647421
33490.26666564914
33737.01769601607
34333.0531788894
33952.24616524449
33230.11312368563
33149.91643377026
33451.429199874045
33482.44024571937
33650.109614149565
33861.66725028142
33980.30848688848
33817.04416553059
33570.713834696886
35056.487995910546
34907.928464126606
33359.72589671207
33782.36544193506
33640.836126936534
35090.32719974582
33109.09818367793
33303.66916670966
33328.39771740937
33716.308389053855
33475.20180322277
33522.56987742343
34683.61706519319
33380.868214755705
33827.762710904084
33507.86130797268
33557.330268771024
34271.68398483852
34653.84765142026
34069.49552768808
33852.96626342917
33508.11918090424
33257.84726643284
33757.6459796608
33226.56237006908
34760.51237854706
33770.67010196245
33850.04275046002
33515.37583387497
33172.711648893535
33262.238181572546
33240.605156121484
33966.71823611398
34081.81864621775
34170.39832778429
33464.43416393564
34127.16368035888
33406.21047528028
35354.288680102356
33537.938075373175
33338.465598057155
33362.08893354016
33541.76122412057
34053.91801583769
33620.21227200114
33632.171094932404
33746.252985872765
33411.65587006836
33529.86324935019
33741.64437623664
33273.42312954714
33597.37210430936
33916.663833826446
33665.97565517892
33199.788942798485
33529.377150287204
33695.766669738456
33748.21889631722
34014.528489645825
33499.750447726205
33941.63913697569
33481.99287588303
33693.141764785396
34120.91951270441
33373.56861979701
33282.37717698813
33510.19527477488
34323.89532903821
33638.0349260238
33395.00136224689
33932.26553350245
33361.2799528815
33649.87937199177
33729.30366659711
33648.992082689416
34013.797318040495
33394.41414873431
33939.54492508954
33963.24589349223
33183.79599346239
33903.51336610318
33679.8760382654
33708.379205149344
34731.08798620033
33294.338399717606
34312.70523782918
33967.88097709159
33605.39961788008
33629.39411963273
33301.40322099716
33261.78325057184
33621.567228611755
33922.02677984783
34175.10314427592
33220.49668864783
34221.1686996356
33716.26410196328
33077.11100606769
34969.48077868211
33750.835651174486
33807.19438754109
33736.34329982167
34544.52804518988
33771.01680231746
33630.32047195891
33208.69181355413
33609.72484744729
33891.01806978377
33535.60181157615
33890.74800326585
33283.75861862903
33845.01277526412
33402.02688792203
33542.61452827445
33141.78854967239
33282.51603085353
33278.644422093064
33828.296401845815
33106.62378289581
33806.508557061454
34010.67714749469
33726.35075254487
33636.67653980858
33652.74788118563
33499.77400239217
33581.29637532055
34004.917246378274
33888.49870267402
33397.060436519445
33132.54582608629
33629.27502845257
33588.43775543793
33499.965535789146
33658.68769381937
33702.17523627448
33892.921764268955
33562.44469181298
33507.3699629225
33561.11992933678
33341.80505202138
35192.85762860682
33991.968809395294
33988.6537292179
34216.59198060983
33800.34836054795
34259.392504747804
33300.173069814526
33865.47322916372
33858.304370250895
33415.00541438337
33463.245970660544
33356.257736481675
33736.66605342564
33697.36441351998
34253.37884045279
33419.81227855175
33353.896385162734
33590.0009877704
33888.658177777266
33777.476793028225
33543.861735831066
33592.85511049367
33530.47285335259
33644.459592929205
34171.605106635005
33581.91768632487
33831.90339435681
33642.36199036899
33315.68740370553
33741.64428525363
33591.17528224521
33528.85198585108
33461.40384894996
33644.458923228056
33172.483325090485
33678.74453433341
33481.36411115454
33864.046952985955
33396.97579424402
34002.78528012579
33956.55353477294
33494.137296561465
34249.02825488537
33477.036407182364
33679.80737859843
33486.67748578177
33728.79354198586
33849.7593291782
33536.708790418474
33473.1989237659
33717.77416199063
33197.06012377396
33730.942561925774
33525.34673973993
33350.41269074196
34714.79698719535
34603.67610951007
33795.885582842144
33810.25683230134
33156.57591236764
33782.91594784566
33431.08866813714
33217.935120418406
33799.46205947954
33456.94028208439
33753.52968121735
33256.78478816357
34444.22004864208
33641.26286563574
33908.28315649077
35247.2253807261
33675.86711256875
33879.47285066494
33761.9025942799
33585.410001447504
33407.06073320682
33484.16190657293
33639.22806927957
34385.00130313042
34098.220683634885
34083.894935643024
33613.35690699373
33565.8346401151
33732.072168714716
33971.73424256246
33733.640258128136
33785.21575617942
34428.3844246576
34105.099939677115
33889.37103281611
33748.022953023115
33930.880379766
34012.44703038385
33783.26497798055
33437.715803942614
33398.57546209991
33477.21875125921
33642.36101547055
33916.724845760575
33547.66180125747
33592.95531528785
33738.923566340425
33310.97299854461
33662.869888439294
33590.26228072234
33710.81992031707
33255.7482022941
34391.770613031214
33650.89693596647
33938.04462159618
33335.518617324626
33953.466948767
33897.40053564185
33097.042873019396
33716.438697538615
34036.443890285336
34313.70829982623
33537.45583833859
33107.148070848576
33730.71658372672
33595.60417192253
33482.696176387035
33670.630381570714
34240.743547632395
33483.129304808914
33291.70333204256
34112.61278620022
33604.44217100235
33360.98836490818
33490.9759203104
34145.71396027236
33406.6283691879
33424.95168837294
33432.88218777584
33922.15402379874
34218.702714977015
34259.30566336749
33612.05776962398
33608.58266326411
34076.96444448691
33177.60689590919
33690.51480909715
33492.57354731256
34193.04589165913
33404.67859768099
33478.98519328558
34136.56216522924
33444.69712084052
33463.4644727485
33440.98803471298
33523.55608945277
33149.9203878126
33684.32762798144
34000.379910576485
34406.82338774821
34017.38480078671
33709.592366524055
33437.063386986076
33186.31326241608
33915.68553288708
33627.33163711478
33519.68243128724
34751.54592809104
33635.100918743985
33515.68328191159
33750.98002109991
33728.554404279705
33443.01487376428
33593.0277186611
33437.70125670032
34172.80310553724
33875.283140691485
33667.725437126464
33634.635319680216
34002.76627068153
33528.60682952398
34387.708011993425
33881.122591653235
33549.33433970513
33221.59178071224
33189.69157586355
34014.02567030524
33664.861764504625
33729.15674873009
33803.39508711999
33753.875140712946
33400.92734174396
33543.2033526434
34758.283955952495
33820.29281345841
33891.59431681111
34236.72098802505
33687.979175328204
33549.757128962374
33655.62605691132
33612.31446788561
33789.591013782745
33102.09522970502
33150.387159581915
33974.15131769764
33238.08549200073
33639.614745276536
33941.54512468415
34572.955341175744
33724.29978478004
33613.674983830475
33700.8963535978
33916.20951774758
33121.205603268754
34072.22019589049
33687.18909015828
33803.16234447203
33328.71229501335
33411.83869708511
33921.863985271026
33694.87952991361
34245.76232872133
33961.131995366566
33936.52028995916
33483.68702910866
33471.914112003644
33792.63592468804
33716.144249544224
34273.124442345696
34060.61619935167
33339.649133149
33610.3740009257
33472.248160723706
33410.86406111099
33640.1998146694
33589.612414874086
33962.10481163567
34100.725249188254
33436.883652817036
33568.44518644959
33759.79585254184
34096.25318470981
33729.572247161515
33601.52271644884
33836.09841837861
33695.62773941131
33428.77398435312
34581.40185790634
33662.83945711368
33823.92485367113
33543.852035220996
34270.24016946779
33732.69778055339
33788.092408680866
34180.87942511438
33685.34970946314
33464.72633725453
33237.381178702606
33362.52041780165
34256.32539619588
33839.235811195824
33498.600739529946
33454.15378576602
34122.33350098212
34318.91226066496
33388.860443224294
34165.43940546548
33692.814765433686
34636.312002456376
34307.11943375888
33646.626050168095
34063.25761011667
33823.20479643629
34959.90779011817
33757.11516702647
33637.83343552252
34107.68339295235
33777.29765896692
33673.64626507205
33335.46013038478
33622.932058433915
33644.772488364564
34138.63439901434
33553.29061517107
33906.018244278675
33500.365551715935
33655.435799777
33707.18756334265
34441.250667146385
33855.18228108922
33436.45412308545
33576.373816664396
33516.390635293435
35224.47538883556
33522.93005141039
33544.35056926747
33819.63984726844
33584.08161291741
33490.34643529459
34555.16620719336
33788.554434864775
33842.41121645393
33280.68799836775
33436.61129233797
34237.35349249815
33204.92643829273
33910.822921257444
33162.71700374761
33685.644093095696
33641.80713407185
33916.11156443263
33642.66769197614
34290.27119050366
34293.371350734
33227.90504842949
33939.15747217809
33715.807265529606
33517.105105986666
33353.55776556862
33645.379865898634
33581.09437006743
33856.42111361817
34178.402329845056
33288.19353299913
33384.190460909136
33630.97066252693
34128.183338094575
34606.54356330307
34088.85936923829
33994.46414954125
33773.436774281145
34153.75617606545
33977.00773806095
33438.97004562627
33252.89780104183
33688.97732578227
33175.53949443785
33494.90938523686
33479.89451757553
33570.261134162516
34012.14377976978
33488.71960434488
33591.874880924224
33974.55446637995
33581.46594640114
34109.81217211478
33697.6872869596
33353.166397995956
33604.794368323935
34132.730496461554
34014.71091989464
33509.522931621774
34875.62295142095
33282.46551199321
34490.23581774193
33244.25716788336
33493.06426916496
33986.61448037015
33529.078835015986
33807.02318528187
33580.52333090926
34327.2120382438
33427.19667324904
33767.996949756154
33831.94388276508
33443.86455372638
34703.11397452865
33307.39543539796
33463.22549961515
33771.60530013029
33851.82633175016
33788.20266690914
33382.47580845463
33458.93370834557
33406.41007758242
33747.10657041996
33115.93482652823
33243.53192100985
34459.57605900219
34649.40770321683
34195.07889450969
33515.06130368323
33138.955731782924
34021.37227678837
33524.4307332287
33823.46216672317
33657.258842733994
33462.818848974355
39817.177417972554
33975.70415886639
33478.30712410322
33567.86953649547
33612.8720042341
33933.732658336026
33070.56614975231
33445.46530389713
33335.83745481172
34053.947635559016
33258.11346111408
33845.65991945372
33801.03653880053
33547.72183275871
34032.266926434815
34118.15662188646
33606.20174257233
33290.71142290965
34958.23013707483
33669.09716274644
33237.50280465307
34582.067962622605
39173.60791652022
33222.001862331956
34173.393151214346
34955.05294946688
33763.01892619388
33994.85245362158
34088.91059477652
34025.67897027566
33711.70867316475
33584.703456802534
33764.34011858459
34510.64292588259
33626.83886662359
33591.02714224704
33705.951649010036
33685.534635020245
33713.33038605854
33614.862610043514
33974.82937508142
33530.8395146225
33382.82196394401
34564.583048838576
33670.2018209327
33553.64047914707
33711.29293803888
33594.02709041646
33696.91398272323
33799.112188762236
34090.18078624607
33865.121753480154
33730.18644610002
33775.91943404469
33872.33658760196
33734.623301459396
33455.24320678359
33363.8431280139
33437.36030129015
33169.64282744932
33864.671706825015
33652.847308392564
34165.96216000947
33665.101231472734
33803.49054877997
33701.12304106487
34874.708999368646
33387.772645253994
35835.131022580485
34248.95692288595
34095.053850886085
33566.72503240303
33552.69796134005
33562.15537283256
33262.18554905716
33294.111497181635
33773.173348265664
33919.3140453035
33201.875141496115
33906.55213860713
33721.494351920795
34001.26711281285
34047.99293652211
34414.858722421806
33515.7130663394
34669.95448972674
33769.72018064112
33546.879723291844
33184.88277832898
33816.934412787436
33326.74456688211
33595.49828865877
33798.31319715077
34227.669678929815
33483.44579694255
33115.05852432092
33444.59194573049
33531.65797470573
34026.82493543507
34007.55222318959
34103.96443252131
35690.67651135067
33571.71996057495
33272.44721364463
33700.817572345026
33124.299111356064
33375.11476582608
34042.346097259186
34770.05951813232
33752.769895117526
33620.192526334344
33594.17461441617
33052.45619676565
33771.840175953585
33557.26897309697
33199.89104139625
33320.51542210918
33895.76025110699
33461.311861631795
34340.703081557986
33527.32955453938
34500.221129007165
33941.36749236159
33314.140689943575
33246.84467429084
34007.52553074309
33973.86647303581
33615.155805349146
33567.99666818415
33368.618037342836
33609.1459111971
34504.56618806138
34071.979370355984
34728.9015496771
33851.823745957765
33589.68505445058
33688.62905801203
33445.46119399896
33663.22002953628
33590.20262737159
34344.38929784799
33635.379901768465
average revenue:33771.7869033072
possibility:0.002