18736.165922553908
18600.84471228101
17976.723643763868
18436.570751966286
18479.878291469413
18215.486227801855
18533.63866013259
18763.622350120626
18060.27024000093
18704.367051734935
17669.45020913744
17695.917417777568
19750.109594132304
21207.040265817108
18786.17054523371
18068.073687007716
18716.443713874247
19082.159471159543
18005.955413259217
18583.316802643887
17733.50233819583
17785.93001011646
19920.86927760102
18621.914764572997
18324.545726194377
18910.931094743442
20266.457423702017
18601.76294626188
17963.980993268473
18178.29565917312
18855.835350905516
20238.241512895245
18100.13992548618
17795.265124312093
19239.907253990656
17438.915790269162
18372.884745969863
18109.67748851632
18088.69731850898
19681.59464240773
18608.39406073267
19005.815610068024
18156.57829819698
20511.855657813845
18213.491022241466
17526.0525123181
17925.725285997705
20327.334483361625
19413.217383200452
17944.63042667985
17859.072865999744
20683.654695045192
17968.830905597646
19786.68265929266
20968.80839364399
17704.42033876925
17982.592003911304
19878.862538219008
27424.704563227133
19925.524325771206
17998.455820808926
19325.669390975538
20297.50076923877
17320.138929162687
18452.796306770753
17563.120490541045
17378.72598281918
17895.92709797111
19381.047379473446
19271.86405436734
17844.176171493393
19063.16912456912
18287.293663611294
18332.549528625346
17435.350585427506
18504.65704693848
19682.405397062816
19815.087506040152
19122.915152713304
17414.83551936829
19835.891847770414
18039.86456027115
18048.77749664418
18856.850694981596
17853.73212839699
19486.709940307606
18402.075504359313
18371.0080238014
21923.832695141275
19211.896089667087
17367.126534961968
20162.91600794407
18496.77193215225
19299.128880095624
19788.20398693388
22252.561181992467
19653.060670086325
18298.447438179588
19895.743268406677
20121.55096445526
18072.75749837415
18172.97292507793
17434.448830512956
20355.109814973912
19169.79138189743
19762.451120305937
18884.41942543175
20056.263456504435
20164.24967193895
18257.122336506494
19790.47332420028
18197.09659579855
17748.412785671368
18652.272682623712
18406.298389544696
17973.133770249693
20056.21663422862
19079.358603516073
19110.68277779132
17834.184676179113
19375.631693711435
20943.935869670342
18099.46561220565
18130.830324077542
19857.603611573926
18518.549712770022
18051.28375498776
18439.66448530413
17822.72402975321
19490.87524319514
18367.986334416495
18927.78363506353
20508.262760024434
17563.53486810693
20264.908334127766
18910.09895881721
18116.84425005989
18745.48150635121
18817.3949768758
17987.017836081293
17506.893461020496
18899.446412542806
17110.64487313377
18278.892585024612
18111.970040741664
20942.570743554505
20201.903809968244
18216.928795098942
18245.10292990335
22145.64710913544
18561.6739248142
19644.738183232148
18671.042982206724
19126.90995615672
18227.35322530108
17364.79818700028
17685.253303811165
18230.669632770303
19730.231160727402
20367.87707978947
17716.618745369567
19978.63504019782
19557.026321501744
19211.029382007953
18178.397628329094
18098.478377369705
18412.133225101898
18235.31387253531
18573.66078186777
17756.36752185494
20011.863029061016
17198.828723624443
19346.981796887674
17789.082117363494
19633.8744784421
18054.067167062625
18569.68571013546
18226.744316429147
21975.18892172111
18150.90371531594
18561.42859276818
18171.51111540318
19395.358002231897
18983.261580663813
18887.07498673893
21727.092528371115
17602.87333401971
17929.128589883218
17821.589676020725
21484.078479697935
18434.853038861238
18004.839798624136
20683.213236429652
19249.627816468488
18393.00453889848
17541.559333020345
17983.247729746072
17652.812543755215
19506.17052356038
18685.557742422396
17661.58705421296
17908.34622074982
19585.51238599551
19866.436632008637
19332.66423989008
17160.15605616601
20097.936553742155
18454.676858827366
18411.401206562434
18841.602871396713
17565.815281068873
18658.240003773346
20059.54973363745
18273.609935519984
18217.23455062262
19607.810332164667
19521.57702630771
17353.199682827697
17713.451643749406
20248.49550765409
18220.711269807864
17708.58628645472
17669.23438645668
18728.692433261363
17272.243470726142
19372.450302591846
19938.634530418665
17941.550889017086
19253.5578405484
18532.539015688457
18027.878947098303
19640.6957483692
18082.53341124909
23270.66736915862
18680.20407790958
18185.86872125025
18802.940207914653
19450.39811978545
18453.24677309334
42140.23230099298
19968.63464050724
20011.79995724881
18486.781548403953
18272.542677305155
19064.500901290703
18463.713958943586
17792.864468529053
19134.186505964826
19452.04744244815
17895.952196604914
20806.942136884278
17872.635597440887
18322.018731042248
17732.960553167162
17760.795517853443
18761.526538745027
18467.86217566682
17437.2541947015
20245.806378858408
18163.0129753922
21083.746283388904
19418.284615707595
19024.600552292533
19036.0815855991
17931.801235082952
19026.805370515664
17408.4975082226
42109.69502818429
18787.816198528948
17650.48268636191
17869.429921014445
21494.947581904926
18124.98555282513
18177.83177055368
18656.423007324578
18108.255703354065
19528.891889601757
17692.342630084448
20144.31426823205
18059.309809289396
18655.586111010078
20265.057532430128
18889.228276352227
18044.552118631676
18203.726838322847
17888.489023403778
17731.017231661855
21632.949721393616
18744.528187974305
19513.861984837127
17530.1012411109
18817.712681548408
17803.82383202198
18052.099839586128
19008.075180011416
17987.966594820864
17851.97649335558
18336.630673188898
18638.06140828661
17864.922561210195
18723.447247899367
18419.108518536566
17557.961385791757
19925.288765266156
21211.473689253435
18871.3306325224
19384.79514363882
18610.928494635293
18157.750848139956
18912.805456345304
18273.188916219307
23184.640372654478
18651.197337584963
18847.395773771674
17751.822246390886
17697.873081797276
18054.11185914198
19780.523361847183
18350.853135591056
18424.583244199537
19565.647533420382
18262.885288699665
18516.788633924985
18180.65101320603
18309.94866747368
24527.70247875371
18539.795904844916
19516.8151487236
18116.521719918503
18915.430931611212
18330.723573728614
17418.248855767422
20474.11849209294
17875.433117624463
18980.416568095145
18210.795448944114
20705.929681765894
18371.29892432707
17716.960253690027
17540.35449624094
20937.490604461505
18343.109246445147
19797.22162699831
18019.52724047987
17457.570151770942
19331.41545503508
18437.03992315116
18411.59407576002
18557.79636030537
18000.351920310113
18013.91469762704
18490.003635960675
17574.13475927611
17759.15844670883
18390.49446049711
19346.53757265611
18221.29586645787
18023.765735539957
17818.255007269043
19591.29515771907
19938.857570927812
19693.357070582144
17864.221778614097
19372.044986907465
18137.399561908358
18417.863438444278
19205.328754098824
18321.625712616813
18573.64717106811
19265.302260491804
18208.975134603897
21492.260055839746
18762.67761632566
18247.368365457896
21879.326272036316
18842.4600401426
19831.822635789707
18850.69031503954
18779.609536151005
18119.826727484928
20724.338795886986
17920.302616095378
18812.263015621415
20329.03306241643
18067.36697054603
17633.29541424017
18502.714661071306
17521.90850449326
17680.47911733792
19934.742490142806
18011.89348612219
18535.475776333446
18965.586666794195
17735.092036449405
20158.92913487054
18710.361567174612
17617.803275843744
19247.405539249314
18268.364491575052
19050.740116942507
17732.21593104315
17435.126112710237
17795.762649794782
18505.940118521714
17824.75059593134
17748.646156998548
20327.490750579527
19955.648963789146
19033.828210677322
17413.855624953343
20371.566144260516
18418.573707011543
18330.92465785458
17452.178390439098
18765.44459254978
18438.108200306444
18920.907750633643
18864.551173051063
17901.272750273198
19644.915534237112
17843.564609114215
21367.354491889444
18499.306484210192
18601.02303951268
18928.55774994262
18498.42417796801
18701.007843004318
19172.12017889703
18177.26262395561
19309.186835332468
18032.619896030494
19877.60916121361
23047.406072744456
17835.942715292353
17882.964175440164
17623.21613267015
21577.5283543102
18007.16553897862
19489.206061136352
19192.419426905177
18035.60588358365
20056.9781030527
18567.11488474139
17966.978801556805
18112.48365000244
17901.916924358506
18190.222879152025
17744.786297306764
18569.22746265222
17581.56136214234
18376.82384018928
19026.918661869753
18390.48336610333
18495.7093832621
18305.98474559632
20473.387697275484
18462.351709628172
18752.44069345621
18644.44617983829
17876.748154099558
19097.84970969675
18232.751947975732
19485.174473822994
18148.795752727394
18183.95581888948
17672.52353093523
19277.170605699186
18383.741382536824
19989.396950019378
18438.644359069265
20452.181491962798
17898.166506237467
19158.51256431412
17980.343013904014
18561.609146762527
18952.147368660288
17971.353625225765
17277.41864811177
18252.760234756555
19153.730827714524
18390.55807948877
18264.678416304145
18693.527336658222
19363.983106836822
18564.344817886413
18221.82108394876
18560.84839091615
18846.725517490442
19723.42527499279
18567.860066059122
18705.53707971307
18249.207612493952
18878.08225999901
18495.129308639855
18121.686171040034
19835.568541333036
18294.853199663205
20793.699228772417
19781.361369737642
18196.538120410587
19055.024305564355
17895.331543903227
17659.658481851773
19896.023933329503
17480.131001127065
17764.532568076153
18229.545542105912
18241.04369089781
19542.51591966803
19678.943965134775
18025.433597430936
18353.171577809284
18115.536041495605
18512.553890613366
17946.56790732089
18253.493096151095
17946.755284282655
19273.915259349327
18187.08462548675
18340.420120980132
18524.420166707398
18370.236449030217
21417.425122917433
17753.49953994789
17434.255057697454
20656.776277453202
18290.709950017324
18541.74832047271
17910.846693657444
18524.226081838002
17760.620150137143
17910.30801856776
18039.048759435074
17909.852084189522
18724.822737512197
17767.427006206934
20400.19803909695
18003.624001905475
17603.12743757798
19250.90257713686
19175.802219824847
17994.50292936313
18249.265764020576
18847.36567706128
19186.180405961768
19425.962934180894
19028.315399948926
19886.871225629267
18802.275591267622
17943.418841651674
17382.79015061541
17981.781591363924
17572.704897657124
17917.329424384097
18536.919379437775
20408.90110622594
19256.45608531497
19792.562201132747
19539.009900416026
18173.417006171327
19407.65833158866
19417.975267409176
19053.67501134633
17546.143291620665
17807.441212210633
17810.111034930418
19706.25743612339
22630.185469280717
18040.913810572332
18814.66567089735
18801.88823067625
21492.45472433753
17794.00235617906
20052.666523574248
18165.462475093333
18541.090010692253
18954.51038650668
17800.71453194416
18014.47046674434
18965.127707198822
17930.114497476014
18251.017643944742
18129.16648375272
18440.396420189292
18540.28189246642
18746.242576538993
17950.390298746985
18239.880029892694
19612.200110359176
18399.30770366185
17373.90268155537
19323.893025641108
17355.35046486091
18286.291851849513
17419.663805306
19339.567720278697
19712.95323587326
17371.550704011977
17922.615117684112
23480.378433041304
19700.78413621731
18303.118342253285
18316.187588640023
18364.315779097407
18249.036557441377
19370.439144562923
18079.432966277887
18951.191406099068
17670.46312516369
18770.302180355477
18295.28541352606
17588.352462188424
20160.12280138731
19477.433963943633
17390.743020138678
18526.711702707125
18500.492888237193
18587.71486435855
17844.79746792431
19232.095571921513
18783.03804626866
18285.6515217492
18127.452161170106
18979.17738861693
18157.31077248317
18157.25087244859
19214.20511037537
18714.93120305255
22631.2094925701
18519.10045854698
17508.865060369095
18142.4441177642
19989.767108115608
19347.089338355257
19722.617320149897
18247.42481593271
17481.265916763616
19293.064724897926
18922.961832135185
19391.59978426716
20217.493429125403
18230.35240702695
18444.601821173877
18270.31338941121
18259.293879937766
19801.97226115158
18330.24457856293
19466.148758345753
18096.946947148183
17910.59875809614
18700.475181451206
17504.767445438716
19210.143080685822
19247.20461594432
19177.563615919164
19640.54194455756
17998.461016846257
19226.85866379455
18245.908886114812
18126.921525885064
19456.98727371641
18756.638655183426
18441.904332743004
17620.248025589593
18238.318503610564
17269.43341768278
18791.473943202935
17927.411642979845
17415.859110284084
17771.51504885902
17622.034173994198
18818.148000392663
18581.464727323484
20817.317201433885
19653.79775435017
19592.68661381264
17744.153555739915
18724.395832367085
18899.640717581216
17849.618582188603
18043.310042450976
18826.158809163313
18227.047525678954
19244.176160791147
17830.207905252777
18942.08749951126
18329.518097129887
18460.776696245408
20473.35024020529
18296.971742917405
19130.4314707226
17538.158778466535
18374.423494110804
18038.442117203096
18935.189927418003
18112.983362609557
18534.69693224832
18075.04141846508
19639.401008578796
20055.22795825991
18483.851403945646
18124.067609404807
18480.96132972129
18334.05269678281
18926.1037509562
17963.28467046225
17664.02490501963
18473.029476508575
17610.3377003592
18145.809693394713
19781.862279482622
19960.563943210604
20585.201499576855
18894.55077971206
17792.092922431268
18729.78693666482
18869.03136345438
17797.593844723913
17839.55584013725
21668.72170456337
17551.287713112182
19453.752221336592
19234.525424683707
19460.58732046356
19869.95557285363
19107.115178504348
18429.33841878295
20623.426877806767
19393.668427022523
18606.937835129043
41614.57671442838
18887.28781297984
19045.65324502118
19216.39143742808
18027.770564679722
18864.3573641829
17914.792591886962
18028.51356571308
19231.93021058899
18447.168627756357
18287.104427289363
17522.069566481547
19030.4362070979
18826.586327713074
19268.512561036354
18790.2668229203
19061.187604406878
18033.514213099712
18113.99528682978
19037.740948239138
17901.6868181641
17959.48094254355
20576.93892136392
19364.570395016537
18054.120151566716
19429.750391046753
19453.44042832318
18496.607300526448
17346.315469911526
17999.560608925014
17853.659702421097
18863.558053120614
18512.31680210241
17930.97013955804
18573.526441487305
18825.788600724813
21318.067192939518
17685.634501841607
19262.9987280978
18611.70261076018
18472.98106917883
17611.134402607804
20347.94958961567
17889.362987653818
18563.572174316436
41698.66726671964
18886.365419824935
18131.153364774284
18204.909050875132
17949.792741174206
18579.708363557394
18482.3479207633
17402.401721914288
18913.97372321732
18122.031024620497
19236.941221792185
18252.59139002564
21645.32402329355
19790.59248935745
19003.196004489007
19098.205606940162
19166.25033169097
17963.65063020918
18938.036309330397
18557.402519822735
18409.267210683767
17891.72573282705
17773.136910248228
20513.0833157815
19477.79443274729
19892.964221260056
17509.209349939432
18301.936740633086
22467.666578528435
20354.259441167247
17952.018698753942
18106.242713456948
18655.816894132233
17420.939872755258
19748.989628635816
18500.80791525718
18587.889781303
18004.205606980544
18339.99090480347
18888.764754356853
18575.19743919629
17386.667455350987
19077.503203289434
20450.88073406208
19666.555476390808
17624.29533888483
42306.25770694522
17558.50869555105
18487.103630572594
17480.909269305102
18891.546527726496
18043.96876631793
18229.791460364308
20364.480610430626
20800.036022213033
17777.818757638513
18327.27169595281
18357.35742656256
19354.628981147787
18550.970391340878
18258.886071940095
17591.81772491558
18604.122917169916
18075.879929312978
17614.145241591363
18446.299768647208
18852.5746599388
18028.316694412522
18246.29645875851
18183.915011852947
18656.883748425207
18881.11628220185
19010.129465328566
19995.38024332311
18934.874010963733
19148.9592876887
19684.54267105399
18093.69185915366
19301.974618553195
19248.792772939636
18108.333621593312
18188.886824968085
18312.568473347637
18456.12710581408
17556.228284758505
17756.62177014268
19141.621536591247
18235.378406857053
18237.939319369776
18464.02918700275
17936.96688734903
18888.352587763038
18833.437036953797
18138.060463256916
19425.08554388923
20403.227522136825
18025.391184915214
19416.77687548651
19059.86778928609
18860.38187113966
21033.35362554567
18331.221188696985
18243.924224496117
18135.194046955654
18128.704675919773
19054.593526018336
18061.141040409213
27745.351824517595
21726.59688361616
17898.97811417366
18658.070144330057
17469.923436853256
18869.63819921217
18635.629097722103
17998.00908117451
17941.5044883902
18697.836322026917
18588.745948738182
17791.482411497665
17925.66286720804
18535.63198124673
17519.891333867443
18485.322083322615
19849.618478999
17689.176154561992
18050.664913009205
19259.777402391584
17890.46361161963
20965.231661438636
18952.704861105245
18935.966628313847
18934.27408100515
17996.821800964477
18453.481884113335
19247.023448081112
18541.984403718765
20037.573162591943
17991.114671669176
18161.51267818116
18768.551723949946
19128.303518161843
18906.763649924902
18301.463898233324
19670.178116885494
19271.775674161177
24335.832408657738
19967.49707684051
18356.487380384548
17881.060459408112
17795.244587756508
17772.620723462816
18169.51197857407
17912.745145299396
18721.831888433517
19332.39823642809
19871.90811566808
17720.931657011486
19007.4844769988
20113.100145699045
17915.24850373529
18068.19396297239
18433.259052516885
18067.67936881248
19374.109862166693
17798.708231718323
17871.60794879858
19215.581873609244
19110.055835587067
20179.926691273562
18495.740996339886
18060.884137657373
18387.625831243666
18056.18578959215
19103.978798296772
20572.0560510497
18424.647658378275
18036.432597205
18657.879285136525
17369.76544186957
20433.886506500097
19463.870750381488
18509.87680544786
17830.749718506562
17372.629017436237
19676.677387794978
18236.70577648117
18480.76751304518
17396.621598715028
17550.525619467597
21152.241075194757
18727.123515899544
18373.82992771932
18543.221946504018
19761.513806652496
17800.574449251402
19268.404070111985
18742.49398921764
18759.991233786113
18687.79019219162
22664.45382038445
18804.41508029132
17813.60136786466
19519.0338214195
17450.99072108699
18083.118131790314
17989.45595284871
18506.13606304576
19235.20096673022
17062.66493348421
17809.608544502695
18823.735398536664
18142.26301332875
19271.533205592717
17963.451639752515
18173.455720934584
19657.501788709316
18447.04947199363
18066.237862906222
18037.25701212849
18903.080057355517
18863.030849305473
18160.41799646852
18393.43916142498
19447.110169923348
18480.581907510263
average revenue:18866.034536827385
possibility:0.005