10827.738929807265
11533.988734382592
12491.175155537472
12587.422429863334
10993.54528319853
12670.61548634039
11161.74475142059
11857.92171423156
11231.124860150123
11319.096283757583
11548.942549258261
13284.366631701872
10808.448468692184
13710.057227562806
10923.87038942571
13126.361098905561
13467.690724991415
12301.781102078967
10850.685298209926
11327.132731801938
11592.92319502315
11212.585184955631
11106.24887157683
11468.731315744537
12306.265124068404
12219.715843547354
11050.611938944892
12218.60358826778
10465.180671631817
11422.872248889833
11086.796103705788
11732.104808251419
12522.452577095
11915.78680678743
11124.178957948141
13876.110661944469
13349.420059617161
11632.246823668112
11449.141410149537
13305.294359365336
13246.00673660705
13044.673094756226
11830.341608600787
11036.70993659733
12008.393140418133
10875.101703056514
12482.7656839753
13109.525703037987
11425.69613100279
12393.027439940819
11552.359286176841
11705.95282126693
12111.082971474128
11629.600243520905
12632.404718280219
14275.064590735772
11374.118194820327
13672.349494636772
12069.69023149035
10516.129431361991
14865.775213546247
12072.201734377117
10410.194235679097
13389.114818472652
13306.008881100566
11919.164053244229
11295.736992567292
11502.099595195616
11620.694050215245
11330.023085709643
10991.756316450656
12015.541628976893
11665.70436394188
13445.253494531917
11753.629307448547
12033.173657769514
13281.10804662849
13232.992952368184
11417.41018367358
12253.220981071478
10722.212667043696
18183.09631117422
13612.554123337457
12285.383637610625
11205.159958688182
11070.3315147552
11818.78366948372
11965.341316901167
11856.301471633915
10465.061004499752
10956.397679582977
11516.963928371106
11698.994851859181
17026.49776572633
17633.912829338118
11827.839117988411
10951.057362035952
11458.196532780277
15671.500487115498
11515.741077537159
12169.50920553327
10940.069414258469
14176.287424865015
10769.818771716233
11051.851875817394
11189.03684926509
13889.291446353905
12834.594775973814
11265.556510668468
13190.286008635872
13622.980757842057
14643.0156782094
11772.936428384393
12798.721071380252
14773.952677150877
12559.391271989893
11809.81935127743
13042.702415551028
12770.010825677584
11912.743831056352
11458.745597364365
11254.260175614281
12030.28506962608
11729.33314129421
12098.669221110256
11051.925624208163
12016.830308958984
10973.293530803836
12959.021396497814
10582.002539565003
11480.637929375782
13044.04310563966
11582.214323955013
12146.024503729182
12561.278396025282
11033.852282855383
10944.995991683043
12381.38244132297
13456.898185004942
11750.30785754048
10658.219733389074
12039.486247876603
11954.303346481038
12007.843334230374
13060.001187505548
11033.240613523765
10753.42906884722
12061.906028175747
11700.456841441455
13376.28286888625
11321.717160205288
11359.941119516423
11876.729801858464
14889.125267836096
11761.436569353013
12712.711569785479
11860.940281451574
12174.86979306377
10412.65534164072
13029.819923206385
14591.862060128795
12483.435429550425
10752.353741078605
11426.747756926337
12211.434007770476
12886.52032191883
11486.443134561898
10755.467199978286
12564.947794812077
17935.018107358712
11207.42041517201
11604.233168766965
11195.244031706316
11157.031350419149
10809.956648830053
11915.23545871129
11870.322630149954
11031.486890141758
11141.498329479364
15752.981052322577
11931.522380443821
11438.7511865185
10853.325156755544
11749.422322793607
11261.360845697185
11929.933682618457
11084.130805162047
11857.053095024708
10759.323517460543
13357.695953598679
12424.726944730768
11666.07257506231
13111.048684988102
15397.764619112777
11939.225565277544
11636.547678787225
11974.044594606507
10935.579828344516
12353.713787124894
12857.824881787103
10848.24817259864
15168.772094895603
12583.28861487512
11014.956725888007
14566.131419946778
12393.997448580005
11796.846040428176
12837.170253979628
11715.361447614076
11311.43558107041
11038.31194733977
12146.316429350234
11100.47012678608
12290.432299742113
13006.2311666775
11216.864538924907
11173.63550458282
12506.407353879476
13423.360537165288
10917.686932521417
11716.8556088394
11309.972371520764
12552.576189309468
13039.076619069192
13173.150472801011
12139.124130092609
14558.758530470994
11005.291855463773
10745.936436728558
12975.266241356963
10900.763596732668
12049.300404536854
11326.903268049253
11855.207681075091
13250.646656613428
12163.338771973677
11900.20945982612
11967.538373258143
11732.430521386246
15800.567720445108
13326.913753166482
11812.173489637196
11323.900972873213
10856.063915052364
12070.527900381634
11477.830405953962
11012.354440168168
11786.17546819392
11455.661307896149
11733.82688165719
10982.998698349784
11786.8231903791
10919.874391478403
11769.985827409555
11709.618563950866
11046.649790249017
12566.430554751863
14649.271540413254
13974.0731888466
10806.172349039858
12065.488928723506
11350.697705599101
11863.634250682624
11548.205730089376
11342.933411566384
10996.516476923023
10872.816371021614
10854.029333842773
10459.950625838112
10270.855075395115
12200.225676677437
11420.922159664045
11497.0927983748
12069.821758917311
12770.760868269
12272.769929744105
12086.802587183745
11823.674298527192
11197.564627473654
12284.492076741328
13064.239117641617
11299.796859784505
11223.994991156682
13924.884756945388
11349.66706365836
12945.476448501784
12821.456278634336
14149.199273514294
14065.760260706951
11791.83576541468
10514.840256142905
11999.345017340338
11644.605143748138
11495.621627377022
10389.989879871022
11139.989788375164
11289.587577477845
17543.754146744766
11290.315351528614
11729.763886080671
11550.881043174064
12765.172877822757
11445.342236486866
13460.996401695802
11987.985749720156
12425.351868581862
14711.601231150193
10907.58435288782
11421.479189317879
13828.408493874298
14639.60685944067
12102.401050910395
12307.260310310367
12077.373379629025
11642.28586908242
10432.974193335194
13402.087177359512
12776.585447351423
12246.208025607708
10850.992611258183
12545.86907478615
11228.388705903606
11462.963853555586
11529.883017726055
12725.660596503096
10524.56808193901
12631.100453639201
11137.871421774915
13990.7813527312
11365.02485467227
10919.877466197913
11995.933762889388
12235.980005457242
11765.985499910912
12156.49119475213
11336.392663733042
10981.966877906534
12358.106055095752
10622.02057097998
11566.183190349095
10838.258270155951
10751.491072917033
10904.358150270176
13833.90902995482
13733.445857268387
11948.624906634726
12520.651092106322
13729.554663339608
10910.972021501748
11462.156200367268
11977.838135469397
16907.03721474372
11205.917372730672
15341.440747180239
11593.060900823986
12162.971800773228
12304.781661670751
11695.938869856578
10949.469124042842
11955.581544208124
11530.338670306366
11132.18687259456
11132.173775531854
11116.23715431095
18930.34811372107
13069.400650243366
10833.649086608362
12891.028334700122
14202.297152188657
11193.600853281327
15347.388843388719
13373.984208621454
14021.724416644567
11275.400949347648
12072.987904616091
10964.953487750805
12205.920524853658
11220.647386792305
12351.937024024306
12288.644227993598
13346.473352020666
11200.489972283958
11122.501492768108
12996.356380586454
12414.70692402454
11428.498955423576
11454.626109342827
10919.315873197478
12293.165409982927
10834.85137142538
11161.659327749723
11961.071377716868
11255.239326056879
12229.488496271317
12399.873152435684
11949.159216544716
14362.763322867873
13324.145096712864
11361.32245638952
11822.477987286795
16473.79459737767
12617.956153113813
12089.002497858035
13272.181694526142
14188.237739285714
15841.145275344343
41807.405693544504
11983.763441775463
12181.50861604939
11330.738921554008
11588.149694118121
10938.175565833568
12105.926880765108
11131.044805567535
15788.894970486615
11214.794029491703
11671.215239601357
11813.109462881463
11285.181920720866
13114.642298967481
11582.211206021122
15450.723041726098
10495.311719160403
11809.542042049898
11077.498212400127
11975.495338739614
10791.335474945156
12508.455498832707
11567.219311347002
11337.15127577258
12190.998039080157
11414.550762077062
10596.632083265958
11324.687618390506
11985.117748356259
11266.337447226331
11716.112406565624
12288.264237428308
12585.39778297972
11625.614745128618
10930.418966212268
12157.767307115997
11710.06102766462
14677.010668274923
12416.821174662442
12732.159009467714
14105.08459591891
12580.864334582855
11460.756766235514
14729.769293243535
12785.742693167007
11527.79329260968
15092.06270971326
12561.885842925589
12332.223058634376
11229.200704317322
11003.670387697664
13372.556521963936
11337.420862857574
12043.058193641338
14479.845891665553
10952.712888454116
11965.695744089639
10846.858080335733
12627.307527000541
11433.51077205542
11455.639376138823
10747.64955606932
11070.423350762308
12340.813761628544
11236.504441096768
11089.564090722046
10673.68982139208
12628.332659774003
11035.836141865735
13016.598888003437
11042.683079221102
12694.32872089231
13712.648171866156
10759.487966303515
10900.936402602407
11182.200220663784
13018.85570255505
11869.450617602286
11628.930692192373
11757.515164376651
11175.54448316665
11634.448226866878
11316.56179753787
13111.409705250138
10741.658551830415
16133.113512716069
10888.974387634964
14302.645101335678
11968.244551474074
12651.181184784582
11311.373279308855
13052.718352516164
12935.769002284625
11142.52496841683
11991.790732353775
14184.693374327519
12639.217353172811
13296.370077364974
12824.436352566017
11456.983483265447
11284.51866363701
12325.62632438805
12974.49015458293
10586.09105708063
13841.85013229505
11062.680186516549
11667.905127546768
11501.613916696222
12763.457644958266
13621.399477578001
13749.531026030807
14486.977634394267
12116.681488993523
11356.005119913048
12341.135342237663
10608.796426772276
13785.22292633109
11910.411239823818
11040.683144989951
12536.718074634786
10355.099053189497
11433.547923099282
12936.05232719925
11616.488481448328
11354.897512616442
11526.16644142278
11364.442763874833
11751.706443084438
12944.24530450162
13537.992251496611
11220.186307746666
12184.411188001015
11218.351943385993
13812.031728532675
12466.137414452593
11019.33512838193
13362.696143115503
11253.240240117399
10695.330962698945
12400.388280984043
11583.47026039368
12020.343740120023
11896.029484852623
11507.537861316643
12248.45913257755
11782.226698403738
12578.614933459063
10909.97973493817
10635.696189882521
12654.08726466645
14074.587066652848
12003.211893560176
14378.553524076175
12751.250100406136
11083.313012698904
11752.701611417571
10717.802410164808
14930.521627920214
11463.165673802483
13010.685939218693
14692.384667328786
11176.376159349607
11330.915543122006
13371.728522638356
12607.34266068669
11386.329003352517
13971.873254228116
12517.928099715014
13459.99411764674
11224.42190736317
12759.915241264363
10360.607811684671
13447.94059609989
11760.934947529762
12873.784344984177
11026.999883356339
11033.89257633894
11550.631139213698
11451.151983285145
10985.670562680338
12300.460256741524
11226.339113043903
10789.620230282828
12609.289429373166
12798.900458550026
11801.033217528624
15114.999353018908
12049.411262340616
11077.871352381962
12330.715812365479
10714.369718753907
12196.943766283903
10039.572146780127
10702.600417101401
11154.755579995985
15628.101640072216
12420.99968422994
11227.349261048403
16450.68423925562
11488.143535517165
12266.58574422091
10944.56673950244
11381.909969815511
12144.981489271762
12233.311005088992
12349.969330551541
11586.393758791875
11551.996943738986
12069.323875912049
11370.487031957447
10998.781860119881
11952.015319298349
11331.537312605811
11517.33268846051
10998.978406218275
11334.451908852943
11437.732929373335
12951.19173098018
10954.85544247122
11755.519846440353
13556.456031378271
16668.54387464977
10559.724723780164
12210.937763531625
11042.825027526387
10693.13090839866
12447.796593791702
12904.581186940211
11450.036142340352
10732.188572664945
11505.400365462623
10912.240042899553
11373.560161761254
11105.371085064191
11495.70833909178
11552.885384522899
16054.25504767812
13212.214160107033
11107.567083352114
13935.560500719637
11568.785607935139
10426.23583699151
12748.76738447951
14134.074092644652
10996.92694253887
11150.1766979846
11090.246522335048
11597.857976921681
11649.158680296789
10904.114739188823
11609.787227925306
13515.502346995572
11811.772831667498
13301.130966087152
13479.577524748718
13215.138601283355
12332.710824870228
12240.12842150191
10857.486115053029
13852.613903791353
11650.925242642119
12247.08823119345
12331.72256399054
12945.604886749295
14781.587666834486
14092.5373704983
10067.342655617855
10847.255504478624
11480.72491580254
15262.450260167587
11433.891263412414
10694.568327885829
12033.743261750438
11996.502313965486
11331.870842944541
11918.731230689065
16863.809511745632
12258.472870918655
14898.551137121316
10909.914726861232
10620.284857302004
11744.01125035457
11025.919356086986
12975.054416717565
12685.443821452314
12632.022036365413
11925.204512966822
11229.261524568401
11216.495597587613
10945.251019913547
16035.447218090894
14342.702276237036
11120.47256375542
13347.793568378147
11535.817106335233
11359.540201079564
11493.082772360285
12607.885182021295
12099.473372694834
11616.711659894492
10987.617641457095
13528.066983735222
13329.818333253483
11953.799878043175
19399.221742545793
12294.809298967122
12704.485896187809
11639.209111425373
11815.356487804684
11392.673692748278
11136.32417136201
11554.492972363512
11169.672335610303
12298.496293459339
12267.377224244205
12344.992096088958
12430.907068747587
10961.82624396437
11898.122143550645
12276.47838329637
11882.314350454928
11423.748766853641
12629.530804484011
11404.90070291668
12102.274950302914
11587.793086404039
11464.860855801933
13248.872935905927
11717.52757617939
11749.59596260995
11137.4653671374
13270.487255040262
13867.634385942014
11329.827956286985
10977.078146174428
12703.059799295115
13058.51723881913
11113.847496267506
13051.756761272136
12250.661568304298
11322.92251751219
16467.860825212203
11420.783653937982
11625.464262638045
11424.406041379667
13336.376717225654
11810.64315968102
11050.729362509783
12915.137744324697
13897.166433843624
12337.507992787998
11440.16143675666
11151.16994217217
10917.660477412706
11330.348009254878
12987.21100282539
11099.952713291357
11335.76300866841
14405.709279121413
11439.581080613734
42139.82960915849
11521.009446747199
11474.085844047144
14098.214288890218
12162.052456828038
11939.771253537036
11037.525084326198
14604.274628499692
12241.889423436447
12265.98254921644
15543.793448481661
11255.193972311037
12389.612361231253
12299.119395476353
11007.63870690322
12526.241416634804
12368.961322398995
13140.60145054801
11082.772832292849
11621.266392082021
12741.003066712534
11013.620875076533
11431.064777305506
10652.525464836554
11542.018658758569
11522.424712558628
11710.952176761832
10462.385346569381
10855.426757540929
11696.25519671233
11259.819936199254
12046.183340895306
11281.210967783883
11441.906427736392
11446.680842088634
10582.874153120638
10967.923392805646
11612.075555445426
10921.269725097496
12769.330993678015
12271.071455166471
11495.77412936521
11641.968457002922
13159.610303500847
11396.980331508918
11743.473988786396
11257.52791110822
10974.925129578241
11593.35433458282
12622.450272102777
11314.887920707912
13259.244975268251
13181.719344804105
12133.390899530044
10863.581735683232
17015.286797717014
11874.038041462723
10895.430856676674
11667.14812609175
13425.493895031495
11979.028678125644
11697.475993323766
10974.16720876244
11900.981602556412
12446.161029687253
11873.147144970488
15720.332400213849
12575.059507440757
11477.579883103768
11090.018504371516
12168.182426607827
11415.64114914817
12850.389107125622
11098.935842486762
11304.24100564161
12194.243147425334
10596.75043365652
11961.436901936597
11850.86723569154
12821.146235717173
14896.018408225273
10822.63469450235
11562.69708447598
11922.19368848447
11838.466981175185
12197.981969697004
11925.183004927101
11375.364341657543
13391.785045643137
13857.685543936928
12373.957493453023
11233.664250146463
10671.81611018531
12754.062645091633
11038.397619340201
11435.138724683124
11741.691095837863
11743.359752071216
15168.124814135417
11674.240585702253
11290.95164687669
11477.610732723972
11483.245859639197
14494.495055118383
11842.014354044377
13242.29752485682
11546.1313726225
11849.79512315535
11092.131689383672
14532.140610396911
11174.707267278072
14566.396125166708
11159.316694222187
12089.81458952326
11745.911251663783
11565.109860229555
13955.79418945533
14152.330681029918
10882.793572236875
12340.913737522624
11714.823335040513
11656.894199832024
14188.248946686588
13735.042455517527
11901.875212137316
12170.002513326155
13789.344322560966
12879.726051781703
10543.889005427283
13691.725140038638
11672.920822492726
12991.579942654493
11395.6785342449
12040.850789700016
11041.753123041331
11721.935519953387
11705.071295094242
11981.308735525574
11239.8229705455
10972.961204893198
10876.430536225289
11103.752316358155
14263.626877636416
12613.701247184017
11073.233488302425
11090.62597318325
12078.188588361412
11902.826897228497
13252.925249333297
12439.24811496802
11094.963696777819
13203.581514529154
12080.464100818386
13073.37151129524
10827.446922358331
12758.279443026859
13307.149149571378
11593.832167276474
11016.187055865346
10770.463195939104
16207.315626524363
10841.867212020179
11190.832196155307
12361.086535514563
12446.691082351967
14777.493720047352
12877.005413440927
11992.454827816402
11819.075041249718
10939.075608378107
11396.87765252647
10807.505744509988
11075.733292636338
12044.249041577361
12313.593587361616
11400.045235934991
11615.914302751946
11317.754522307067
13728.72305041218
11655.07657306157
12596.77919780261
12892.878051029928
11287.14270249957
15304.83129216092
14525.621666634139
10949.881934109513
11644.480693878313
11208.611655541648
11757.18311377955
18763.392685820814
12355.002572475898
12167.83604830755
12720.64532213351
10911.213785936656
11200.5148945646
12261.422467112638
11732.620653316631
11198.855940012589
14040.7871186672
10734.50397813637
11099.797249733372
11286.916687395837
11058.939653940883
11019.872073502242
11150.064382523702
15278.123749631253
11831.367346886354
11518.83497480518
11975.897747418643
12799.442521253368
12549.670515707188
17849.606574765334
15644.269049808892
10969.69775971535
11722.516742215346
13990.564496933277
11906.02958581368
10882.226896736693
11669.010568133763
12166.877625213325
11758.237118328052
10653.861950657474
10997.903590162217
14764.586235432473
12032.384361596109
11393.852414365145
12174.63617136752
11886.638378726348
12297.946987339159
12367.529086499133
13509.833399213434
10673.837168152682
13050.716863427857
14783.565350377245
average revenue:12211.833677599681
possibility:0.002