25894.01804117105
24677.558407079927
24698.196370921927
25278.9470918092
24877.92863821977
24291.064758592103
24371.304289423322
26606.04120424487
25149.32162331305
25718.680991874415
25536.18158656045
24736.65792056861
24805.543288026354
26752.568917764496
24318.190036517073
26824.502494626013
25394.28858154949
24631.552820808993
26032.995920114892
25730.501522841452
24377.328212162127
24946.416470032054
23887.34738417893
24625.828673508047
24860.101272016047
26026.775067061524
24684.40806370773
24876.34549144029
25603.443689894604
24519.142780615122
26003.968501460444
23898.928632310763
24902.12437951036
26423.354155600144
26040.000543716887
25500.97385136004
25201.999601791988
24570.984728443207
24286.29324104415
25316.021422999536
26941.81899229263
24328.635740919395
25476.900275320364
25681.139878706203
25659.809461832265
24947.468950214425
26153.32580927918
24182.772991486938
25156.91768957663
26876.60569954387
25103.720698008714
26447.025318290704
25054.489268018388
25862.53689512469
25383.348142239727
24485.833416877704
23948.876233327894
24586.5519311584
25802.876590412045
23945.268119542146
25294.56852237374
24312.3064801188
24556.485688082197
26100.86595952009
24498.18927682797
24513.6218075636
24259.891956569365
24833.323340772957
24418.879840059373
24619.800389955853
24853.06827756855
24863.71585583376
27365.333787887404
24981.2513578419
25982.179474971534
24476.152080965938
24684.59065897086
24612.390806975367
25269.326282878603
24843.67898031526
24135.512616998512
25285.113230363928
24666.20145813626
24284.54285553925
24309.773785077596
24998.890418143103
26160.652708592348
24167.095115908636
25860.042061592743
28401.47465356436
25818.39968456407
24843.50299563421
25890.017839443866
25053.29952794683
24788.92370657074
26356.16725119566
24741.690658011037
25311.202716691976
25282.392962015256
24385.243115931346
25916.278801220138
24949.92545680848
24630.259909474713
27554.087847469258
24323.467106990433
25373.529229650907
25208.289923847828
25047.314941117707
25462.504709375782
28015.180170670585
27156.00403066421
26924.597801249438
24412.49328204715
25140.332451850445
24501.523963450072
24925.996674415415
25258.15356878153
25077.82945098259
25197.757276479337
25235.358480186613
24085.922644578033
24408.166382839707
25979.942006461493
24764.997054902266
25115.80620981333
25521.827796577578
25137.75357389309
24998.020057190268
25233.655787435408
25013.80790355924
27519.420542172655
24687.918416398195
24407.302883036406
25883.229272034696
25074.950343302753
26151.701727609994
24728.862544528612
24780.225166405085
25342.861388127065
25489.945199430935
26453.87065478022
26333.655893536335
25258.299597515976
24625.045891374317
24655.921265235927
24841.3486857816
25442.541885550734
24539.706682462667
24922.314239518655
25429.07485385422
24381.385018631972
25291.167392372514
24673.691681469805
24462.348664542656
24333.462408954812
25315.358814136565
27417.806693801074
25065.656833396508
24825.340997646803
24489.110604626603
24087.567831418502
25851.466798961053
25242.69509477322
23942.23312300184
23945.198910589745
24334.835788238146
24815.86478009798
26684.31049189138
25248.754849311787
24691.513553042285
25023.003665350374
24635.44458999187
25164.50084640464
26536.13056138857
25714.758777014915
24263.65943375321
24992.9423130587
25027.447072755596
25833.718148333228
26429.199300371492
27240.463022139396
25612.95670077052
24032.17403548037
25896.130639853538
24304.845085345896
24698.66070768463
25646.683830967162
24567.620887312736
25361.32195357977
24595.28994220209
25101.224668430048
27415.6934636213
24138.676655884294
25889.896848829634
23737.04839034985
23913.57705239595
25338.636473026967
25785.01559954676
25868.15218514011
25661.847903455935
24621.7839467207
24812.711430122286
25875.64500006149
24058.732911507843
25550.451634710862
25079.532540992477
25730.67797327847
24713.6736465566
24028.542553541327
24477.129680754042
23950.595646393565
24938.75733618809
24493.014432597593
26046.234124695373
25451.824386243763
26278.791686755485
26198.04258558701
25376.764891398652
25425.547474748666
24429.788894031088
25069.45031613292
25501.816368937158
25946.700133489918
24835.512236743994
25624.70442240411
26043.698642039708
25156.00565671722
26229.385146664474
24555.74762362631
24892.7772947918
24337.452482618413
26419.47360730352
25329.824372603427
25813.312221962613
25138.34489966625
27025.234344784883
25905.230794020492
24355.84508733154
25721.930986010546
24346.51800017474
24570.152595889085
26232.42086013256
24746.262320213147
26723.37338939033
27131.038078771224
24579.705840209772
25189.399682650757
25058.433727570962
26778.770768694187
25304.60447968951
24558.50130434187
24087.28475643801
24555.85897892324
24101.975340030996
26193.13211325826
24257.275160809993
25491.458240476088
25076.306541148406
25295.610189487772
25767.66480548886
24207.575498623795
24977.190532431516
25106.490977496756
25512.601628661127
23999.103375249604
25280.502902716853
25387.30408389818
24608.29796025658
25973.095086733374
41783.01134413994
24905.519491216706
25719.175810052682
26426.141665138402
26410.42021853889
24234.692721800533
25079.28619063419
24776.536737537917
24482.911103344108
24766.614900775672
24650.660239820707
24054.055527180954
24747.01776451008
24456.812408649483
25067.327498047078
25606.890681668257
25871.91944553742
24771.799579586463
25206.629856901513
24516.851305969354
25338.24713667371
24035.477243994803
25984.083678616495
24635.350642277288
26218.363695221662
24414.610910569205
25314.136928583735
25955.900292492694
24274.528637743464
24929.780757945526
25062.64630081559
25404.45881469096
23746.461026733436
24220.536042671305
25573.228892006988
24471.335684866946
23770.831008779103
24233.10867008377
26149.47233363558
26207.315032457653
24385.662014310492
24371.08089255304
24684.986401532897
24914.186895183982
27841.719418144417
24655.840715286293
24511.200967620796
26638.136547921506
24184.112045008224
24519.264720620322
24061.097413286516
24668.323266660376
24465.20325746111
24849.65327076518
26414.018319859537
24573.129616824102
24406.22987734293
25579.971756924788
24230.76426422712
24022.483623921733
24955.15305929116
25126.860170304964
24057.30157345709
24735.40149467941
25039.055306524617
24597.738083628145
25717.534521349695
24274.95525829795
24746.367495457223
25112.73735607171
26685.035692691854
24345.451585615472
24687.47267215743
24425.48074644198
25227.484459230804
27150.914941556384
24948.67185779089
24528.351839179482
25119.095121406357
24094.30790090893
26542.854493202107
24404.545699375423
24703.001664252723
25261.062712414263
26901.853506891683
23959.75496611127
23992.52211937891
26702.91659071741
24762.332017589008
24427.38556617966
25744.496105989667
25431.272698956505
25444.525848162186
24768.105418287098
24319.046465105577
24505.921285413053
24200.8978885216
26560.879079836493
24927.857207170957
24322.643954755964
24728.882628591116
24631.27764971903
24315.74011619357
24629.83411678638
24560.972639903404
24186.06094388292
24744.179580308388
24195.357045919533
24918.908154796787
25368.699094103642
24142.076361565665
27206.479054263622
26484.289987968456
25086.439972168577
24791.39070535579
24439.717787860867
24688.568339716683
24837.416767736533
24844.440150290044
25631.57279305556
24151.46888285614
24922.376062581203
24357.56025504428
27438.572756763955
24865.80338533043
24908.019103454204
24193.506287339038
26590.444137188362
24245.84438566486
24224.304698452128
26060.20863703162
24695.182563644586
24758.191447112386
24896.75318799909
24586.11586336619
25326.95755066544
24483.046138195856
24705.011963518657
24484.446416653813
24545.754081885672
24079.546404451085
25857.626951741986
24097.071128574582
26637.86703196215
24561.466238297784
24692.392455271358
25014.733173561417
25780.406771607108
24630.63395650376
24573.350982999913
24806.015899094564
25063.93021550536
25057.56598801295
24659.522703126906
25921.150179442044
42155.05898960503
25948.167814537497
23853.32580552151
24356.36266154724
25252.45273333294
25109.884290504942
24724.304744742964
24731.643892054675
26170.703284598432
24965.93650659383
24970.77702919904
25750.112396195047
24093.64373157366
24957.347706148783
25047.308083882825
24898.474582236126
24736.522715514653
24226.25290662309
25009.651664083005
24708.008147918576
24582.09554860491
25289.9424257396
25738.317045796473
24787.583494193444
25239.166457790063
24945.593833405397
24474.04803906845
23905.06514222007
25908.657566287857
25344.129939245588
25323.587812349117
24549.32624938078
24206.003868945696
24828.52005899264
28368.931894425572
24248.5741741469
25586.328741707537
23989.912630476087
24554.558435333376
24888.072952934115
24430.180419444336
26880.731032526535
24599.362283730854
25848.323531445483
25546.290614629805
24057.827254303375
26689.496617760386
27067.025022239442
24714.724742974573
25617.51388943395
23862.96602927269
24334.01865167816
24727.059407329434
26171.777400624618
25501.71327637208
24748.49045617723
24467.11300627244
24344.187647468603
26149.98706430734
25304.050732848584
26886.514619833175
24495.44595629312
25349.012206856616
24298.970281999664
24698.30441170574
24491.956366395898
24536.83395351004
29450.631052185996
24069.43623689275
25132.838356593224
24394.983070418326
25251.861545623015
25039.852391837732
24680.7677032459
27417.123339198228
24448.50854841668
24147.540812641102
24251.0403699808
24209.64070885269
25248.527581773913
24822.821914158365
24079.054332406868
24626.042793023746
24634.98782780902
25213.220799610688
23828.109620730906
23921.22956314077
24062.477102725697
24601.083756316937
25738.315620472906
24269.34618499392
24599.986406400873
24128.752819485126
25063.745897572127
24813.494658136726
25539.537588451014
24433.75876216657
28352.529648929078
25019.87153682078
24771.880639090436
23773.028633397924
25864.412130915065
24737.546518762498
25081.271680632668
24039.725941919238
25554.584788825316
27751.52630907427
24066.801876316444
24469.248127633604
24298.94306818866
25562.362235658657
25002.107597158112
24957.7322152987
25393.54550178518
24379.588219324658
25232.435235463076
25860.85065657041
25556.782303321706
24853.21240236652
24522.81861142006
24241.540412808703
24042.21470606307
24723.670015216365
24606.470255680706
24540.657929034503
25814.299751717317
25275.151399567163
24785.759141781327
25375.609182273038
24624.628691190246
26063.517970937886
25227.908593684122
25283.13773281021
24308.42613411807
24274.42393666872
24554.088624424065
25251.692842403034
24055.471567074324
24649.898903919595
24600.8054871871
25141.68310471075
24624.39829523265
24587.380826109315
25282.337986829665
24820.930535462503
24159.67277733072
25031.53960161445
25658.467522200062
24464.38540162245
25225.74352798897
24796.27091306086
24596.753945802287
24700.688587055432
24797.261570881936
25092.165430556674
25345.38487549795
24137.979306397094
25278.593893896217
25849.082010438597
42007.99367714006
25019.58191931982
24484.41091176622
25213.105554176134
24961.930382930805
24043.399327695435
24078.46595368295
25431.10788330818
24647.075118263827
24457.852219330252
24360.22260806887
25201.047288721322
24886.70567684842
25936.604257103998
25768.791898933217
25533.71098443316
25224.84594473944
24201.269899773848
25019.235050036743
24363.98942041976
24591.32343030271
23917.824432644695
24586.203746493415
24436.66765177699
24239.88354585665
24908.243497196552
24672.829148417855
25478.04783485234
26051.29969486764
25788.71433269831
24686.05779945949
24100.90321490438
24956.575451026805
25320.39165016455
24131.870853730026
24504.432723652455
24986.358978429824
27339.73478605228
26482.499472934884
24426.187009606398
25924.116638841122
23770.23610399176
24300.74543038957
25101.985966079425
24342.35155292973
25323.452102422507
25428.078787499056
24058.494405764053
25406.19867112552
24712.02583128644
24509.31396982039
26036.910777677258
24811.25257580681
25228.668384331224
25434.7409805848
24996.25421075152
25512.348280929258
25732.144896276564
24409.48910859509
24973.606745537694
25041.373417521976
25539.184525507007
24671.914849489694
25005.437260006343
24212.788001009052
29000.522344494628
24862.627392643997
25621.433177789473
24896.31519833142
25211.175190549224
24314.43742309171
23811.348305464155
25223.28557806253
25062.051638419507
24362.476076004692
25902.54121675235
25479.341549625722
24089.394072377137
24989.269048259546
25002.15737610822
25041.26167168143
25212.007195432798
24198.594742520392
24411.274223156845
25086.010943303125
25762.606614159435
26422.627609979976
24919.49679282025
26747.926548591902
24859.354143656463
25958.19787972284
24901.072487263533
25070.743610148787
25885.984013472917
25066.35654767277
24842.25665273723
24536.343184156096
26480.16802085741
24969.781084063547
25863.272655787627
24497.032060871818
25466.574361956387
24932.554319237082
24538.81195301504
24663.345250825558
25810.163886405935
25336.22307966847
26687.835280669144
24743.882743642556
24388.049794686918
24822.74745385976
25809.994462425664
25175.25968435514
24671.251127937383
24685.09227408648
24584.607350081744
24199.973142442333
25618.923353551098
24118.0507805421
24053.062462426107
26877.885919329532
24307.685908303916
27455.61344028234
25485.859173690336
24134.9552915015
24325.442844453126
25730.916417337572
24597.62001449398
25685.956860423143
24577.16388977431
24568.431001945904
23862.228414822606
24639.198449468473
25554.259788804866
24089.538361983025
27342.99008425219
26225.836287049533
25019.758750607016
24164.416458276562
24182.26270421465
24175.643977189877
24356.513183006555
25266.135036961987
24017.273833485167
25554.874654824875
23835.127678951656
24604.55921837307
24817.748861630862
24240.82699411004
27205.712034349897
24909.13019743692
24805.278764038238
24868.211668284363
24388.12957954896
25568.646888309286
24777.40920328181
25404.723883310624
24904.78679880582
24592.923129261035
25813.421369775104
27475.49904264867
24324.203758683303
25093.267484376058
25639.536639938902
24431.83176997247
27001.10031119113
24974.353293375854
24770.53860214113
24634.829885068662
25019.557609436102
24633.286501214472
24411.778291957937
24048.36950185294
23718.493835283898
24665.446342059775
24805.998642661692
24995.7614594851
25397.72487897594
25358.744176972843
24985.27425639016
26637.02219647391
24333.917630939304
25713.98490864407
24037.547845594156
25853.861821172777
25002.17424964056
24866.325715387353
24344.27759922199
23771.000605549798
25148.63633371696
24696.06920257193
24497.177408959215
25298.050056119417
26186.51957403707
25459.896101649094
25761.212053457904
25526.29572219779
24434.972096714322
26292.43367714731
25606.85236144708
24472.25903651946
25928.620847411577
24647.51787637597
25724.78232904299
24746.1376182252
24560.084382134482
25132.00569070837
24711.185453437625
25561.480366401698
26407.51852480091
25590.147621631895
24120.085963384867
24516.00801420283
24848.44856288272
24185.71987203183
25164.399202522683
24937.670129820825
24412.91732016115
25179.634448385936
24553.539755461097
24572.192437948914
26703.147614361937
24480.75067381832
24566.612862697122
24468.756722333634
24454.548214726765
24768.59116125667
25868.818315540193
26576.26688208743
24887.273899002215
25062.609961123868
24992.38073605632
24847.933739704058
24245.588172614527
26468.644095379597
25130.989664061857
25038.03706156837
24840.265864381094
25910.061901104164
25000.214236668628
23736.300339304187
25141.81210905714
26504.45152492644
24544.480680610177
24852.53614679865
24957.328019520202
25955.150377211787
24611.90544913395
25754.153651934626
24830.097121464543
26346.616052600275
24332.96107414494
24413.845448271313
24011.60440854503
24185.388679546875
25291.42737420343
24013.434935871028
24952.80470108888
25103.747168630354
24577.766747492336
24869.710036802717
24606.73317785876
24549.668825975325
27989.2071062254
25117.66729745507
24424.701546762506
27481.030188946857
25660.339054795586
26381.932082175303
24644.794509875202
25718.770853355174
24523.060168492128
25424.11926067031
24700.15871999403
24941.19601207285
24691.11755936042
24248.464468402664
26223.206860339338
25109.565964696045
25100.843452625806
25615.899125165048
25176.242903265116
24642.28486664926
24550.192825696355
23839.39815077653
25189.229069252837
25133.059555053555
26463.319580431395
25388.966465729143
24063.743354652004
24647.894874011603
25342.775719310805
24697.555869902986
23973.177130572527
24371.018985458366
24548.59196459978
24712.920946327977
25356.416631622174
24098.251271128298
24591.191723739223
26986.371443796143
24857.715620038034
24405.126691665715
24086.275452622656
26692.657992692923
24747.95306923524
25244.515604910623
25884.50384792993
27439.36313709244
24366.580427787696
24902.499364518488
24098.30921420343
24564.373747419766
24169.93614084941
24188.189697620863
24697.540672087114
24169.18586051347
24574.039362740492
24124.66654792384
27282.764848351064
25726.48045211008
25014.002413340368
24052.904335589083
26392.33390658959
25025.836401012977
25094.11085865597
24759.078067286686
25607.994821047207
27650.943701925175
24278.338367152162
25421.524284506377
25109.955299487916
24230.519324201545
24712.609156746777
26691.395556608113
24437.192420363597
24827.73422152033
24308.89293097445
24247.58183174841
25357.910674119143
25897.529566863217
26160.616997571102
26121.18890977957
25652.723836680907
24582.379529103495
23903.493020247308
24686.72631516343
24856.41479388688
25245.59411754959
24727.617490439065
24873.82520727344
24943.82700497915
24720.893971808993
25147.313835583634
29834.688294465217
24396.37670454032
25266.796111447766
24816.97165977015
24793.18578929795
25220.121702670516
24527.614605095307
27622.709956779374
25577.724006884186
23839.882037667787
26072.219965207736
24676.40482992912
25646.239258781876
23733.298119364805
25671.563197997642
25198.93365650576
24416.848875316093
26937.613324063215
25928.35721309205
25020.59440986126
24491.4118513647
24119.59506442902
25114.16782271588
24469.06952254451
26551.317703268636
24895.34177497345
24741.57891347817
25631.075417144322
26235.13114241061
24923.955132721007
26059.178018272883
24842.87396730438
25347.901352033812
24186.033781640013
41797.37227288762
25854.483589041432
24376.73972800368
24556.149472953988
24814.86367738148
25880.781542794295
25225.16686050756
25609.88533672253
27309.78095413453
24373.52824757839
24653.03225548222
25232.868583365005
24984.89333227507
24165.136829557636
24512.503775398734
24865.64385773268
24569.27405001543
24985.58272212696
25567.408232218313
25448.910786393306
24802.401063814385
24361.25752530632
26225.05146974354
23986.002270170535
24195.180085796837
25237.35382550392
24602.763198703247
24380.464886965587
25552.97167262904
average revenue:25151.439978777467
possibility:0.004