14694.722317919603
14302.670540242005
17005.396889270272
17364.494039926252
14246.886900043115
15469.146704806331
14272.67725931278
13811.559170771889
14059.005501639578
14999.58766339308
14730.65301044251
15061.051127047453
13963.92732285601
14839.753773471646
16978.45444419947
15487.368927396165
15693.749434206964
18897.703908882027
21556.745237324398
15834.200060880108
15852.57823431285
14973.044285573713
17381.4816900804
14430.89369543121
14647.334908210894
14767.863033788468
14933.97848976369
14560.162423521691
14839.450482687886
14966.557188139423
15454.035314504477
15699.182592646666
15556.57520576993
16302.014675047065
14923.84146317853
15027.645770345469
16415.082914802544
14415.892372302822
14293.339628863228
16531.454209836935
15797.208289520031
14746.501875857957
14925.465245639152
14358.461340836571
16649.594225916022
17188.51067408869
16750.727639654713
18985.04534825887
16152.882025413333
15449.070851574095
14752.092645665996
14617.445715260601
14430.8581574598
14484.188451058923
15041.566084894863
15528.863602673842
14972.35720295695
17100.01276070001
17041.2389188978
14468.595202299144
14289.999111230549
16755.42363936764
16061.80165205444
14801.714099100438
14259.03215315798
15957.559740370776
14448.004266286205
14790.835430320989
14985.695725095658
15282.705271809496
15334.697813778175
17161.14266800672
15646.380453860753
14728.312752591592
14480.167344248286
15467.857875491894
15215.309443052996
15464.872790110818
16039.738109337284
15630.476166892984
14732.320144904248
16708.254646063222
14146.656352295233
14603.668023285714
13967.953216161333
16093.390174648346
14871.189172719405
14384.47793668447
14467.898088157506
14784.09624377048
14842.657309509654
16804.73737667877
14316.293462026297
18821.153218813844
14395.336384640765
15111.956385983332
14244.59521056928
14033.517431784414
14768.633740175113
14264.215584627402
15035.06634825038
15218.532093337411
16820.154206530933
17003.755547996276
14755.335234143044
14928.895497719697
14965.071219653579
14801.462761450442
14992.552910411587
15716.343257880022
14336.523107699433
15405.395503498465
41188.63149548624
15440.643938615529
14871.637371019766
15513.620025375045
14862.859119845101
15221.472841636778
14596.513508656095
14414.61787082708
14321.523595336104
14712.86166678103
15592.159702185032
15085.443795381709
15758.959881806879
15641.606558285675
15918.265088111273
14642.37175358619
14030.840051069705
22631.645243652216
15520.994895545076
13985.835157698526
16689.585448478763
17418.371671911813
16587.746307095207
16251.349473749491
16079.967935014647
15173.134048949178
14803.906089933476
17815.455658905874
15997.300508618913
14004.373207528783
15124.577332548319
15003.005336701766
15224.998896523628
15646.89000644222
17261.923848414393
16128.789831073032
15408.60585893896
15183.64992419036
15341.803175727395
16111.11571115663
14176.158983340156
15070.316719736487
16709.738040856995
14945.100545980285
41878.72011026716
15027.419622953592
15108.92906330162
14772.024813439093
15314.59595624676
15397.29319275016
15506.773971223867
14256.03703824858
17118.792842369658
14389.02047295977
14694.905408593555
16298.833626719565
15695.89527019966
15201.067984250794
17379.86247182295
16268.015310654548
14777.667521039079
15381.71088383687
15712.156376377334
16028.367529363284
15607.764347809263
15654.111344158686
14658.479882536705
16336.24392988211
16189.07997532863
15898.18253213322
15194.39371043361
14204.891394366028
14533.427455951563
14733.005941266087
17925.31310203652
16357.886356877998
14785.776809081119
15108.968867990226
14451.623479552314
15650.430074156466
15479.826575484647
17698.040251634877
15458.384839175289
14442.981646290236
14372.7697277531
16490.403993874337
15017.166121845512
15813.648959579
14831.186199220718
14639.003706874973
15999.195043660642
13737.785057187162
15428.08516198548
18192.29584257249
14879.324515440485
15074.855566351298
15376.000212560228
15826.337022621829
18368.209676710012
14395.726244828202
15774.472151525128
14346.431677857143
14496.128714555261
15413.370725368039
15414.705856415467
15489.975838005252
14445.324045470566
22107.419329633572
16263.956758375332
16217.538614704872
16974.318743655036
14950.38004820646
20554.84747144938
15232.704684011083
15858.964228624718
14452.990758571159
14762.961584449378
14981.604881510058
14539.248782459556
16323.220179072916
16423.253405309915
13778.882241901776
15504.565464270572
16629.34438316453
16060.339092198068
15403.181888579818
16047.4099826668
14580.089332814849
18597.923900392325
14517.079353354118
17170.26925968909
15650.085683893843
15744.528126213123
15338.7025766799
14774.247252153991
14506.00722571911
15292.302561665982
16266.727670878876
14324.272614970858
14211.11790113811
14894.472775030847
16407.559975548378
15072.427308907558
14509.22879643861
16095.22011543521
15223.194564903633
15656.90452267982
19976.707321396967
15115.531156429062
16433.117940534383
14752.466799482425
14390.092765916073
14997.944114236943
14996.750088875715
16295.642215183138
16351.340600354788
14687.714569807898
14037.108945279697
14260.310903270296
18471.977438281825
17481.626285791073
15156.464347765514
15517.161245119061
15834.86287374839
16000.495499005925
19453.607024905876
15286.869660347327
14664.084874135682
15750.181981558828
16423.913365909815
14642.90049232029
14616.57888547611
15360.175028638783
14632.97027993475
15397.485573465132
15244.070264143033
17338.997072387712
14646.13414185837
14256.70008241666
15407.8306365143
15480.769740228696
17176.702229406113
16547.52335496223
15209.201317309213
14964.15992125679
15887.041768165447
14498.795795040123
15953.522949229646
14617.119100649026
16706.963404597824
15040.734200396235
15943.609761566568
14763.534626616754
14156.963803995219
14250.202988219735
14522.317050435073
17074.165851242808
15897.079756059105
14051.95600155482
15427.661723023712
17161.942020662085
15087.861961792145
14567.542245509756
15230.372454165037
14746.757039539521
15360.776788572559
16118.195349371972
15939.428981141291
19267.429171582222
14080.081896319438
15576.328082168986
14692.375291256445
15053.369812949459
14321.390528458793
15321.52954448509
15737.489766526507
14808.883538803459
15527.655995565245
15718.557152956628
15317.78079837134
14632.380561179949
15651.377826323747
14689.43845736801
16293.726013166844
14761.212557513843
15223.57922935203
14953.65137383929
15478.199520892205
17405.632497883445
16057.423180974607
14100.08334465542
14598.720367047286
14774.991911816564
14555.369963883992
14331.213421612085
14494.679301690187
14804.700095734906
15464.743514353859
16469.481108524942
13702.170224223322
16907.34255709745
17198.98481949453
16011.347534822553
16457.132341927
18051.383051240296
14688.561279633988
14861.819491415516
15204.844743494254
15084.342973451854
13936.497997568527
14630.857697020538
16135.362586030758
16603.015207610602
15453.830631560508
14208.214255677238
15562.897432114196
15775.216080157988
14694.67646778524
14499.700277673508
18502.727044526695
14513.977018358439
14554.632195347847
15039.389684595937
17273.55158334336
14168.381955563615
14631.400310005947
16886.098878794248
16430.88312821444
14355.405212895324
14633.335417889777
14158.370611296798
14992.937004471727
18193.30656382136
14050.612430988429
14227.90049642713
16108.897098695128
15405.615594929775
15534.311130232203
15480.420205342902
15173.884575297001
15845.67465454929
14404.990798333
15311.580287085066
14505.877448031717
16230.822694693159
15021.948111897913
14628.921794579166
16076.769387626246
15710.66331739745
15200.069715595917
16388.292173386195
16512.759841887633
14838.193588970775
14596.289784925713
16366.333524919166
14889.384236339805
15048.09340123941
15601.91294464082
16113.001882986899
15231.191099298014
15441.569094119628
14808.63370852368
16169.79374884405
15569.683259311587
16551.757023166432
15040.520463331013
14705.17287364467
14970.353338807767
16441.513934696708
14771.125760717163
14518.544154473371
14873.124131613413
18673.945657586813
16185.304249282402
15698.673736565574
15645.769269360248
15473.171034987265
15326.25680973167
14259.418896256086
14603.179860328719
14493.693975762642
14617.82787523089
14913.676919889283
15206.917382884378
16712.522822666757
15843.715644777267
14778.406053082697
15862.459230820315
14239.417314570712
15100.723881797348
15673.086575060932
14434.639613669477
15172.452427721002
15744.677091548278
15023.468446779545
15844.740170680336
14702.918756029663
15861.5356274386
16624.40111555656
14371.960027667452
16830.48095495753
18387.894785281664
14774.217324832722
15092.735223579959
16204.63498195475
14600.962826124736
15583.202932447384
16771.950501761217
15075.246995048332
14915.540691294911
15071.840382246039
14275.545877682569
15039.062934816257
13970.780449344928
14626.834571070687
16285.341981846115
14658.329738827257
14587.354602919953
15042.782862020444
14615.977790962183
16541.61710757827
15383.424353795834
17839.6128719614
15919.940702327081
14985.889144016302
15059.877154471065
18690.214635504242
16559.560011498015
15247.264519071596
14802.425439102582
15317.595389909016
21335.6753738653
15099.911231796472
15183.487457612584
14928.215670509824
14631.759252081198
14847.007792853203
14275.785677685586
14619.447947899127
14728.638969970005
15853.288442621773
15542.507290896343
15644.339574692745
15206.095554835849
15856.961277201304
14423.450909409352
16991.43209518413
41346.00073077446
15814.391715486594
15008.666115425474
16792.300331321905
14711.610610347638
14070.806038083749
16557.36336015265
14343.650066441169
15600.876664296387
15500.127083912077
17118.457733571868
19253.032949628396
16152.204461448648
14777.208696621432
14427.735888878986
14582.507802997186
14694.905360396826
16054.09135246212
15590.033442272148
16774.798139723356
14734.286003823323
16447.964569482727
14166.23147238145
18320.542900722474
16908.258642216562
14484.8956583808
16691.31146942589
17683.308119751568
16008.463935370657
16199.767340662836
15707.316707633368
15412.374762016732
15341.529533206836
14927.578143364319
17949.96663278739
15827.3404262617
14965.405039903386
14312.093785612924
15127.050355405632
14495.988340679814
14059.563132585183
17144.032539141645
14909.697300270938
16702.104260475196
14474.947997343052
14959.881949923809
16368.079048341264
15452.528492095847
14294.87100812298
15240.343310017553
14924.981549761467
14686.46817846294
14396.554134725573
14549.833458302071
15048.8002538392
14717.339451823036
14506.36100968916
14479.294077994677
15051.512775722736
14724.011712960833
15726.523259118168
16722.329468649557
13732.361748824454
15122.962280089401
15923.990841590492
16636.259467177373
14827.582653743533
16600.712727423506
17515.30262592745
19997.04597324335
17633.733677675555
14836.225672889983
14960.61311683326
15465.05791100807
14975.99842420775
15661.581428389025
14305.186433658895
15896.043972479234
14295.428923039892
15311.117754091965
16084.227405247615
14872.30975406505
14769.312326326632
15282.385728259615
15184.79534940254
14049.556637917012
15244.330244000768
15286.371046947204
16860.782957687486
15266.10936789387
14053.442324579528
14678.595359455663
14432.266555018654
16177.797939223386
14687.074090372236
14961.443672493882
14557.776123577705
15075.094056998156
14448.251371170254
14470.68447609131
14407.774764714637
15817.497686377656
14765.79728805148
15015.050546669945
15976.02103291015
14580.574405112415
14015.825264417981
14713.852377787654
15873.713386463092
15629.956237812818
14961.903405903337
15062.671615884137
14714.366445101801
16564.60062336393
16613.215717509174
14745.46820452948
14915.46285385763
16722.469127056072
15146.241860852666
17266.740173211318
15573.616735403068
15465.607476044232
14470.34575866807
15330.103517170593
14673.244358814683
14802.581910519233
18727.712030562423
15453.139699333027
14171.810279885696
14781.551331137527
15319.096908051346
16539.376892200977
14156.250670122501
16986.33110652325
15065.653125225877
15453.870616261358
15386.827253699681
14071.686618379728
14606.389272516324
16507.164803106454
14702.070661217154
14985.211645274076
13983.492655170136
14863.376785578334
17052.74914532713
15870.692759884327
15269.704672506441
16801.019832337985
16532.609990914527
15982.677140726732
15194.988915895672
16204.574643815135
15215.591805022756
14495.702264234895
14660.390485724705
15276.86436798809
15240.54370105975
14747.13727795784
15212.797251200778
14660.367692476138
16296.530192684739
18382.622808331285
15857.138803390819
16682.250725470658
14231.31753486264
15715.035407474476
14264.817594810846
14731.2579056753
16040.463300030688
14441.964632170988
15662.121237168914
15744.486085723105
16243.817385700026
15720.856898942644
14262.46218628674
14220.010394238298
17788.177196945762
18586.986945598353
14158.099004254356
14036.943739414464
15164.67167161168
15996.954226405365
14736.643806000677
14565.462537253
15163.222815267305
14287.088601925836
16337.891723486895
14499.421208906848
18560.482514569485
14647.26928195539
14603.53076382234
14586.732203421236
15547.3503746565
16508.683500850144
15472.843957964886
18296.374430292864
14646.998489659074
15815.767753268723
14099.507304686056
15729.916763976102
14635.854764661617
14448.930144448354
14416.164809810956
14298.881669470144
14041.082005284781
14946.09386042491
17109.889981903103
15419.206836237978
14324.217099225043
15577.13940695378
14387.063832265889
14627.270815251899
17486.95206141222
14690.379630440393
15096.963703720055
16421.67422487071
15040.574593509464
16657.591427876236
14694.232062143488
16648.038170066287
15142.40489895092
15476.111866531373
19645.10691002845
16198.182519170507
15538.745160327935
15231.391745046816
18224.412030382944
14710.649881625393
15246.930832886821
16435.851208238368
16784.41130094658
15480.690882343766
15845.13955023277
16915.42193324105
14940.550855661806
14181.293625539729
15221.325633853336
15361.517452110424
14377.66587532147
16827.129792863438
17634.53291912065
15014.789979525247
21766.414407744323
15261.727324061516
14685.63270615265
15401.04359031985
16463.023368973663
16748.89515333803
15199.153993587704
15602.740883060647
17070.24407960202
17020.30923691995
14231.253413075445
15785.067362191676
15078.113557743825
15285.253274127437
14909.255935702544
15589.188501332077
14217.51290433424
16361.782501110956
15966.8216586229
14019.539716047726
14934.449996448528
15803.827620353453
14860.44923474613
14883.224294227248
15004.461331355333
17154.535523376162
15002.130889021108
14694.356294834542
14224.734220220265
14817.919265937306
14558.766283473225
17937.208972959583
14550.395841443147
15231.73802133699
15125.86907293774
15158.849688920161
15036.579673279877
14929.331972557258
15686.664526216358
14561.201290620296
15936.418120816428
15801.196212111461
14572.015736552237
15065.23351698946
18094.995763137344
15039.827234871114
15476.165335004302
15633.113251654835
14154.397613035393
15087.541907228051
14351.494068175994
16388.498685442806
15681.229508654504
15306.083811813818
16480.059918038205
15045.527558704473
14882.01811483205
15580.545090387794
15658.068336960398
15921.79446579727
14408.241981336636
14438.276286527833
18721.140196055912
15185.89520693792
14180.324407404658
19094.969366069377
16004.316520155671
14963.355221497119
15829.400316712443
14834.621585447574
15623.945480833323
15682.831907634167
14247.421707990732
16455.659029186063
14415.027241148357
15925.005967124693
14068.93584981524
14555.623961959922
17435.203653986566
15823.82130997831
16253.978463228099
16072.701434225151
14334.339408658914
14499.066432260339
15300.12456539589
14269.807936175548
15716.621977152876
15537.428382558146
14616.964609328043
14431.690203915372
15590.554769350327
15063.338851210476
15100.198671905606
14892.248134774849
14552.26313431485
14068.06906274927
15768.990378403269
16878.778445134732
14429.453950290555
14427.334677524537
15474.229717345377
14028.761785532244
14516.110135732499
14996.45940474055
14282.41307321447
14719.202100266197
14762.18520774507
18656.659522293045
16171.016567481998
16087.12688011127
15457.572980637731
15021.89378441246
15911.70596635732
14986.105380745092
14437.999009650244
13983.53028426712
14798.186221259777
14674.252884847027
15113.68425099091
14334.60863407731
15374.877449705196
15722.284470308463
15355.670517044677
16272.37612275176
14704.379388822148
16408.67772656304
14607.501393438533
14574.967318702327
15489.252967453696
15391.899426263084
16696.712095669696
15359.832759122395
15055.819532368389
17012.978625305557
14789.032028158517
15069.48995298019
14419.82159637902
16386.424642038095
14524.73505133739
15198.554289230466
15589.228789781
14925.897342236158
14704.04992759462
16787.383232049593
14045.290006394558
14506.373955156389
14644.48687447507
17194.52529812061
16578.653279477516
15380.680433962656
18801.794314246927
15639.53080222414
14232.372710670916
14410.876523083407
15603.130523998578
16825.650132038645
16165.076896070954
16030.725800379238
14339.64186640974
14878.100208526663
16730.624848856674
15102.882581322174
15497.93375606325
14859.809030930883
14856.91344057057
15735.503327178254
14545.259789615018
14587.16363431226
15012.860027810086
16431.544542237498
15809.790533425241
19318.777002655
15510.55656938981
14884.604770185455
14966.768418381107
14778.151525861367
16007.49551066317
15133.311426808512
14467.001480046782
15527.022979364781
14866.151127105695
16497.189754231942
15202.75399306889
17099.420152715404
14093.082170354844
14521.728997478394
16180.204590199588
18567.37585806984
14991.124680766581
14161.459757038194
15976.641074086818
15822.70250391738
14742.932418102322
14556.16642777132
17245.21229570106
16190.88288102786
19292.204540274524
18161.547871534804
14033.445991018105
14714.121740397073
16266.088161715157
14181.941223111458
15910.250588325203
16383.224537990372
16060.929218554165
14846.03275931751
15112.909956845519
14365.724967443415
15121.684505619636
14836.833845653324
16023.632085927247
15038.092635952446
15159.658375740342
15940.25020953701
13851.86605635892
14576.373335977729
15018.70841420059
15894.260452316375
14865.484131995212
14585.174055527208
14202.071903268685
15544.615005247008
14821.576092206084
15033.598116695011
18404.421577490575
15138.39306060389
18734.217743044002
14489.324077373201
16655.984795889777
15972.481234346698
16501.826877975123
14563.156991651322
14142.824425904213
17184.683980406055
15874.526706354449
15536.13075956647
15283.84025312368
15329.502801977847
42005.69575469488
14266.969275545023
15511.272994065617
14265.963889099718
14304.262307839872
17954.518306631056
15431.148095530223
15429.673966955028
14740.089261624347
16594.316560678064
16081.38677115445
15115.405898650044
19566.670158389166
14758.93121703746
16028.306181337646
14804.826116381413
14431.954990438366
16212.380311025341
15672.72251603809
16105.902663915904
18371.919994248157
average revenue:15592.522256625512
possibility:0.004