43038.107516318865
40632.91785511194
40385.1539518914
50720.5323314572
41276.90843155366
40466.3905174052
41359.692495396026
40108.23667290244
41396.234096379085
41332.57964850243
40857.21342508004
47105.117894932075
48556.58484673652
40305.00244847281
40667.944122205736
50220.867427790494
48653.67830254057
52497.31949435668
40883.8436427199
41183.40558207011
41660.22285628401
40457.75837443059
42508.56624375452
45953.407920452526
49205.5267444091
42517.29809926477
51580.029587310106
47304.336191659946
52674.06350327297
47507.091278853484
40783.52867464628
40475.62103988969
49762.81122702792
41028.53143153951
40402.18130986364
40518.458651192755
41017.862408661415
51711.433575152136
45462.57243599351
43154.07355952673
39827.50417968652
42903.974132775795
40382.99528033328
40401.48973564377
41714.80733606532
40511.16948006488
40764.19844365669
39668.21852414144
40939.880486934904
41065.238582122125
41134.51793601317
44629.06546882597
47966.39179842605
52394.161677914395
41337.844638294846
41305.38478258428
41235.37179060303
50736.74642823119
40793.59686727194
41060.42617454906
50953.956308570065
39840.16341016026
40973.17006824065
40478.92562493809
40427.69822979697
41150.76551529753
40121.09800912301
41120.50015139588
40930.52011958701
40510.72114476686
41382.04044807331
45253.46616843846
42283.93335122158
40876.27338046634
40203.93252421155
41186.68649967392
41444.710028492555
52606.3727694133
40502.36300115689
39747.970179765034
41811.38158408868
40545.454266043605
41398.67215397024
40392.88484172064
39974.911460184354
40212.75980168686
47386.857420666856
43013.85209925741
39955.4647766432
39854.7973998926
41220.65940408794
40593.99300612803
48100.814510207754
51669.28171542782
47628.94429818526
40863.75882408861
41245.255088073456
39876.11689395507
49957.15015625578
49797.97124769973
44611.23185197796
40765.646227203266
40468.21974074544
42586.010791712884
51023.01312597583
49257.903907082415
39660.76790823219
51632.64611783627
39752.29567603084
41017.31159521837
41612.77427226443
53218.22002034864
52270.66325635847
39853.167525409786
50406.22721263679
41218.51255950162
40462.5466021906
52577.17668841532
41362.343607840514
43800.60164015805
39592.09015074329
40549.562513926816
50834.53153835151
40751.09695614857
40578.98086821917
40128.51799117544
50585.909413553985
41207.87379020612
41298.7839515317
39605.84243787631
40421.95831933104
39886.42543852156
47733.25113495527
49648.876293809284
40036.430763128905
42595.306575961
49761.84198306599
49461.526036695475
46463.40389417834
39759.465578075135
40595.582408421804
40424.67997593992
44612.91536969364
39851.14900543928
41386.473162044516
48027.234720756576
41178.52479183514
41158.08429919406
49751.92322024452
49772.80673693791
40031.96674359871
40406.12443482041
46835.05874454793
40344.99608019525
47753.104445756755
47957.40913748724
40788.109870457454
42124.47540282241
39320.46542712376
47885.04284867917
48795.23841921323
40981.19666896381
51489.86703769032
51991.19924491122
44663.147083710406
42944.2756512249
40932.81340062695
40281.28729690097
40215.76554631923
39975.14982493493
40164.04805776356
50373.69722556989
39777.94739444717
52148.98787773411
43892.50182820385
41867.81413105205
49609.97977222852
42379.60657135402
40554.59582388911
42433.64263137661
49638.72631483276
51480.30992621702
41968.9643473497
41302.79159666032
45045.53142181063
52259.02326048913
40560.203077622915
49468.25637946196
41396.04954522806
40010.592665067794
41598.273618171625
39479.10755317063
50338.4471572302
48948.02267665473
52714.38810129064
40080.903779905464
48702.17914464089
51362.80854802638
40082.30999085914
47313.514671115496
41378.48054335887
49896.29364416142
45984.340427865
40214.371753293504
41349.34131654926
41337.21109395689
40373.706665000806
47715.801179263384
39578.86807759747
39691.65848117188
40486.02881769341
40580.69390805165
46828.65182790838
39970.27006532593
52775.122416240694
40555.42364138361
50685.916103778436
39735.95190199515
52849.74315764688
44117.63276460206
40792.1798619927
50313.989664361165
52059.40353116415
52342.088805219384
40274.39784882157
40413.791538745565
40724.127214539025
40365.36515619829
40558.83577274984
42327.47474132792
44354.69382402956
40243.06921592664
52860.670662051525
40385.46767789473
39863.290522155825
46120.27798666481
47185.0663440477
51665.49147724609
47402.930024962705
41984.42829125992
52055.66107725532
40219.27501954833
46947.24302520853
46266.43087530891
40908.78679032408
40388.90899646971
51082.67869609399
44004.07388984253
40553.60615611325
40820.48213213497
44545.65468769676
40414.376674397965
40901.38399804625
40106.20359509066
40423.250911674324
44595.55577154192
47132.574092047
46241.87078765962
41545.79222692207
40542.884295660704
48131.56597304145
44587.4740127962
40399.71537907615
40535.70260853005
40246.09071259934
39626.66582337016
40129.469553786
39896.92526848875
49077.79723234891
39822.22670724681
48208.88847002626
51308.7702237988
41271.12618716953
40410.65403011172
39862.77996914312
51944.11623091073
40530.63790929873
53209.876363489384
41194.56506451744
41342.42982598953
41439.525670853334
41051.67912559406
41665.22839863191
40535.72472524828
46025.79330473083
40065.18812992257
40902.115192254016
40861.5677419313
40485.851777070246
44547.62272256481
39928.661929829424
40402.81611881823
40508.99775924744
40135.75587857904
40346.76838711811
40312.29180610352
45442.034749086815
48676.454924488884
46238.738213326906
40220.88030890467
52603.514182535
40639.68267035755
50390.12314111132
41636.817103091045
39829.281852977314
43585.35900541497
47549.814020419486
44837.27891065279
40131.916755302875
39671.79932431695
46642.01083180003
40972.192192654074
46877.9962145365
51317.06441811391
50964.97002888715
40448.25640963968
41032.80703096508
40269.46222062352
40940.53881330315
39947.02703751954
40060.33113408674
46296.362552612525
40106.887744669046
39991.15213526958
53181.755780728774
40004.705142908235
40805.52411472484
42122.80506045164
46625.94841082996
40138.52774984911
50415.04619241711
40189.86182305516
40601.39212956433
41049.813259598195
48825.67561653495
48622.512450027825
45899.16623816306
46057.8559925396
40336.74647324157
51949.50676228582
39767.38715125443
40598.77870705942
41628.40585053917
49519.3035521507
39714.94907921002
40422.68400771387
41543.02508041642
42060.176125987215
49223.73003362005
39962.113631282125
39910.413635603414
45282.771102767285
41073.97007617352
50189.18564919933
40799.582527747945
39935.72972745369
43485.70597327755
40082.28391625266
39825.19168376274
40317.37262357297
40573.60182187963
44515.6481414258
52746.132479945074
40447.61340693451
40532.536950163245
41467.39174777402
40468.46866178753
40320.94665807395
40485.883422533814
40159.23680917024
51144.95770323683
39992.642431834975
41397.42273650272
52893.528904146726
52364.5224612841
42582.01703971861
45783.96810745569
51995.22183489296
52518.968963903746
51642.76901994825
52389.192943952774
40516.640308054826
44178.23926027548
45569.009669820385
41375.07514620543
45700.22823308033
52242.25810579273
40345.397364255325
41922.5065545078
41596.35531209792
45357.05653879385
40512.25920502079
40021.18266396506
40630.97803497417
40726.667504564175
52457.75935413917
39815.34903670932
39882.897769847725
40166.00409200735
46772.3169915969
40308.93112524935
52722.89241246133
40654.590319004616
41074.72899784039
44200.875937550656
41236.421846687066
48609.3452675505
51891.614271629245
42083.854481861636
40233.85843102937
47096.05389813012
40698.523026999675
50973.86141723685
40249.17916373703
52689.91333064562
51755.796415608966
44169.77409456636
45693.88532981165
39858.926250912315
40095.99831672099
41257.08441102655
39820.780647437925
42378.55935803871
45067.31989900605
41290.31110700956
52990.903398727794
40376.73470758186
41391.190825689475
48765.311060244676
48676.38290260003
40632.92254382412
39852.92445864977
40543.736566867236
40927.24784382872
40538.24529530661
39964.956216560204
40631.63352474253
40894.79254127829
51524.24788414717
50562.54488242054
50460.564319167876
44428.19135357687
49991.71242825584
41505.18166643673
41040.854384825165
40862.74535476287
48142.84937956637
40972.226999747894
51049.96812052296
40375.89436813361
39890.85203940313
43831.40064384199
40334.52966956508
40234.6408161822
47128.10244278406
48420.815570967774
40109.71814868877
47459.77199823621
40133.63378677994
51268.98566235334
39557.180264236114
52248.83061023908
40470.870767866814
48972.02703857409
40296.352024125496
42213.64705636554
50387.768593831286
41566.76459106861
41462.20533209906
52366.11169094823
40170.02469293997
47769.06314160212
42507.48594031514
40378.290103011816
48236.22124380384
41116.475691546395
49269.34689513901
49277.81816732581
50462.8232177795
50397.70636692121
51911.72489967179
40474.73744637784
40427.656646668474
39911.73366267629
53005.85286481664
40801.18156006982
50140.32893019516
41776.611143612856
40466.709348924844
40288.55443842868
39800.627781453935
41212.09233218986
40897.14780913293
40316.54334513575
46175.953079000734
40485.84733843876
53109.92658150004
41006.980086817166
41335.673268706276
40442.85186065559
41049.30536439864
40691.783446451824
41383.25509949433
47691.20487735097
50870.56281797013
41789.47890024089
40156.517652846735
40197.4182401085
40376.065677522776
41373.72615257339
49136.035731285825
43277.89892994698
39680.119966746846
43218.83997504805
47825.68231588786
40267.039226792396
41734.60071851418
51443.2303599182
39808.88757915088
46287.794610875775
41424.32950066369
49505.52085664652
40841.066929634835
40370.05455895635
40109.93907163838
49302.89318690633
40835.61626023886
39998.902785333805
52871.33473351256
40216.770391470534
43754.536382851606
45185.95585064419
40557.18024390357
40690.452581633595
40422.7490579244
44679.92074399754
41571.69913886118
40677.22034925696
40823.03239113513
39783.55990678461
53020.61953992257
51259.75578324947
46744.51315647245
42204.542395524324
40681.665088585934
40190.998778085355
40537.153848268405
52921.72740327009
50170.41488967104
40315.71072949978
41938.02213134047
43256.765739892
49822.98987344567
39548.608441130484
49863.14563968418
39819.65457978862
51937.38761460463
41226.8468074424
52257.98450086764
52317.50574085497
45140.75425107399
41248.619655054725
40267.696531827656
40264.56779229798
41114.84157572894
50707.91540791802
40396.440136779085
42787.92464374393
48006.53536415913
40605.82667908589
43835.20162847988
40952.18056681057
40473.61918213155
40141.93780759766
39952.751276296425
40674.990353604735
40948.39367330363
53178.05616318923
39992.25829707159
40344.18674325835
51311.054077142704
42915.42693408779
45829.29057828454
41178.08905699024
41489.950300965116
45575.52911386229
43006.98610934994
40069.94431253356
40258.44237721601
39798.85884855839
41246.63869341189
40061.208059749246
44921.46138689684
50958.9931924442
40625.23592716174
39789.02585072861
40545.844670249324
40365.92125043697
42324.325912922155
42218.890761775634
49009.53270456353
39765.91965672135
40579.75554660303
39994.32358045524
41020.58450645191
40881.39577399538
39496.59469030408
47061.94205885426
52771.31799086902
40268.4347453419
40858.286675425115
48577.71543376856
44601.52066441306
40628.21871043006
42284.97552446461
46217.37342742729
39899.41502285069
40877.67790855595
40154.120640265115
52475.877186274156
48094.475390952095
41390.54236475924
41152.82618430422
49497.6425874282
40736.404618225104
40380.075496582795
41572.23374524327
40501.05125759565
45871.23358526464
39945.82516040364
40649.43394951779
40262.57324233703
42882.17836174381
40150.15251796215
45902.21251917087
44308.700956284214
40723.14980043254
40542.514159108396
41779.46024017442
40010.474198802985
46603.18745577248
42168.790818376314
44734.52031677936
40162.55023815211
40598.0572602728
41783.263569962786
41503.710725382894
41538.37345258155
42092.36692052935
46776.28869665011
53259.34184388395
39634.8286006467
48346.14882850319
40613.140793708924
40748.12070022697
40399.98526825929
47098.16345822147
40138.35111271447
41108.67466960972
50001.3235264345
45928.77899067859
40067.11709405026
40487.99907283885
40900.46300922446
53241.64695338283
40324.083375703834
40723.31718047368
48673.888231279285
40568.86009679886
49819.50045856963
40032.10203068571
39976.2360940943
40701.90450103129
53223.73329600782
41256.120347683915
52486.59123450021
41380.89354627128
41744.64662845465
50264.904812025634
39849.93396755467
47020.344227568814
40258.81708122995
40365.795284759544
42975.404145799475
51638.687164655945
40136.553270063596
40167.86351577447
47342.03314682579
41444.22536996924
40770.62780677228
40562.31480880427
39495.76307512562
41525.86017212747
45582.1639389061
40108.90273223259
46409.687905781706
46952.50147502
40231.658237914606
45361.822287125724
40624.71593333802
46147.59706704659
48683.78677082718
53042.99761936624
49529.75575601609
39479.90685730028
41620.96821946472
46394.88342364898
51366.11720055045
52420.100477453874
40497.44263329271
51768.973210046
50627.53042780825
40157.47310342848
40294.32577746028
50470.43793941426
40903.751729698255
40191.89134376497
40821.28336541115
40451.0877479698
40426.485586098366
53286.087276105165
40033.959284008604
41516.89428416828
46860.03305389353
42533.71798686155
41670.18971204738
41012.84688882426
52846.24026774494
49625.000578727806
41291.32908575681
39877.75703992664
52013.85628056912
40842.11615734225
39715.72328008143
40942.063977380145
41591.72756254857
50594.64426029409
48839.039450345364
40427.40341483497
40084.40904100293
40759.17511749498
44943.89440972768
40559.73147305115
39495.43325795216
40010.571521139806
40630.451367028574
46901.23612003672
51159.755367316204
48755.013897082696
44248.79605090296
40329.39234270201
40235.48090393907
44026.73539609488
40906.15591146155
42503.73204596025
40409.04659690951
39685.12587488527
49311.678443281475
42593.54682864808
40074.68207471897
40263.576944693246
40942.23299511204
40938.260680518186
40331.283485831664
40001.04428067379
42169.151706149285
40570.22429398128
41259.42633203766
47791.59090398039
51510.5866894513
48476.71406685141
51904.52536244018
40954.3994359454
44502.13390936342
40138.177037251575
42010.944750930714
41547.99234278003
40197.62871290624
43307.92737299437
49208.093862668364
40877.4853471132
49418.99947983461
40273.04230882081
53000.58707718328
51659.316769979785
40959.767215779706
41212.33062180429
39788.373553771205
40774.06652353867
40799.04519358298
41351.510574879794
42080.60683525495
40969.55500494515
46418.26427996461
41320.56110068682
45264.49053497737
42151.54125030043
45288.734393607934
41044.5604543122
41353.65545796189
46614.14349695092
40703.10107222498
40051.1206305139
41471.08286212731
41376.98373157128
44168.9781396499
40121.60510995186
40354.82171869177
42834.08646375829
40638.3943843656
40071.70138474224
52083.12734983106
50432.537944625445
40608.697930837116
40601.791060251264
39962.868290692866
44233.737013470236
47684.56027927514
40412.394584122434
39519.7462694357
52784.21773160078
50894.007927713625
40282.654627375814
50319.15991694927
40160.661107744665
39666.37074778947
40596.01021567514
50391.44881778578
51322.31510290752
40291.61206497952
51689.156743667874
41071.58654517015
41647.57466486107
40691.3290376134
40777.64148908197
41068.76201406607
48387.461436346915
41893.76662527028
51363.03963447645
40934.84773863186
41646.39369540851
43364.97060673237
52378.346574350144
40966.55368258778
41581.33751384429
41692.58101549837
41607.30043424779
52220.45161049794
40328.01460583094
40328.13640524679
40378.38721418655
40586.87212617141
52279.88622938737
45339.81150396352
42077.64865142201
46904.16430010588
52684.04989676924
40046.397422913156
40799.215445560985
42297.09274058916
43597.73648504852
44931.75428388866
40919.12874167229
48296.19305840039
47741.36772596539
48170.446719182226
39979.75275066501
40399.09938755907
47168.18327185608
41323.34386147205
48176.71218020201
48024.3233098948
40007.47125419888
40094.43882944944
39995.518677319706
42835.26428401427
51516.03608463506
40704.288250324906
40806.76403755408
40691.300376187544
40289.10263509875
45044.68154580891
39432.29687675335
50791.999839810174
40559.43028265352
41032.877850355
40658.817911389735
40844.50411462982
40969.77779249926
41986.67621137916
48125.3902732239
44981.738057524046
40304.683303769474
40214.34589048087
48929.5024936276
40067.86843169014
50525.24256263346
40953.49039437105
40275.42507571284
41749.099509367465
40389.196874670706
41160.05917900611
48336.03368950471
41094.446593972345
44834.18496192738
43458.39078065106
40362.105862328164
40877.51471930425
40961.262469383546
47686.55783077445
40491.70871419703
45903.018429736236
41075.7146340332
49788.096914459704
40770.29536148878
50975.533830393026
40365.66746635734
41002.8169824303
42098.75639985973
40138.26707773324
40721.88274260482
39379.360992081936
42136.350565817294
40196.19571807899
39827.467827157816
52472.711969331824
41814.237020390356
50873.68647875557
39905.36494774602
51893.33847513402
50550.41081090251
40331.574460550655
40710.09470008585
47913.13248206556
40659.9620456431
39957.02766919135
49435.21388666906
40313.50254571237
40572.43442299567
40481.33186987588
48304.96211121032
40560.28059988771
45530.81245708856
45041.61750479979
49639.34374730407
49816.97016601211
40230.68783213578
40364.28072417609
50053.478529460306
42018.05368413836
40297.30272587668
44126.84280386458
40571.499929787526
40114.9199687487
40824.47666091994
46337.34270999297
45283.80034862834
46355.99726822095
39958.35671935349
40977.17710670082
41035.92980524339
53323.92546933095
40480.84383979628
41456.267564904716
41453.86575504358
40261.614726537286
52989.45099343119
39659.38214489052
40234.15783483663
40771.108825757045
40158.8593353001
40575.053999895055
40632.19745236219
47414.51219112471
47241.920731870705
40533.73996939869
39827.65272428125
39814.317819478034
40756.35335866427
40405.033696687446
40223.49680961997
41789.63812591692
41558.98775794769
40212.4464954284
51487.21863310538
40105.27033375137
40579.65496334813
51335.34525909518
40117.77401342268
41106.79313720792
52679.31057737218
40228.17230286011
48163.99155821836
40235.82649641232
40470.55583128
49026.7042846742
39944.34393861946
41893.12650343757
53028.772372571606
41694.026190513825
average revenue:43672.996576665384
possibility:0.14