44078.3570658945
39733.753927190504
40106.89679490712
42556.59951210737
39440.25095677337
40054.153212602054
44981.44512535331
39840.76178195658
39723.09255377283
40772.625668158464
39590.67367664824
48239.74805332109
39972.198202366526
39886.2913818242
44570.44803041104
46637.80642373118
39446.6820042903
39986.11658816463
39627.99748019525
44462.44948628774
45822.12939787257
40316.195645306725
39382.0274794867
39659.75461607698
43847.87987236587
39356.41253862077
39865.23496193227
39479.25985430449
41100.47073139911
45550.26154692109
42570.685883138925
39640.31946566829
41183.01677559506
46888.194135113146
39536.43690155782
43550.95665762039
45982.255748707124
39460.718503223936
40060.20857830805
45768.78352466128
39925.94357589036
42312.320577374354
40160.06334638132
39698.465414006314
48392.344638501854
40448.99807133757
48151.243433881915
40513.52540666836
39849.94408963567
39479.3433850276
39604.15388297971
39985.210410656364
48261.9643673662
44692.58365271419
43343.64324854418
40135.57502671493
45620.69154681662
39912.03736890526
39637.87811786332
39988.12826637307
40155.39981453504
39621.97958052439
40542.386738286776
40002.61367934147
48129.95405730046
39700.01315086697
40142.45591414238
40322.09223827787
39459.15782143128
48198.84399362688
40028.7240873602
39648.08168839988
39764.538161552686
39800.83234045367
39717.804539180426
39918.53112175768
48196.20791446094
39639.722136947385
39550.704143771
48281.82972721732
39141.570016723184
46393.695768358775
40216.510738254576
39890.3076255543
44769.9200682741
39538.1716330071
40470.503267372376
39729.79556592384
45896.24785853921
48205.27564046995
40145.15684485775
39973.86454308091
39808.04558641357
39476.70741558302
40236.24967463952
43534.05740051189
39544.05381024038
39741.25607595232
39456.32888795296
39677.218083924075
40292.36643184288
39614.91787733554
40379.182837901404
40352.21135988085
40074.278104707046
44571.04490870605
48106.744836211175
48124.41200286301
44319.873850024764
39263.79180668206
39582.13894593736
39331.11457225993
39754.63759365629
39604.37162355758
46923.5707436875
44299.43322335818
39694.78799527766
44888.52159359495
40483.773755354756
39440.91910836988
40547.321147344504
43891.77101079808
39610.35575389509
40065.13029479288
43335.73519060518
45243.96757157343
39967.14116119612
39476.256649332274
39770.42661950049
39877.47186394996
43762.712411329994
40530.25445464409
39859.80700686226
39985.27026181771
40566.304208528425
39698.01462744167
40001.21719489442
39647.27248964367
42160.12577454412
39938.24010283246
42089.94312271981
39550.737379483566
47234.223441646085
39750.43515915083
39474.04743066245
44528.70344112459
40973.71974092614
40394.16107185838
40248.6062981082
40246.76772619796
48291.96392124926
47636.59861271142
39811.64847976117
40144.67701658813
45867.80859117689
40711.30513640743
39425.37781053853
39703.15411248735
43711.086421789885
41003.32440299882
47108.20653280831
40511.11012891532
40124.14937831455
42150.50937692243
39844.31838624756
39595.33725353719
39995.97865557647
39903.990044073726
39971.81609092733
40192.690490373
41369.08852774311
45962.144006028
39975.084117498074
46651.356678226315
43256.86660447418
39687.98694070582
39751.13803318299
39714.56096406672
39565.976062956346
43019.81388418257
40148.69604338709
39463.03983401289
42552.38367681545
40237.2377755254
40917.239736244366
46332.06721236302
39396.162369645106
42497.23071385815
46795.839186168574
39372.92805111586
47546.07637171721
40109.60246901796
42548.18562274211
39942.20217649704
40556.96724051292
40105.69123658272
45570.922122651915
39693.71192009747
45833.7168752553
46087.87794294434
40468.26299297372
40088.397029728876
48579.52535234078
43494.54925010084
45392.84574043096
48118.59627295531
47378.111901504315
39322.42867768097
48345.0525924589
40980.45420477181
39649.617454071325
40767.499937701585
40144.48140986123
39770.15119552756
46184.67450399987
40364.17425919068
45447.396805465454
44628.93296778807
40099.98118156772
40837.41408623602
47881.91862138566
39478.018790664355
46771.31723530269
39772.56281742176
44590.58808652853
39846.329084999
39744.308605732745
40282.84830969012
40346.671337762404
43153.244989930565
45726.922854668555
48029.53254370752
39800.882130595724
40486.922297784586
39552.83283153421
39584.40686908246
39876.28186059133
39225.4071535057
40603.4615725244
39960.70384564736
39976.915533634645
41318.082522546305
43018.425236368814
39322.530046192755
39772.85947079249
40220.85014115428
43016.32127370566
41777.53507243628
40114.71934767855
40332.559924814785
43647.3467671077
39676.70950898548
39395.61468378885
41577.20839380676
44205.79068990475
40699.08979139429
43596.971335795184
42198.23873368551
48219.183429790486
42850.69732718106
44644.88397186627
39837.781874154236
42309.81050856694
40247.20485272396
39475.339581738335
46403.431219411505
40049.660488832065
39308.9898915174
39738.60731936144
40196.719028832944
40259.24503463788
39490.03876684842
39528.01120373713
40307.30060192424
48305.57569624383
40658.92819720398
39955.24370470975
39688.18749149185
39604.54951686254
47672.65273732356
40030.92529894744
39476.8976066025
47205.80391897556
44380.095870423815
40149.46307328867
43651.32290751908
48312.09895938748
39519.511802925605
40192.6850325391
39697.48181238787
40966.756742707264
39485.049323327235
39740.03475806447
40213.442417608836
40080.50057547081
46192.477190526304
47466.26767122449
40675.867235398
39672.817624193216
40036.06947503792
40516.98159117373
39964.97969728032
42771.38938027264
47376.52474984519
40897.811632177974
39868.12158715432
40028.00981411019
39682.73666571481
39920.547032636816
40785.39330688612
39408.8926236566
40369.37016936777
39336.02579451426
39742.93627363074
39474.944178706406
41257.99018099999
43223.429067995174
41270.0584582577
40158.76819309244
46652.35950646316
39411.46159046766
45867.47540385297
46807.798195157564
39578.14493449382
43574.49679728371
40198.126579103744
39593.92896509873
40776.47924520976
41296.75510088211
39660.87550137483
39481.782448725455
45317.0580813911
45179.068385869046
40188.9715310662
46022.94882594067
39464.14454499959
39477.69413746702
39881.8508029895
39917.4311953109
40493.81525445089
39182.52846063921
43122.8315917116
46235.88434464968
41042.23437629174
39913.15918521404
39260.97049032996
41013.99161872059
40262.32132873327
45058.16468077679
40633.216311757555
39722.52699931834
40846.91715291381
40484.63124025862
40151.30514957115
39718.179914873224
40390.81145702607
40452.77160506118
40050.77476604307
42934.61184980632
44511.225898235745
40079.773097723344
40100.25939910038
44359.560400417606
40164.15427424092
39622.702077096415
40880.42522578638
40371.17176862902
46814.202165792805
47341.68207788033
39835.6285249423
44276.81498999056
40033.87976194302
39905.96828891208
39865.807644522916
39734.596491751145
39943.74334074883
40022.30932261894
39990.4004388149
44130.25658048391
40091.54032966209
43766.243211719346
39496.19008545449
43382.72950437763
39826.91881078694
40186.232661107344
40805.18539783657
46259.36775189786
44249.59793450478
44924.467547832566
40339.82254302034
39588.74725057536
40241.55209203866
39975.91676950667
39948.787219389465
40545.148349276504
39776.62842567662
39455.31456148409
39739.162432284065
39853.729364256906
42579.73841854872
41543.00500738446
40075.02209320693
39904.47988733141
39749.73006228249
40373.11747355132
39860.78675839035
39754.24169472902
42792.01730881267
39659.594825623026
46730.500925685235
40165.7057370614
43620.12866424016
43837.471879969286
39588.998894068274
39694.44506235989
40186.12884151239
39825.50771956499
40557.04646991951
39778.218294393155
39413.93735512907
39480.4751486497
41604.113251439194
46103.36279235572
40676.66562719134
39224.083855018485
41935.05973298121
48491.67807382743
45112.4036034919
44745.0455723565
40154.05527245274
39420.4313574918
40601.756269113954
39690.58796534659
39654.20819708684
47509.61564585868
48271.27553902158
40576.356176407
39944.254402445076
43873.16424366624
47222.21712591424
40059.240476538995
39282.31439624086
40497.63326791007
40791.33031300526
40005.23319400541
39713.58462655111
40453.50219788691
39782.6841648192
43376.858835535975
41884.731668367705
39911.173925925534
39957.68488754918
39868.41507737637
40342.81943124256
41585.55295149325
40523.1371030597
39258.72364361493
45855.433696971704
48038.044121104205
41978.88584432584
48129.3040580295
39960.468081150524
39524.183888670836
46194.42702910871
47645.93150899895
40337.95325031968
40491.853673011654
45182.04205503074
40157.664238256286
40752.262914978804
39564.32142548331
41063.810500603235
40217.91954297099
48163.45913763104
40130.90587756313
43225.81651488229
47623.55876038527
39888.287651142244
39272.274940228126
40136.91641176054
39516.85999392716
39463.31653308852
39797.7949608081
40628.25506480232
40424.958516468905
46742.39538079194
39843.25294887673
40076.53128051148
39507.50604257754
39343.42232021763
40353.21795407563
40776.07326703735
40380.42602888169
40023.84308923722
39825.09495003653
40659.6711784099
44960.38674231758
39845.91435727927
40915.96330341362
39911.88463620118
45334.8504012124
39433.45750457414
40660.4117787372
43459.04451793126
47736.87756083857
39762.581488559525
40173.857102092654
47354.91471859722
48421.30822939193
39596.963913851236
48168.2239093748
39939.579241431726
40495.57095093263
40945.15922747386
40147.15373592914
43872.84235740743
44792.26202564001
40563.059008581346
40240.5280552119
40601.223885185704
39939.67152342556
39429.81579598656
39835.09801547405
39540.64578609674
39619.23379586374
40055.560473424965
40320.858533340375
39737.40112725436
39470.03279071546
44321.053136882154
39550.5274523258
39623.06419875484
39945.47471689308
39927.62096763609
39928.641536549934
42272.37942062548
44790.31302977786
39825.00154620693
44249.261723454416
48046.9540916975
41704.97169978719
40393.96231649211
42280.734289452026
44904.643203555934
41035.85387785633
40478.56423620946
40217.41241283298
44607.380978897134
39637.515449477374
47250.225068848464
41351.02067009524
39575.020000635144
40084.69604567535
40378.4667466115
40087.0064392126
44133.24856138404
39890.914470283366
39292.21359306144
41165.85632952168
39235.972054616934
42824.081416636815
40028.51999495266
40414.80902221277
40053.101454577954
39196.94444102941
39633.77720506461
46068.21256426363
39608.76498288759
43452.46828446908
40201.17947160163
40703.69345023452
40393.298894969295
39944.979429121
46420.60015409456
39909.52678641289
40852.26551987554
39309.664981131675
40021.804366063625
44154.03575572995
40692.13944801472
40646.832256220245
40316.91176368935
41153.896036254155
44645.83674767526
43307.1490745092
39958.45380292792
43229.80067880954
46923.049935892705
39285.99838802659
46395.5959189092
44986.234286864616
42342.28373979486
39513.194902899435
39847.05131548614
40456.41285234337
41739.247389102085
39925.793437298744
39775.63202450636
40032.95937227743
40539.20255648141
47694.48700093611
40167.69666188572
45867.543742388116
40603.907803171
39590.76509510703
40498.06740137894
39342.90876396449
39196.98071370063
39693.4891213012
43866.55420873592
45982.66114504336
39788.388742070376
39780.973542189146
41732.50174693222
45502.57276613535
39930.20274209426
39760.831813531724
48237.907631813185
43137.092820338934
39857.81544774572
40235.018750769756
42899.509179535686
40086.01312167409
39340.077842919585
40019.58767619461
47099.351006233184
41017.081847349255
46957.55954627703
39899.77344897687
47483.802247663734
41865.065293041065
41985.29795467878
39438.86246414927
40040.89465073454
39745.74497863476
39783.76508477475
39916.4682484453
42937.728534403446
45281.07327378802
39585.17123302307
39670.5059044057
45249.64220211815
40223.912595054346
39363.06806616826
41832.640501990216
48644.76585193573
44702.80321899525
40266.03062529888
39525.44849824765
45376.117000606144
39872.552448421244
40132.28040380268
42685.9027674797
45949.15732352613
39467.713987438736
40339.29969438022
40042.04721273848
40197.548898151006
40506.19098738088
40266.454373591085
39784.460650864654
40749.01563380648
40782.39038348368
39549.20665956617
43332.49777355082
47211.73082019924
40820.74430715448
40803.24177569326
44501.36999965322
40629.758791224485
39970.48501301783
39861.955658288265
43073.69769864185
40378.93061734854
41572.79323619883
42405.13448452239
48538.434424133935
40449.39209115881
39709.520546612235
44579.84048789939
39737.41372220052
39879.42496130618
40153.28555688735
40233.72693483294
39718.70311788848
42379.50271670384
40554.49716611414
39536.9164414542
47744.58991065525
43884.422445962875
39823.99398493062
39583.24349293282
39179.52992226792
42989.893618712995
47915.10061526108
40774.687145113276
40356.91658752809
39865.469822725805
39971.207511898916
40317.81745774699
40392.33141388754
43862.84390927615
43878.11220448202
47533.70313839999
44007.643939371344
39995.734631491214
39934.566746017816
41885.82684968499
40572.00795674972
45975.30732547555
39775.498716135975
39379.70709482276
40311.516745524095
48367.563911202924
47886.55884998596
40351.59295118917
39531.48666672077
40096.446390156554
48306.334704782224
39953.51083451231
40806.02882347174
40685.40782906273
40202.07531746275
39735.54057837671
43703.12593971541
46697.76607649579
45561.04190254126
43023.403942915946
39477.88962772764
41837.8837202706
40288.04602185374
48268.58442031025
43272.416487009476
44398.704804701694
41778.57539005563
40216.54798286279
40376.011456360866
46718.525592814396
40627.01213020726
40207.74042451153
39259.78215216654
39901.49994484842
40330.12633644998
47891.55518419704
40130.25664564398
44724.18169553481
40111.97324242181
43575.589206339566
41568.82465946522
45755.00972836569
46236.7869571439
43965.60407083046
47115.2883789618
39826.338356348926
46624.267612149335
39499.159412684916
42263.648998365614
39955.24991526338
44419.33179391514
40071.75872598894
46062.46324250373
39145.5540340351
39832.50828735333
40692.780213733095
43698.07410065648
40209.50971964965
40672.38436684555
44780.533962899775
39779.780741290735
44093.053468185884
41475.049652750386
39859.37493674982
39922.345734584494
40133.023066621594
40681.82885666932
40221.176070390036
39973.21050463003
40028.75823404226
39788.091067203204
41774.18851435377
40259.80445900878
48458.14446128032
40478.05099702121
40511.553083558974
40251.400869292964
39893.27413954081
44705.16791181849
40257.773289037395
44214.43011499254
46888.6450336737
43357.20080013693
46431.372479790014
39909.27013821026
40049.641395473904
39539.808002615246
39891.00074911931
42094.31480529936
40274.195552813835
39642.74160897801
39734.757957875154
39805.54138461136
39966.600452161365
41177.03038921644
39962.37679801901
39648.194605780496
39724.718484538054
45611.7354062612
41867.33115883762
39798.09701169754
39775.12141914825
39771.90047063964
40441.26116645238
39792.01850653026
39883.04215485718
47864.50527451466
40279.810874103045
40140.453307455195
40391.94212979843
40306.0048031
39504.292190177075
40336.74963416978
39849.230051507424
39972.361248671856
40102.9725430717
47587.20755504049
42019.77842766652
40033.45048176292
39421.3351195358
44809.39445317734
41375.38723514498
40048.42810924401
40108.85649091429
39914.65277522602
48515.69660229398
47102.52439292371
39915.580742081715
41009.13168117225
46257.01399097391
39741.27903748122
40490.440812349494
39348.55844614382
43356.31715079645
42635.823131185665
39790.446437832645
39483.64156744732
39563.24467978577
40077.922509798394
40456.45716742739
39282.05909720436
39694.53377910463
39600.41690900453
44999.25330658608
45643.34865568232
40029.069701602806
44822.503491804906
39863.81033721879
39701.127973005685
39677.11283773169
47149.492742113725
39994.576560134665
39968.294203692225
48191.64430752063
46902.58762971302
39911.05279831699
40280.703738646545
44323.10475319267
39667.56446117163
39515.356234574865
41827.87505269941
40431.89824639195
39493.03415831396
47823.92757722807
46621.78669857576
39799.98969440346
44080.34184465115
47809.16143901476
40404.778415895424
39509.45250304919
42159.03147230286
40389.22464690207
44576.69416115142
40391.305658081124
41639.175016344074
41829.58507750256
39695.15371071242
39851.239867728946
40208.565021226306
43617.08951611257
41700.812674143606
39833.80482094548
39514.347117320176
40405.619732244864
40760.31368216033
39612.424750112936
40065.08903686084
39626.47824037955
40029.8793333591
40958.59830937921
39836.133446084714
47610.9863521839
41101.96334922028
40329.20014687914
40104.99226041739
39857.96249814859
39945.230096590734
40584.122404764676
45524.95150389676
39998.75498716299
40616.64609157403
39405.24483876055
39384.37284035057
41000.80848698944
45373.49323662413
40722.84103728666
46176.3592713338
39312.51127280947
45699.86129293248
43421.6464495384
48122.42153851781
39988.52720308172
40084.737406969245
39474.33156561535
39483.583463903466
46815.07216231528
41387.53863887661
39866.84153733446
39406.201587429496
39896.55605981179
42721.41097765029
43638.45144390427
39832.565239507225
46111.71178417058
39884.50544238023
44484.88943558257
40545.76559529241
40231.54297736867
39211.51775913003
40027.092641621566
42455.31752377407
40051.29615714518
39431.856785410215
39990.582460573976
39857.759135480526
41200.97142310962
39577.82022698948
40048.76525031726
39944.36369221494
39612.75377960362
47190.15329701463
39686.09727346749
42965.022244908854
39968.10541501929
39882.65002683852
40958.51287578871
39299.7836909764
39528.14017372082
39643.91105486311
39767.29822747699
40388.880536575976
41062.717813727635
39717.60477857089
43977.345611121666
40016.82417914284
39933.25787741275
40357.443827231655
40607.95703790151
40253.50917035925
40702.44785383563
40308.95361529786
45641.06845791555
40598.80445168342
47876.338058930305
40550.27590259488
44079.309384149296
40098.905624167055
39598.52953548466
39884.74981561007
42544.968984416584
46979.863334136484
39529.31503226487
40052.159804856834
40034.608130834495
46942.30256625357
39568.04256053188
42212.15690829465
47879.337587225644
40167.078995016214
40333.68952924471
39959.57094059546
46478.55783035282
39618.55369470935
40264.45632519406
40743.8848790838
41353.82655849373
45885.5749272147
41152.53856679725
39689.72708641605
40182.66879075939
41012.98500000327
43204.21372961064
average revenue:41661.20212857896
possibility:0.117