48632.42351174978
39899.735050799725
41956.383581213646
39723.08288850366
50387.06498456529
39531.76104396751
40250.967768201794
40408.93805593442
41590.71107605768
40744.42227688348
40753.88664797797
49296.043294091185
40697.89037825318
40697.29612866784
43774.76461484644
48483.09948042726
40761.9212259834
40287.57117554393
39873.533954617254
41396.24755712616
40563.43235241923
40405.57101806814
40070.50829137453
39975.17865386998
40577.39680585245
50965.872376906234
40809.7275636736
43430.07834051296
39502.37331036123
40593.84177848697
40079.73500541275
42295.51838737217
39608.70837893645
40561.45923048008
39996.358518782305
40229.03598634047
40367.16281027012
45126.78452095461
41803.75219665768
39615.919525545425
46437.873778835215
47086.39347451038
40550.831902194404
46399.6076799038
45143.65609043824
45098.73656842418
40098.599063500216
39820.755792335745
42528.19608743552
39837.558799736646
39817.69816235557
39834.179892104825
40567.367862415056
46608.66983058454
49420.36000171442
48614.083275636774
40113.783214465024
50503.868237471266
44000.72826242862
46672.05684473104
49839.02383973831
40652.05296439076
40204.85699649569
47309.27705998432
40161.07636210027
41349.214971490226
40205.014987024835
39736.05370423788
47743.344387753896
50009.31977426129
46079.16194000107
44647.011837644146
49725.13246651352
40076.0584968409
47806.52507220858
46990.34986320639
41848.64047515223
48030.92136251637
40825.14574631535
47983.892142249824
41557.88607324972
40453.350182816386
40444.80363319643
39795.149639236966
49509.63047352593
44790.26209530406
39868.755279976525
41465.44705902817
39573.843919794
41171.38732900546
41089.09765039618
46101.294272991116
39818.11739858519
43227.058916497714
45105.6523076589
40366.2104782137
39672.92888640107
40564.53490999473
40759.4327692419
40298.361097541754
40500.47747495461
41181.86196163158
40181.06245350304
48689.422392190376
45639.39010911675
40335.773418609
40486.07112453125
39771.75947141364
39862.7794895747
43305.614111138886
40478.7019740422
40613.65182830509
51622.79445214058
40599.141725597336
41099.97288258404
39691.99989181568
40157.57718613996
47805.31160148721
48740.09589719071
40731.54763554994
40275.71874537069
41940.22818498893
40739.91502828362
40153.082247866405
40224.982116739804
47428.80991625712
40566.93777070443
40075.739954823584
40356.89789914301
39945.98542492334
41303.27961080433
40809.54507695158
39890.57057013724
39974.00981320033
40043.78593260359
47146.00178635197
42572.54729532624
50633.90901429225
49408.71923905445
40920.389623683775
48154.43514398945
44503.275855999396
39345.48975923093
39945.09659799148
40867.48127476664
48065.6539162921
41789.79860695617
40378.41951481428
40343.20983226649
44276.6617403634
51214.49237788999
48758.08739359344
39650.06556036271
39980.2699608123
39983.2193152716
41408.186389914714
40763.02629842521
47679.22069248118
40428.01926968474
40086.22509584204
48514.92207826524
40423.72707035461
39781.432795756686
40609.22958383085
40851.34629367221
49793.24342513129
44823.251010430555
40630.44508758252
43883.26140702103
40116.1846051408
41003.30218077763
49060.19301139028
40248.141231383124
39250.637928092656
50168.07889943209
39818.90767829015
41534.8251552617
40763.42282078378
50861.563865716766
48899.68232879874
42100.17864712513
39899.13711564525
43173.81607347291
41034.30390481552
40151.29368050416
41051.113326420986
40936.76196126074
42860.80094028427
43992.46187455677
50751.39854488128
43029.52314112212
40859.34741734586
39912.036339561535
45582.40551010151
46075.218462541976
45582.54952677961
43528.350069139866
40151.341338805745
46571.32562989279
41272.43572883695
44483.99463590873
45827.61937736572
45007.21284300051
39604.79046733447
44826.25316109359
40319.58994326743
39818.528830990654
40012.22575944205
49865.02455878395
40101.60249747479
41147.78118450426
39718.85278702886
42705.5644401131
40173.8239768402
50823.199790954655
40396.140507724514
39824.83715244445
40680.78656817649
48680.636424341
40065.96059540907
41323.320102702564
41665.275828813355
49096.54929187242
40400.4750795547
51259.720601374596
48456.194110074524
40024.31816210489
39719.642301837055
39973.90141398951
40123.8674392273
47713.09799559767
51634.27403625057
45034.54176558967
41496.832818771436
40190.48820035114
39553.80522826634
42319.92381312592
47271.825100899136
40283.36192500426
49096.85256879226
39940.63669905709
51175.599553394095
39455.73983665906
41550.060006666994
49175.05506936123
40506.59462665651
40618.407804703216
40178.026279378544
39723.849873840954
40639.13577514987
40186.369602318366
40429.374417184496
40147.33186395164
49219.390541761844
40020.076317503
40661.16309416508
51435.99089322558
49991.01695496747
41740.01024797096
43200.18368316779
41110.522062552016
43071.44811501577
40014.6217138131
40116.62053346655
42330.695022555934
49776.67335148802
50058.87505428923
40792.750499985996
40083.51197954504
40578.18595435399
44284.20882060895
41993.134365034006
40423.114273529194
40282.996502082635
40324.61839271727
41172.60722512451
49637.012199036835
44966.261219141605
40639.874671724945
49088.436226557504
40940.20879611214
41094.44147303241
40209.74944018099
39748.81259558191
51423.24153178531
51061.80188226994
40063.872870276835
39122.099334211045
40198.19377455976
45915.77112279982
41683.89159869592
40041.72576375344
41371.680825547875
39709.55225098214
40001.7466861259
40024.08793934213
40972.9034926142
45399.664581437035
39966.281582365664
47360.77006734653
51855.24582277194
43734.23928319878
42287.77953154288
47472.913038215585
41121.93947770869
41208.85951289991
49606.60194740251
39912.596354181354
47450.71983398914
40734.907925653264
41018.690853546286
39862.101300135866
46246.20571713378
39926.39887223489
49053.25097309758
40357.541348960964
40876.54153643267
51536.747179545964
51061.80527035004
41340.407253635996
40259.74821216749
40823.73940850624
42046.54851690368
51271.36888616825
39882.993711554256
40226.303783001735
40560.26641117233
40535.97736349693
40886.64386554659
48856.44201595205
40001.91022305922
41142.87439696239
40094.36754553723
49127.92807085312
40137.33647998743
41739.78123057079
41768.96735786835
41270.77698908391
41377.85559234837
49896.5771663699
41862.1849318288
40514.987908182215
39551.12558993754
39557.33042326393
49424.901649640895
50281.779245487836
43557.737541624
40462.561985338034
40348.39532053602
39677.75795572063
40736.74219353059
51557.13844718495
46123.215057614994
51498.46600305576
47469.53861684883
41520.00014976111
40657.833533770674
40867.51079309605
40870.89947363752
50849.37982958205
40636.31224037319
48148.60226343606
51219.15556448298
40624.439076096285
45647.466435753355
39946.369904382314
40131.2930253893
41003.74185177249
41109.11727865157
39994.58728301322
40188.65767241354
40146.51920265683
40127.58057764737
43846.75484285173
40676.63820281713
40458.89080716748
46334.447634614546
40633.56710558719
50513.667550205515
39843.883961083826
39670.26287054603
45062.26911443729
51184.67784686983
40438.95703433074
47706.40469089244
39846.18527974146
43573.63644224322
49767.636290560775
40624.87758435634
40450.15839471231
49810.28777575253
40957.34024296911
40085.09441171552
40005.649281460384
42294.54335081291
39868.76856545987
41773.90260766575
40399.0923701242
40545.88012081379
44630.29432870393
40559.520765684705
40309.31491567268
41040.350156159155
40282.24768183417
39244.71956074914
40256.19205021684
47192.453457434676
39880.37313013114
40411.21246423923
40245.94658841237
40264.39925957297
46987.60619479422
42440.50760393533
40783.08173459568
47109.132919463766
41532.14641621595
40326.25742114485
40614.9707213857
40635.56635270435
40540.55693649695
40195.178416741204
45407.11286887508
40540.97294915814
41310.19006196584
39949.95369682813
40513.63663984383
42736.42586201718
49862.23424575071
39835.687059816824
39905.24589376149
45985.166873584516
45725.20599297954
40253.90315304662
40507.28825572658
40004.6086730692
39926.62984526217
39930.0515858573
41417.39515149126
43978.770517908546
43053.86724401743
40132.74727550801
49240.50017580449
45943.66419340793
40120.11232224174
41600.20797565524
40686.321974527236
39843.43880539471
40761.507264827815
40074.43189365636
41678.27771603022
40562.08858162112
43049.572305902664
40122.57064169365
40603.783138905615
40594.98465475023
49678.22450916805
42717.97820457714
40075.7031381536
47765.8204627809
40521.60267399723
49717.55437654028
41187.73750703921
39978.66736486478
41672.04489261918
44878.83079011153
41534.95441279381
40337.044685335466
47757.95606109402
40086.014545944774
40887.62997266092
46296.79279476217
48803.702706119744
40846.01198469421
49573.31932457841
40246.75352915652
39903.50037063714
40657.303113831775
39987.819219075805
40287.280298603924
49123.07661890624
45091.85466252294
39784.56849276373
40661.53467856637
48486.5826280976
40042.51282581511
51313.06116011003
39523.64540504845
40789.52523309038
39843.795766149015
44684.508134992866
40136.57141931099
40474.491070410266
39967.74834986901
39164.61467365169
40047.23148719725
40574.23523510562
45906.647155891565
41668.40829547074
39696.746094505135
46527.17210920799
45480.83530675715
40420.37049368494
40642.11148014712
40229.15544067723
39954.27028558878
40307.784088978304
39867.20843168674
40899.4117119381
49030.56637994842
39944.98580595295
46140.5622160068
45374.27377796378
40077.40357334882
47112.38897416045
40562.71198097159
40527.23464222252
40149.03584168701
42048.66773468075
49882.91622508047
41242.46160604381
39772.52937365087
46071.25626983716
40573.59732417149
40947.16391408788
40980.178326312845
40644.55968135069
48279.669101266736
40394.251476856545
50490.75659699661
39813.76504126203
42007.04749654859
39568.24793396356
40214.8002074932
46184.780647455555
40374.87019841147
41581.26730386221
43063.8648805036
39737.14201368532
39875.086197380355
51934.468582088106
49173.951737421456
40217.61177561156
40839.88204554299
40580.3932310811
40451.83085555024
43478.59382233362
39664.687876778626
40475.23310194933
40415.3039809259
46446.75010290705
40310.919084158406
41403.069861870754
42951.21281335265
41856.16132526725
40758.92157674983
40015.12369919058
40600.41990409069
41120.40578181457
40449.68575289674
42403.84527147877
45580.28641982676
40670.63441756959
45143.99364277048
41891.54400208916
43148.09341198077
40933.405222400645
43459.6037948001
41270.59396986408
40728.78805308658
40662.95627655072
42512.692515145
45596.83361362557
51647.255158172906
40140.704506108465
49531.72514628205
39941.4269642435
42094.760036149295
48110.341694554474
50712.707803170466
40331.83213414851
39869.78214302581
40449.64514860898
40601.72277276965
40004.25932297723
41039.78115884418
48017.996887011504
40800.28108501513
44271.79245125448
49920.48527344839
39343.83630563712
40283.498634745556
40205.81381492778
42101.7087042067
40316.76507811664
39710.84039731236
47384.98508766663
45997.26585447421
40781.59062531453
44541.02811332303
39911.09736898454
45473.365029727196
40407.79015298875
47942.22440429797
39887.86228008083
46203.10059008877
40700.938978818456
40357.84577027517
41090.55953390052
39652.57338057372
47864.2413470604
48881.69522706261
44000.0482791637
42663.25165846127
44663.87055799109
40046.513745309276
44442.962712528046
39964.60336039414
41658.87100118679
40029.295819323444
40625.16015794028
42851.583238928404
50010.863830397146
40505.14751722355
40756.625249661556
43974.232297496594
40370.803687098036
39599.50841664598
46673.03961840088
49259.97177640065
40378.43341842968
40308.16109756389
39742.1804461632
41477.01746725749
40452.875026389986
40580.241503418954
51167.45555205167
40405.29978903674
46564.03171095235
45192.795359060205
44183.68539636396
39396.116715498014
49721.561513436274
40054.71796436122
40143.2033136654
40285.75226376725
45685.87732987366
39740.514067004835
48041.102279563675
51031.88542711146
40096.68140546483
40631.50908854225
48609.91797162176
40963.23506270963
48455.83726159021
39918.360407394546
40811.97379241789
45349.817435214914
39942.9250781675
43864.458861408275
40331.55678129802
39776.203290844984
39522.394391880545
50648.42609973189
39546.5903694702
39915.66038272604
40730.1313818601
40004.26942291733
41034.02889707529
40158.69853584695
50831.888969139814
39791.13528328814
40219.96235928008
42445.36707741056
51032.12265986188
39735.937005372725
39465.83783370189
40242.563412823954
50265.35175807888
40105.86381374276
45063.23729246681
40163.97649321927
50269.661889402654
44601.975472416685
40477.34318823015
39580.12183366024
42357.631574552775
44901.0608268089
40647.34481326211
39739.05071533656
39850.587081575664
39961.80492453203
39865.67415300573
40219.51578057999
40117.736952566695
46820.78422698713
40075.53002693334
47011.754654564145
41254.030020957194
47372.117150293714
39748.494858696
44148.86009848944
40611.93997690131
41592.917004390896
44094.69634309821
40199.256848889345
48524.17815329146
40575.10925292305
48572.437144090116
40107.498347860965
50270.76418367563
41081.383735220035
39950.136684244644
40481.29186582738
42369.61295375925
47411.597560026625
49383.160756958525
40205.25589336814
44521.1767288849
41362.65082109246
42390.912517575685
40471.290211047744
39970.06263225667
45666.42230914984
39850.99465761588
39840.21464761563
40699.08466022226
40511.04322488356
46107.4168515659
39994.05123502648
40231.03069786081
46672.225035614334
41303.52715832575
48417.009392562584
40827.429856027746
51525.60739923305
41175.65860631936
41327.74017470784
40373.897922239485
40977.01395475325
46329.9301519499
41099.5175010528
47688.69357213339
40976.05072915254
41989.576926320144
50861.65006591581
40230.42940341385
40888.283575901776
48441.04922112437
42961.143256776006
40493.489415550735
41385.57760861954
39868.921342167196
47137.46400007461
40055.79330258281
41619.329065365884
45681.69998708125
40012.181904007084
40811.549973050634
39333.63549026618
44972.60649732902
40213.577494653946
41186.55625543656
45622.00994606202
48636.51034768731
40557.847532554595
40407.46017511684
50783.64751777692
40061.82339616151
40407.57547609043
39643.5296617792
47402.31818207016
41941.095361148116
43122.80754533486
40181.325542508304
40412.65601686642
40579.315780085
46478.4183384871
47684.08538269292
43613.890345963504
40904.77388395194
45025.438603480135
47801.13758396504
40214.103409951524
42045.44953010089
41195.51686475471
40176.451077640435
39350.9465518515
50040.15505332387
40524.824108647204
48961.49959597337
40442.87488177807
46480.27001683987
49390.25083256245
45746.0598579516
47971.55130696685
40230.33242393216
44679.49056352042
39871.58123006289
40513.73036034377
43146.34910657438
50300.74709826039
40971.00776555968
40612.98998610106
47676.88429229399
40781.76950469617
40471.02420686447
45259.67571908957
39863.366078751744
49302.90474308007
46294.1246448811
40352.33737742083
40612.41262468356
40756.487406533335
40150.53433284986
50083.52957562335
40530.02766425453
40367.10262762195
45988.79802231739
48470.36876184849
47037.551222472954
48135.606636515
44585.76750404441
40493.12460994308
46044.842747838855
40000.83621105809
40028.20902442345
39906.12510314544
39968.981594666635
47107.33762912574
45859.14447548602
40840.62028133224
40580.518504125386
40722.11775601718
50026.233935205244
40045.18280919398
40529.278951182474
39894.4633862979
41604.95142496693
39713.66838956867
50350.83048539161
40212.580606682626
42701.45546983725
40678.79674608642
43518.44616204797
40080.75154667664
49517.02347527791
40400.58202378228
40054.19093911628
39970.086347540586
40270.10642066775
48458.67803191371
41028.613795081255
40838.09416565557
40020.39928977347
43246.23551983274
46078.47928963975
48069.30704184386
41142.153481769514
40092.11714701228
39892.24077557234
45182.6053770845
45012.98749732558
45527.27287937565
47831.64535514962
39565.15922877505
40505.63054367153
41139.25533395339
50713.714955708296
40071.13379153544
40218.55870440076
40191.25684592678
43214.23283503811
40895.72370543605
40555.99979567659
47039.89397847448
40644.43642618708
48114.26370080166
48967.86344370016
39885.763862062675
39815.77404490777
50347.17095977718
44741.40626537262
51664.776299306286
50477.306279482524
42042.38243124584
49191.10283859152
39906.79878650574
49344.69415746843
39821.48986126202
44748.942148653994
40727.606637597884
41066.10051936899
40721.90229844123
41361.92467587132
40855.76529274708
40325.831154946645
41050.669088342074
40334.06601319346
46481.02328201827
39814.708453609994
50640.98051830125
40168.7368638389
40870.19905734596
50838.96749681233
40100.61780220277
39998.045355368646
41328.31822863494
40078.69595037162
40258.4351635722
39834.17031941366
41987.9982121069
40358.08684609801
39887.928993234855
40306.118464276835
40336.96176147773
39974.879701661375
51407.33411812676
39337.40116353415
41645.49496889421
41094.30781133735
40525.992158703695
42287.59503916569
40574.976179350095
39916.2290648782
40230.964481954106
40504.28093368809
40790.81050378828
41899.14177333435
41748.7380166919
40291.530851245676
40129.5057700353
45289.75604620989
48630.30547966762
39733.45754291663
44088.67961457918
41001.70867554891
47180.09416119142
46615.09603188725
50349.32576094267
47411.584521130986
50308.55580868339
41302.51386031881
46004.01703281152
39762.9384025747
47106.24010537052
49203.15875507896
43746.918770470926
41005.46163652323
41110.84497031788
40457.46752796592
51596.12424894689
47433.504978240046
47073.938761108504
40401.01890573409
39502.46506608338
43752.60909517455
42742.4993942004
40681.57381393121
40537.20281504238
49892.27612048511
43463.111212805874
41686.86744082663
51507.46692179661
41235.92183947973
50434.666365246856
39635.378204401866
46044.47613512101
46612.113336465874
39823.238917084884
49904.81900871698
42348.59888037298
40172.01245333537
39971.2051963457
40339.47761204688
49117.304440569904
41111.682133164795
40007.29569134949
46770.505606204766
40532.50524318629
40266.577226310575
40885.96449018263
50491.77279057217
48755.606437954084
40208.29223241125
44002.76569025616
46215.376722410416
41369.8456727622
39628.069536803465
41146.53041974271
39536.96274834803
39835.1381241676
39616.479629188536
39929.31052670313
39892.27082198626
40800.898334110316
47347.4535590223
41573.22657790287
40259.385761268975
40439.94839369737
50825.114506754355
average revenue:42885.45494043974
possibility:0.118