38981.049692651075
41158.44352573965
39270.70864839427
38970.77945443345
39254.48617242089
39723.91236573127
39191.67253324469
38804.511184212824
38981.527498823554
38962.543760578665
39435.740777789244
38890.827971722385
39483.654444095686
39188.81681612373
41489.67846528857
39175.56460956361
40885.341543916045
39055.55644728373
39179.04985841615
39113.2893241512
39688.96875316136
39637.202604059145
39071.705109426795
39002.28233556396
39284.12168426738
40512.00567409145
39166.653575565346
39186.53865193927
39017.56262103768
39381.37894132591
41686.52043391738
39587.70881571901
38901.35310962888
39553.86361596529
40358.37050433726
39341.62674316514
39149.018969523204
39465.26147887301
39055.8463342442
39149.078977417776
39313.94726249182
39215.408957562744
39036.03146790637
39221.55896422859
39069.10868118723
39172.672976667636
39438.76418249688
39664.02193945996
39017.62726867237
39585.25037449859
38954.35476257462
39051.92456091783
38822.27593253726
40354.482538487646
39047.48270130538
39127.19606583889
40780.02964351425
38840.85980584422
39190.66132014875
39157.399756505205
39182.88930655106
39062.032764858064
39057.8604844959
38938.89907913136
38790.31945728368
39526.504973144176
39646.92018708884
39505.89619800562
39579.53176624743
39139.962858928375
39094.153650731096
38959.4505662641
39199.59859821426
38973.95341175792
38776.22023226811
38609.28111844668
39525.48626950082
38731.005686275385
40164.41855346785
39169.07248576565
39458.50363053641
40065.84003123656
38848.52483370881
39010.49621841364
39561.15103880116
38966.39495153197
38926.166297600044
38978.74645659677
38850.07260753753
38893.6153561991
38885.76122380919
39102.33202887138
38514.87074499316
38589.580167318825
41673.72152466579
38787.39114655309
41355.10468421196
41419.91154160601
39203.07716144792
39243.9721936231
39103.90626740596
38960.315550997504
38983.032479885114
39145.4741326976
39231.44214488007
39022.22296993603
40328.95576413555
40847.02321431849
39376.344710330755
40544.67537541644
39031.908778311576
39272.02895840711
40503.80070578423
39277.96767770789
39084.82867101592
38706.60965185109
39229.98389558536
39137.02269663411
38857.88338832201
40846.58559319536
38857.91570731624
39007.29477797616
39128.69603964693
39010.63801708445
38902.63314636654
38993.93655070989
41026.92995247093
39232.28719733969
38924.48483313541
41204.22818207532
39149.453859187815
39170.18895223104
39041.58796248123
41989.51411979979
39229.311453114875
41015.47423560469
39211.59653366381
38834.059217203714
40537.85036962066
39046.35400953575
41918.52586501625
39387.86606510161
38754.98350500368
41773.70621305602
39198.52187634804
39366.119118105664
38941.306312906316
39295.36353272331
39499.28902930135
38941.43848241569
38880.9225854255
38921.1481042827
38954.81045098719
39231.813978790386
39185.81327652879
39163.52423431306
39289.36480959768
39951.02980371811
38832.43222171884
38766.78322199861
38888.11234032214
40523.311700279766
39257.349722500505
38907.54269228745
38635.13854063611
38916.07386252148
39191.864473728594
39118.22191120582
38745.63369191235
39385.75486625908
39546.12123438718
38588.73645627466
39484.168994946034
39089.70454085788
40137.307058030296
39932.84349645874
38632.424442556614
39131.21503206147
39273.04416870555
39752.018368722005
39044.35159507945
39082.936719091755
39155.225137518915
38895.59417781032
38979.63362525227
38949.75951474785
39167.34415588844
38640.02423369973
38948.24040756677
39389.80477386599
39216.79065782906
39167.5333161234
39268.29630662927
39049.943884019725
39076.70613072723
39264.38780026989
39262.19189888242
38844.95329160925
39046.96212613363
39431.638654221526
38989.36315762494
39180.49436664242
38982.96933483393
39493.71765827082
39205.64184273933
40991.51022650125
39159.49967331357
39118.438765450686
39009.7455625609
38709.83576415821
40433.44364893979
39128.300774020514
39187.41579112488
39344.634331260335
39234.28532125243
39240.04542508603
39373.32186497835
38971.09995453461
39500.2050860324
39267.648546793396
38949.27618533072
39119.64035025798
40893.47966067481
39137.625600060965
41011.50438045859
38658.89607663863
38871.372527540356
39461.50829276152
39176.53712251779
39071.78261961483
39735.62239542569
38556.22177566139
40062.59891077175
38934.1401264712
38841.290034846585
39123.09978242323
39086.92516236506
38945.485877121675
38963.48687963476
39066.458556673504
39282.816490567675
38908.90080000849
39926.49858337108
41207.702381997675
39220.70250481821
39578.54742388051
40970.15086286968
39206.98357910998
40502.41803141737
40724.82085224987
38946.16758520377
40074.04979713548
39112.18175035736
38984.54070706102
39546.92519256708
39058.437754852406
39199.692959789725
39029.36988354018
39295.03280835038
41139.349841651856
38893.68769237746
39164.42846838469
42002.69584759566
39251.80608466098
38853.96684677245
38871.27599793114
38983.118244409474
39148.21110887229
41515.992244679735
39253.55785135565
39263.940008651225
39211.69187625827
41102.20286194662
38882.061885085546
39109.276805069145
40665.105483884065
39015.10688555005
39188.37947142998
38729.02764749295
39494.17897044135
38868.507974425156
40877.78120221922
38968.9284921232
39243.506000338864
41333.11829002036
39156.25334035673
39024.30023812984
39391.76646900511
41281.836819367454
39347.267955797026
40960.314180996575
39200.5674906082
39317.791428007265
40357.08269146229
38916.95772577135
39088.0448082034
38951.93204218242
41119.567196314754
38809.41542510842
38874.9170433819
39235.58917390186
39142.33819721535
38745.90184692009
42020.481569817384
42377.815695103105
39322.084819183605
38900.99709391464
40593.231519864676
38791.7754567922
39091.82437292226
38861.30726779952
40805.730336747016
38771.709988774586
39189.89137616204
39999.53854576191
39599.46621357072
39052.08172198572
41963.03453824674
39069.028349319815
39055.30389953453
39152.32879442795
38712.35372957512
39149.57366235777
39349.054267977306
39123.24934911205
38945.878862386395
38944.44537844147
39050.663882872235
39255.97182997391
39003.806335472415
40563.61463279703
39172.20123334785
39332.186829054895
39123.24873645552
38913.31897034023
41609.45174976436
38939.17234289509
38857.32085922513
39886.63308214807
39538.2306613089
39094.5597915186
39001.01164696845
39356.365229108706
38960.733620877414
39580.066816193495
38764.15457109808
42214.90789714203
38707.04537197709
41687.238948747945
39095.333931221554
40913.43995818329
38844.02141428922
39432.96834054514
39505.014519537974
39219.2120222357
40006.159657580414
40667.120280985684
39158.28622775142
39188.75752244482
39717.81251367162
38826.80804135644
39348.237987709355
39032.27947629441
39077.83117385337
39757.91900550917
40364.70751860748
38635.41798269027
38972.173588660444
38725.82561120523
40091.94554087759
39014.92644165631
39390.774395623295
38988.647272547816
38780.47242018138
39085.59611706353
39335.51925480505
38772.30261389489
39986.57765169766
38850.45164447351
38844.57598488195
38948.99983175951
39010.172508550015
39194.477075971736
38727.425433657016
40360.88659911979
39470.32630253041
39271.31697039398
41821.82089757473
38941.54435807732
39246.02484209654
39012.7015964254
39617.48176882917
38861.20421203304
41770.47135818204
41675.51761155424
39333.817701314205
39448.24781940387
41837.65804663281
39093.436356562655
38814.71073696001
39189.348227309114
38557.57325538483
39037.80747440801
39324.34281040767
38852.69140681253
39239.239038967986
41315.15235173205
39104.411225306074
40554.50981767064
39501.37161676008
39035.079901179866
38835.1777795504
38603.12496813319
38849.97297134374
38993.17858579268
39005.73955397003
38883.753019474694
39512.03910181004
38962.81084513003
39133.164159961365
40417.12450106155
39066.922346063024
39106.35556660772
41458.450950114515
41485.466094070325
39221.20606860865
40148.88693300623
38826.42777664993
38918.19101004188
39189.62281283903
39366.94117995226
39317.56413043729
39444.21647197918
39251.22964211877
40967.77703140373
39166.23617214345
39759.88221692388
39096.29789335163
41527.79831801278
38968.012598701884
42096.47361828777
40507.965593651264
38912.509261542735
39040.338808785506
39669.60921272501
39454.667065387264
39361.109346574114
39146.146340178646
38984.26634061604
39196.656772552364
39434.06119381572
39061.61056930639
39115.625976136136
39338.95795647094
41654.78763237014
38825.21703662258
39321.04991717422
40158.83632229636
38970.895198923914
42007.56545038335
39059.18002362101
40159.27145393796
38941.1322420165
39110.264161308776
39059.13908371665
39133.17554077322
38932.28760660217
39077.91605890339
42019.28270912922
38890.38496364382
38743.27286940266
39030.651456134496
39187.18364725145
39617.81471901123
38948.03910367307
38890.69591273765
39346.84147517399
38781.23295261231
39152.1311038105
40725.60501077326
38940.1003455927
41298.3417635499
38851.10711286319
42002.26411552459
38799.61019659878
38887.67909703679
41297.39071985185
39163.599706825284
39480.14439924646
40798.449617571154
42169.37541653552
38964.51380958553
39081.78360325114
39427.35874321634
38997.859246517044
40533.83608140569
41024.512735272816
41116.894226382494
40515.09106978872
42212.207898217086
39031.19594676616
38913.86891118198
39198.999256220006
38882.665345167516
39043.484437356536
39219.01291136236
39336.49586968438
39129.39599567097
39237.031705280366
40945.19770369028
39012.91896033512
39126.02390543219
38945.08542961558
38962.542299527944
39116.0493205793
40791.622316632915
39134.426584084744
39222.279986729736
40900.53119215746
40683.8949064411
39985.27577950713
41967.3276125536
39158.51885737829
39818.19566570373
38937.65123164652
41705.41524806294
38978.840844346254
39710.5560231087
39029.354952235
40633.14521188457
39979.16044909035
39260.47247404288
39010.49599194727
39013.70399545096
39471.02355985756
39637.36421880419
40449.882747989104
41207.01134200168
39522.38806010427
39221.052721021275
39059.19836174404
41188.95216776017
38863.34058497575
39105.93378141974
39105.274621168624
39367.367379803116
41740.42308669106
39038.16837985356
39714.66716623875
41530.856533987244
40823.316624047664
41294.47046465157
38714.41616301429
39232.988553094656
39248.098812517535
38837.16812019519
39070.022116203145
39130.54011915859
41378.76611815917
39030.419084299734
39090.36107222565
40471.7531990727
39261.30738405861
40258.81896154035
38933.20540065649
39423.59833623788
41481.74807140412
41148.44964738441
39634.97441812513
38967.162900953175
38919.88509821846
39264.93775863716
38639.367168396326
39032.37810354176
38920.99948837385
39324.45478692536
41355.42534322546
38840.65840903135
39279.96490787026
41327.37105933249
38887.43352463199
39025.60657433047
39297.089636587596
39210.54988000277
39453.242124186094
40311.51458803369
39118.55321758963
41214.22653224354
41276.72391845221
38974.2405643986
39056.12708498042
38769.51220012591
41752.943660397155
38744.67168079362
39069.17275824596
39087.09321904115
38869.28306746727
39057.49099281985
38978.8240094811
41351.000638310514
41281.6353236724
40683.74044154222
38879.44397529751
39685.434394318385
39083.30939745031
39446.04865260009
38992.94699973204
39468.57691261953
38884.28680511894
39628.849816643255
39345.38647543242
39503.91597366605
39265.64485819226
38910.69746495664
39243.149291260066
41038.46506931717
38825.03540612698
41355.25233175379
41415.220766162616
41275.44761127018
39134.404115185804
38985.9098430811
39148.163010793214
39092.91797293326
40264.28064490333
41962.12050190154
39084.65861083199
38995.48980814405
38920.72245510772
39518.51709300904
39109.8165936877
38950.46290781493
39046.605035627756
39239.890965308965
39023.80925547657
39145.87587534068
39215.88900474895
39546.97856736706
39146.17607399282
39164.59190967906
38880.503757203725
38896.315007626064
39029.12499302265
38967.63131607289
39046.71279519605
39316.44362711893
39028.93914623399
39004.09072802603
38690.504002554946
41232.08214918824
38789.65964034336
39347.896449184685
38921.347816204965
39308.659211622864
40135.51747320967
39165.38178602422
39498.37155545091
39784.64670244016
41161.57958979141
38832.33498835482
39332.438531622036
39310.10743078537
39201.84942773073
39691.67513825137
39444.43166451458
39025.08659623104
39172.33611291707
39197.23655850851
39050.05747318955
39288.85268153751
39467.941894134245
39029.09268867748
39161.98663881836
39137.87785673252
39050.12137402665
41953.77782807413
40760.998023022585
39214.370037509885
38821.333099515934
39083.26489361548
38936.666732344456
38782.145360665956
39131.110194929905
40770.650883090966
38794.03835561779
38986.287467126655
40924.50916262927
40118.60346160378
38935.764380788
39082.93974779391
39477.669207934836
42097.04552393785
40008.44137218382
38620.1981553864
39197.201466980885
39426.09295239953
38866.470386995126
39096.7659778477
39202.09959751143
39102.01524294863
39283.87920583554
38990.31688385992
39017.52505915865
39795.18583559592
41529.09906172097
41813.2628991491
39249.92573659889
38436.91385059981
39129.75035359361
39291.22525476657
39910.57064964216
38609.58409714547
38708.56151035923
39313.43941098974
39372.04152737528
39312.70567370679
39035.9300466986
38797.001795109325
41791.48518267685
39201.56177436043
39459.81030539239
40275.534708648855
41278.06351602606
39478.48168856816
38902.67186910008
39493.78858638019
38987.865401455274
39198.24318236979
38860.98129110374
41418.160238731696
38766.24629451998
39187.51315480481
41931.04153671421
39175.182218192385
39437.26735503317
38939.01295533016
38921.77464818052
39610.51367554794
39071.89845472529
39042.24206567719
39479.882946693906
41501.52639339979
39384.23718162169
39075.23001767056
40620.12453463666
38927.18094621655
40688.04468915883
39221.777405359404
39716.95780035275
40866.83661525581
39278.38625754472
39443.31911963569
38973.84870801366
39368.01546336655
39057.52986838141
39027.08071248332
40800.02070619725
39265.34328503516
39017.2043092289
39404.52609033359
39382.20521334333
39659.17273911086
39369.48989085291
39256.10251763347
39029.156772781316
39311.10569363675
40111.42023044118
39127.90579718183
40951.221693736974
40044.77745440931
39079.65181398378
39253.42784693338
39194.81814684049
38656.44836394134
41705.64675575025
41832.293054822134
38820.84779460641
39517.78428722613
39192.5455109138
39517.11428797493
42314.61283737558
39036.10157285104
38928.03058194287
39029.84598201542
39084.80029820193
38584.539848491484
40888.347630122
39403.627858850035
38705.33623086595
41545.889471730945
39239.788969181776
39039.64052988448
39041.31365287347
39056.753374075604
38790.85812222726
38776.39816731268
39085.489245880904
39028.3263594513
41739.847757773
38922.952001276826
38876.802487589266
38833.917424461724
39410.02337899366
41839.962991396416
38837.63788886239
38866.62783568731
38883.51557172515
39189.85548760473
40491.72087215622
41683.293958386035
39327.336966812356
40207.38932897616
39051.04991247766
38871.76320765455
41694.34992422204
39215.97233772049
39290.50260542248
41873.61043515605
39046.86823270322
38879.124827783286
39159.23078647358
39090.14806562419
38931.23917662535
39468.28219401463
39341.68997626121
39028.35587625484
38974.34902365308
39311.586974706384
39061.77698496918
39271.75206354571
41528.88385867265
38873.29331521403
39070.768401889894
38932.80846120621
39283.03166144223
39583.5230380137
38831.14620104221
39601.480601689866
40309.07110551559
39375.401014850875
38881.473744066614
38915.44362010698
40402.8289178297
39305.09527377791
40879.38296152269
39030.6617776211
39055.748426896345
40047.9894736416
39010.52177808549
39062.42244464943
40613.768504820226
39193.20567726617
39081.903067471314
39158.69499845662
40471.553054525146
39213.36462288434
39068.5867475543
38964.765028156056
39047.28784863276
40822.28100020073
38914.30626534575
39270.49840319335
39035.608915212506
39956.99279725846
39374.65084130501
39124.551731948064
38963.414161412875
41856.24682610362
38905.921965290814
40588.18452177777
39025.37555499801
38946.97946695172
42019.9683400394
39373.7033876561
39157.83881307706
39193.50155400355
39077.198311128996
38958.53718361715
39119.686915220445
39220.310681268544
39646.85636657534
39819.29116414554
39057.47600335669
39514.42528172007
39077.64814453251
38922.57946095309
38984.80436564952
38921.2739662453
41598.23656067619
40830.16710081688
39128.81713765012
41337.9790662974
38930.95158906753
39063.31163961664
39097.92214750675
39049.39757449898
38888.583100753174
38924.869224450806
41814.67824943445
39012.55001055001
40342.81252004628
39362.177356010965
40504.34642451327
38962.848622120335
39367.36626533894
41622.26792991864
38961.31607458756
41474.0296508094
41886.72441464906
38937.32212701117
41542.03935193583
39384.4475621493
39630.03285006462
38781.90318324648
39443.648441358884
39148.05054106394
39356.28069807435
38938.55154589195
38955.468605181326
39005.4169611855
39001.317584719305
39878.393230093134
39172.54101445662
38784.51610145414
38659.23502851508
39952.926339733494
38906.6518868303
39025.39918761674
38807.07961013414
39165.25349918275
39043.505294347095
40177.18041937936
38978.79005804603
38582.291678800575
38915.77302780969
42056.49840879236
40029.5207179795
41427.84872537314
40046.97185307011
38828.12189245146
39198.588071799895
38862.63252951214
38545.9081115127
39780.401226894
39083.09749886903
38679.12541324326
38914.277246652986
39918.36689478855
39290.189322626116
38895.45580395118
38845.822140779106
40078.97491681369
39085.13606553813
41910.61603312208
41174.10126762231
41150.91921882806
39458.18459262582
39311.775619376356
39269.22429297478
39186.03651352903
39043.519568483855
39377.063418046346
39191.89793756639
39081.01441049773
39009.19088356124
39264.98799044993
39412.3577053402
38701.142061533355
40698.7679467047
39002.31781168769
39469.76168456192
39136.33740304727
38830.427262661055
39445.77486377069
39117.15869874836
39055.30650960339
38677.41155274564
39500.95070757992
39208.26109834945
39070.30133484702
39063.82759208224
39112.903958278206
38873.704645005186
39494.256782220335
39200.667127473396
39490.666550786606
39082.53199821259
42049.63447336897
39241.22877357389
38858.45780638209
41291.26152826847
39204.91805795806
39122.238949522536
39467.5444656334
38955.58327438241
40273.80357112539
40911.57659601207
38797.05387712066
39017.05476882
38710.32065128799
average revenue:39515.900272524166
possibility:0.152