39258.79125024217
46805.85915281262
38955.99165211611
39443.18791976808
39805.812873120514
40182.11451181778
39333.62234483625
41300.65565421981
40262.53435652362
42847.4700143131
39352.489709991765
39678.31817505283
43964.40419281402
39504.28145273553
39720.020795862576
39647.57091670453
43772.6985058229
42850.04009326959
39739.08640991228
40373.951836449436
39377.001383983596
39553.256687557936
38902.14172632375
40223.383511873835
39573.406838474875
45389.86685407895
39848.05627405759
41901.160754540564
39443.70453675639
39379.80991464483
40688.72038161498
40142.37276412061
40163.67650333965
40394.20416150385
39506.843691842965
46264.016725471396
43251.507866138796
44663.979586889036
39733.78212126944
40222.66130577352
46496.78000450042
39503.99271392433
40281.652266497294
39889.786326966016
40794.493682469576
43017.5904728949
39762.796818065006
40031.00348423295
39693.364316103885
38891.499869884145
46542.95918137653
39857.92425890265
42308.77745392972
43633.64893053566
44143.70107434588
39586.83405928221
39670.74979458152
39410.57066888935
40464.01199195959
39674.911646000655
39721.2779050007
39831.23507345422
39425.078461798665
42596.619240443615
40349.15337903588
39617.06385012075
39690.60005846001
45048.88528914387
40438.59770020214
39511.73262229035
40405.75817849461
39599.632156387095
43074.03820539577
42251.41082284851
40968.5778571195
40717.455580392445
39900.42250836055
41726.48966747892
45775.47902497194
42980.07169475112
44681.42979312116
46153.035970649136
44232.62468338321
39305.19988962994
40157.98237343113
45871.744461850096
39521.42036036809
39142.58517477501
40200.1569352743
45727.7325923293
39833.089773080275
39355.27332923322
39871.234866664716
39761.10472436281
46498.65129065431
40544.92323232
39802.38450140801
39975.35135263696
42132.522030265754
39606.60979711876
39183.08650504939
42313.09415098325
45853.39376035884
40211.07953003914
39503.444349269805
46527.353619285466
41288.65789584695
39154.272093711894
39797.45943783844
39424.56999099538
39852.468270352874
39306.50139521857
39978.02772912051
46398.05010205164
39507.465573192174
39727.76829660263
39610.29159931564
39686.22135117692
39430.43740622508
41145.09841564089
39678.595873414575
41907.50328787186
44883.67253158589
39245.79831544936
44393.28159598937
40569.37764302863
40605.854628718815
39700.38081019745
39968.1128024523
45908.44628968133
45060.444596766705
39721.27855883083
43902.83091412618
41081.67434075906
45972.707572212355
44648.75470236886
40047.66952392655
42022.84766151647
39294.86845279612
39499.40209690794
39656.42378877454
39683.14712921726
41990.91452163771
39138.62713936525
39845.733280180284
39114.06351757204
40413.81267892864
39204.72922331359
40222.39820055822
40470.23410859045
46507.158087356205
39776.16559353972
47011.52336379278
39795.26511312528
39996.24743564793
40141.00705844133
39776.39812395552
39969.661781697796
39124.29674344309
39407.48419524687
39818.229669670836
39665.62072314844
39541.05245300148
39304.71859088061
39462.95719972775
39793.47065951423
39594.58714041133
39408.82301136467
39315.18264595661
39752.30439393826
40542.94147797913
39931.31333788437
41457.03100552672
39962.96889627705
40172.80088151339
39283.080934257916
39770.354466641846
42060.402745107596
40343.0494672509
40089.846524489614
40145.064113443856
39598.05850870947
39715.9670450218
39954.54880580511
39630.85973092436
45175.378480426196
39654.81161639952
39893.34939586657
39518.1449054418
43665.124080527596
39760.2807091602
39872.34753721167
46500.38502278679
40125.60700596347
40323.39977001464
39353.53893920198
39747.210775052765
40329.42301018977
40038.19546859899
39523.59029157744
39648.80415615293
39550.28746280243
40556.369559288345
39242.23144355019
44450.65967966793
42573.05949232449
45702.77922742845
39739.29263195651
40995.38423408325
39401.844287071304
39524.1645311302
39340.13747788291
39608.868345349474
41193.957669062474
39287.24491144375
45855.82524648778
39527.75191121708
39251.57196336077
39880.31524183127
40188.36836161329
39694.03996610366
39949.23812167649
40668.55357399333
39399.73525879405
42633.782436610665
40596.607029303144
43142.234550084264
42154.274341311495
45402.72918881187
41933.540394355754
43477.117420984236
39756.06056277391
39503.85596609674
40724.8331605845
40479.24912949211
39452.46022434935
40315.380054145855
44763.361763364686
45971.019661326034
41218.3627497018
42179.476517427596
40093.103238238175
40126.27494910178
39951.329057163195
39547.38497703929
41005.36931160829
39609.564562719206
40976.060989359605
39522.06374548946
39996.135287691046
39432.280368539265
39621.52510237701
43187.859293457484
39834.27502942104
40099.3462208086
39615.19810330916
40369.585391573884
39840.340910401705
39223.531165056185
45475.7404895158
39354.141734170335
44163.77797836096
40352.83344577024
44195.550063773895
40551.57820203347
39844.11230775579
45519.51007330629
39687.396766841644
43796.20257978926
38976.31934110583
39546.60379659328
40130.034813804305
39121.022715273764
39949.250698580465
46737.436161467376
39864.39114257472
39522.961312260595
39467.58882603638
39854.3240569795
43687.485603981986
40285.75363893415
39619.399155940046
39409.642380793535
41479.07898722916
39460.23486695033
39848.21358314653
40190.19932597626
40459.40168155383
39826.05647691165
40606.313340942055
43914.01058222889
40557.23874680985
42177.38539224942
42622.407593533455
45305.23780100739
39663.59533337552
39643.16662606151
39062.78215284643
40563.74619992223
39214.95426118443
39376.497092512196
39713.28010654722
46375.11578186988
45200.04118782399
39084.539259160854
40419.295784479036
46679.51864893467
45553.04025401338
39937.99397179479
39580.697448731524
39432.352415472815
39570.41667590282
39297.98234952636
39060.5752107532
39958.08651753189
39850.94548965235
38916.66335551622
39549.95552880654
40151.008340160035
40262.2620639026
40138.43298369949
39774.97114232482
40193.86666180674
40117.945381608304
39784.08846101041
39896.215636697576
40658.40054135828
39898.36534358578
39636.02580195326
39408.63996123841
39495.81402641771
39296.793109950275
46843.48301813555
39484.53397225252
46038.88058801057
39608.44587999485
46528.106224506555
39848.86370727868
39854.6114491849
39568.70708215782
40694.76297468337
39387.822716284994
44996.653224165115
39478.40006695299
39401.16773527486
40637.38331283553
40576.5648061388
39990.20225413852
38973.91664229309
39221.84148954175
40492.20663410211
39588.410161663145
39800.309722895676
40908.52264522222
40114.43151233463
41409.48312896067
39605.76794431229
39601.566959925265
39571.74438408696
46693.63080445112
44626.53396156985
39986.32914742905
45065.977587197725
39611.99192023902
40079.87902138343
39463.17828454818
46215.40595459549
45834.40208044938
39287.69030677794
39565.83468699286
39884.42068568165
40692.030415118104
39615.80698639502
39612.44215269882
39612.99986150443
46372.936773771864
40549.693284867055
44380.8489277519
39759.73662723614
40529.708894002266
40334.55347487998
43931.73704894709
40102.851806786195
41802.5027815915
40114.684270944526
39624.56213696866
39336.31360949494
41727.687279940335
40186.438109771254
39813.101659894535
40111.06221279324
43167.69312288518
39775.34420626718
39982.837331092705
40577.523175648865
39335.11954289832
39311.14839088559
39424.92682237209
39644.445225876625
44339.985376700075
39961.14503574439
39429.30344356408
39508.72181923727
39718.14324223642
40042.327458616914
40666.66021298885
39161.401901436126
41046.21388723508
40652.27037255926
43372.90377409
39410.56944403768
40392.395595441914
40024.66363441018
45211.55820356727
39499.667682339226
39973.30543486948
40580.83775117609
43635.844173865014
40249.507343264355
39921.71586404631
40145.47427677132
44768.04863965755
39972.96430473969
42666.245914018094
39577.532830767625
40159.21119223766
39472.38269784891
39592.641581923206
39958.377628372175
39659.981977625925
39589.38821664752
39266.655487272874
43919.31287333154
39745.32114555943
39481.12308927315
39652.98891488693
39904.02180962176
44473.93254339972
39561.56971371549
44354.49611110076
39330.19550927989
39633.72746946443
39566.55463585366
46085.02479485503
39942.368265405115
39313.004237539535
40125.559739069955
44807.31558834293
40640.651313221584
40085.95103352109
44903.725894959665
39848.97092538626
40202.28735902932
39927.60847167715
39706.61039577908
44011.26021358005
45815.45114841009
39483.08450663166
46394.062385826386
45388.22423903167
43718.27874983436
45682.84508226423
46739.7524623566
39282.568463966
39697.893218200436
39351.294591077734
39860.46679807008
39753.03909565505
44909.18962881928
43215.19215068009
39873.50894961919
44758.37028738537
39786.50648788546
43897.379301230765
39820.622575541114
39915.955306014104
40258.71259563626
39778.33032210982
43746.12791267145
39244.59009184144
44958.95632396229
40213.34484442282
40396.847318004475
43511.825927236074
42282.94403651558
39363.74560533133
46627.94215058874
39895.03249215789
39151.31832864996
40695.966545482566
39230.39827394788
39574.374347461504
43979.36810125014
40091.20651745353
39835.20612280005
39455.018274680704
45139.899155935724
39757.922464156756
42611.75912437611
39732.26193217834
40080.967164424444
40023.37632270991
39373.937751192054
39856.63661980113
39709.53446340309
41201.68525605486
39128.36926752086
39652.3540299658
39715.49246312589
40084.48107097903
39943.09512138615
40094.4554897484
43777.822099612655
39900.719032993395
39465.38650818881
39957.85697728365
39771.80009935959
39531.09644589569
46079.22045304236
39630.814583965956
39724.8193770187
40659.695998183764
45932.06483942836
40259.394147749736
39612.10390297721
40564.98864104627
39370.31473641271
40088.4491745543
39388.87420257153
39573.351288706326
40185.666869456625
41478.41044535884
40096.287916563044
39956.199642626365
39299.380541347935
39211.10181325688
39716.76159153026
40019.40936827998
40300.76960058578
42496.41175512719
39888.27293585119
45328.25330472763
43529.39792885082
39049.25521553578
39640.547645988074
39589.45415435282
43995.51682035977
44620.529293609485
40298.72209962972
40029.248646135
40397.96579973141
39432.73800813727
39441.395818184494
41021.27739313858
39550.39168134392
40217.020303778525
39690.45472620513
38864.03463119162
43875.48157517611
39847.18155996251
38905.180753982415
39645.137029257035
40635.7133708269
39842.382866535714
39368.5309362663
42399.40061108275
41023.18089177789
45475.83191731192
40834.57180050931
42599.142647285924
39919.190196768395
39702.09069285203
40720.555757842034
40401.846394794564
39937.95588631591
45920.58540892634
41875.599313012026
40677.49459310877
39327.29133648143
40027.49957127283
43259.86859720663
39850.0061801005
46771.08969994382
46401.678168225466
39731.38602715736
46331.089289824886
39715.44156955233
39383.27327967834
41293.70692707136
39721.377521557515
46773.49229568927
39823.39821433817
44773.67166481475
44358.06017898228
39143.724129653674
41357.6913986569
39524.55878763878
42345.79983681136
39962.9092532454
40641.65860889722
43863.85082740381
40751.211646524906
44880.344501571024
39834.51538074756
40070.8750317451
42688.29288986137
42196.23483449551
41725.413878851956
39731.38829369548
41676.14102818789
42683.74601514643
39630.923870278806
45936.57450289372
40977.065617576016
40011.86925244405
39970.163293163336
41849.08924733736
39612.9493149597
43047.57016330189
39817.61570090485
39241.77645584668
39221.68445947451
46082.613900794044
44251.74843127331
45241.7253369206
46852.5628256055
39809.08798841453
40162.9720307119
44025.84575363333
39722.01825108711
39357.31432342316
40497.211682648056
41987.52160343289
39709.65690258997
44336.61529297079
39600.832846473364
40632.076530425744
45785.23848414483
40206.500999414915
39699.27702238595
39401.73197762179
46119.38719265194
39346.03993533939
46100.1663154883
39360.34559201438
39764.672775007246
39714.79467127168
39519.55256139217
39722.50432812233
44792.50868541716
41097.48663682298
46722.90946519362
40237.29150334532
39437.21991996442
39416.016866084756
46115.087668581895
41688.451558903376
42164.97717203528
40175.69624266619
42610.688418256264
39785.637727304595
40605.8470249487
43118.64307972411
44643.41224937333
40293.55495011499
40483.98819970796
39949.07320046655
42691.54613787354
40503.95390156143
43337.21763765069
39615.550767761815
40617.40134263985
42694.21258271647
39738.20953116389
39590.76876292314
39747.673220893936
43958.546744948384
39614.078564436
40611.45886318418
43655.122472371564
40783.17344096015
39426.50166585078
40152.01751653729
40866.21503974088
39749.33544213075
40493.00354136984
39537.424567889066
39537.91721494297
39489.29569118481
39694.020639035014
39133.12630539601
40742.026284196094
39696.815140400184
40089.66379054047
44088.979770705555
40503.53974213514
40306.10134825462
39600.89679353265
45708.551297204955
39391.56013132678
45840.6570704102
39103.128865256134
43484.77520360991
39495.62624676589
40596.424500364454
39680.829250480776
41847.99620057361
40349.66640823487
39389.64531576485
43178.90375569615
40644.90578783798
39713.92807244093
39711.165297851745
40272.99784940166
39405.601654977065
39777.61604434045
40972.15071337883
39414.67700850331
40426.4978762358
39950.39905649577
40034.58478352014
39751.30746830138
39853.258461116886
43098.06072247621
39436.16648428282
39529.44143155847
40312.42639807384
40333.51968205601
40138.14878038079
39798.24381088948
46046.817525030165
40909.917111294
40159.701696285134
39532.2507472526
44688.767995247224
39161.205337772786
39483.19297382157
44389.94636547084
39811.81437579196
39916.478808690415
39674.28499180339
40176.16587183091
40224.88478364873
39739.58027246049
40442.18794452394
39681.387195551215
39546.20572073577
43361.08577612136
39510.41160672589
40107.32437306147
39319.94478728803
40345.784840397886
41827.480578135845
39604.89838736673
46874.42370603284
39661.85416804404
40038.800709458505
40408.87974466738
39716.0079374742
44420.26895530056
40388.89037020883
39147.565512261994
39447.88820187408
39307.253499948536
38934.12608939055
39798.26727435889
40302.598345585844
46477.30507600693
46839.04094568609
40104.49842116532
41875.47853157363
39872.402240381896
42890.73195609924
39099.18703026826
41342.32390634027
39149.0872882658
39856.75154406882
40366.614190960056
39621.916425917065
39749.57573696168
39833.33750681159
39580.6472146043
39856.9529094401
39411.85473871662
44320.40830666082
39647.916328649815
39677.243627524345
39779.03784147852
39359.33485816023
39393.19014514869
40116.91275226934
40133.14879528104
39802.919254656415
39360.10746636194
39586.83318065602
42110.12522994125
45840.29308614097
39279.743818317926
42703.697564436145
44452.85746223117
39179.39014945147
41660.49918971018
43871.76530456837
39852.704139755144
39683.95070629089
42159.45510531574
46566.11813960033
40066.504056594764
42384.186744888335
45839.45244600673
39518.67166018703
40436.43824899151
40029.56495956729
40681.13735676368
41882.76739590632
40362.84081523046
46844.40946980925
39333.46397452826
40066.21478386059
39883.971628509506
39801.618332037804
39816.36680911503
39918.21140105861
44089.28933911807
41379.756194682304
42452.00443573618
40112.26343049674
45343.94765954544
47019.89476584048
42194.593557787826
40551.46914260637
39171.42313797338
46174.135526664075
43296.90734115192
45659.636369733984
39066.76570878136
39720.257986545344
39441.31642331008
39600.679549713735
43865.601588137186
40259.81344268167
46075.01741540436
40177.55270142376
39157.62287220088
42369.85378717511
40764.31732302742
40241.64120816161
39337.949742147604
40725.384535218735
39923.4472552046
39363.30082442446
40135.29137140477
40302.05810169705
39689.40527599244
40800.187981962015
39799.370255332
39680.503936413515
40294.09890524722
44348.01891994829
39920.53411769405
39896.4233207928
41610.79046390848
44989.313218127514
39582.486682228075
39718.27497037439
39689.58368882078
39669.52438813076
44861.32731446759
44834.38251559296
40373.43882985672
39378.11150908151
39509.40537480352
41369.32404770477
44957.61246201692
39683.35365543914
39983.245862203665
40158.25742627749
41458.39452898101
40613.11195770682
39894.00384465107
39327.20084769725
39796.57082375705
43862.83355908514
39906.67234893856
40263.185578389166
41396.659795136686
44823.16209953341
39568.9733311092
40342.34306073041
46646.48153627331
39966.59189156349
39762.95882246186
39673.561007344426
39674.24816717336
39427.18237815767
44042.97250186657
39703.990062133314
39968.8033307662
40003.9274270207
39436.5481733357
40166.349601109614
40097.81190901863
40027.00263460355
46660.98512856056
40437.66547932661
39248.551650509406
39508.60430348194
46905.757285022686
42066.04624490919
40228.543552228475
40302.262263474644
42400.27170367312
39824.20803695278
42160.179189162845
44682.56617559942
39988.643275019196
39610.981768784826
41618.30802281612
40053.43503442245
39580.63059145752
39426.885997984704
39491.80058068195
40601.04452609585
40222.87182574779
43476.95231360685
40020.15297311426
39565.96769526865
40696.85515915011
39710.90869957003
40196.87161920979
42189.622477637895
39393.093173729925
39823.48673211932
43096.78502129101
40353.976372371515
41597.055762942786
46322.27347554641
39628.626849020904
39644.44301817383
44352.33568569659
39267.57296049358
39710.56174368203
46180.50675935289
39744.86779138777
46737.76120071556
42190.9723004598
40842.575802607695
40644.9205964658
39822.39005413665
39901.28094818899
40260.00525579764
40960.96328726808
39743.72613452319
39668.28315310715
40054.38772418004
39648.910529026216
39385.16778337278
39485.26868443914
40144.76367793783
43766.08626369938
40708.66680613097
39297.001530418376
39625.55711942944
39199.09657515996
39354.776786659146
44815.806409114644
43762.88098061604
43193.208973337074
39344.458610204885
39680.94430719133
43872.23416989081
39672.037416897925
39532.81460498638
41295.74983689253
40112.22890645809
45652.25927090163
39506.18449308928
39619.06067244331
39524.352271827665
40816.45847162027
40369.95662535699
39415.1567838016
39615.85190430776
39590.371150799685
39765.27398347628
40223.58244012961
45674.816698460294
39536.78013754528
46028.25513766081
40115.775988250134
40637.82678736582
44866.62823535447
39757.975724754746
41698.363915016096
40218.445242576185
39604.78844613227
39663.77321606791
39384.6536222456
40036.84608719027
39410.41139349873
average revenue:41022.615459455104
possibility:0.117