39522.491194939386
39230.925342129485
43340.003428038
39998.184826511984
39607.12710604555
39455.86015265733
39102.8240551825
39305.18438715933
39490.54631874631
39746.327125744545
42588.157751415485
39303.500188881764
39351.35609687504
39196.36138110451
39045.86397681393
39526.579074935704
39378.781430748335
39041.36372823038
39233.34172106363
38973.817090130826
39360.388412479646
39511.03178333542
39561.89464581161
43686.15839074632
39268.745407529925
39814.673129936535
39700.28165303786
40757.09289148267
39947.393737594284
38933.77591779458
42504.42761442729
38964.105682832436
43101.453312707454
39918.13512701117
39274.25550970193
43040.581432303115
39564.39059588111
41458.68327336786
39639.11491502484
39258.500226221084
40364.0646656383
39257.809556935325
40248.69611748344
39813.148782778735
39283.42728746597
41945.44669017919
39354.03559126376
39266.72355773663
39183.1035372279
39410.614682980595
39164.619686401114
39113.26964731683
39289.142207680525
39390.423460679565
39337.42381243294
39068.80069553088
40127.40457979907
43625.714932616545
39459.1552551332
39720.511473820174
39230.14851584713
39181.5310761185
40650.75500821253
39373.391164930414
39468.92541568063
39959.932327547336
43840.25036886342
43933.39996678267
39656.94789209549
39759.89759980181
39936.657551838645
39834.890296253
38963.743206082916
42796.33320145054
42082.92932069632
39334.179929882615
39819.29060171683
40011.75062945932
39081.651128366364
39012.15949603645
40811.55194662902
41604.986090085105
38989.12661252116
39161.57259246235
39332.46631340828
40559.857560512835
39685.31618438535
39077.20709100886
39297.620010088016
39772.88400429594
39128.338289681604
39850.01476878217
39018.40343217786
39159.66457215157
39204.59338485897
39097.532310209106
39239.529168559005
39355.42016253903
39241.12912696246
39160.729099842065
39369.725422171956
39322.55834269269
39330.82695536857
41513.1576666764
39322.820575288344
39566.72685372116
39291.488580772675
42588.60774813683
39441.13028804729
39933.43062031983
39129.793649059015
39417.75706475932
39485.0130322918
39524.66972658757
39438.89617238781
39823.07131496873
39209.76731122676
39482.361348599
38981.82627572723
39476.919258763555
43319.08054688192
39541.789115911386
39243.29303510888
42893.19688778238
39194.10020814778
39232.699248503246
39505.35974146526
39764.827385187426
39485.430455756854
42842.45144780527
39151.80021301221
39625.593999928686
39113.760923386544
39583.55958948065
39041.21604336783
38974.7467917551
39403.43129962241
40095.79287885661
39482.345453299895
39832.237593926024
42125.85714843593
40678.605166792884
39546.52983413142
39428.21937178563
39237.44430916865
38870.94119795988
39114.61725097345
38966.62830088501
38882.17951320047
39274.25445474123
39022.97062246756
39538.41155697306
39202.757832120486
42709.935486035065
43689.7770548251
39552.46910791548
39634.056338238406
39246.69956121877
39493.844979693626
43458.27876355307
39287.26480431144
39251.5050298208
39442.80435495448
39058.27341992225
39645.55289981052
39382.99104739764
40469.458398655464
39331.0449179941
42252.90288101744
39179.08433699958
42494.815105137466
39406.11570067181
42281.04449024316
39770.175390141965
39000.276411162406
43610.24152133294
39562.98406892023
39052.5045124139
39590.49697898348
39092.209732631694
39577.113239533945
39251.012817978015
39349.45386660929
43779.59971729978
39276.88268121025
39391.64495292453
39199.41733102571
39848.97014840751
41437.80008822553
39421.17179382179
39173.35217043895
39308.918220511674
39646.68441332372
42418.09383714159
39502.53880620186
38971.58603622065
40396.560913330424
39067.903602188926
39199.83278924774
42037.21525822759
39461.40046693593
42784.660185659006
39579.49907420089
39631.570853483325
39434.99198756475
40034.52061379061
39562.11935617339
39482.115580412035
39612.17739210307
39070.482551209556
39067.123818486885
39440.21869098297
39637.94075694135
38965.25056512726
39343.001754486584
42967.41210575758
39254.69668836364
43710.23498618349
38904.2256524017
39077.05726448025
38912.6817029931
40299.49491519598
41149.312388708364
39738.13561864292
39924.125732928456
39246.226666600895
39247.091352168645
39081.68996437114
39380.142041142724
39068.83203508573
41829.89553677407
39506.17724452857
39110.098162759314
39681.64477786985
42628.93480079192
39192.39077976209
39488.71983223133
42349.620615807755
39328.425198211386
39781.4381580698
39363.97063403293
39487.26183454572
39197.01116566879
39464.483175160894
39870.575167767136
39234.26532508902
42141.24371753504
39223.73469139579
39063.59307103866
39190.79019886661
39762.37779691904
38779.57527910479
39882.08948618637
39142.72720328837
42640.317306924684
39450.77638900477
41479.01150627831
39574.750992938214
39376.10760801804
42058.35861159061
39273.41921251735
39151.840362711315
39188.083596841025
39724.50233169289
39072.53319440715
38956.696608651764
42840.68132721694
39626.963055383225
41506.14003759581
42576.842920363546
39821.82634889822
38970.30785101384
39796.173391270095
39085.76359606094
43287.77419279016
39236.5709724062
41466.57739229049
42759.40099613639
39324.11779979122
42930.55738733813
39201.47426600764
43131.660977931046
39201.80762064067
39849.893591798646
39058.00437757504
39335.391028430764
39591.67794829985
39132.98232295267
39950.74971685368
41334.46995129982
39310.46279590064
39421.44221442465
39079.52143474428
40143.458403453886
39295.79874876219
39213.135707315945
39702.881954365956
39376.3427960906
39319.66711693951
41276.36333419126
39758.421473955976
39722.96482833322
39468.87973918794
39818.221756359504
38976.41208467115
39300.75805073004
39866.36652004961
39134.936290506004
39227.24637264984
38768.57989378058
43428.834580395356
39111.59084441216
39282.479597713005
38896.1950982081
39205.989505673046
38896.98817979538
38957.570070359725
39605.07811989208
41926.55263303076
39692.27923360725
39469.87151769942
42717.10808152255
39228.29363499455
40864.29245987003
39326.483106053485
41824.248450562896
38778.97105789609
39548.08443219439
39032.75718090046
38959.581962307486
40163.76545814287
40103.71899987387
39773.28768509199
39138.07132308195
39040.348879619574
39959.42235270312
38803.94811646003
41552.197841743815
42579.333258836436
39294.23450113601
38969.78330667505
39697.242768871765
39224.379973862975
39355.31319568006
39082.968630336836
39186.95142656853
39655.54598007396
39454.97378618923
42841.75088504138
39227.71683566825
39323.097755801275
39552.728205725776
38784.035399371576
38925.66031124414
39551.47139538148
43237.73452663748
39834.68609821959
39698.19704365996
43201.81264774449
39150.813447678
39624.691434206856
40364.33730023393
39637.575760049316
39037.32435960029
42936.22145345233
39204.82348907751
39241.149320418575
38809.5091122168
39110.1960158804
40802.155499906556
42690.0371572428
39369.83975652194
39173.49237230591
39000.52630956306
39541.99463637105
38938.90317816617
38955.36277396874
39757.47953805111
39148.05305261469
39065.45824897862
39385.6704586106
39920.13672231361
39509.551325784276
39372.02202154379
39458.17578033631
39318.39487426112
39601.52941333599
39150.87672063793
39864.606280055246
39060.86544194648
42774.40518619782
42836.70206179498
39517.16871025536
43587.910888811326
39591.54997598014
38964.447638186284
39181.1142357323
42321.28763383933
38917.02867522666
39183.79292455418
39291.9037265924
40544.002328204435
39962.68251687381
40052.37278554026
39688.06601024603
39293.790144706036
39348.86902277635
39638.74509630716
43492.07844695723
39107.48381338947
40508.9358925854
39249.23242254488
39139.54071081531
39213.07321394203
39270.14993926344
41466.0359249283
42298.10757207042
39285.94826317758
40496.5568215352
39322.55083374817
40075.76522057542
39200.16522557257
39056.02715303126
39900.678513087456
39081.85479472921
40585.942378832115
41580.747043869356
41112.822537692235
39566.59827805476
38997.31949214112
39628.48216549874
39204.66302673926
40814.285828626635
42022.437356514565
39197.800636574815
39048.86956313627
43485.28513847325
39227.135876128064
39347.27385561979
39249.14093492583
39415.73642128566
39393.203386350106
39095.468126403845
39090.57087734453
39302.55445294441
39353.28338173061
39150.19360832047
39447.21463316952
39064.689635098206
39025.687425522745
39308.165728672415
39733.66519596984
43355.021500052964
39107.05663216808
39377.14729681485
41814.372681276036
39811.24217455449
39098.59612861711
39155.49705245689
39632.854780278176
39783.273514214714
39149.1384807883
39682.47868673897
38909.08925734452
39354.24058534488
39596.76701238364
39576.64774504035
42570.683598748066
40985.24178060205
39105.89355934636
40402.526987180965
40693.368529949694
40141.56966284743
39460.10502062697
39318.063317807995
39189.94826707465
39099.84612273537
39472.74525815323
39312.64312870861
39721.25641218801
43512.11764256014
39581.26420156302
40758.804550187604
41300.23124792324
39107.52120784789
43819.44892954612
42610.59186281768
42223.095245363875
39372.66757695084
39615.149407162615
39399.47253843192
43493.92294723324
39167.9376935386
39061.67262626602
39961.90844084141
39128.626301526
39035.97049547158
39433.32822940239
39220.25382879
39176.7951916453
38927.22059196727
41708.95901303917
39503.51776301195
39518.81064487203
39720.7046570693
38937.11839418146
39458.912522916595
39043.76364656486
39686.12080832016
39084.50672803002
39239.335221481575
39571.853006215744
43298.848563564934
39524.22433149923
38980.34647228371
39283.83362545038
38892.733543699156
40649.064955506685
39434.11418277676
42042.53369515016
42389.10617911411
39354.071224415275
39297.25589752058
39320.57698432892
42158.07565087414
39150.967437229425
41118.028470092075
40978.36371626748
42941.02873512828
38948.13584223204
41365.43471995034
39846.63603664327
41567.567034339314
39957.04374291283
39416.53547686206
41659.25226205213
39141.519921151754
39481.74941204305
39165.89078775587
43531.26395154476
39296.25664939705
39928.109033864705
39637.35495856771
41255.116869074256
39089.19671014816
39253.56362782502
39411.89068145656
40086.25337450489
39110.29868899237
39598.10540112698
39496.728832141904
39456.10078887914
39164.879386686654
38950.90157206924
39222.05657832299
39482.87413173258
39934.59944680784
39238.057423135564
39213.88503510285
41556.22319069802
39251.65528692372
41282.29210785007
39504.94249091437
39082.16425237933
39160.85468601819
43035.89931805926
42857.461512561
39382.329582291546
39074.24940849
39995.18213845819
42657.99308197409
39638.08886778247
39460.41630756029
42684.858144235426
39224.495336797
39005.85390120718
39498.412562524114
39163.41911350234
39105.20623791699
38996.113578199125
39192.2600169097
39183.002721166464
39152.702064024386
39372.45631736241
39138.57974136379
39423.48811544031
39528.81699629806
39285.94190649894
39344.87722180647
39370.29146170406
41357.00441008712
39510.60852836746
39773.75417175124
42882.71049688347
39585.77907252235
43175.36799536238
41177.690091084776
39184.360300457316
39766.85878724677
39617.808276965145
39129.61314779504
39214.75790573311
39118.34286819227
39600.26113926764
39527.07996462628
42640.96795266428
39373.0622808933
41975.05503446397
39332.44486400974
39718.311405595785
40017.891826320345
39050.71743254977
39673.35598520928
39173.551293566336
39300.15138218733
39135.228777014
39459.48407059598
39533.905558778395
41838.38228310614
39144.67618217392
40023.929633291555
39532.22517702094
39306.57644217482
38610.97028930803
39333.97459429281
38897.64494633265
42368.538956802484
39970.726732511
39117.532727223195
39380.426781232614
43438.888869871815
42911.08414844046
39238.04988994191
39037.390411553344
42428.572137254465
40562.85759021886
39525.7575668391
42033.42364845936
39362.716905136345
39357.264094222264
42506.501794819975
39563.630817482706
39089.88466233764
40496.85975572227
39273.46201720968
39417.64499188312
38998.34480503045
39568.05753447151
39300.66055829127
40158.95238375149
39409.989483817015
40077.74904706699
40573.14341568957
39216.75743112344
39028.91414603507
39461.833674247035
42413.17058756756
39282.010921507084
39886.65756405326
39702.15091154281
39631.96209990534
39431.06370008375
39157.46785234218
39317.141424669775
43422.58777098798
39136.57574532301
39437.87373736659
39308.34808399715
41748.81464233871
39708.91914215255
39295.75425439804
39427.62820386988
40323.35229225081
40000.53966277101
43199.60335110142
38903.86628653005
40511.33834427621
39297.848899650264
39043.16818776111
38901.551193633604
39581.58932552819
39619.984912568885
39629.33846691239
39626.451953829215
39545.30685939097
42100.16636875218
40636.798416902
40615.11911400583
41608.84757454637
38913.37909245666
39082.2068527375
39811.05390333352
39486.49834051083
39053.445937506796
39378.339817505046
39062.235961477556
39361.83768846275
38914.8898167744
43778.554197837744
40240.59833535844
39908.200262862876
41918.93591408169
39444.38847500002
41404.112718724195
42320.518820168545
42705.20043451798
43662.94898585794
43082.177406325616
39237.95447309655
39909.28846967619
42087.86848745525
39483.62494211565
38555.03847189162
39489.17856035285
39400.44337564802
39222.712304176544
39878.3160627073
38854.83939953214
39368.38003317649
39868.98314990874
39454.72809774557
39286.278178029585
39369.38597726641
39251.474628061835
40668.31731123731
38910.54484314372
38977.73501462216
39234.75527873193
38853.33556310881
39026.49997883863
39173.142920430226
39318.52837575902
38955.208307704095
39014.00656029685
39417.97489296363
39483.33970839895
39290.204767743446
39386.82219631835
39605.15802654653
39812.97129234427
42185.62971121789
39239.44464361542
39335.51793983971
39291.00001179854
39574.738449480516
39239.237039538435
40527.75893766916
39145.73792249976
39253.64728422861
38891.596074724635
39233.545641369004
39947.255475901955
40163.80509300349
39417.99660774346
39394.489866455384
39204.10190317833
39166.42290788934
42102.30000192356
39216.95285499871
39487.05287818687
38960.55222816731
40994.36834125288
39216.358889051524
39282.47430945959
39122.19042973125
41031.34771418887
39618.2959509448
39311.03185309104
43813.23233636606
39445.640258374784
40257.36794509363
39005.22578864207
40175.77899583788
39791.16942530829
39038.02959248096
39243.10969198927
39324.18929561845
39271.741195792085
39200.727519083055
42904.698102481816
39435.594883000136
39413.67789884264
42102.12247979275
39067.401488647345
42574.07711187661
39263.81837725019
39171.65478370159
39395.41919875091
39367.96085811533
39107.57353547098
39346.98532869204
43025.298550883694
39460.39524302956
39748.786598732564
39548.55671208596
39702.4470244679
39437.63640319899
38988.2199764084
42283.825301514116
39390.767914932745
39027.42449275752
39090.64362469007
39622.54959792977
39003.15959634096
43156.22687768711
39341.62732385543
40432.12065256493
43098.37706373614
39525.58036429194
40204.35974032499
43505.461176467405
38890.9429119722
38980.75208714547
39054.64096161549
39057.06775391455
39734.162873938985
39794.571659987414
39123.90765410331
42951.50194747279
39232.70521955099
39134.36026958692
39242.71292029336
39185.58598381366
39707.00076520412
39643.910986562674
39504.63523351666
41564.340883491495
41479.81969105768
42912.622837173
39008.20475889346
40772.015986141334
39062.76857458364
38854.261675038295
43195.10037562267
38904.319109023825
39053.69638848457
41561.82502677386
42804.32392064416
41420.985086356246
39421.54158295326
40313.712314626464
39525.21173650137
39569.12390820494
39863.18898492697
39275.950406732474
38904.46415540146
39065.74236965874
39336.863007135784
40059.68115759624
38830.066446777695
41696.20283702739
38924.51300992487
39223.574498091504
39601.27216544556
39191.9170872296
39475.286784829565
40569.04446155435
41141.68328529542
40123.7174939849
39317.69539816049
39194.52457871777
41605.97670087991
39510.84572663354
39198.64748418433
39225.57818960125
39756.8302478373
38925.422377209376
39088.66943737128
39301.254151280016
39925.78496484072
38965.197672589056
43379.17132136373
39656.9940437531
39481.25140078116
38878.20988624274
39132.305920804414
43226.14029829906
41424.99793546521
39567.67336255081
39454.31670729049
39327.4597739435
39267.35581456503
39539.14804515968
39076.93652530614
39357.32921311314
39046.84482537895
39022.02475274303
39079.384210402524
41648.8062568456
39229.26553645616
39570.1845799125
39192.131723644765
41308.23631915198
41911.054553990885
39264.75452085572
40006.62577950278
39323.72164166
41427.99249752643
39229.22283171837
39442.268196494275
39607.47266876208
41386.14838513759
39341.58609061242
39109.35152930468
40652.42179652293
39593.33173853362
40520.270218687
38968.49615814441
39615.25593604616
39944.3299800577
38938.07182057544
40094.31497036863
39079.426312055744
39601.18840464699
39634.27965056715
39318.562551653056
42043.66418518197
39512.11723150215
39383.25214726952
39159.35457701042
38807.073360057635
42259.59850546888
43487.18851626459
39416.18649722194
39056.71148078368
39405.40221285443
39288.272794177734
42014.65026180675
39554.915240838265
38912.06073661352
42399.17111747296
41426.064766084324
39022.708234427104
42148.79319919132
40914.11445704264
38892.24802924045
39085.62196704878
39153.128476682934
40691.53623702422
40076.97368584156
38825.72854481556
40329.43223369004
41555.94831015942
43398.121556044425
40915.76646465142
39397.822158762385
38865.887980095
39307.161400572426
39410.56876294299
40882.71533115627
39183.32046350735
40338.41299257528
41432.29769318964
38455.07986962329
41625.32591859703
39429.49499172817
42536.80520539922
38932.1508227927
39276.271769296356
40178.407757890476
39815.00699584887
40744.34040082895
39143.97921102606
42245.7281052385
39497.544608610464
40234.93298060587
39443.15281743042
39175.37308144838
40070.3827653204
39706.34714809099
43710.25685336822
39443.654135215096
40833.312793279314
39967.093873497564
39179.21641077205
43417.51590450947
40788.03017723175
39340.12470438655
41452.951537265006
39567.233092634
43360.57746974138
39841.92082796962
38860.97943166842
40786.66666147945
39282.15180444372
42130.13897484602
39140.552826865445
38960.57469802495
40219.01097193352
39127.38953207781
39341.37830131282
39449.7556761654
39987.1670296602
41889.33812249715
40900.92310090833
39483.926073611685
41662.384101336465
42370.64871609914
41564.08143482357
39650.114485090264
average revenue:39983.134071285705
possibility:0.128