38938.44084640934
39206.80566234516
38945.23542187351
38981.274520230756
40284.93797992368
38758.24717026221
38722.222570866266
40052.800581033836
38730.525794587134
38824.7203158876
38717.92943322011
39001.055336574784
38704.81538996977
38875.202200451175
38743.65445448054
38596.59906844681
38733.63343271347
40239.504224885306
38946.25508904763
39102.01605303442
38720.017358106736
39336.64024251857
38581.97662804061
38855.72373245184
39029.844283643
38921.01400649718
39789.47866883342
38862.81409940308
38929.904986861584
40447.97298807454
38707.96043034428
38719.57024414094
39263.70006851073
38720.53516290015
38867.57523276293
38771.66880060333
38960.614599004875
38823.77869615307
38852.94299214115
38809.93307179169
38780.87231346272
38793.66531653314
39429.160303250945
40314.159877751816
39088.137637128544
38749.36627599474
38861.78257689156
38921.44118123744
39141.344610660715
39128.359157890234
38528.67191174319
38690.40648925651
38840.70008407676
39450.18383849226
39262.53663010192
39902.25487310189
39097.97349382783
39901.13768617339
38840.85316679723
40104.46709933458
40579.80194931877
38881.107894449844
38809.44166879478
39930.92452125039
38934.46917945502
39583.48921721225
38719.82461753214
40619.796232139444
39025.6940355518
38856.656433649
38844.38902807501
38546.39364812822
39122.18237726325
39995.78966476315
39231.097013527404
38861.15468748929
38731.558291463494
38932.84923018887
38722.93140627489
39026.539791200295
40001.351525171915
40282.9394434696
38636.27561784968
38980.61306974703
38745.83115443346
38805.06409202174
38993.66881200923
40368.521286768824
38635.691148583894
39025.235791639236
38726.03237049421
38771.68748752711
38769.013571851276
38875.363047458544
40592.37066163298
39262.87510369227
38732.02496361748
39679.73138516958
38727.42553749965
39340.390323430525
39184.00107270115
39096.513547651666
39494.74697565106
39059.02215806094
38733.84669767328
38794.13182859365
40637.9769171115
38609.39066182007
38763.06283368849
38857.884871335715
38894.06116289111
40316.214504430056
38965.42516052569
38941.18212747107
38680.07548651041
38830.32401264419
38757.00367665273
39038.41340143735
40441.59854486674
39068.06251580264
39311.841467847604
38787.80928473956
40601.096763125264
40664.28388916649
38850.316810820295
39147.44234560981
39579.171036064145
39415.340629129714
39121.040710114125
38847.005930237705
39393.96404230272
38850.205120212355
38732.74945494643
39303.58686671173
39070.59963301645
38948.66306998477
38734.857396078194
38955.54151031585
39755.43024544507
38890.45536432206
38869.93202692135
38870.67243154661
38821.492191591446
39016.51962304573
39178.96803337811
38986.33173108317
38907.84680190279
38797.50045644133
38565.50253724099
38772.027320556255
38979.701258836714
38923.16181152841
38837.8140205192
38725.50300996926
38882.972440258665
39019.80348960253
38744.50491610477
38786.8520628395
38913.704906729516
38759.56606746338
38854.784046201
38867.292035166174
40016.929529304936
39231.693639708494
40451.088567755876
38648.73802368046
40310.47408014811
38822.41972225508
38807.57233813277
38925.48115862571
38854.010910848134
38784.15926140731
39837.50333947828
38899.7183316177
38966.9078485321
39616.425159032675
39321.249848073094
40331.202241987725
38761.45111804755
38848.66335286371
38967.75012234315
40204.97533441303
38841.72112354431
39001.04669101937
39702.07225904949
38876.30895491778
38744.50872460889
39305.21578923266
39719.83729334105
40550.70330733714
38728.08228283432
39441.06139295261
39075.59901041902
38624.4247902592
38985.74923568945
38714.06126408104
40032.85723916323
38823.264013104985
38833.93888955063
38863.19836674618
38849.58344811699
38919.21860439027
38819.87785286438
39754.15916174028
38457.61305387694
38759.39222470077
38557.790451951674
38953.443693108566
39167.45008594806
38986.432500282914
39141.55140735465
38446.471931271735
39190.70264727491
39649.94300421575
38776.65840150346
39704.711127379356
40544.8160893024
38851.02789123312
38914.53418063065
39061.772356517016
38619.719523228654
38586.21853422232
38922.913074623946
38556.59176483779
39437.76732716926
38810.40653820991
38950.49043280534
38712.660046752295
39050.39183751682
38993.164951428385
39063.070472771
38836.5375104512
38882.70672168026
38962.56115790966
39032.83810298259
38952.02711559424
39126.337370227826
39154.093041010274
39020.554358492365
40213.89369399902
39120.36771421052
38532.10067951298
38962.0651119804
38836.86716851886
38803.032264560716
38733.426266752635
38904.33765719502
39693.55266915401
38741.33622475119
39192.57361892576
38928.55022320947
38738.04433530985
38764.42815798646
38831.927155237194
38490.71823328541
38875.81613024745
38858.53727796512
39008.90497766662
38922.24974408105
40309.56345849537
38876.96770771328
38739.56450136789
39012.68492527513
39017.7006396883
38970.900853037754
38749.63909202049
38928.899221341184
38931.88680376367
38559.07854349092
38847.6247498628
39964.8818136376
39360.64197394477
38884.617820636115
40504.65477409854
38741.87202179834
38886.06197965066
38687.40502262788
40587.02506270856
38671.219371661486
40153.01478864864
40037.166411325314
39014.24620851503
39655.61911768442
38833.73533879493
40077.45371730222
38879.68082926722
39167.06565743552
38997.46626140433
38890.4791860283
38553.79306182818
38900.58386106427
39061.48801769163
38648.64650245174
38681.51268530958
39620.527354992366
38860.404473488656
38908.28170410933
39118.360539627465
40335.533855233
38563.41528821336
38974.70669232965
39097.47413073361
39603.802019036426
39479.291047122555
38676.13761085644
39150.390858456994
38883.62339894101
39031.57579425911
38967.12569915652
39644.270074522436
38793.34958044678
38886.04112794852
39011.43988065225
38739.9790669944
38976.21105420362
38790.091868007265
39076.3071479751
38897.885563860094
38786.81951770045
38766.90124918972
38694.6829380954
40359.73951894663
39011.53961143268
39066.36277288661
39130.174236411935
39237.91157427918
39075.380425453295
38864.18128646321
38929.29725008279
38836.9550894169
39032.80069977659
39955.803216330634
39040.13203748131
38692.95207113766
39647.95729440537
39123.482814284034
39287.09940218507
38973.095647337956
39062.64702203465
38709.64143519451
38728.48926007814
39645.70640177932
40215.407508554854
39086.15848298508
38903.035379983856
39061.31552774432
38754.08013696887
38958.050164967375
38879.98098483351
40095.581787458745
38462.64175207068
39000.04432619997
38659.28320299751
39599.154042886476
39000.108306961636
39040.288729636
40062.9204309282
38684.48713284018
39076.102073431524
38888.625877406805
40478.45736066539
38514.38809543157
39677.7219462223
39283.022635769485
38573.50087724728
38649.032035101416
39019.42581807541
38928.757123740055
38832.44571370638
39023.76399867448
40168.85745519496
39004.99364218051
39029.39366378119
38715.74930002302
39080.995381195244
39100.507292001836
38971.28180260647
38563.715695153915
38724.12049231658
38637.23283406192
38979.33884348534
40524.721540486615
38759.406802124664
38970.628020905366
38836.00394706508
38868.590927102865
38860.87322099404
39006.78850911285
38775.87960695714
38956.612275984946
38889.05776197872
38981.47165627394
38681.4556233118
40254.975183786984
39432.34224341666
38821.32403999866
38984.990355647984
38819.18035484862
39219.84804550923
39115.422991293744
38929.95718702942
38569.37349326069
38875.70082538546
39057.56777635997
40441.22535977863
38850.053064467116
40433.57037886815
38693.39898462029
38668.782579518826
38990.318507559474
38670.60763972794
39222.45299394081
40566.42956207864
40032.73111795711
38842.39352082024
38577.21234969989
38650.11599228332
38889.95000793867
38869.965240169775
38904.63463723675
39449.19481986512
38854.792760536555
38638.53719339929
38827.50350404815
38780.30789315305
40156.62901511189
39633.66271922213
38840.226498017866
38954.04286548853
38334.99521293975
39116.12217305901
38660.84366467642
38938.250024334295
38798.42182380466
38628.21302136018
40174.29840188758
39029.58604782676
40480.661594953126
39010.60181529532
38813.00737259663
38771.55447949235
38596.47638920705
38970.22645600412
38903.78613325723
39120.17685853333
39261.875140918455
38950.03428435149
38958.88866615032
40612.1275458545
38814.57669886811
40153.157087154854
38865.63422034226
38706.33519680095
39005.49975234632
39537.262784700346
39083.36092173965
39933.0550002689
38504.7953663028
39621.551494919375
38556.967131870995
38537.06160729656
39035.39348231236
39063.499985764356
38824.40005574014
38705.29312025324
39047.61024047454
38900.806655344124
38894.11134178893
39207.64749329304
38644.4403991197
39087.36427208543
38689.110744128084
38825.99130124371
38986.412085096585
38915.72015043811
38745.35063460819
39104.096579511664
38744.280769279714
38913.33214324625
38952.76873835995
38989.40090597295
38627.146690320944
38847.634137141846
39014.507982310104
39272.807205375546
38840.020988231125
39879.714394282135
38828.6542730874
38830.988766008035
38900.60840973701
38604.61144931511
38670.81405847524
38529.42460819164
38754.656109317555
39252.94070008432
38734.30552862079
38931.80328093141
38990.05783646846
38813.987025895185
38849.430257138556
39023.412723211775
38680.41613016796
38875.70116920387
38814.87933413806
39240.77918191029
38617.535622375086
38910.874639389935
39055.59845152494
39346.2167993058
38714.89334471054
38705.9005667782
38614.91392172235
39057.4347427327
38811.98739811851
38527.549929198365
38605.98124084888
38999.668262760264
38866.4340022986
38533.962295713085
39768.8289735246
38888.341619048755
39318.93474198266
38764.912335398585
38870.872140898355
39403.033831037275
38999.65694949342
40588.71880142771
39142.51682978225
39965.102643389444
38945.13682962127
38716.80911146152
38516.115311353955
38704.572459634925
38961.690756720636
38914.71098335226
39212.59152392088
39019.668606906154
39103.07736452881
38867.85418165171
38860.81822877427
40057.31769784607
38592.45809715202
39411.16482626751
38979.75138742634
38758.78207328715
40041.083971708635
38937.9615993664
39856.91108581817
39037.94378656421
39336.04461731817
38971.483985749735
38718.42354751143
38971.0056701413
38589.53070087331
38845.35260137472
38840.705833963075
39385.636820723885
38808.07569859744
39168.53118526716
38648.166731232595
39547.47466631312
38848.77915158792
39498.477159715854
38965.02290537526
38662.347380238345
38587.59026904412
38693.53397905844
38703.176275308346
38781.894751265834
38990.393879571035
39098.826389216105
39528.07264844743
38894.45220369628
39777.99547367396
39098.10942042432
38819.92710271622
39145.06436588404
38845.66763862741
38847.3664488417
38953.419953203666
38999.94068043865
38925.5846332135
38835.77193857915
38498.92761985347
38551.19943129029
40406.09775048807
40210.38235764061
38993.62785000571
40524.16574976852
38886.82848444594
38715.97477368242
38520.52459950337
38984.48078881495
38682.245805439925
38700.258898289685
38884.678048060814
38808.59403305104
38876.445486047545
38725.38182078107
38786.292354804114
38907.72337154837
38837.5062220909
38936.153338803066
39076.8117575128
38807.85288297653
38665.04956052444
40461.42246239506
39569.51767420122
39182.130780550724
38904.907364205166
38595.21579939704
39239.68640276053
38548.30426581441
38771.20346065799
39010.88652045727
38733.99860674042
38992.84342571263
39061.464691415495
38704.532135793124
39119.242128862265
38886.57407345562
40599.40901829115
38731.31825438117
38845.64460913054
39124.66694089401
38661.61327170976
39620.11517282483
40421.286860127024
38917.37931084526
38935.39026124039
39631.95781294634
38756.07299150777
39050.5319340688
39718.88216567925
38795.27868892018
38795.77212713685
38808.65233810752
39132.00725979968
38841.4720885834
38809.63615760892
38658.33179549023
38812.428624397704
39357.34381540312
38962.18569547159
39050.869797962565
39104.8779845369
38989.50710882131
40448.20363598345
38856.76299413516
38783.19161445529
39082.94434109539
38750.73666675225
38849.60896069203
38959.45632687469
38663.36020631131
39944.31859194052
38930.08278388156
38968.72798999814
38811.30850582901
38969.68460114891
38931.448948584104
39105.149383377495
38866.719745827395
39313.84491446697
38779.9919405621
39197.28248621922
38989.42020405455
38882.63761952986
40170.59241069372
38644.81953137988
39110.2985849697
38902.301396400304
40193.692670465156
38829.711706749644
38739.99921552534
40242.595131660055
39815.70739088354
38836.23694064569
39448.33401288186
38874.73066092933
39180.39577950254
38782.41622979879
38614.56428582594
38905.3827434992
40660.46951277298
38833.09989059379
38834.8489652116
38667.04449985878
38816.76806552846
38709.79189154744
39681.12797524764
40768.2745037963
38755.708384870595
39946.88397170952
39250.71775705528
38786.01989329229
40561.48653639249
38864.860503798955
39472.534415254195
38894.19876550488
39068.459718442384
38766.1269779133
38851.15235218762
39131.80295858416
38929.379218378424
38508.94400623973
40105.66571389058
38778.574349967916
38545.00754892415
38963.5494810563
38914.731939414094
40563.40459821037
39010.423273585715
38635.13827887816
39127.86246426072
38603.8868997529
40634.95133579563
39648.01070488269
38785.42957682079
38733.6342182367
40426.355403281006
39027.725494900915
38750.89864857457
38885.673268608756
38929.41879110073
38703.61185420609
39767.18524043769
38598.702521413594
38982.809121980885
39163.04055401698
38881.39436754378
39150.037882482335
38687.733215814456
38763.78857645421
38835.903566501715
38825.93007429373
39085.70233396716
38764.24073919502
38710.67033352633
39895.3995018766
38814.038706898325
38772.501818761
39937.3354482238
38767.21242788381
40526.94128140862
39481.31818665623
38983.24655047138
38607.926427910956
38870.59724257298
38713.064616463744
39006.42769829566
38838.24932052881
38569.42599975644
39034.55465753096
38884.95845346944
38645.09038583909
40569.457077048704
40381.582268877806
39011.621317601275
38695.700051487845
40344.3140089999
38683.94398742735
39051.59107494725
38955.08676444543
38678.057884644004
39390.32530232371
38864.41030044578
38710.39044528047
39022.604025426976
39179.33212264516
38848.17803071611
38590.45923846178
38844.57468472579
38930.59878557533
39175.32480963004
38869.67255012597
38902.71822060536
38906.763402118966
38644.75289653971
38755.03299682438
38797.608847743926
38949.42319996363
39270.01488167726
38644.23589943386
38751.070160616044
38958.02275355536
38836.49256464057
38937.31755622575
39027.90916704401
39466.15155723221
38940.71512357809
39148.760374082856
40055.60449371136
39790.21480591835
38483.751407577955
39901.925961099325
38715.52510718646
38960.648580339956
38870.458244738395
40545.339784156
38751.38826063084
40219.79009470107
39777.73292226841
40182.769342483254
39944.19708527368
39053.529067523115
39063.59194454834
38705.55712591808
38698.797485245355
39018.823771973985
40053.31815376603
38334.40366999308
40455.12208409566
38738.523488255756
38877.753113555686
38773.150053430894
38952.18424971149
39045.374526969885
38759.28513008579
38711.24558940316
38767.87684494702
38928.37260650652
39238.04534697184
39292.27729457881
38827.67411413708
39111.71473107854
39261.580600625
38762.419130914255
39780.635687636626
38745.74342973674
38884.889533530244
40304.06288427325
38999.16121821139
38819.601104278816
38600.39923436854
38906.99453942868
38855.494254152916
38962.92109143397
38879.45195713034
38935.15295814097
38811.54297446636
38642.4657593226
39125.18215936129
38796.05692347388
39011.203689213515
38832.39099064412
39148.4299924037
39084.44440788434
39128.7186395232
39139.140739841016
39019.20943724414
39028.440249868094
39710.24045375263
39130.2518441308
39745.18665857811
39238.49411489238
38735.127661206556
38868.573505975175
39044.655994934095
38898.097599088724
39971.82568497928
38878.408369854835
38950.88590734651
38772.080691094394
38705.65185461238
38570.07564698403
40304.298828940264
38966.90421510412
38815.08107813634
38989.79599258066
40462.53360516982
38992.79613123111
38872.44736985046
38551.00550024178
38928.59086783323
38763.91245484889
38760.818677485804
38937.206016933254
38937.35154773526
38941.07221824601
38877.604502318216
39112.433886327686
38735.004472401066
39594.040531134226
38714.17968554108
39049.32542538177
39343.624074609026
38873.79224822898
39035.12828390033
38581.645079609596
38956.78397831725
39050.31423361233
38977.96364560611
38883.264819661774
39048.867135910434
38989.23632454307
38840.05330959967
40315.31972284734
38948.63478747176
38799.633267774814
39695.336317377645
38524.67404411662
38923.98823654996
38543.875028673654
40345.003243295985
39062.51136759986
38679.637190755275
39007.10393242739
39790.6694630235
39023.25021750846
38860.38116390033
39127.49661965391
39069.554742127264
38727.01308126841
38719.20730577382
39058.09570366635
38945.022515744844
39690.58486489066
40133.48111346839
39977.22567714725
38920.22037124989
39124.054238503624
38699.36459379347
39442.183872558766
39967.32004470173
38790.31352100689
38497.40181418891
38826.42299629822
39005.39131724274
39070.33330455747
39320.55698086393
38814.891608529295
38618.32042528351
40198.07863699378
39039.13291394637
38741.45289155591
38874.01465206335
39119.786459032446
39015.76474496458
39096.127061241365
38656.19557986485
38976.766342902294
38860.66629471207
38961.6031775808
38863.43405771178
39412.920334454066
38802.29587936246
39148.52253768004
39152.29339810917
38878.783165212226
38890.70091808395
39200.662031595086
40283.28074308304
38936.56937466142
39131.9942616139
38738.892041927145
39450.660742188156
38884.93822848156
38942.40407479756
39350.626700853776
39042.694834493406
40148.318352168506
38736.88448794358
38838.18834696078
39652.54782946677
38767.097173099064
39056.09252353445
38942.90273143756
38854.60442600936
39252.50506852506
39120.76201704206
38777.216298521984
38828.82923110725
40015.91630243664
38783.79934397455
38440.305765253484
38478.456557704674
40426.92108253154
38756.80389045955
38765.9854645193
38951.146100606806
38971.98991629569
39083.67802541534
38758.147099534704
38989.25740959726
39175.44663512997
38676.34630087481
39217.58570380101
38863.76123517636
38874.440558327
39116.67558922548
39216.41717771861
38869.020336222624
38793.77325073977
39136.06548675332
38966.95807817414
38573.487819161215
39233.01216308417
39037.53940186359
38711.78394448041
average revenue:39085.68103517205
possibility:0.238