39841.651639490534
46849.65859153088
39915.924912411174
40633.74943677172
40276.70184207463
49754.17195733324
46243.81121363588
42923.919984923145
39565.82230211515
43204.56821271147
43021.02689219957
40515.512965224676
42756.87030344784
39442.095934621895
39983.74262215587
39688.67363997256
39989.69652422068
40523.39111833829
40831.33946328886
48584.165057872044
39493.22054467885
39989.568597685284
49689.35210229655
39631.26234519386
41780.62363634396
48296.49692951849
39545.365012927774
46337.397577554664
39912.52287818839
48177.456995020526
40912.17775656217
46458.303925451626
46204.97375912437
40237.59634688868
40624.10299547921
39747.295106856494
40805.51145344384
49705.595957443395
43823.99860525351
40134.717225715125
40540.38864734879
46944.168822202446
39609.62766118816
47815.71235717183
39839.183954038985
43415.034275809536
40926.513792317324
40375.23231986367
42228.79817786686
39559.2979761057
40190.82084867254
45603.040155599985
39567.7012192323
45164.65540443716
41921.085520095075
40159.28975613019
40024.503590781664
41707.68863882228
46478.75416846052
40229.5314738273
41090.50742857539
42035.73378648757
49397.45765892709
46293.84973146998
39970.594134456755
39945.45265092474
39890.96603581919
42916.049192232975
39990.475303755375
40594.285070584796
41604.451985967215
39997.36006513074
44953.471020834055
39793.024529215676
40107.60735179656
49646.08128172217
42722.275927987976
39882.64826451789
48533.89229290692
41541.67833909303
46668.84312227827
40236.75430595882
40142.63722448981
45360.51699385225
49605.4062457635
39567.03252149277
40525.93736980677
48689.19994737976
40478.33036889111
39880.0933879367
40058.477269112474
40113.02125631076
39427.52044011884
39601.455699578095
48449.83888189813
47390.758462029036
39754.1809370412
39155.498310570496
46934.89724821086
50060.386699561175
39737.73076771105
42124.23870870829
40189.00604183183
40820.17055683232
40161.76745391025
40871.3760028761
44678.25674601137
39437.11850855087
46191.51273070754
40836.698317938855
40438.436375872065
39964.161581824366
50072.94956596085
40083.65220276462
43890.36603601423
48596.83826305478
40089.3161371226
47772.3294358452
40814.37574409039
40114.94797928222
49922.099701838204
39554.18606045818
39633.307891651355
39398.118623125534
40518.45063855606
39546.26442212487
40542.800001490075
39475.202028529784
40218.05035391302
48756.61045311887
40486.33171389729
49648.05765759746
40314.710396315044
40561.670569905385
49054.66987862083
40111.0401721611
40680.46821050554
39905.54312680475
39803.86964435913
40472.39679919433
46383.81697533512
49589.12949669888
40261.974970317846
45169.73883940159
39780.63019821126
40039.28523013709
47237.27090512366
43976.50389283616
40587.17138272273
48296.77916899017
41355.12067652594
41414.13727234946
40597.00596807828
44619.80666794942
46615.15396461261
39706.4468862262
40676.92072861544
39577.96778649604
50159.35818848737
48095.20315418608
47772.41123547496
41233.848465433846
39223.177040570015
39652.63391061489
39868.05693027297
40756.94004337221
49556.89355884942
39679.736633113695
48031.173972634155
43714.30762248534
40533.17093778343
40970.083245137255
39721.24560600143
40204.178870973825
46203.83601109508
40601.80162660181
39863.18288178912
40663.45440012005
39962.704838449754
44372.83334771513
39098.22004651135
40057.43040957881
39298.38054155233
42462.660755681514
40180.463566073726
41146.75040651089
40128.65657539884
41328.709940588415
41973.805128809596
42511.34997109262
40283.47202135595
48984.811276540655
40133.392404696446
39835.28678284269
45489.033229001965
40658.579510859614
39831.70541088738
47249.73437768758
49157.547844594126
45322.23199179401
50107.96120861334
40852.495666121475
46551.17227399772
48348.21408299664
41133.52266913196
41053.825098467765
40643.92633650627
40414.87447807016
48728.43475209121
42963.40682082627
40284.90377492009
40226.011391497115
41334.78994721313
46694.84731106279
40872.2638907984
40674.29079756368
40153.89106914421
45543.43774916597
45842.505853560855
42338.748838789266
40402.2331912663
40010.518968174874
44641.139758069876
41032.613099274306
46136.343230564424
41082.136262379216
41015.893863302175
46435.78657191491
40212.69504951347
40233.892844897244
40112.780482687675
40805.79355994308
40463.8964544497
39913.745264658726
39544.69763891793
39903.9754389647
45775.82158154669
47472.245721804065
40088.931760955966
40300.96389458369
44674.11522192041
47134.62970057355
40345.29296760612
48919.10991918718
39325.96925917712
39616.14560635216
41122.69088647146
40110.27099262726
43223.68981377862
42804.86360719321
40738.12702959434
44323.526876427335
40072.59168570992
39949.275236872105
39969.18190988642
46093.97714372384
40671.019499602146
40869.572978171105
46532.329948237864
40117.34241471343
39966.42843739701
49404.11719598793
41250.754706048705
47375.44579865434
40266.506763072226
40582.444471914794
39802.39234754065
40151.20143363673
42377.3001770556
39965.8135271818
49306.41931758747
39997.874703158384
40358.43468692475
40084.88946380764
40717.10222012391
45356.96232208185
47287.93652616043
39950.17318579198
46820.92856682719
42992.861434057304
49061.491590400205
44030.59023689944
40396.62017305412
49818.56165316126
48949.18553756827
40302.67167378562
40306.08114262307
39791.61396088343
40400.35798563653
40200.07256271503
41104.01362311858
45898.49682937365
43840.44613039662
40872.223252100375
39981.489440965146
44155.81574067898
40031.10277777774
42750.47514717206
46534.8855689928
40915.09217508029
40599.13228232351
45629.32516724138
47658.167191904504
49343.437085311816
39447.53984637013
39968.25893881637
48333.66877446794
41609.58985993939
40289.77654428006
40046.36171947189
40408.67573431173
47919.55585312926
49823.522009133674
48661.94499074592
40787.61723080766
50262.83235200086
39963.29749232179
39724.870902045965
39656.86260365008
41112.41551592935
45007.514442579355
39898.841624295186
40929.44878377814
47395.30297361872
40118.99248968134
39941.62611503783
39909.69456623007
40792.21051788437
40175.586293915934
45549.51447047272
48097.85142220924
45267.32476623574
46333.34228207939
40605.11004686616
43269.661362928375
41014.24029343482
39917.39134457382
47691.13496561715
40090.857412967256
39672.243899089175
40955.999318895876
40670.15375302657
44494.682075582576
39792.66178021189
47000.76467429954
40942.099989280985
40434.24274652566
46035.14389419082
42328.778638547716
40987.04358300768
46654.46444483083
40098.983034379344
44874.34876697544
45279.77783879576
41168.63674086971
40209.103475464355
41195.47306203961
40124.67584033036
40813.31233966947
41656.25020369874
49154.81017074962
41626.31427423434
40661.60896248224
40154.569983612615
39458.097080732834
40452.04830622608
39623.03458785803
47812.605452727694
41602.83499325
45401.03187639835
40729.08961825091
48682.244998965114
41417.348103932054
42858.64616565251
39662.11274297475
40576.36541617736
40173.516886959835
41357.50453446398
48491.2166307075
46447.83205262617
40209.71983205744
43813.877320505264
39890.23373753628
39424.6169669312
49859.78806468354
39782.0146920328
48173.215223170555
42954.787918043636
41342.19061334247
41841.46028996215
44875.16194510331
40718.89084453364
46574.39212853921
48826.48824897856
45797.139713616896
40877.95017657072
40666.60117825495
40404.36674447479
39637.819188092784
40549.11012465493
39786.47351495632
44289.953442748505
40597.167875042716
39604.2509039951
41011.00540690556
40687.15397191181
39697.49869949947
49140.60182557665
40242.994444859185
40297.73982970693
39856.75050072921
39926.455756017145
41952.255848914814
40674.89332135829
39973.530186759774
40298.79478723352
39936.3010048387
40223.365962413234
40541.64014470405
43864.841929344046
39779.739821022806
48311.57189583914
49777.370094854276
47832.04039336562
43578.92210449972
45213.015235495775
40010.01696173121
41129.33074079488
39378.91477670484
39391.646553579434
43969.8365326719
40330.02184230113
45868.38611458084
40011.32901954898
47942.48620983615
44422.99592474395
41164.323441214954
41509.42382913317
45461.95935993149
40358.41798190706
39681.89362887725
40196.83638757335
39820.20243227926
40327.19783060399
41836.139663583264
40958.87070416492
39693.51323916938
40341.219973321786
46402.44771475644
41438.45058552775
40087.428506324395
40154.43144045925
40605.43149296502
39275.790489057435
47223.436324295406
48614.09988467686
44562.86987657307
40026.79566836326
39988.42825939992
40533.19644378925
39743.47734128789
40671.052964456016
39271.942472109746
39782.12066213649
39815.4332068711
41164.32779475422
49849.22718841715
39665.81949336675
49038.51194108987
41562.7727379313
41230.32274830938
44566.11346967742
41132.33523316799
39532.70645586477
40183.38573628311
47693.68353657559
40297.74404770431
40025.56321160684
48387.241386594396
40144.49294142108
40445.6890336274
47699.70165111202
41117.360932097836
48783.970142630606
40373.6051593488
40104.10355787219
40198.98972675938
39798.67082857517
39806.82590375194
40321.66456128581
47702.124021768584
40343.919486895524
45705.42047576702
39993.82552265575
39854.10747666176
47447.20774236559
39898.608315370264
39833.60107015176
39210.50871566259
40550.318563547735
40855.8876422682
40693.51989611488
39537.32992757685
39992.46649071066
40507.26386857106
48242.65775543647
39689.812981514624
42262.21491178018
40432.84260704073
49020.620401048945
48127.001281530895
49392.52452441796
40186.70324969511
44898.7670106936
44301.711046703764
40092.65016028618
39406.37380526862
46474.930564122245
40458.54356477728
39744.04855545261
39841.18067676174
39889.84862423243
39653.63638391043
41886.01455350728
40190.07990616984
40203.97004779161
45403.05596365975
39249.70906196257
40792.14813119451
47527.75121402897
41452.65749667498
40445.07688517447
40767.80318789841
40054.39997804845
40245.03904392855
41304.50556581667
40448.74960940813
44312.85541376319
40194.696031884116
47376.09439367647
48849.77904034174
40409.94798937971
46622.68956936955
39563.42877622466
39699.93358905366
39416.53675210328
47429.99085278952
41413.65826020814
49665.50814879312
40906.54530527066
40589.76595559195
44526.07104165737
40242.351864520875
42729.657933170594
47834.80699282169
48224.27200700398
49174.482205502216
39988.738990994745
49434.15084647199
40808.73095223296
42549.083888433095
42328.104989634485
40454.402246805694
48268.33030340983
39841.61757425185
40002.408597441114
48032.18917319854
42867.40826614905
42874.85122403718
39763.310161945294
40080.1783477142
40183.016257960466
40840.606649923204
45563.5263090179
39678.47104434803
43106.81768436966
40282.67581491388
43677.98965032001
44772.317991121
39880.72473244095
40552.65896970713
48690.19811383142
39593.78198547468
41331.575620645686
41219.63281437492
48573.46692521321
47813.237701711456
45817.651477002226
40433.74936244897
40749.90667618327
39986.72227805124
40476.780122982214
40638.00883530203
39465.98387232631
40137.10497574681
39610.908444595625
41749.68980930459
41952.10229581419
39870.81041664082
39851.39822490219
40257.7433791283
41366.05065263434
45825.48189374411
48203.59381106817
40675.11279356372
40053.15336936458
39595.488423369774
42138.785179365645
45023.9757041228
39635.123174140455
40893.99149843022
47406.96265315957
40323.090621888136
39453.744170910686
39452.32190611494
39848.28684318514
48155.165413516224
40858.58181583895
39283.23959766053
49187.23560574247
40992.60653493634
40380.07178740004
46207.92487156378
41347.330912391706
39433.19119762061
40609.26352199546
39975.37845272636
40231.146402653125
40794.183138754204
39296.60646217616
41158.90312073556
39673.67361558547
39307.397676621265
40657.306839760975
49138.562171603655
40250.646258452594
39662.08994212511
42677.22702572296
40858.943077843775
49247.521566376316
50024.23772853375
43010.24193399815
39985.39634317403
41266.60340700967
43582.74862772231
44444.76998206826
44230.05426208197
39895.678420693606
40140.44034475096
43559.07718763027
45820.34880997111
39660.50807310064
40587.45968359577
45817.168357498354
39245.40229517069
40673.73029929714
46269.85447268806
40260.34343019985
44559.98428707502
40361.10378003104
39907.95597867297
44570.44457380398
39790.47146185066
44070.23056447048
40105.91355684413
41036.99321960594
40338.64522791093
39919.44225579199
40571.62072461928
39695.44709922697
39575.792797756905
47544.78703750284
46184.79124558207
40231.23038932504
39334.688310500984
41914.56921430961
40778.05150123301
40431.95672195591
41173.77558968351
39508.7717957222
49801.0465852578
42470.60024299541
46341.0179767104
40246.31341391088
45547.193359733166
40661.98344158233
40072.45942892092
39922.70602717273
41739.42754483714
48070.01776465085
49584.40430018199
44573.463131831384
41156.67984943131
40243.52508862846
47992.700238506084
39433.32898737578
40483.33670031903
47825.070808551354
47286.245074002734
40801.86598555371
40508.87678912721
39959.00360835366
40823.1448562719
48441.12999235543
40308.01827765608
40087.3691859456
40079.7902437703
43927.571100203895
40664.75445308551
39824.312799691004
40061.11314546729
40070.006280613205
41317.55890399327
46361.34276704826
47499.19558064313
40090.14746179504
40888.44110094419
48430.101898817935
41352.819598243594
40030.6654977304
40422.29743665444
40010.724899951376
40437.642885506975
47376.595990914415
39779.918775102284
40254.84496149105
39742.87159701314
47145.30480123897
44629.04919028537
46616.04108368189
49668.263860518295
43836.69183386127
40286.96362251182
47230.309965634675
42144.192173846815
47791.27528089362
39885.29925875363
39901.429750720265
40656.81541653439
39870.09073166668
41497.67872904559
39362.12089754061
43084.071203809
39967.14324174318
40467.76531727151
39502.85145174331
40454.1509838822
45435.39108200248
39771.97925752488
39723.27715243914
39546.79241429593
40834.95378389641
47402.80037207343
40140.70070857623
44978.378661683084
40114.30515314976
44016.36981159263
39731.205884323346
40935.533521492325
40600.86964093722
42557.032538040745
46734.08096799483
43581.48777545873
40088.638661609686
39551.94184686686
39614.764559367795
39609.3755158221
49639.52480238202
40248.40016339354
47480.13954994833
40356.326470951644
41859.56503235696
40241.99523227482
45568.818712022
39529.277162717095
39952.73218622333
50070.73438729432
40916.63315655627
40813.84425400931
41150.9499619016
46820.25741776743
43732.98492362676
47074.541732535894
40685.19361429643
48942.66579643893
41048.413708024935
41212.7865207128
49074.07818570565
42805.455324749826
39173.00099570582
40473.49493570715
40223.293877707605
42747.49930686609
40990.72650258841
41685.40692502909
46759.58419782929
39981.03399471445
40159.56302366749
40149.3181943845
39753.31765217708
40717.16210851093
40490.818556054706
40134.77805948664
39998.40638933952
46266.23431104356
39883.62423871916
39724.91495128392
39698.328732892645
43483.41801125191
40328.0925947711
48247.19729337977
41466.87836281349
39352.90713841461
46804.018006970226
48791.39919667178
40355.26895102939
44244.76534251402
39477.58515031215
40401.91020604017
40491.4993958947
45059.86713162485
43133.672765892785
47519.483831986334
40765.77718789724
40461.48053675725
40039.808060955496
45499.70261725131
39836.75405696806
39678.61344769496
39309.37459539967
48686.38783402799
46607.60546709958
39824.13497462847
40040.33550510905
42841.49012235077
47946.83590729371
40194.17120647181
49782.108389015746
43560.20594939625
39817.28886422579
39906.43739979551
39546.31690332563
43777.88161562991
44255.24291156555
40454.558807851376
39800.199339355444
44059.18129023441
49571.75215057145
40448.73330025888
40068.045569454946
48352.09229072716
39919.80154902106
40426.7712757863
39641.861519006874
40832.894159161086
40775.938946881324
40017.435248399175
40721.31482008692
40204.37298104517
46188.27311320326
47208.037331544925
40544.73630550658
40406.510496725154
48379.92898960268
40102.49713684555
40201.923590649545
39716.39507333477
39430.676848935094
39291.91195354536
49099.568408077015
40238.55040655604
40046.454950364416
40890.98797597261
41227.108978393626
49250.63451468213
40092.30030819756
40455.20789765843
42847.575031701344
45557.069539582226
40562.18905950178
40881.88051046014
48135.803508258294
39831.35169731907
48474.17560934519
49152.97705294493
40504.38977035243
45344.35509383212
42101.573150078366
49076.56266659909
41922.82188792574
40893.461721051535
40541.74283820728
39423.31901621258
40048.36643827656
39563.02899310514
39551.8569744027
40176.32077117544
40704.5199699453
39791.263239930326
40329.018361835595
49968.06099585144
40096.78475275556
39223.38275793173
39797.4493630476
40860.30653754819
41023.10967212208
39327.24673904653
49263.45430699977
43284.99172484435
41613.32245640433
40812.838100821486
40571.62888274804
49819.968142176556
39657.323980718094
41364.32157785594
39768.71361697867
49140.12870408575
39585.08801642079
40241.47485062267
39872.714579508516
41296.18036128296
39846.488093180735
39953.148756903065
47757.62028262475
40381.12432450797
40556.58535092468
41874.96230471672
40994.46043562175
39292.18249359938
40358.09343952408
40008.146053007215
40535.72887800258
40223.61973752635
39611.35900320638
40318.79903889477
41575.226804355145
39973.96951310312
45742.8168355206
40602.39219128759
39525.34518231846
45192.344754721256
41195.26228143431
47823.900333169884
39640.0717302274
50023.70795220265
40347.91805343082
40327.00772781462
40359.74849220321
40356.23901842907
40935.74788349036
40656.241810417385
39743.99208070044
40188.348460086876
40381.59154990337
43237.33507532021
39930.667761620665
40610.84919529127
49690.34307467104
40361.27138613118
49213.07221692637
50348.584552428154
49930.30423649448
45165.27723044059
39454.96837160985
40402.19795386583
43729.31723462949
40421.02265403198
42293.822539874214
41194.04376748266
40433.13957019018
39480.009598689976
39407.68483386103
40475.34080952127
40472.279386797185
39721.91934714635
40146.85884425954
40047.870860603056
39572.34441975039
49133.59053234003
40194.26342855706
42218.898883307345
40150.19213891547
45143.69565146278
39574.80167151378
41045.031353307975
40231.28556646577
40351.20792990243
40045.118791646426
39867.063777162206
46031.529447906505
41647.25145193324
40547.32305096218
47191.19710647244
39374.217412343074
43535.62233141828
40802.99026937594
39694.975699929164
40045.16320675577
39538.97224373138
39489.342132464684
average revenue:42378.97876339741
possibility:0.136