39531.183347799335
39226.8713109615
39429.41605959118
41827.91328860157
39515.54859030936
39399.22226919447
43115.812365923106
39280.86205513641
38831.44286859853
42182.01976504737
39371.86303333281
39607.12788080467
39413.2011244989
39390.33774286337
40578.70765006015
39808.23842598164
39192.726541218086
39211.227569708855
41028.459233817484
40970.46431358856
39560.53523213068
39366.01475182937
40012.180023876295
38865.0087907592
39875.947281144734
44736.109957884575
39543.668159875226
39521.16658959495
39525.99202719912
40421.312623278754
39216.266950726524
39126.20445177326
39304.00414521135
39782.001212197894
44368.85959919913
39543.43787952456
43687.336286895006
39456.14857457841
44290.36463174988
39417.64829534689
39007.27500541088
39390.83400125283
45145.21106173536
42742.480085603565
44445.57191871361
39658.830525763784
39570.06212222548
42251.53877287002
40198.94025704658
39479.48674392556
39457.06829286485
44672.79070653269
39334.699854768114
39650.012790148096
40460.16580106426
42465.59382586419
39311.03179835072
42709.99629519665
39451.72545495648
40814.92428371385
39282.64602520492
42332.955230850064
39864.61192296867
39739.65123522866
40138.65329365003
39506.239077334256
44407.46464701242
44337.917613231526
39750.939648830084
44305.70048873024
39607.58087391613
44721.52735216236
39615.540343951754
39690.795376730275
38859.624902217736
39327.66054768094
40049.55696270153
39228.47346005582
39455.62225276641
39131.67972833274
43568.55177374481
39830.64836267556
39391.511114856745
44598.78619220655
39360.47620648778
39486.16219771336
40015.084467241024
39958.22194773056
39993.97843113382
39257.65325469779
39595.4436659587
39209.273326353876
39063.95906202859
39632.36025841015
40114.89037191183
39528.03815590727
41261.987118009616
39148.70746995081
43317.76088981865
39199.53923633178
40381.57680659351
39164.81843657571
41962.45347232819
39226.569807213666
39205.499830862806
39760.95952700444
39270.9574460912
41960.28078327455
43829.84668264788
39870.79443464749
41131.01100002699
39703.791489680094
39475.45952178733
39893.64812759951
39869.44990951334
39162.35838495868
43497.94518955866
39857.74258434141
39272.240628663145
39218.60779858792
39334.70432164042
44599.68514680149
39506.798312891864
40835.85818480248
39535.85580588971
40070.826247782046
39530.701759283795
44372.50399082195
43705.591009367476
43620.01790921857
40287.9307630497
39339.00975939006
39324.21812184437
44325.84618915812
39540.82128553926
39855.43666961494
39266.35153719982
40370.95400332348
41920.144570859324
39146.394927248206
40201.11810845904
39269.12686481176
39953.00041865797
39829.679304694175
40555.69538772175
39634.7141136391
39614.89055022405
39699.33940149025
44059.5072710054
42803.20014347119
39958.24772996127
40105.04460902377
39381.67187619792
39048.21841158339
44636.718980725105
41249.601294907385
41362.776138303285
42319.894403750164
39693.38076681809
39308.40942294631
39831.70408985384
39380.568035039076
39134.5356280664
39563.105720980355
39430.44153284953
42714.41221965068
43461.48152527883
39781.67258314175
44598.039746841816
39292.49436099334
41636.05029951351
44276.351692089826
39550.81814073519
42016.48871874261
42660.27619002868
44180.71287938694
39281.604549558
39462.21265449907
39544.24252417706
39377.20254414397
39514.6704713496
39079.522890996515
39644.72480106163
39304.07721276015
39876.072858297426
39631.503932761865
39439.75200034978
39609.74046121802
39806.98113368403
39154.62826992048
44752.66745234521
40009.78858679456
39319.892505602744
39147.63282514951
39824.19537928412
39270.057875951454
39307.92320816724
39341.03728600905
44034.50628402155
45255.94267364508
40779.84546591189
44352.22753745184
40056.880606667066
44647.174631749585
39291.80547872465
40295.166612771514
41964.41383152505
39479.51455627088
39948.1706716592
39019.24303982234
42957.79803215483
42265.05815347094
42218.95349666683
39231.22471146545
39219.19574408397
41839.85764120013
42610.58990435515
39856.48979653969
39654.01716573952
39416.64206623862
39439.454400541625
40216.53823618242
39927.71816886919
39547.94211898856
42167.54572782603
39500.7173426704
43964.59488668141
39478.44564878572
39394.23451796115
44478.99752542691
41742.66980212385
39957.28686908571
39086.54723679206
39692.55488734514
44511.81148196873
41676.75503436107
43534.56784350541
39111.46896172494
39960.92943733601
43128.60566209006
41888.702032207795
39338.1665257299
39320.514717766884
39674.8098633571
41814.58884955478
40096.46435107437
39568.85221269628
38940.110290576726
44749.88600405649
43391.400187259576
40661.53803364916
39230.257037952004
39719.910559630196
39437.47441440156
42867.75462452915
39631.28204960965
39221.9804711458
44557.562067362815
39229.0159438587
39823.29390634116
39113.62098332394
39458.166735240084
39267.683768179515
39934.16719259748
39878.19767317738
39493.16370010931
39081.223132870124
40212.28877329533
39826.125234035426
39515.311494739784
39460.22828979394
39242.039971825165
39219.336593410815
39402.14559819355
39284.38848440892
40012.76889108091
39678.111496538535
40128.69975484003
39579.77184748273
39906.16070640537
39907.069443610315
39796.122754961216
40014.48320269117
41949.6334133531
43594.02518088162
39510.22680765934
44967.78682378304
44059.17204103181
39569.854975774484
39571.49191668313
41479.86344634355
39636.44835505503
39306.72978779587
38826.93750837659
39211.42359034818
42746.26510564765
40070.77104828384
40732.84104498927
39510.76434732976
39288.448824069026
39846.63571736026
44377.89605083252
42551.41623936892
39267.58316277883
39209.99731227939
40026.3591298092
39174.87354851487
43916.12004453842
39356.863604782586
39294.79220759606
44157.74301879181
39403.34424431202
39466.62627822476
43329.68180027556
40369.921731438255
39959.33055965059
39629.21378693457
39535.239020044726
44550.83025870124
39600.643189160706
44703.02549953296
39187.329795985774
43954.711977233106
39690.00508173481
39367.16099203363
39525.05276533982
39575.79252584585
39509.49211149632
39534.32602962405
39230.63124514588
44730.860112177834
42884.95822985934
43794.728812811845
41923.834651005054
39939.67659834249
39466.349887466495
45161.907603102154
39455.78258148046
39301.315593411935
45118.53450528631
40100.96919247211
43420.150195477974
43345.696348106394
39178.03149128307
39384.823804382446
39733.72058200863
39685.901566095694
39370.59054663248
39613.976341234935
39246.08093047513
43955.77553868312
39116.945700382406
39964.993415798264
42327.62016038678
39975.19161094272
42353.35054324005
44642.90407651227
45012.934365814064
39762.79192170998
41017.98342638587
39046.30421395187
39374.24634390031
39758.867223996436
39980.507995048916
39447.875335278295
40127.95341064757
39333.25104674903
44186.1074766686
39385.28936317815
39563.11973088307
39364.64756547489
41631.20544799545
45207.604428656654
39122.00717401037
39500.57231163786
40946.73541728787
39592.279382095025
39432.498696220806
39691.608660452155
41814.51059256561
42720.34771067709
39205.82076410829
41096.151987301324
41794.587597991514
43249.994922667545
38821.71105189499
39177.4899008572
43612.77460011043
45611.688047569805
39628.287721852335
40199.29157327605
39166.54967876309
40743.99006737364
40097.73839625866
42795.73430274061
40265.867740759124
39492.24955833795
39409.64356713092
39436.730479266196
39094.90696446652
39557.863781219974
39155.60721576341
39482.20886341901
45208.048825372745
39079.74529803042
39722.31499862733
39637.26025028256
40760.37919024256
42938.102819434454
39392.37383551285
39549.474702313586
39720.94425084389
38924.82738308094
39503.67728372842
39625.22575993582
43351.835039483456
42566.70891852534
41959.911275723505
39224.18121912602
39875.171008355115
40262.78409657654
40305.53441350447
40069.956170823105
39609.64710170756
39364.18971517705
45223.2349685217
43677.636930497756
39788.00406600541
38910.187167053555
40449.167090991235
39694.51680316413
40571.131976073164
39205.940513287256
38901.91674130155
39602.25551802639
39484.53272679563
41475.870678090854
45200.52361945694
39927.57491669214
39727.02263199691
39427.5259384641
40128.8061676921
39897.715244708124
39345.92968078235
40010.22506519926
39295.511347963184
44311.40105073329
41234.23859291455
39268.408269939675
39460.87574172807
39786.265595637
43313.69644611942
42905.62897106232
39500.80429903842
39063.62076355161
38946.08482240759
39161.8541643136
39831.24688335835
40555.06083646839
39592.945869200295
39498.129010572295
40252.43042554052
40357.6549787931
41565.64166167546
44342.73550850704
41729.36032268146
39461.40837423849
41215.02577219538
39502.06153115817
39766.93801278308
39631.797833438795
39445.22658380174
39445.7433542878
39563.78113557847
39401.691860994004
39266.260033338534
39666.08885418676
39446.00807233719
39552.23604338584
44865.8230423007
39622.53660684185
40535.83317442312
39536.17704292386
40058.93150434695
39998.58022538959
45137.066891878894
39620.33073393559
39160.64699747275
39282.459000899646
40300.715891200874
39617.76719718866
39793.897881686025
42284.45031847999
45267.36025922698
45248.95172149688
43541.33256832453
44605.979470162645
39013.72321284997
40867.64051335432
39277.88615344499
39559.70979216997
39940.367217675936
39879.67965306318
39412.401102825876
42317.53494971643
39819.45140096597
39567.19127498032
39825.45679656371
44876.33390813583
43099.233228976576
39221.780863688786
38911.37702791711
39641.55760175846
39887.345736680276
39680.00477041835
40003.1587265158
42230.999224353254
40323.93303189788
40322.34331849057
39268.09866091403
39157.66008302852
39335.77480331508
39194.385452045455
39443.69532750998
40067.76181019064
39703.550910902784
39449.89611404678
39159.812792692705
39838.66542133877
40761.83922122717
39904.81880381499
44079.90599821761
39762.43438646127
40000.02173829953
39656.768176746
39339.81810747352
39246.69239700106
40961.024888895714
42296.97043154853
39771.45234059428
43376.76661131731
39448.0265001698
44207.54559576405
39561.87922130536
39322.53706613757
43892.86262314043
40374.04659389586
44190.89872219125
43118.57514555288
39023.37811937201
41119.916038376476
40248.24589695867
40311.26178260146
44443.05562694179
39657.07726045429
39782.94816624482
39199.222721977894
39084.43706978512
41826.24722009438
39818.19550433108
40294.82180148037
39227.16588273951
39209.31033871363
39577.963103615395
39859.04029856619
40263.181032931265
39772.99794387115
39787.57525707718
39969.67502540706
39660.65948117449
39581.11709830771
39035.57683254999
39363.94372605245
39665.09726395218
40010.33714710878
39937.513392650595
43731.619812300494
39473.502578523454
39520.96001959662
43177.48917104825
39579.982697029634
40169.51444497431
42968.69713296092
39666.57604767437
39789.740514140365
39945.432245706754
42873.426071814414
39888.97218899127
40188.27735266713
42409.67350724823
39276.182505011675
39191.12939685406
39790.496726254656
39265.345961219886
42149.28728125903
41527.91364719131
40181.35075436078
39331.96419382416
40020.877999081255
40643.364284753436
39298.70530632942
39905.05159494237
39934.93350538375
41161.5159385506
40010.325864385726
39320.766889237224
42604.795164848256
39556.11054910759
39936.4419741384
40206.06490252113
39915.529924893686
39469.91888007733
40363.32028649028
39049.94661776825
39370.15070453272
39787.51046618134
42986.46910778743
42613.13359133725
39139.83874649411
39819.942103207955
39607.39033499366
42558.48683688252
39504.63893029385
44612.53109142169
39882.68179134049
41785.33933171002
39162.93223060323
39819.08968051921
41747.23050564731
39801.834684016445
39469.292227006306
39302.517817849
39652.96737370671
39737.86570240627
45325.953231092215
44678.693501833804
39049.677627638426
44559.43998962551
39879.17291658127
39732.01135278813
39460.258713357165
39101.82763123425
39513.174361097714
39380.67609064097
39835.78606938443
39571.25609990046
39379.783980133776
44857.38016194481
39237.98991554023
41661.016975794446
39729.55174879548
43342.216071652736
39468.64689568411
39391.38944281346
43306.89341158661
39619.579473906364
39311.234104376024
39807.4924115863
43604.66714373174
39702.95735874699
45375.30656096035
44635.979816466155
39293.42006868273
38730.11762917953
39527.95807698032
45163.25004922026
39748.54897551905
43947.415837867804
39831.98128221895
42102.39130939981
41554.828024401235
39321.02521263315
39587.71295327608
39737.87521594324
39397.65973941647
41520.25119224245
42190.94578347327
43443.165620709326
39523.621828983865
39873.67884403108
39558.27125723217
44765.37327042151
42999.95986909654
39535.625623636726
39587.0241854461
40984.54361736741
43767.95225164376
42780.28233652973
39342.51985929781
40304.55526744174
42082.21261971173
39412.92148580815
39960.660960767826
43818.1668130487
39249.470628021634
39976.36866621391
42436.23207102152
39800.13983509418
39816.2473248864
39510.09396185335
39577.57900128108
39301.39805257053
39574.28875430318
39880.09620902717
39653.07488508422
39696.74782357621
40946.19880646834
39209.18412392069
39933.156479315425
38920.14580183566
39491.27420948889
39895.19690809164
39290.065831241314
39452.100785484356
41399.4105888552
40758.606656350334
40008.536131785615
43838.96381087582
39406.955425613225
39450.43870635395
42988.944404242146
39460.51243019291
41095.830452722286
41296.72195057186
39568.12378414378
39217.81102084118
39968.89869566803
39927.32895082582
39672.483649872345
39431.972686785586
39406.827157299995
39504.3607774655
39330.5416801195
40229.28026998928
41682.821394445884
40091.944698392625
39866.513114817135
39834.54090460727
42102.8949887219
39812.89337160595
43949.86182257662
39469.75761387476
39303.612227542515
45227.064456045315
39208.070020956635
39595.75447935833
44940.50174301892
39822.31584719953
39533.1317381634
39633.364209183834
44553.65646123597
39632.6700451035
39511.99049987118
41076.02375186825
39970.802861766366
40692.158126793714
40184.85898411382
39539.16289977634
39806.68261682358
40587.83248192228
39531.4401268124
39576.42296753312
41804.376083259085
39713.859618442184
44228.37575357546
43665.01489803452
40026.61486811394
39364.71271943138
39470.174895594355
39358.260379695654
42923.622763440806
41269.959110087206
39354.199105832085
39880.580241257056
39580.143741999724
40757.03551076286
39915.3822287741
39519.42037028832
39424.828761413475
43145.3377668935
39762.189601490725
39238.797614182746
39252.552364571755
39546.522915855225
39783.55454442206
40784.7910450123
39498.70713676657
39439.49141887935
39848.349376706865
39305.716947270725
40139.54929501415
42661.892608615395
39535.96021756845
42333.411392578084
43024.58153841596
43160.015719089075
39380.39075558506
44505.18706707746
40626.91577836108
38886.557245534204
40064.67199554152
39494.264742110034
39765.242924987026
39206.431081473194
43638.47963528026
39508.66481534874
39117.907067541535
39554.41349034573
43571.36276164611
39178.89114966594
45294.8593133072
39761.712901111445
39300.46128154411
39780.36664423211
39674.8584050774
43543.63377010032
39811.39610669904
39417.51791496527
45176.38953408009
38722.44081923334
39175.414431003956
39789.698330526146
41834.972317941654
40137.938253481734
41329.120529041575
43695.3967533436
41729.06393432717
39408.89126769974
40981.07329064904
39709.204232598735
39433.424746832025
40910.23437777059
39807.000153411274
43468.118636400504
39597.449639585626
39181.333408732535
39907.62937763074
39329.755612286266
39434.53547070006
43286.4452066706
39394.503245079395
45358.07018764203
42826.94449923195
39547.25269859539
39313.07821059187
40902.02356394665
39424.22966985247
40080.397728712254
39323.67921824035
43399.45929325303
40848.27873858846
39342.49939800057
39877.36559624249
43095.41020369099
39438.69800960467
39356.0452084851
39425.0105249992
39077.996981399316
39822.28472749188
41667.17200595174
43555.69999209331
39888.94283727445
39379.37734512798
39746.55216913804
40331.84447055462
39223.61418364636
39862.648439299606
39492.25272367678
39787.130758029474
39307.87960067043
41069.53912465471
43596.929610948435
44324.165328250856
41038.4038578325
39425.945446733036
39547.49278449715
44046.04148292317
41710.87126011963
39187.749453601326
41586.44355728744
41191.81546331548
40380.48175746127
39314.34713781389
44648.53256375233
39454.385677467064
39258.971163094626
45268.79438057695
39541.099162565486
39643.93885036015
42330.62654540033
39128.50602243811
39109.62219572086
39695.72265677558
39408.776071312364
39353.187773848185
43389.72312563682
39345.09410831519
38929.18170040994
40768.25474792661
39659.06409747264
40003.999020851756
39707.682353339515
39487.69712888366
45011.6188702751
39620.89007976628
39320.50511437736
39560.06475336854
39436.03134189752
39622.99785677865
39662.997153695476
40021.35638972472
39596.22672892951
39395.47886920388
39868.42645742526
39970.95530934117
41268.08093409388
39563.78195781548
39293.00764922802
39083.752067619826
43446.82598830397
44599.21413439233
39622.3529543174
42506.44644346254
42670.265919769816
42696.941771656464
39335.744795819206
39556.37016752765
39345.05594767312
39527.52758093265
40425.15506674385
39737.403074629765
39598.09422159913
39222.787080788956
39672.705902260794
39424.73572427116
44643.12215866365
40570.273193704044
39188.67238558657
44393.21982830847
44617.438662430744
39446.86903242724
39505.38964500032
39295.662704387
39446.01804366017
40691.75903729066
39915.3648593088
41702.4212288593
39367.43574989956
39610.976531240434
39233.31436436101
39539.75266984103
39514.52652466059
42056.685847446555
40284.33947436466
38988.3561691629
39593.79082394397
39933.08834742357
45104.6086916124
39320.24712706124
39046.10924297422
42979.59226661051
40089.55736190999
40279.59272263506
39397.398417697776
44979.62137476308
42000.090020712625
39247.28024512569
39541.33012702866
42648.247128905656
39067.69218698509
40143.35234317052
39657.11225494061
39525.223192749334
39816.53158002631
40316.39487878809
40553.08369825424
39347.87213324017
42861.86777889457
40319.46699949885
39693.52333523462
39232.327138162545
43047.569156504935
44231.07111210366
40057.65815384538
39385.40101640839
39312.110762979224
39643.094825881395
39680.924473608065
39980.41340757706
40095.58708610591
39564.54582474518
39432.60514058194
39388.02472399997
40482.244526172064
39479.49601472669
39255.29238912997
39431.39369313985
41037.78607988637
41901.555214606946
38991.93804142862
average revenue:40579.66676513765
possibility:0.134