38731.39683810462
38625.63881702019
38940.284736713445
38573.92069164679
38768.055798904854
38574.41497361363
38659.67149026048
38563.643176281665
38749.77680730584
38581.04445070172
38721.95931290076
38660.35336379499
38642.711755997174
38733.149075624235
38507.57062969363
38824.11530285722
38579.21151049589
38520.46228785646
38600.13743931178
38701.62765099153
38726.4294160427
38733.86250064667
38607.42233991961
38658.131440185716
38763.32223597959
38499.3806870407
38599.29801680604
38854.972150303925
38702.489292646795
38549.342343771525
39046.417833509884
38667.214208087324
38668.49921788339
38820.41447745041
38415.85784288397
38976.36813673876
38685.18756165555
38673.99305494828
38676.7137361168
38707.723993838255
38506.26052425794
38509.6921342323
38470.17035329188
38656.441937517
38715.31631782396
38520.35000350711
38811.62723141528
39009.00570998812
38558.59255848386
38754.12462690067
38801.75086444917
38802.01789266206
38639.02442408345
38710.21490055442
38825.789520065075
38822.51734968229
38739.02159701238
38930.563803854544
38687.30320686831
38661.37706453015
38891.928100855526
38307.36385138931
38482.055681895705
38638.593812360625
38364.45729607066
38865.609170979376
38443.071073260755
38709.809644942776
38484.684078597544
38543.20856960933
38668.693066799184
38749.799257390485
38662.09177050513
38925.604115414186
38585.99557314095
38407.80552284829
38715.705270907085
38822.39824029049
38660.88042680888
38876.5941663557
38766.41845250791
38519.41216653248
38675.7603859592
38572.35890910167
38737.64351917957
38537.43709459858
38636.328271971484
38721.94802557424
38476.536177554684
38952.83065018339
38349.92793919328
38450.85456964365
39172.15736498002
38380.689172821665
38819.685598683594
38908.68473683894
38594.919343664675
38807.379699236415
38760.886069176624
38876.231817248554
39154.68986620131
38736.36167904435
38595.15299986909
38733.73957617723
38823.229862567314
38614.69346638318
38654.58996221777
38680.99289647566
38414.752842364396
38984.640268996336
38818.05386113539
38562.096574269024
38837.274696612556
38622.76133958633
39160.30991992161
38598.19620857546
38784.93553013983
38978.420496391176
38494.702392180945
38651.15946207323
38536.24159220082
38709.351507066895
38916.13177258148
38597.561407689915
38127.36637075863
38704.76808995061
38536.95523724646
38816.41717336475
38610.35784520739
38685.71740109898
38748.65213286785
38718.98905567575
38794.883843428215
39024.574410941066
38477.24287074237
38611.04854167314
38578.8633634923
38453.009136397515
38676.62089805001
38741.5689482401
38720.41254813368
38736.67998109946
38869.722924295325
38794.446154419056
38717.607648534235
38356.92500066685
38976.75711765737
38595.87479518554
38585.76856956307
38662.39251716889
38414.50777048618
38314.6034471401
38578.87554990292
38614.6135885094
38689.68085535462
38752.93535956933
38652.004668956666
38433.72284894627
38775.76364855558
38596.22170277816
38443.053052886105
38669.72417126707
38458.50596874192
38913.732809019275
38625.90568485103
38502.508533568194
38969.40328159639
38614.76240345953
38501.49737266965
38673.83536450024
38698.794211967615
38637.472561888164
38684.11807647584
38952.132479404376
38651.24905676663
38528.71599874279
38515.165664035245
38782.33391386514
38934.57374833395
38664.91275115501
38515.8766849166
38630.53508350553
38539.98333057845
38639.29195970714
38696.63291167046
38903.91308035526
38323.403990549785
38623.45400918773
38468.94557186656
38914.50335849789
38525.74220897199
38507.869232371944
38706.828485013
38593.70242656389
38545.52407455664
38468.36987460551
38781.62722888558
39057.2722275791
38801.54444382829
38699.20366953327
38731.15342774945
38567.94623130926
38954.34894022859
38637.09024218708
38485.98794409914
39006.90780102993
38557.229363550665
38727.30163468572
38941.05821648034
38664.54334588975
38869.326044669324
38846.5168859637
38471.07908734102
38631.17163940846
38719.51339595854
38719.47604750219
38823.207561820724
38814.092241557475
38792.897591707384
38461.13294436562
38652.69261999993
38704.600618082986
38483.48365603965
38725.644045402565
38713.18360958867
38667.75688691382
38441.29266328089
38689.272173812846
38461.63738264789
38949.91122946051
38687.12562759024
38686.02706863991
38633.4489227
38758.94391078219
38740.42874729161
38687.322909741306
38494.76007144076
38614.860893558944
38544.84101639999
38332.47877831471
38614.68751677029
38390.60351476128
38548.20483520424
38691.64669612923
38549.84039485683
38780.69636002956
38762.386673844245
38578.95490047547
38618.27575588375
38704.56668452994
38894.69288038003
38767.778960584445
38678.91064313073
38465.881444883984
38475.05944578652
38656.909115345945
38770.696511758324
38513.358629989794
38717.66165170115
38761.74705472786
38747.26453294417
38590.13412532913
38507.46660764661
38890.949044542605
38606.83643421386
38568.68800615215
38827.99768490563
38863.82262095948
38858.33975004627
38588.11727395908
38643.11162086457
38844.81984438874
38451.833887080684
38735.77070709235
38792.510953929515
38842.47457910122
38783.49080891008
38506.74323494934
38902.65972368998
38614.91526854588
38502.8175025386
38815.72608379767
38790.65956460752
38659.79154235727
38704.67413768295
38953.923447881
38599.77800428914
38793.297093373774
38550.65493283981
38668.352563294684
38389.165645283414
38713.7056104979
38614.23699901561
38925.677098104636
38635.013819410284
38733.777215406844
38741.38769781756
38868.54700583093
38638.59616351109
38778.14717343514
38856.13938018583
38635.13058157884
38772.97905316506
38709.5880177372
38822.22408187788
38659.9883230839
38687.893442349654
38617.19643933186
38791.79481403858
38596.671152940464
39001.97601879125
38658.4515604934
38625.00911255803
38791.576614094214
38695.06805231553
38665.083705755984
38957.8080791517
38569.7117654795
38705.77151877727
38843.032075396666
38535.98772104566
38591.13172429858
38785.867780827735
38651.796255102214
38679.11926694241
38899.69162188603
38598.5678733175
38638.46842135464
38611.90090331714
38506.35255745643
38608.86905612153
38581.56424182506
38785.750271455196
38358.75957773088
38381.38063801792
38830.32612081888
38631.46985484187
38607.12391216612
38841.49712079183
38919.47146529638
38791.63394770202
38855.33227038037
38681.09966736939
38614.00119285505
38475.22202651085
38669.39447800114
38502.79022013348
38559.12328964067
38789.27029110821
38622.977716423666
38700.03461262463
38396.04577052332
38603.640968722
38749.59233323605
38591.97102229516
38851.20488348189
38481.03924135952
38731.29823006391
38989.340573741196
38764.98995924003
38606.33330598904
38578.690581659444
38659.74971486457
38487.59732838372
39051.59999999965
38660.53979961509
39099.48982000933
38507.51722432288
38537.2974866182
38683.26737377656
38659.59321133763
39124.79016675131
38420.52318435793
38626.81137859095
38656.20691888897
38604.418056317314
38763.16981643085
38778.420187241136
38593.798671617435
38695.580810605585
38766.79060257633
38832.91164967638
38504.313052025245
38378.192119227875
38649.25703668867
38571.16859999807
38423.23977820842
38846.788110318
38595.76128439494
38781.058703127725
38932.90062601299
38791.71505720807
38425.80497538181
38659.62723965884
38775.37723804922
38686.49997173792
38312.91369050832
38595.12257453336
38556.201975771706
38698.891625901626
38813.192510039225
38664.757807462694
38560.28055462549
38839.86717575705
38613.06420702167
38747.79933162385
38768.79048012395
38521.97196681161
38938.227882875704
38692.528747407036
38602.073615132416
38577.01991242816
39085.85703570514
38605.758055237595
38795.88753265869
38924.79388206451
38903.25728394289
38697.3632407372
38975.885215544324
38604.83769939687
38659.02403393164
39085.65119320978
38546.178985822036
38571.78528432269
38763.56736834159
38779.48472324698
38611.55229593447
38986.315262844015
38629.99630505545
38627.16523790765
38542.57508419901
38471.978001598894
38593.17275701689
38957.89531581731
38783.20048678517
38433.54970695563
38546.61576221536
38723.491650010925
38693.949758257164
38873.193148457896
38771.788267210126
38592.13610574598
38687.78860369836
38820.07262322994
38644.57678261837
38354.97061313543
38563.36387209864
38836.73352043011
38638.486217333404
38792.4469342286
38595.02262768561
38595.78772876432
38528.48416282972
38418.73012124389
38499.64830102724
38836.06366082847
38686.21063519634
38608.87599796131
38642.58442986819
38696.901022594604
38589.67328659621
38712.68887408106
38694.394410639965
38519.41932056858
38479.901353079564
38734.057266215976
39025.855573401626
38517.45407536254
38673.41489485781
38563.21954339983
38524.53964866775
38973.49323655585
38749.06266511097
38729.24633929791
38422.44926549766
38381.701140606354
38837.846473477286
38542.949862374684
38662.38116817374
39190.57510408237
38466.32424362725
38800.79957592131
38585.80226616121
38390.85075541274
38432.88979439059
38533.933439309825
38776.540210259365
38638.13463318568
38670.22566372359
38557.07468137103
38469.5189906907
38539.43841695884
38587.500395720286
38552.46830836901
38541.60468512776
39087.902228437
38670.71689061342
38670.75664227039
38797.37199870885
38518.654452292896
38729.406423038025
38673.902415993245
38633.42459549428
38748.71524547582
38672.6294584854
38745.80509927609
38581.96503192721
38629.62357079265
38432.45990855056
38950.5407998632
38409.17256711052
38442.82407897015
38664.21838745732
38739.058586869825
38799.28102148934
38706.64400969999
38381.25828246806
38696.14339053343
38498.412625334095
38889.43612314534
38644.50642220826
38482.86636534889
38626.666957231355
38361.92877438297
38699.40567170067
38682.38612807575
38572.842293705435
38333.07112857834
38605.264527432
38458.069178453574
38556.21661471693
38764.24431025031
38745.411789363876
38573.54823359069
38642.63184005289
38702.230742595275
38597.76581710253
38588.74179107959
38672.10774818806
38502.93672170237
38815.15350616784
38769.37487430629
38749.2693858321
38692.834511417605
38591.904387067705
38627.21588217763
38758.306600946584
38609.24946753721
38858.028962278055
38439.351687808434
38531.12946294054
38742.5775057438
38591.40626043343
38545.49320988312
38901.877626536094
38758.47463935931
38529.418304469335
38698.00632513578
38695.072444897974
38906.287389240766
38617.72304221761
38940.90906997511
38562.32459312464
38619.280519665044
38458.10987927446
38616.28205650081
38561.18702384784
38918.9934289232
38830.67256296648
38546.86641641756
38874.13602158692
38766.44723526099
38983.5346764643
38704.71987633376
38954.79548767487
38800.77458001317
38471.33916893188
38634.78762236807
38760.651279977865
38668.86150293672
38715.05898699403
38627.959038924375
38735.11919431364
39129.924571622556
38586.00274272131
39206.19004542895
39058.99851737243
38653.38958365888
38577.68165329546
38884.13325826163
38658.916448210635
38559.9416336839
38936.193287395945
38331.30203561164
38615.08942782276
38501.400411580995
38374.34394271603
38652.59948477033
38678.47029405796
38800.78715022597
38724.521274348874
38912.7299246077
38692.90392658135
38604.04061267266
38715.34424157944
38783.247121574146
38821.653014656964
38596.297008201866
38281.88230459546
38575.99768632175
38516.55972428447
38606.730943086965
38549.092590685796
38715.02155887195
38598.42904445621
38524.8899178242
38979.59455295827
38699.523349343246
38452.579823250475
38623.88017670809
38536.34896663828
38532.11372901806
38915.01053299252
38356.226729376234
38696.1645034554
38643.87219538987
38358.42976674147
38862.490762175854
38903.432503854805
38694.36684163576
38507.355579154646
38653.77868514279
38582.94454709217
38459.59158171246
38445.46193025689
38680.12022819643
39000.17373243551
39000.35944318846
38583.877996924864
38762.17736750497
38811.12844077899
38576.28335420395
38556.40420001738
38531.423737408
38872.90687848658
38785.19720683975
38603.81108418782
38862.49266642777
38472.898955730874
38762.73037348988
38489.28522415312
38998.197110042136
38991.9144079986
38511.02594222644
38805.690444636064
38458.534333681484
38606.76295621345
38771.43807389762
38926.909775514876
38540.24049544297
38747.375770411396
38630.23692734202
39059.191738950605
38617.656478050056
38567.47523192463
38613.11611907548
38648.4189248252
38477.90225321464
38873.39937635554
38595.1975221595
38612.13509215509
38800.878214995166
38551.58883504906
38744.89626166798
38854.097389408555
38537.746461850424
38841.0083244703
38507.08622877989
38605.96829220407
38727.225462728486
38531.32767127589
38618.013383886304
38789.21185661561
38877.03184076063
38901.95499959272
38636.40020896327
38589.5247759505
38672.26147193804
38787.996115408045
38481.26505059524
38782.220515310735
38845.98132091878
38474.856769242906
38647.286482023104
38890.85959523037
38752.273720688725
38734.280666888975
38508.48489142379
38672.83611650798
38573.40908675242
39020.58487218844
38694.222720258695
38779.26015621794
38466.836235820585
38826.68848316359
38661.88721407316
38769.80536441451
38793.053073282514
38639.170723173826
38411.16518336792
38549.296070358614
38812.11681410782
38765.44729819163
38790.740404809134
38621.96028964624
38777.906358764034
38679.60299870884
38901.27327832257
38882.1416166955
38732.647445161965
39141.01920728397
38630.17961900854
38613.00214071393
38798.505903622616
38483.149536438286
38431.39852524707
38570.14403832241
38671.80557975845
38673.69490930906
38866.96620699899
38647.237219477705
38721.58372225341
38559.15988742941
38809.57115680998
38654.74009689512
38806.9297940496
38643.78048347601
38552.412281596036
38596.23078135852
39000.31976894437
38624.95944159499
38526.358985674495
38667.989744572384
38614.6759600329
38486.623891108255
38277.58350576799
38642.17207542615
38988.33707264268
38578.05437253277
38492.50922672535
38438.73764995977
38645.90700328609
38951.95753092439
38421.98795406785
38753.520284989216
38545.44606632023
38767.22172556568
38701.21965191573
38699.698882705175
38868.76943700386
38392.16001515748
38824.97581913362
39026.6426084895
38624.06476858611
38852.77622169905
39009.30799697052
38759.15803470967
38500.891606639896
38453.296321341564
38574.79268322575
38717.5773236505
38561.7715266184
38702.10314870745
38672.09831286381
38600.60988087079
38595.19498553131
38672.42439562102
38775.294619503984
38948.02308738835
38555.88467969716
38805.34725706184
39092.540920670435
38625.025842047886
38468.18019619883
38501.14867608765
38890.93982544136
38686.90706237568
39181.56077099198
38605.452932959175
38732.394218527676
38693.60030520709
39044.574647306334
38818.87234463341
38761.828996141965
38738.10770122271
38647.196143040914
38721.12430859674
38624.278905951076
38687.84066674265
38813.185916643844
38706.30476752731
39036.78895030173
38888.93209084898
38816.20820447717
38695.99015352454
38786.27825754549
38850.22660749195
38592.35027327394
38921.420490961355
38831.11625873464
38820.88125033596
38451.445288470284
38962.765381975914
38676.96936145604
38335.00313908038
38563.519451138105
38684.35836813807
38664.3746158181
39074.26394581711
38616.851337765525
38647.99590503719
38615.96182417813
38734.581484157236
38434.10057187776
38914.29871303035
38623.26892598788
38532.63463936728
38703.908012731226
38662.10285461551
38651.509278930025
38544.13575174051
38739.13691155508
38583.74871479229
38892.928460769996
38701.19954402172
38444.336053456005
38447.0625902095
38808.58003342868
38492.72427659399
38623.35161218817
38617.888018805665
38746.94731388798
38796.206755943866
38544.76579202608
38740.38540871987
38749.38071075309
38556.29357386425
38685.71352404897
38960.43624339363
39063.80232332968
38459.91952076691
38483.74647627236
38734.073822465754
38483.4180720342
38702.18049582755
38472.86383135622
38664.68459308949
38827.50134296723
38595.17719907582
38378.63556536742
38995.823273539514
38769.64739212182
38721.75773906411
38664.80466286677
38648.962877799146
38795.85128120771
38608.69020806994
38628.58806942557
38861.22803566659
38733.99531145409
38508.672857520716
38609.54948193584
38665.11389192288
38553.78522260137
38564.854313936776
38672.33247143601
38701.12453749489
38836.7668366337
38909.73362100702
38682.27867038582
38731.858400289275
38496.42005140075
38337.958451697355
38588.46180712459
38491.29111784299
38559.805315665915
38561.5519687134
38656.3399883905
38772.575162284695
38497.633227118706
39029.65329043308
38847.60831101774
38800.27653710481
38770.78357850413
39037.932675431664
38630.03545773006
38824.89515956068
38565.94556596528
38925.15105399369
38733.307940745115
38650.6305003742
38624.97771821973
38635.47092868315
38639.244455024906
38728.737097671925
38740.98564588257
38885.74392829088
38642.53736874123
38763.04086069723
38818.921970277115
38875.296775733346
38460.057543774565
38920.114373143035
38515.91855611311
38932.8103438686
38631.98595116625
38613.69664683022
38405.642937127064
38595.17005394475
38578.099571575105
38555.61669962538
38742.43634836297
38596.253345909805
38781.975786460214
38560.5526194429
38435.27914067907
38819.72361533683
38786.91692258869
38843.246725750396
39006.03382850573
38663.13834473419
38732.05258843951
38725.97862086818
38839.01794449343
38396.65974186322
38762.55839207456
38439.900657186154
38713.30048026249
38419.49322180818
38778.806292841815
39058.96696517394
38615.17894858676
38783.23364000489
38478.762428371265
38607.095241131545
38534.89183149909
38421.667833601045
38876.14699278947
38521.70421895513
38577.60975325416
38341.60328778007
38485.65546045593
38589.33205472038
38604.67316416838
38693.80963395096
38598.87946276604
38972.80599363389
38899.69911435822
38751.133881360634
38874.025065176116
38561.735114384406
38988.411063284344
38758.89378072109
38813.71041403763
38943.698510322865
38854.91028350799
38549.43117397942
38869.840008300744
38693.92408569961
38644.69515223915
38653.45865193844
38879.73708612261
38508.916549360554
38529.38886259604
38654.78531614686
38684.590968454955
38795.057952315066
38801.30459427762
38804.53566074436
38650.78904335268
38643.11789658204
38746.97179225538
38749.487326807386
38864.918653077206
38420.35928193057
38723.54691841444
38686.4342768609
38714.17594803742
38679.506592261154
38747.73697126179
38737.400751927846
38588.85495844563
38665.03491905961
38762.90157729537
38570.73704542648
38693.64718869095
38603.77307595967
38471.362517350164
38769.80129627175
38588.11181042031
average revenue:38680.98077717506
possibility:1.0