40398.54691483161
40532.12934149748
40418.429341497416
40477.55334149745
40764.07734149761
40404.78534149746
40404.78534149741
40495.74534149746
40586.70534149751
40491.19734149746
40623.08934149753
40559.417341497545
40623.08934149753
40523.033341497525
40527.58134149748
40409.33334149741
40636.73334149754
40550.32134149754
40391.1413414974
40495.74534149746
40409.33334149741
40418.429341497416
40800.46134149763
40577.609341497555
40341.113341497374
40372.949341497384
40527.58134149747
40391.1413414974
40618.54134149753
40659.4733414976
40281.98934149739
40127.35734149725
40463.90934149742
40604.89734149752
40591.25334149751
40591.25334149751
40718.59734149758
40372.94934149744
40491.19734149745
40554.86934149749
40691.30934149757
40427.52534149747
40732.24134149759
40623.08934149758
40482.1013414975
40709.50134149758
40231.961341497365
40168.28934149727
40777.72134149759
40700.40534149762
40527.58134149753
40454.813341497436
40636.73334149754
40618.54134149758
40345.66134149743
40764.0773414976
40636.73334149759
40554.86934149754
40527.58134149748
40595.801341497514
40441.16934149743
40245.60534149732
40495.74534149745
40654.92534149755
40623.08934149758
40318.37334149741
40600.34934149751
40618.54134149753
40695.85734149762
40409.33334149746
40432.073341497424
40627.63734149753
40300.1813414974
40427.525341497414
40545.77334149749
40677.66534149756
40582.15734149756
40254.701341497326
40595.80134149751
40532.12934149748
40745.8853414976
40563.96534149755
40304.729341497354
40327.46934149736
40541.22534149748
40345.661341497376
40491.19734149745
40432.073341497424
40486.649341497454
40586.70534149751
40327.469341497366
40404.7853414974
40336.56534149737
40504.84134149746
40527.58134149748
40382.045341497396
40441.16934149743
40254.701341497326
40322.92134149736
40650.37734149754
40523.033341497525
40509.38934149747
40700.40534149757
40336.56534149742
40509.38934149746
40695.85734149757
40695.85734149762
40623.08934149758
40764.07734149766
40509.38934149752
40350.20934149738
40568.51334149749
40418.429341497416
40554.86934149749
40436.621341497426
40473.005341497446
40682.21334149756
40391.14134149745
40673.11734149756
40491.19734149751
40445.71734149743
40618.54134149753
40422.97734149747
40459.36134149744
40263.79734149733
40659.47334149754
40272.89334149739
40432.07334149742
40482.10134149745
40613.993341497524
40395.689341497404
40291.085341497346
40486.64934149745
40468.457341497444
40318.37334149736
40632.18534149753
40463.90934149749
40709.50134149758
40427.52534149747
40491.19734149746
40700.40534149757
40541.225341497535
40509.38934149747
40568.5133414975
40591.25334149751
40491.19734149746
40691.30934149757
40959.641341497765
40591.25334149757
40673.11734149756
40654.9253414976
40568.51334149755
40509.38934149747
40750.4333414976
40473.0053414975
40682.21334149756
40450.265341497485
40523.033341497474
40613.993341497524
40395.689341497404
40695.85734149757
40450.265341497485
40491.19734149746
40400.237341497406
40550.32134149749
40563.9653414975
40372.94934149739
40595.80134149751
40559.417341497494
40577.609341497504
40263.79734149733
40441.16934149742
40459.36134149744
40500.29334149746
40609.44534149752
40714.04934149758
40577.609341497555
40482.10134149745
40736.78934149759
40427.52534149747
40563.9653414975
40563.9653414975
40259.24934149733
40509.38934149746
40259.24934149733
40700.405341497564
40386.59334149745
40627.63734149753
40600.34934149757
40618.54134149753
40473.0053414975
40495.74534149746
40650.377341497544
40718.59734149763
40473.0053414975
40700.40534149757
40491.19734149751
40345.661341497376
40654.92534149754
40304.729341497405
40532.12934149747
40682.21334149756
40468.457341497495
40259.24934149733
40586.7053414975
40509.38934149747
40404.78534149741
40459.36134149744
40500.29334149746
40391.1413414974
40372.94934149739
40604.89734149751
40604.89734149752
40513.93734149747
40432.073341497424
40395.689341497404
40291.085341497346
40532.12934149747
40523.033341497474
40445.71734149743
40450.265341497434
40445.71734149743
40582.15734149751
40400.237341497406
40386.5933414974
40673.11734149756
40636.73334149759
40568.51334149755
40554.86934149749
40504.841341497464
40286.537341497344
40513.93734149746
40627.63734149753
40523.033341497525
40427.52534149742
40218.317341497306
40491.19734149745
40682.21334149756
40709.50134149763
40404.78534149746
40477.55334149745
40354.75734149738
40482.101341497444
40650.377341497544
40336.56534149742
40554.869341497484
40441.16934149743
40636.73334149754
40727.69334149764
40805.00934149768
40577.609341497555
40400.237341497406
40463.90934149744
40486.649341497454
40468.457341497444
40454.813341497436
40486.649341497454
40623.08934149753
40559.417341497545
40468.457341497444
40545.77334149749
40695.85734149757
40454.81334149749
40513.93734149747
40659.47334149755
40504.841341497515
40627.63734149753
40304.729341497405
40727.69334149758
40636.73334149759
40654.9253414976
40350.20934149743
40473.00534149744
40418.429341497416
40582.15734149751
40600.34934149752
40791.36534149762
40350.20934149743
40568.51334149749
40300.18134149735
40463.909341497434
40595.801341497514
40677.66534149756
40536.67734149753
40513.93734149747
40541.225341497484
40473.005341497446
40736.78934149759
40736.78934149764
40541.225341497535
40523.033341497474
40541.225341497484
40486.649341497454
40695.85734149757
40454.81334149749
40268.345341497334
40641.28134149753
40468.457341497495
40764.07734149761
40664.0213414976
40700.40534149762
40368.40134149744
40391.141341497394
40241.05734149732
41027.861341497744
40709.501341497635
40491.19734149751
40523.033341497474
40632.185341497534
40686.761341497615
40441.16934149748
40463.90934149744
40286.537341497344
40486.64934149745
40582.15734149751
40618.54134149753
40445.71734149748
40391.1413414974
40391.1413414974
40468.457341497444
40368.40134149739
40400.2373414974
40650.377341497544
40736.78934149764
40550.32134149754
40577.609341497504
40341.113341497374
40382.04534149739
40150.09734149727
40491.197341497435
40545.77334149749
40468.457341497444
40559.417341497494
40382.045341497396
40773.17334149761
40468.457341497495
40714.04934149758
40513.93734149752
40486.649341497454
40814.105341497634
40382.04534149745
40732.24134149759
40545.77334149754
40427.52534149742
40613.993341497524
40573.0613414975
40463.90934149744
40700.40534149757
40463.90934149749
40436.621341497426
40473.005341497446
40363.853341497386
40682.213341497554
40682.21334149761
40541.225341497535
40441.16934149743
40482.10134149745
40695.85734149757
40732.24134149764
40532.12934149753
40413.881341497414
40518.48534149747
40618.54134149753
40545.77334149754
40332.01734149737
40377.49734149739
40350.20934149737
40541.22534149748
40586.70534149751
40382.045341497396
40600.34934149752
40422.97734149742
40677.66534149756
40600.34934149757
40068.23334149722
40595.80134149749
40518.48534149747
40577.609341497504
40377.497341497394
40664.021341497544
40727.69334149764
40486.649341497505
40441.16934149743
40595.801341497514
40322.921341497364
40545.77334149748
40254.701341497326
40454.81334149743
40500.29334149746
40563.9653414975
40450.265341497434
40654.92534149755
40523.033341497525
40450.265341497434
40509.38934149747
40550.32134149749
40422.97734149742
40764.07734149761
40386.59334149745
40536.67734149748
40327.469341497366
40436.62134149742
40254.701341497326
40654.92534149754
40491.19734149751
40595.801341497514
40486.649341497454
40595.801341497514
40745.8853414976
40704.953341497625
40682.21334149761
40773.17334149766
40395.689341497455
40668.569341497554
40686.761341497615
40600.34934149757
40595.801341497514
40513.93734149747
40504.841341497464
40532.12934149748
40600.34934149752
40259.24934149733
40281.989341497334
40627.637341497524
40518.48534149752
40523.033341497474
40632.185341497534
40477.5533414975
40704.953341497574
40664.0213414976
40523.033341497525
40600.34934149752
40586.70534149751
40668.569341497554
40391.14134149745
40500.29334149746
40714.04934149758
40413.881341497465
40422.97734149742
40613.993341497524
40391.1413414974
40445.71734149743
40613.993341497524
40468.457341497444
40313.82534149736
40727.69334149758
40473.0053414975
40450.265341497434
40568.5133414975
40441.16934149743
40595.801341497514
40513.93734149747
40277.44134149734
40527.58134149747
40418.429341497416
40568.5133414975
40391.1413414974
40727.69334149759
40482.1013414975
40236.509341497316
40436.62134149742
40704.953341497574
40600.34934149757
40595.801341497514
40418.429341497416
40709.50134149758
40523.033341497525
40754.9813414976
40573.06134149755
40509.38934149747
40277.44134149734
40613.99334149752
40391.1413414974
40486.649341497454
40654.92534149755
40436.62134149748
40441.16934149743
40900.51734149768
40668.56934149761
40518.48534149752
40659.47334149755
40641.28134149759
40382.04534149745
40554.86934149749
40673.11734149756
40377.497341497445
40636.73334149753
40591.25334149756
40504.841341497464
40600.34934149752
40600.34934149752
40245.60534149732
40441.16934149742
40291.085341497346
40568.51334149749
40377.497341497394
40486.64934149745
40345.661341497376
40577.6093414975
40418.429341497416
40673.11734149756
40400.23734149746
40677.66534149756
40627.63734149758
40404.78534149746
40727.69334149759
40955.09334149776
40300.18134149741
40618.54134149752
40436.62134149748
40527.58134149748
40350.20934149738
40513.93734149746
40604.89734149752
40686.761341497564
40750.43334149765
40573.06134149755
40654.92534149755
40477.5533414975
40668.569341497554
40600.34934149757
40354.75734149738
40591.253341497504
40250.153341497324
40463.909341497434
40345.661341497376
40636.73334149753
40409.33334149746
40413.881341497414
40495.74534149746
40536.67734149748
40677.66534149756
40709.50134149763
40659.4733414976
40641.28134149759
40491.19734149751
40377.497341497394
40568.51334149749
40654.92534149755
40577.609341497555
40668.569341497554
40313.82534149741
40363.85334149738
40372.949341497384
40272.89334149733
40495.74534149745
40422.97734149742
40459.36134149744
40568.5133414975
40550.32134149749
40363.853341497386
40354.757341497374
40495.74534149745
40536.67734149748
40363.853341497386
40691.30934149756
40482.1013414975
40664.02134149755
40332.01734149742
40541.22534149748
40295.63334149735
40641.28134149753
40568.51334149755
40459.36134149744
40427.52534149742
40618.54134149753
40541.225341497535
40613.993341497524
40773.17334149761
40550.32134149754
40459.36134149744
40700.40534149757
40773.17334149766
40623.08934149758
40500.29334149751
40468.457341497444
40332.01734149737
40541.22534149748
40500.29334149746
40391.1413414974
40491.19734149746
40550.32134149749
40372.94934149739
40263.797341497324
40695.85734149756
40513.93734149752
40777.721341497614
40718.59734149763
40577.609341497555
40591.25334149751
40536.67734149748
40345.661341497376
40391.141341497394
40741.337341497594
40768.62534149766
40541.225341497535
40159.193341497274
40482.10134149743
40600.34934149752
40363.853341497386
40172.837341497274
40554.86934149747
40855.03734149766
40341.113341497425
40336.565341497364
40150.09734149726
40700.40534149755
40918.70934149774
40418.429341497475
40559.417341497494
40504.841341497464
40459.36134149744
40645.82934149754
40473.0053414975
40195.577341497294
40604.89734149751
40304.729341497354
40550.32134149748
40391.1413414974
40513.93734149747
40518.48534149747
40327.469341497366
40427.525341497414
40805.00934149763
40491.19734149751
40477.55334149745
40354.75734149738
40523.03334149747
40632.185341497534
40241.05734149737
40559.41734149749
40545.77334149749
40905.065341497684
40513.93734149753
40477.55334149745
40550.32134149749
40300.18134149735
40709.50134149757
40354.75734149743
40377.49734149739
40427.525341497414
40463.90934149744
40368.40134149739
40768.6253414976
40600.34934149757
40550.32134149749
40704.953341497574
40272.89334149739
40518.485341497464
40463.90934149744
40541.225341497484
40450.265341497434
40291.085341497346
40413.88134149741
40391.1413414974
40432.073341497424
40295.63334149735
40250.15334149732
40309.27734149735
40527.58134149747
40695.85734149757
40627.63734149758
40745.88534149765
40677.66534149761
40641.28134149759
40491.19734149751
40500.29334149746
40595.801341497514
40427.52534149742
40568.5133414975
40586.70534149751
40523.033341497474
40363.853341497386
40714.04934149757
40541.225341497535
40432.073341497424
40695.85734149757
40345.66134149743
40309.27734149735
40359.30534149738
40432.07334149742
40400.237341497406
40627.63734149753
40318.37334149741
40600.34934149751
40704.953341497574
40322.921341497415
40404.7853414974
40495.74534149746
40450.265341497434
40659.47334149755
40363.85334149744
40591.253341497504
40400.237341497406
40550.32134149749
40704.953341497574
40618.54134149758
40509.38934149752
40359.305341497384
40509.38934149746
40495.74534149746
40509.38934149747
40568.5133414975
40372.94934149739
40513.93734149746
40404.78534149741
40754.9813414976
40281.98934149739
40532.12934149747
40491.19734149746
40550.32134149749
40523.033341497474
40686.761341497564
40686.761341497615
40350.20934149743
40659.47334149754
40659.4733414976
40541.225341497535
40263.79734149733
40568.51334149749
40477.55334149745
40382.045341497396
40359.305341497384
40627.637341497524
40686.761341497615
40704.953341497625
40377.497341497445
40400.2373414974
40559.417341497494
40668.569341497554
40459.36134149749
40609.44534149752
40118.26134149725
40545.773341497465
40659.47334149755
40509.38934149752
40513.93734149747
40409.33334149741
40377.497341497394
40791.365341497614
40577.609341497555
40773.17334149761
40532.12934149753
40673.11734149756
40363.85334149744
40613.99334149752
40732.24134149759
40586.70534149756
40277.44134149734
40545.77334149748
40618.54134149753
40677.66534149761
40632.185341497585
40459.36134149749
40418.429341497416
40591.25334149751
40563.9653414975
40868.681341497664
40709.50134149763
40577.609341497555
40782.26934149762
40582.15734149756
40632.185341497534
40695.85734149762
40645.82934149759
40459.36134149749
40422.97734149742
40827.74934149764
40545.77334149754
40545.77334149749
40545.77334149749
40454.813341497436
40463.90934149744
40332.01734149737
40741.33734149759
40486.649341497505
40613.993341497524
40664.02134149755
40500.29334149751
40568.5133414975
40491.19734149746
40513.93734149747
40627.63734149753
40659.4733414976
40482.1013414975
40400.237341497406
40786.81734149762
40227.41334149736
40495.74534149745
40509.38934149747
40691.30934149757
40482.1013414975
40368.40134149739
40418.42934149741
40618.54134149753
40509.38934149752
40495.74534149746
40509.38934149747
40627.63734149753
40441.16934149748
40386.5933414974
40618.54134149753
40386.59334149745
40486.649341497454
40404.78534149741
40345.661341497376
40818.65334149763
40536.67734149753
40418.429341497416
40486.649341497454
40177.385341497284
40313.82534149734
40545.77334149748
40459.36134149744
40509.38934149747
40486.649341497454
40759.529341497604
40304.729341497405
40609.445341497514
40532.12934149748
40363.853341497386
40518.485341497464
40291.085341497346
40591.253341497504
40777.721341497614
40445.71734149748
40636.73334149754
40500.29334149751
40418.429341497416
40618.54134149753
40450.265341497485
40441.16934149743
40554.86934149749
40709.50134149758
40627.63734149758
40559.417341497545
40582.15734149751
40454.813341497436
40450.265341497434
40318.37334149736
40418.42934149741
40427.52534149742
40568.5133414975
40632.185341497534
40650.377341497595
40518.48534149752
40536.67734149748
40677.66534149756
40473.0053414975
40395.689341497404
40436.621341497426
40745.8853414976
40677.66534149761
40345.66134149743
40491.19734149745
40541.225341497484
40400.237341497406
40236.509341497316
40513.93734149746
40422.97734149742
40459.36134149744
40477.55334149745
40536.67734149748
40586.70534149751
40391.1413414974
40745.8853414976
40432.073341497475
40568.5133414975
40814.105341497634
40400.23734149746
40327.469341497366
40441.16934149742
40382.045341497396
40473.005341497446
40259.24934149733
40286.53734149734
40509.38934149746
40468.457341497444
40445.71734149743
40422.97734149742
40363.853341497386
40318.373341497354
40632.18534149753
40518.48534149752
40422.97734149742
40600.34934149752
40463.90934149744
40750.4333414976
40404.78534149746
40495.74534149746
40382.045341497396
40768.62534149761
40495.74534149751
40441.16934149743
40586.70534149751
40354.75734149738
40463.909341497434
40259.24934149733
40582.1573414975
40295.63334149735
40245.605341497314
40245.605341497314
40413.88134149741
40650.377341497544
40523.033341497525
40350.20934149738
40636.73334149753
40482.1013414975
40559.417341497494
40277.44134149734
40723.14534149758
40341.113341497425
40518.485341497464
40386.5933414974
40500.29334149746
40454.813341497436
40518.48534149747
40172.83734149728
40686.76134149754
40422.97734149747
40395.689341497404
40486.649341497454
40554.86934149749
40318.37334149736
40700.405341497564
40536.67734149753
40400.237341497406
40395.689341497404
40554.86934149749
40641.28134149754
40382.04534149745
40382.045341497396
40600.34934149752
40359.305341497384
40545.77334149748
40741.337341497594
40613.993341497575
40654.92534149755
40627.63734149758
40627.63734149758
40645.82934149759
40263.79734149738
40664.021341497544
40336.56534149742
40404.7853414974
40668.569341497554
40304.729341497405
40486.64934149745
40491.19734149746
40868.681341497664
40641.28134149759
40291.0853414974
40427.525341497414
40536.67734149748
40400.237341497406
40527.58134149748
40550.32134149749
40286.537341497344
40632.18534149753
40422.97734149747
40604.89734149752
40545.77334149749
40300.18134149735
40372.949341497384
40523.03334149747
40454.813341497436
40691.30934149757
40509.38934149752
40377.497341497394
40523.03334149747
40577.609341497504
40613.993341497524
40509.38934149747
40582.15734149751
40568.5133414975
40354.75734149738
40613.99334149752
40359.305341497384
40441.16934149742
40491.19734149746
40386.5933414974
40527.58134149748
40613.993341497524
40582.15734149751
40536.67734149748
40673.11734149756
40304.729341497405
40409.333341497404
40559.417341497494
40277.44134149734
40445.717341497424
40554.86934149749
40704.953341497574
40523.033341497525
40550.32134149749
40732.24134149759
40318.37334149741
40523.03334149747
40527.58134149748
40600.34934149752
average revenue:40515.604767070814