40125.66691483146
40523.03334149745
40568.5133414975
40654.92534149755
40345.66134149743
40545.77334149748
40432.073341497424
40682.21334149756
40513.93734149752
40332.01734149737
40691.30934149756
40563.96534149755
40486.649341497454
40363.853341497386
40413.88134149741
40518.48534149747
40591.25334149751
40277.44134149734
40650.37734149754
40568.51334149755
40459.36134149744
40559.417341497494
40582.15734149751
40363.853341497386
40409.333341497404
40473.005341497446
40723.145341497584
40441.16934149748
40468.457341497444
40400.237341497406
40313.82534149736
40582.1573414975
40295.63334149735
40682.213341497554
40491.19734149751
40318.37334149736
40277.44134149733
40463.909341497434
40714.04934149758
40586.70534149756
40641.28134149754
40541.225341497535
40523.033341497474
40504.841341497464
40582.15734149751
40309.277341497356
40427.525341497414
40723.145341497584
40491.19734149751
40595.801341497514
40613.993341497524
40668.569341497554
40568.51334149755
40513.93734149747
40500.29334149746
40523.033341497474
40532.12934149748
40582.15734149751
40545.77334149749
40363.853341497386
40586.7053414975
40382.045341497396
40823.20134149764
40400.23734149746
40563.9653414975
40668.569341497554
40509.38934149752
40627.63734149753
40577.609341497555
40377.497341497394
40764.0773414976
40450.265341497485
40377.497341497394
40341.11334149737
40532.12934149747
40600.34934149752
40727.69334149759
40636.73334149759
40377.497341497445
40468.45734149744
40654.92534149755
40541.225341497535
40322.921341497364
40422.97734149741
40509.38934149747
40513.93734149747
40436.621341497426
40491.19734149746
40482.10134149745
40345.661341497376
40354.757341497374
40454.81334149743
40377.497341497394
40341.11334149737
40400.2373414974
40545.77334149749
40523.033341497474
40345.661341497376
40354.757341497374
40795.91334149762
40477.5533414975
40513.93734149747
40582.15734149751
40277.44134149734
40441.16934149742
40518.48534149747
40350.20934149738
40477.55334149744
40413.881341497414
40577.609341497504
40513.93734149747
40159.193341497274
40482.10134149743
40473.005341497446
40545.77334149749
40436.621341497426
40727.69334149759
40691.30934149762
40586.70534149756
40327.469341497366
40332.01734149736
40263.797341497324
40573.061341497494
40645.82934149754
40600.34934149757
40400.237341497406
40536.67734149748
40254.701341497326
40250.15334149732
40395.6893414974
40627.63734149753
40623.08934149758
40345.66134149743
40445.717341497424
40532.12934149748
40359.305341497384
40445.717341497424
40482.10134149745
40664.02134149755
40668.569341497605
40686.761341497615
40532.12934149753
40359.305341497384
40432.07334149742
40677.66534149756
40682.21334149761
40463.90934149749
40341.113341497374
40259.24934149732
40513.93734149746
40618.54134149753
40513.93734149752
40441.16934149743
40486.649341497454
40204.6733414973
40404.7853414974
40518.48534149747
40945.99734149771
40441.16934149749
40400.237341497406
40409.33334149741
40341.113341497374
40459.36134149743
40559.417341497494
40523.033341497474
40382.045341497396
40341.113341497374
40427.525341497414
40513.93734149747
40645.82934149754
40172.83734149733
40245.6053414973
40718.597341497574
40791.36534149767
40741.337341497645
40527.58134149753
40459.36134149744
40195.577341497294
40286.53734149734
40441.16934149742
40532.12934149748
40436.621341497426
40636.73334149754
40582.15734149756
40609.44534149752
40295.63334149735
40509.38934149746
40623.08934149753
40682.21334149761
40441.16934149748
40659.47334149755
40609.44534149757
40532.12934149748
40627.63734149753
40386.59334149745
40618.54134149753
40627.63734149758
40413.881341497465
40532.12934149748
40750.4333414976
40345.66134149743
40609.445341497514
40495.74534149746
40413.881341497414
40545.77334149749
40541.225341497484
40363.853341497386
40386.59334149739
40482.10134149745
40413.881341497414
40632.185341497534
40459.36134149749
40554.86934149749
40618.54134149753
40441.16934149748
40377.497341497394
40459.36134149743
40409.33334149741
40432.073341497424
40473.005341497446
40432.073341497424
40545.77334149749
40623.08934149753
40495.74534149751
40618.54134149753
40382.04534149745
40709.50134149758
40372.94934149744
40395.6893414974
40354.75734149738
40573.061341497494
40827.74934149764
40482.1013414975
40509.38934149747
40773.17334149761
40413.881341497465
40418.429341497416
40486.649341497454
40386.5933414974
40618.54134149753
40473.0053414975
40623.08934149753
40454.81334149749
40550.32134149749
40532.12934149748
40327.469341497366
40536.677341497474
40677.66534149756
40491.19734149751
40395.689341497404
40573.0613414975
40304.729341497354
40604.89734149751
40477.55334149745
40468.457341497444
40477.55334149745
40600.34934149752
40691.30934149757
40322.921341497415
40623.08934149752
40768.62534149766
40463.90934149749
40527.58134149748
40668.569341497554
40927.80534149775
40304.72934149741
40391.141341497394
40645.82934149754
40504.841341497515
40595.801341497514
40427.52534149742
40454.813341497436
40732.24134149759
40577.609341497555
40482.10134149745
40591.25334149751
40427.52534149742
40627.63734149753
40604.89734149757
40482.10134149745
40436.621341497426
40413.881341497414
40582.15734149751
40400.237341497406
40595.801341497514
40413.881341497414
40618.54134149753
40682.21334149761
40504.841341497515
40750.4333414976
40527.58134149753
40536.67734149748
40563.9653414975
40504.841341497464
40368.40134149739
40654.92534149754
40591.25334149756
40650.377341497544
40673.11734149761
40509.38934149752
40459.36134149744
40718.59734149758
40818.65334149769
40368.40134149744
40482.101341497444
40604.89734149752
40627.63734149753
40236.50934149737
40613.99334149752
40454.813341497436
40477.55334149745
40336.56534149737
40609.445341497514
40473.005341497446
40495.74534149746
40682.21334149756
40768.62534149766
40504.841341497515
40718.59734149758
40322.921341497415
40523.03334149747
40668.569341497554
40513.93734149752
40632.185341497534
40586.70534149756
40818.65334149764
40627.63734149758
40541.225341497535
40677.66534149756
40595.801341497565
40518.48534149747
40632.185341497534
40482.1013414975
40482.10134149745
40600.34934149752
40391.1413414974
40404.78534149741
40327.469341497366
40554.869341497484
40459.36134149744
40609.44534149752
40445.71734149743
40450.265341497434
40586.70534149751
40359.305341497384
40327.46934149736
40727.69334149758
40764.07734149766
40359.305341497435
40250.15334149732
40527.58134149747
40536.67734149748
40368.40134149739
40677.66534149755
40491.19734149751
40668.569341497554
40623.08934149758
40604.89734149757
40523.033341497474
40382.045341497396
40263.79734149733
40536.677341497474
40545.77334149749
40563.9653414975
40559.417341497494
40181.933341497286
40450.26534149741
40527.58134149748
40491.19734149746
40486.649341497454
40281.98934149734
40600.34934149751
40682.21334149756
40427.52534149747
40773.17334149761
40504.841341497515
40609.44534149752
40272.893341497336
40632.18534149753
40636.73334149759
40645.82934149759
40441.16934149748
40786.81734149762
40363.85334149744
40395.6893414974
40545.77334149749
40486.649341497454
40714.04934149758
40768.62534149766
40359.305341497435
40727.69334149758
40550.32134149754
40436.621341497426
40204.6733414973
40664.021341497544
40604.89734149757
40650.377341497544
40727.69334149764
40659.4733414976
40618.54134149758
40523.033341497525
40632.185341497534
40495.74534149751
40577.609341497504
40582.15734149751
40554.86934149749
40563.9653414975
40541.225341497484
40413.881341497414
40477.55334149745
40736.78934149759
40454.81334149749
40627.63734149753
40732.24134149764
40623.08934149758
40432.073341497475
40436.621341497426
40636.73334149754
40404.78534149746
40768.62534149761
40532.12934149753
40636.73334149754
40582.15734149756
40281.98934149734
40873.22934149766
40422.97734149747
40527.58134149748
40709.50134149758
40504.841341497515
40550.32134149749
40554.86934149749
40700.40534149757
40654.9253414976
40495.74534149751
40391.1413414974
40641.28134149754
40509.38934149752
40554.86934149749
40541.225341497484
40450.265341497434
40473.005341497446
40577.609341497504
40550.32134149749
40486.649341497454
40609.44534149752
40591.25334149751
40641.28134149754
40568.51334149755
40473.005341497446
40504.841341497464
40518.48534149747
40573.0613414975
40427.52534149742
40650.377341497544
40350.20934149743
40586.7053414975
40500.29334149746
40409.33334149741
40422.97734149742
40491.19734149746
40554.86934149749
40409.33334149741
40504.841341497464
40377.497341497394
40591.253341497504
40613.993341497524
40541.225341497484
40618.54134149753
40491.19734149751
40809.55734149763
40523.033341497525
40309.277341497356
40473.00534149744
40295.63334149735
40664.021341497544
40359.305341497435
40513.93734149746
40654.92534149755
40386.59334149745
40482.10134149745
40491.19734149746
40386.5933414974
40427.52534149742
40550.32134149749
40586.70534149751
40700.40534149757
40577.609341497555
40513.93734149747
40413.881341497414
40386.5933414974
40559.417341497494
40582.15734149751
40618.54134149753
40764.07734149766
40413.881341497465
40536.67734149748
40468.457341497444
40459.36134149744
40432.073341497424
40609.44534149752
40222.86534149731
40550.32134149748
40486.649341497454
40636.73334149754
40491.19734149751
40695.85734149757
40563.96534149755
40532.12934149748
40509.38934149747
40473.005341497446
40436.621341497426
40568.5133414975
40795.913341497624
40573.06134149755
40723.145341497584
40322.921341497415
40327.46934149736
40591.253341497504
40636.73334149754
40372.94934149744
40445.717341497424
40382.045341497396
40727.69334149759
40386.59334149745
40354.75734149738
40395.6893414974
40368.40134149739
40568.51334149749
40441.16934149743
40436.621341497426
40527.58134149748
40422.97734149742
40518.48534149747
40313.82534149736
40363.85334149738
40445.717341497424
40545.77334149749
40568.5133414975
40500.29334149746
40627.63734149753
40377.497341497445
40295.63334149734
40618.54134149752
40386.59334149745
40645.82934149754
40686.761341497615
40500.29334149751
40468.457341497444
40409.33334149741
40604.89734149752
40309.277341497356
40586.7053414975
40354.75734149738
40436.62134149742
40386.5933414974
40377.497341497394
40404.7853414974
40818.65334149764
40463.90934149749
40523.033341497474
40509.38934149747
40513.93734149747
40386.5933414974
40473.005341497446
40459.36134149744
40668.569341497554
40714.04934149763
40545.77334149754
40586.70534149751
40468.457341497444
40636.73334149754
40704.953341497625
40450.265341497485
40554.86934149749
40259.24934149733
40468.45734149744
40627.63734149753
40513.93734149752
40418.429341497416
40391.1413414974
40573.0613414975
40213.769341497304
40736.789341497584
40613.993341497575
40827.74934149764
40613.993341497575
40559.417341497494
40632.185341497534
40695.85734149762
40582.15734149756
40554.86934149749
40773.17334149761
40641.28134149759
40450.265341497485
40436.621341497426
40691.30934149757
40895.96934149773
40764.077341497665
40518.48534149752
40523.033341497474
40509.38934149747
40482.10134149745
40750.4333414976
40568.51334149755
40309.277341497356
40586.7053414975
40686.761341497564
40650.377341497595
40600.34934149757
40727.69334149759
40586.70534149756
40532.12934149748
40454.813341497436
40686.761341497564
40386.59334149745
40413.881341497414
40395.689341497404
40477.55334149745
40400.237341497406
40613.993341497524
40554.86934149749
40427.52534149742
40518.48534149747
40659.47334149755
40418.42934149747
40627.63734149753
40541.225341497535
40427.52534149742
40636.73334149754
40482.1013414975
40682.21334149756
40559.417341497545
40536.67734149748
40550.32134149749
40409.33334149741
40504.841341497464
40291.085341497346
40432.07334149742
40195.577341497294
40400.2373414974
40509.38934149747
40422.97734149742
40236.509341497316
40409.333341497404
40586.70534149751
40536.67734149748
40809.55734149763
40714.04934149763
40500.29334149751
40509.38934149747
40573.0613414975
40504.841341497464
40345.661341497376
40723.14534149758
40786.81734149767
40768.62534149766
40636.73334149759
40291.0853414974
40504.84134149746
40391.1413414974
40354.75734149738
40714.04934149757
40504.841341497515
40741.337341497594
40659.4733414976
40441.16934149748
40723.145341497584
40545.77334149754
40386.5933414974
40523.033341497474
40322.921341497364
40723.14534149758
40122.809341497305
40473.005341497425
40641.28134149754
40682.21334149761
40550.32134149754
40359.305341497384
40463.909341497434
40477.55334149745
40391.1413414974
40618.54134149753
40773.17334149766
40477.5533414975
40404.78534149741
40477.55334149745
40645.82934149754
40645.82934149759
40777.721341497665
40418.42934149747
40441.16934149743
40604.89734149752
40482.10134149745
40382.045341497396
40582.15734149751
40473.005341497446
40545.77334149749
40563.9653414975
40541.225341497484
40527.58134149748
40591.25334149751
40418.429341497416
40541.225341497484
40491.19734149746
40659.47334149755
40527.58134149753
40418.429341497416
40482.10134149745
40227.41334149731
40459.36134149743
40432.073341497424
40450.265341497434
40595.801341497514
40195.577341497294
40504.84134149746
40827.74934149764
40632.185341497585
40491.19734149751
40482.10134149745
40368.40134149739
40563.96534149749
40504.841341497464
40623.08934149753
40604.89734149757
40609.44534149752
40482.10134149745
40573.0613414975
40468.457341497444
40691.30934149757
40359.305341497435
40359.30534149738
40604.89734149751
40609.44534149752
40227.41334149731
40450.26534149743
40395.689341497404
40550.32134149749
40591.25334149751
40586.70534149751
40664.02134149755
40427.52534149747
40541.225341497484
40436.621341497426
40418.429341497416
40491.19734149746
40259.24934149733
40727.69334149758
40573.06134149755
40563.9653414975
40550.32134149749
40468.457341497444
40350.20934149738
40582.1573414975
40300.18134149735
40754.981341497594
40532.12934149753
40727.69334149759
40559.417341497545
40518.48534149747
40413.881341497414
40554.86934149749
40591.25334149751
40509.38934149747
40513.93734149747
40550.32134149749
40777.721341497614
40582.15734149756
40504.841341497464
40191.02934149729
40432.0733414974
40691.30934149757
40513.93734149752
40513.93734149747
40468.457341497444
40491.19734149746
40613.993341497524
40468.457341497444
40541.225341497484
40714.04934149758
40327.46934149742
40304.72934149735
40445.717341497424
40341.113341497374
40645.829341497534
40609.44534149757
40477.55334149745
40577.609341497504
40504.841341497464
40277.44134149734
40563.96534149749
40545.77334149749
40714.04934149758
40500.29334149751
40550.32134149749
40327.469341497366
40441.16934149742
40436.621341497426
40709.50134149758
40645.82934149759
40523.033341497525
40473.005341497446
40695.85734149757
40368.40134149744
40732.24134149758
40618.54134149758
40559.417341497545
40527.58134149748
40654.92534149755
40545.77334149754
40636.73334149754
40482.1013414975
40609.44534149752
40518.48534149747
40363.853341497386
40400.2373414974
40450.265341497434
40632.185341497534
40422.97734149747
40427.52534149742
40541.225341497484
40691.30934149757
40354.75734149743
40436.62134149742
40436.621341497426
40550.32134149749
40727.69334149759
40486.649341497505
40532.12934149748
40350.20934149738
40318.373341497354
40318.373341497354
40673.11734149755
40350.20934149743
40577.6093414975
40377.497341497394
40473.00534149744
40559.417341497494
40486.649341497454
40613.993341497524
40350.20934149738
40382.04534149739
40582.15734149751
40409.33334149741
40723.145341497584
40595.801341497565
40482.10134149745
40650.377341497544
40409.33334149746
40400.237341497406
40518.48534149747
40623.08934149753
40573.06134149755
40222.86534149731
40468.45734149744
40195.577341497294
40805.00934149762
40473.0053414975
40395.689341497404
40545.77334149749
40441.16934149743
40618.54134149753
40454.81334149749
40527.58134149748
40436.621341497426
40559.417341497494
40491.19734149746
40491.19734149746
40532.12934149748
40573.0613414975
40382.045341497396
40372.94934149739
40623.08934149752
40782.26934149767
40495.74534149751
40454.813341497436
40445.71734149743
40181.933341497286
40654.925341497525
40654.9253414976
40518.48534149752
40363.853341497386
40454.81334149743
40613.993341497524
40231.961341497314
40432.07334149742
40527.58134149748
40695.85734149757
40409.33334149746
40341.113341497374
40413.88134149741
40095.52134149724
40691.309341497545
40395.689341497455
40518.48534149747
40391.1413414974
40386.5933414974
40527.58134149748
40295.63334149735
40536.677341497474
40382.045341497396
40532.12934149748
40554.86934149749
40513.93734149747
40609.44534149752
40545.77334149749
40304.729341497354
40568.51334149749
40568.5133414975
40559.417341497494
40714.04934149758
40386.59334149745
40582.15734149751
40532.12934149748
40659.47334149755
40595.801341497565
40814.105341497634
40454.81334149749
40586.70534149751
40359.305341497384
40477.55334149744
40372.94934149739
40577.6093414975
40495.74534149746
40277.44134149734
40632.18534149753
40659.4733414976
40582.15734149756
40573.0613414975
40573.0613414975
40241.05734149732
40550.32134149748
40732.24134149759
40536.67734149753
40445.71734149743
40668.569341497554
40495.74534149751
40486.649341497454
40677.66534149756
40304.729341497405
40550.32134149748
40250.153341497324
40486.64934149745
40591.25334149751
40582.15734149751
40518.48534149747
40636.73334149754
40513.93734149752
40754.9813414976
40591.25334149756
40327.469341497366
40491.19734149745
40600.34934149752
40336.56534149737
40422.97734149741
40473.005341497446
40554.86934149749
40454.813341497436
40582.15734149751
40673.11734149756
40518.48534149752
40654.92534149755
40659.4733414976
40573.06134149755
40277.44134149734
40523.03334149747
40677.66534149756
40495.74534149751
40459.36134149744
40777.721341497614
40577.609341497555
40527.58134149748
40700.40534149757
40700.40534149762
40595.801341497565
40322.921341497364
40482.101341497444
40386.5933414974
40450.265341497434
40495.74534149746
40604.89734149752
40382.045341497396
40341.113341497374
40504.84134149746
40477.55334149745
40304.729341497354
40650.37734149754
40573.06134149755
40473.005341497446
40427.52534149742
40718.59734149758
40682.21334149761
40618.54134149758
40714.04934149763
40422.97734149747
40645.82934149754
40600.34934149757
40391.1413414974
40527.58134149748
40386.5933414974
40568.5133414975
average revenue:40516.814535070815