40248.46291483153
40491.19734149745
40536.67734149748
40459.36134149744
40418.429341497416
40477.55334149745
40573.0613414975
40591.25334149751
40627.63734149753
40541.225341497535
40750.4333414976
40632.185341497585
40281.98934149739
40600.34934149751
40613.993341497524
40377.497341497394
40559.41734149749
40322.921341497364
40404.7853414974
40313.82534149736
40363.85334149738
40513.93734149746
40673.11734149756
40618.54134149758
40391.14134149745
40463.90934149744
40372.94934149739
40332.01734149736
40368.40134149738
40509.38934149746
40586.70534149751
40523.033341497474
40477.55334149745
40413.881341497414
40432.073341497424
40659.47334149755
40395.689341497455
40541.225341497484
40454.813341497436
40559.417341497494
40277.44134149734
40704.95334149757
40768.62534149766
40573.06134149755
40432.073341497424
40645.82934149754
40336.56534149742
40613.99334149752
40368.40134149739
40441.16934149742
40368.40134149739
40236.50934149731
40532.12934149747
40468.457341497444
40409.33334149741
40532.12934149748
40509.38934149747
40604.89734149752
40541.225341497484
40664.02134149755
40677.66534149761
40354.75734149743
40541.22534149748
40682.21334149756
40618.54134149758
40327.46934149742
40582.1573414975
40582.15734149751
40536.67734149748
40800.46134149763
40641.28134149759
40386.59334149745
40500.29334149746
40400.237341497406
40623.08934149753
40645.82934149759
40477.5533414975
40300.18134149735
40377.49734149739
40504.84134149746
40600.34934149752
40427.52534149742
40504.841341497464
40582.15734149751
40536.67734149748
40509.38934149747
40550.32134149749
40536.67734149748
40422.97734149742
40473.005341497446
40541.225341497484
40704.953341497574
40313.82534149741
40573.061341497494
40559.417341497494
40527.58134149748
40509.38934149747
40573.0613414975
40450.265341497434
40254.701341497326
40613.99334149752
40368.40134149739
40436.62134149742
40582.15734149751
40495.74534149746
40600.34934149752
40427.52534149742
40327.469341497366
40654.92534149754
40632.185341497585
40568.51334149755
40377.497341497394
40586.7053414975
40432.073341497424
40495.74534149746
40723.145341497584
40500.29334149751
40527.58134149748
40609.44534149752
40618.54134149753
40491.19734149751
40491.19734149746
40541.225341497484
40454.813341497436
40459.36134149744
40609.44534149752
40691.30934149757
40336.56534149742
40454.81334149743
40241.05734149732
40659.47334149754
40613.993341497575
40504.841341497464
40341.113341497374
40404.7853414974
40563.9653414975
40386.5933414974
40300.18134149735
40473.00534149744
40418.429341497416
40691.30934149757
40618.54134149758
40241.05734149737
40441.16934149742
40600.34934149752
40550.32134149749
40586.70534149751
40545.77334149749
40591.25334149751
40727.69334149759
40845.9413414977
40432.073341497475
40582.15734149751
40527.58134149748
40632.185341497534
40736.78934149764
40445.71734149748
40523.033341497474
40636.73334149754
40327.46934149742
40441.16934149742
40650.377341497544
40473.0053414975
40782.26934149762
40040.94534149726
40436.6213414974
40513.93734149747
40545.77334149749
40618.54134149753
40782.26934149767
40450.265341497485
40418.429341497416
40695.85734149757
40277.44134149739
40436.62134149742
40454.813341497436
40741.337341497594
40486.649341497505
40473.005341497446
40518.48534149747
40327.469341497366
40518.485341497464
40900.51734149768
40641.2813414976
40345.66134149743
40641.28134149753
40459.36134149749
40195.577341497294
40691.30934149756
40459.36134149749
40372.94934149739
40559.41734149749
40463.90934149744
40609.44534149752
40650.377341497544
40523.033341497525
40523.033341497474
40786.81734149762
40600.34934149757
40868.681341497664
40459.36134149749
40604.89734149752
40650.377341497544
40500.29334149751
40436.621341497426
40545.77334149749
40400.237341497406
40591.25334149751
40682.21334149756
40200.12534149735
40550.32134149748
40554.86934149749
40591.25334149751
40613.993341497524
40504.841341497464
40322.921341497364
40591.253341497504
40436.621341497426
40441.16934149743
40677.66534149756
40573.06134149755
40509.38934149747
40368.40134149739
40291.08534149734
40386.59334149739
40527.58134149748
40673.11734149756
40386.59334149745
40613.993341497524
40664.02134149755
40754.98134149765
40632.185341497585
40368.40134149744
40613.99334149752
40659.47334149755
40536.67734149753
40532.12934149748
40386.5933414974
40727.69334149759
40450.265341497485
40486.649341497454
40436.621341497426
40495.74534149746
40473.005341497446
40513.93734149747
40518.48534149747
40395.689341497404
40964.18934149772
40341.11334149743
40404.7853414974
40454.813341497436
40500.29334149746
40495.74534149746
40504.841341497464
40513.93734149747
40613.993341497524
40309.277341497356
40491.19734149745
40641.28134149754
40400.23734149746
40509.38934149747
40536.67734149748
40736.78934149759
40591.25334149756
40568.5133414975
40577.609341497504
40382.045341497396
40636.73334149754
40518.48534149752
40504.841341497464
40495.74534149746
40463.90934149744
40659.47334149755
40413.881341497465
40723.145341497584
40332.01734149742
40686.76134149756
40827.74934149769
40595.801341497565
40518.48534149747
40618.54134149753
40422.97734149747
40645.82934149754
40582.15734149756
40582.15734149751
40613.993341497524
40422.97734149742
40468.457341497444
40272.893341497336
40618.54134149752
40641.28134149759
40718.59734149763
40341.113341497425
40750.43334149759
40527.58134149753
40409.33334149741
40400.237341497406
40659.47334149755
40645.82934149759
40450.265341497485
40618.54134149753
40309.27734149741
40795.91334149762
40545.77334149754
40300.18134149735
40332.01734149736
40795.91334149762
40354.75734149743
40386.59334149739
40441.16934149743
40527.58134149748
40550.32134149749
40436.621341497426
40695.85734149757
40318.37334149741
40309.27734149735
40805.00934149762
40732.24134149764
40627.63734149758
40627.63734149758
40250.153341497375
40491.19734149745
40627.63734149753
40664.0213414976
40577.609341497555
40568.5133414975
40545.77334149749
40550.32134149749
40527.58134149748
40563.9653414975
40577.609341497504
40322.921341497364
40441.16934149742
40577.609341497504
40350.20934149738
40463.909341497434
40422.97734149742
40568.5133414975
40518.48534149747
40473.005341497446
40659.47334149755
40718.59734149763
40504.841341497515
40304.729341497354
40318.373341497354
40595.80134149751
40577.609341497504
40573.0613414975
40304.729341497354
40409.333341497404
40418.429341497416
40723.145341497584
40309.27734149741
40422.97734149741
40354.75734149738
40532.12934149747
40491.19734149746
40664.02134149755
40309.27734149741
40818.65334149763
40559.417341497545
40377.497341497394
40450.26534149743
40554.86934149749
40377.497341497394
40582.1573414975
40563.9653414975
40477.55334149745
40563.9653414975
40650.377341497544
40427.52534149747
40554.86934149749
40700.40534149757
40218.31734149736
40368.40134149738
40327.46934149736
40613.99334149752
40350.20934149738
40536.677341497474
40309.277341497356
40673.11734149755
40536.67734149753
40382.045341497396
40345.661341497376
40473.00534149744
40391.1413414974
40677.66534149756
40350.20934149743
40341.11334149737
40613.99334149752
40554.86934149749
40504.841341497464
40450.265341497434
40432.073341497424
40741.337341497594
40486.649341497505
40427.52534149742
40236.509341497316
40495.74534149745
40222.86534149731
40541.22534149748
40486.649341497454
40363.853341497386
40650.37734149754
40677.66534149761
40618.54134149758
40372.94934149744
40422.97734149741
40541.225341497484
40418.429341497416
40554.86934149749
40441.16934149743
40791.36534149762
40482.1013414975
40432.073341497424
40709.50134149758
40523.033341497525
40441.16934149743
40577.609341497504
40709.50134149758
40400.23734149746
40682.21334149756
40422.97734149747
40500.29334149746
40482.10134149745
40509.38934149747
40268.345341497334
40632.18534149753
40645.82934149759
40673.11734149761
40222.86534149736
40668.56934149755
40686.761341497615
40318.37334149741
40582.1573414975
40504.841341497464
40595.801341497514
40427.52534149742
40563.9653414975
40427.52534149742
40432.073341497424
40368.40134149739
40491.19734149745
40563.9653414975
40450.265341497434
40577.609341497504
40436.621341497426
40509.38934149747
40495.74534149746
40518.48534149747
40709.50134149758
40673.11734149761
40686.761341497615
40582.15734149756
40304.729341497354
40309.27734149735
40623.08934149752
40409.33334149746
40477.55334149745
40541.225341497484
40281.98934149734
40318.373341497354
40523.03334149747
40673.11734149756
40659.4733414976
40586.70534149756
40441.16934149743
40782.26934149762
40468.457341497495
40554.86934149749
40677.66534149756
40468.457341497495
40363.853341497386
40422.97734149741
40368.40134149739
40595.80134149751
40418.429341497416
40259.24934149733
40545.77334149748
40727.69334149759
40523.033341497525
40563.9653414975
40386.5933414974
40500.29334149746
40368.40134149739
40582.1573414975
40463.90934149744
40591.25334149751
40518.48534149747
40459.36134149744
40450.265341497434
40409.33334149741
40386.5933414974
40395.689341497404
40559.417341497494
40345.661341497376
40491.19734149745
40509.38934149747
40486.649341497454
40523.033341497474
40513.93734149747
40654.92534149755
40795.913341497675
40704.953341497625
40495.74534149751
40363.853341497386
40486.64934149745
40268.345341497334
40577.6093414975
40350.20934149738
40504.84134149746
40418.429341497416
40700.40534149757
40513.93734149752
40509.38934149747
40281.98934149734
40372.949341497384
40422.97734149741
40559.417341497494
40368.40134149739
40436.62134149742
40577.609341497504
40563.9653414975
40218.317341497306
40263.797341497324
40545.77334149748
40609.44534149752
40286.537341497344
40509.38934149746
40295.63334149735
40450.26534149743
40600.34934149752
40436.621341497426
40504.841341497464
40500.29334149746
40295.63334149735
40441.16934149742
40709.50134149758
40645.82934149759
40241.05734149737
40509.38934149746
40736.78934149759
40573.06134149755
40509.38934149747
40686.761341497564
40750.43334149765
40577.609341497555
40304.729341497354
40632.18534149753
40600.34934149757
40500.29334149746
40550.32134149749
40618.54134149753
40559.417341497545
40436.621341497426
40495.74534149746
40418.429341497416
40550.32134149749
40550.32134149749
40691.30934149757
40559.417341497545
40463.90934149744
40491.19734149746
40291.085341497346
40395.6893414974
40527.58134149748
40673.11734149756
40432.073341497475
40277.44134149734
40350.20934149737
40445.717341497424
40732.24134149759
40573.06134149755
40723.145341497584
40677.66534149761
40509.38934149752
40641.28134149754
40409.33334149746
40345.661341497376
40523.03334149747
40382.045341497396
40623.08934149753
40450.265341497485
40609.44534149752
40645.82934149754
40636.73334149759
40559.417341497545
40618.54134149753
40450.265341497485
40623.08934149753
40527.58134149753
40495.74534149746
40341.113341497374
40550.32134149748
40313.82534149736
40595.80134149751
40782.26934149762
40636.73334149759
40613.993341497575
40473.005341497446
40568.5133414975
40509.38934149747
40568.5133414975
40418.429341497416
40668.569341497554
40573.06134149755
40286.537341497344
40700.405341497564
40409.33334149746
40368.40134149739
40718.597341497574
40814.105341497685
40300.1813414974
40532.12934149747
40363.853341497386
40773.173341497604
40654.9253414976
40568.51334149755
40550.32134149749
40459.36134149744
40450.265341497434
40486.649341497454
40436.621341497426
40582.15734149751
40554.86934149749
40477.55334149745
40291.085341497346
40473.00534149744
40359.305341497384
40377.49734149739
40363.85334149738
40550.32134149748
40627.63734149753
40345.66134149743
40654.92534149754
40582.15734149756
40709.50134149758
40450.265341497485
40609.44534149752
40577.609341497504
40532.12934149748
40641.28134149754
40673.11734149761
40550.32134149754
40627.63734149753
40473.0053414975
40523.033341497474
40791.36534149762
40709.50134149763
40718.59734149763
40404.78534149746
40563.9653414975
40623.08934149753
40595.801341497565
40422.97734149742
40491.19734149746
40573.0613414975
40559.417341497494
40545.77334149749
40473.005341497446
40432.073341497424
40459.36134149744
40332.01734149737
40627.637341497524
40495.74534149751
40350.20934149738
40109.16534149724
40495.74534149744
40454.813341497436
40400.237341497406
40563.9653414975
40664.02134149755
40604.89734149757
40636.73334149754
40377.497341497445
40422.97734149741
40741.337341497594
40627.63734149758
40563.96534149755
40650.377341497544
40686.761341497615
40586.70534149756
40341.113341497374
40404.7853414974
40786.81734149762
40150.09734149732
40418.429341497394
40595.801341497514
40409.33334149741
40454.813341497436
40463.90934149744
40586.70534149751
40382.045341497396
40436.621341497426
40486.649341497454
40382.045341497396
40513.93734149747
40513.93734149747
40609.44534149752
40613.993341497524
40532.12934149748
40563.9653414975
40636.73334149754
40291.0853414974
40441.16934149742
40727.69334149759
40436.62134149748
40400.237341497406
40309.277341497356
40272.89334149733
40395.6893414974
40395.689341497404
40477.55334149745
40577.609341497504
40409.33334149741
40554.86934149749
40509.38934149747
40477.55334149745
40682.21334149756
40550.32134149754
40495.74534149746
40477.55334149745
40345.661341497376
40354.757341497374
40609.445341497514
40445.71734149743
40413.881341497414
40204.6733414973
40309.27734149735
40454.81334149743
40654.92534149755
40609.44534149757
40468.457341497444
40668.569341497554
40386.59334149745
40459.36134149744
40513.93734149747
40486.649341497454
40541.225341497484
40636.73334149754
40436.62134149748
40322.921341497364
40659.47334149754
40664.0213414976
40795.913341497675
40504.841341497515
40504.841341497464
40513.93734149747
40468.457341497444
40573.0613414975
40459.36134149744
40586.70534149751
40386.5933414974
40668.569341497554
40513.93734149752
40718.59734149758
40563.96534149755
40623.08934149753
40513.93734149752
40418.429341497416
40354.75734149738
40754.981341497594
40554.86934149754
40586.70534149751
40654.92534149755
40491.19734149751
40536.67734149748
40741.337341497594
40550.32134149754
40554.86934149749
40523.033341497474
40382.045341497396
40477.55334149745
40573.0613414975
40732.24134149759
40513.93734149752
40559.417341497494
40386.5933414974
40295.63334149735
40509.38934149746
40486.649341497454
40563.9653414975
40645.82934149754
40532.12934149753
40277.44134149734
40636.73334149753
40641.28134149759
40391.14134149745
40327.469341497366
40550.32134149748
40750.4333414976
40586.70534149756
40277.44134149734
40413.88134149741
40400.237341497406
40509.38934149747
40359.305341497384
40432.07334149742
40336.56534149737
40641.28134149753
40418.42934149747
40782.26934149762
40491.19734149751
40436.621341497426
40664.02134149755
40650.377341497595
40491.19734149751
40623.08934149753
40518.48534149752
40550.32134149749
40618.54134149753
40591.25334149756
40413.881341497414
40509.38934149747
40441.16934149743
40400.237341497406
40727.69334149759
40473.0053414975
40409.33334149741
40250.153341497324
40432.07334149742
40391.1413414974
40627.63734149753
40418.42934149747
40350.20934149738
40600.34934149751
40550.32134149749
40545.77334149749
40523.033341497474
40350.20934149738
40332.01734149736
40632.18534149753
40432.073341497475
40432.073341497424
40618.54134149753
40554.86934149754
40641.28134149754
40463.90934149749
40400.237341497406
40377.497341497394
40441.16934149742
40604.89734149752
40700.40534149757
40582.15734149756
40386.5933414974
40664.02134149755
40463.90934149749
40591.25334149751
40573.0613414975
40268.345341497334
40500.293341497454
40518.48534149747
40609.44534149752
40459.36134149744
40509.38934149747
40586.70534149751
40523.033341497474
40573.0613414975
40477.55334149745
40695.85734149757
40604.89734149757
40550.32134149749
40623.08934149753
40636.73334149759
40272.89334149739
40600.34934149751
40445.71734149743
40613.993341497524
40318.37334149736
40527.58134149747
40723.145341497584
40509.38934149752
40459.36134149744
40486.649341497454
40563.9653414975
40732.24134149759
40768.62534149766
40495.74534149751
40527.58134149748
40477.55334149745
40568.5133414975
40509.38934149747
40400.237341497406
40736.78934149759
40677.66534149761
40427.52534149747
40491.19734149746
40764.07734149761
40573.06134149755
40659.47334149755
40454.81334149749
40463.90934149744
40786.81734149762
40741.337341497645
40518.48534149752
40250.153341497324
40386.59334149739
40559.417341497494
40691.30934149757
40623.08934149758
40777.721341497665
40559.417341497545
40600.34934149752
40545.77334149749
40577.609341497504
40527.58134149748
40636.73334149754
40432.073341497475
40623.08934149753
40541.225341497535
40350.20934149738
40486.64934149745
40786.81734149762
40736.78934149764
40650.377341497595
40554.86934149754
40454.813341497436
40623.08934149753
40513.93734149752
40527.58134149748
40600.34934149752
40477.55334149745
40454.813341497436
40600.34934149752
40422.97734149742
40491.19734149746
40504.841341497464
40523.033341497474
40573.0613414975
40641.28134149754
40477.5533414975
40509.38934149747
40677.66534149756
40623.08934149758
40495.74534149751
40372.94934149739
40554.869341497484
40586.70534149751
40163.741341497276
40841.39334149763
40222.86534149736
40473.00534149744
40559.417341497494
40386.5933414974
40613.993341497524
40195.577341497294
40545.77334149748
40336.56534149737
40573.061341497494
40495.74534149746
40668.569341497554
40272.89334149739
40686.76134149756
40459.36134149749
40659.47334149755
40368.40134149744
40650.37734149754
40641.28134149759
40927.80534149775
40573.06134149756
40495.74534149746
40536.67734149748
40300.18134149735
40504.84134149746
40477.55334149745
40518.48534149747
40541.225341497484
40213.769341497304
40277.44134149733
40745.88534149759
40645.82934149759
40241.05734149737
40586.7053414975
40404.78534149741
40518.48534149747
40477.55334149745
40445.71734149743
40336.56534149737
40391.141341497394
40618.54134149753
40250.153341497375
40664.021341497544
40573.06134149755
40645.82934149754
40432.073341497475
40245.60534149732
40422.97734149741
40468.457341497444
40491.19734149746
40350.20934149738
40595.80134149751
40559.417341497494
40372.94934149739
40409.333341497404
40545.77334149749
40491.19734149746
40523.033341497474
40532.12934149748
40645.82934149754
40563.96534149755
average revenue:40514.66333107081