40239.366914831524
40604.89734149751
40191.02934149729
40654.925341497525
40409.33334149746
40272.893341497336
40623.08934149752
40327.46934149742
40568.51334149749
40768.62534149761
40591.25334149756
40732.24134149759
40695.85734149762
40541.225341497535
40641.28134149754
40541.225341497535
40300.18134149735
40704.95334149757
40673.11734149761
40477.5533414975
40332.01734149737
40673.11734149755
40541.225341497535
40645.82934149754
40318.37334149741
40391.141341497394
40773.17334149761
40518.48534149752
40536.67734149748
40573.0613414975
40459.36134149744
40322.921341497364
40463.909341497434
40563.9653414975
40345.661341497376
40668.56934149755
40591.25334149756
40322.921341497364
40563.96534149749
40714.04934149758
40513.93734149752
40545.77334149749
40741.337341497594
40636.73334149759
40450.265341497485
40473.005341497446
40855.03734149766
40714.04934149763
40650.377341497595
40254.70134149738
40523.03334149747
40500.29334149746
40536.67734149748
40595.801341497514
40332.01734149737
40600.34934149751
40554.86934149749
40659.47334149755
40736.78934149764
40509.38934149752
40786.81734149762
40695.85734149762
40768.62534149766
40595.801341497565
40532.12934149748
40259.24934149733
40541.22534149748
40318.37334149736
40595.80134149751
40473.005341497446
40573.0613414975
40486.649341497454
40677.66534149756
40477.5533414975
40386.5933414974
40677.66534149756
40463.90934149749
40745.8853414976
40641.28134149759
40682.21334149761
40641.28134149759
40513.93734149752
40654.92534149755
40404.78534149746
40491.19734149746
40513.93734149747
40513.93734149747
40413.881341497414
40509.38934149747
40573.0613414975
40559.417341497494
40450.265341497434
40732.24134149759
40354.75734149743
40459.36134149743
40468.457341497444
40445.71734149743
40595.801341497514
40404.78534149741
40686.761341497564
40545.77334149754
40559.417341497494
40536.67734149748
40618.54134149753
40559.417341497545
40304.729341497354
40541.22534149748
40664.02134149755
40573.06134149755
40582.15734149751
40513.93734149747
40741.337341497594
40441.16934149748
40427.52534149742
40513.93734149747
40545.77334149749
40495.74534149746
40550.32134149749
40709.50134149758
40691.30934149762
40691.30934149762
40513.93734149752
40586.70534149751
40454.813341497436
40336.56534149737
40359.30534149738
40586.7053414975
40554.86934149749
40527.58134149748
40495.74534149746
40591.25334149751
40500.29334149746
40391.1413414974
40413.881341497414
40509.38934149747
40436.621341497426
40386.5933414974
40554.86934149749
40573.0613414975
40559.417341497494
40577.609341497504
40682.21334149756
40463.90934149749
40504.841341497464
40623.08934149753
40286.537341497395
40300.181341497344
40318.373341497354
40345.66134149737
40409.333341497404
40559.417341497494
40727.69334149759
40495.74534149751
40591.25334149751
40454.813341497436
40686.761341497564
40677.66534149761
40532.12934149753
40418.429341497416
40200.125341497296
40395.6893414974
40645.82934149754
40686.761341497615
40436.62134149748
40527.58134149748
40550.32134149749
40573.0613414975
40427.52534149742
40582.15734149751
40577.609341497504
40336.56534149737
40645.829341497534
40554.86934149754
40227.41334149731
40468.45734149744
40568.5133414975
40595.801341497514
40495.74534149746
40509.38934149747
40422.97734149742
40686.761341497564
40445.71734149748
40450.265341497434
40577.609341497504
40313.82534149736
40504.84134149746
40686.761341497564
40532.12934149753
40554.86934149749
40495.74534149746
40404.78534149741
40450.265341497434
40427.52534149742
40668.569341497554
40623.08934149758
40504.841341497515
40905.065341497684
40559.41734149755
40445.71734149743
40541.225341497484
40664.02134149755
40586.70534149756
40300.18134149735
40623.08934149752
40650.377341497595
40754.98134149765
40473.0053414975
40709.50134149758
40363.85334149744
40436.62134149742
40495.74534149746
40536.67734149748
40604.89734149752
40618.54134149753
40391.14134149745
40500.29334149746
40368.40134149739
40354.757341497374
40586.7053414975
40432.073341497424
40409.33334149741
40654.92534149755
40445.71734149748
40704.953341497574
40345.66134149743
40354.757341497374
40609.445341497514
40359.305341497384
40291.08534149734
40359.30534149738
40604.89734149751
40673.11734149756
40595.801341497565
40436.621341497426
40468.457341497444
40450.265341497434
40477.55334149745
40231.961341497314
40454.81334149743
40554.86934149749
40309.277341497356
40682.213341497554
40627.63734149758
40391.14134149745
40632.185341497534
40723.145341497635
40732.24134149764
40686.761341497615
40523.033341497525
40527.58134149748
40254.701341497326
40463.909341497434
40413.881341497414
40586.70534149751
40463.90934149744
40509.38934149747
40532.12934149748
40513.93734149747
40495.74534149746
40504.841341497464
40609.44534149752
40650.377341497544
40509.38934149752
40650.377341497544
40281.98934149739
40477.55334149744
40577.609341497504
40313.82534149736
40404.7853414974
40422.97734149742
40532.12934149748
40382.045341497396
40554.86934149749
40554.86934149749
40345.661341497376
40459.36134149743
40668.569341497554
40509.38934149752
40332.01734149737
40450.26534149743
40336.56534149737
40450.26534149743
40482.10134149745
40382.045341497396
40627.63734149753
40691.30934149762
40322.921341497415
40395.6893414974
40368.40134149739
40832.29734149764
40422.97734149747
40372.94934149739
40432.07334149742
40454.813341497436
40659.47334149755
40691.30934149762
40509.38934149752
40477.55334149745
40322.921341497364
40372.949341497384
40523.03334149747
40450.265341497434
40473.005341497446
40500.29334149746
40468.457341497444
40623.08934149753
40350.20934149743
40418.42934149741
40436.621341497426
40664.02134149755
39972.72534149722
40595.801341497485
40563.9653414975
40554.86934149749
40400.237341497406
40600.34934149752
40454.813341497436
40300.18134149735
40568.51334149749
40209.2213414973
40682.213341497554
40573.06134149755
40432.073341497424
40468.457341497444
40541.225341497484
40409.33334149741
40450.265341497434
40527.58134149748
40700.40534149757
40513.93734149752
40245.60534149732
40595.80134149751
40654.92534149755
40536.67734149753
40327.469341497366
40627.637341497524
40673.11734149761
40350.20934149743
40750.43334149759
40422.97734149747
40473.005341497446
40504.841341497464
40659.47334149755
40409.33334149746
40559.417341497494
40504.841341497464
40418.429341497416
40382.045341497396
40291.085341497346
40345.66134149737
40573.061341497494
40513.93734149747
40554.86934149749
40791.36534149762
40613.993341497575
40577.609341497504
40682.21334149756
40545.77334149754
40627.63734149753
40668.569341497605
40500.29334149751
40486.649341497454
40745.8853414976
40254.70134149738
40545.77334149748
40632.185341497534
40573.06134149755
40473.005341497446
40445.71734149743
40318.37334149736
40513.93734149746
40436.621341497426
40509.38934149747
40604.89734149752
40354.75734149738
40850.48934149765
40554.86934149754
40500.29334149746
40327.469341497366
40518.485341497464
40432.073341497424
40372.94934149739
40595.80134149751
40591.25334149751
40827.74934149764
40504.841341497515
40368.40134149739
40545.77334149748
40400.237341497406
40359.305341497384
40450.26534149743
40591.25334149751
40309.277341497356
40582.1573414975
40473.005341497446
40241.05734149732
40568.51334149749
40645.82934149754
40486.649341497505
40600.34934149752
40559.417341497494
40395.689341497404
40677.66534149756
40618.54134149758
40309.27734149741
40545.77334149748
40714.04934149758
40554.86934149754
40541.225341497484
40372.94934149739
40541.22534149748
40191.02934149729
40222.86534149729
40645.829341497534
40459.36134149749
40468.457341497444
40791.36534149762
40477.5533414975
40422.97734149742
40623.08934149753
40345.66134149743
40354.757341497374
40618.54134149752
40309.27734149741
40413.88134149741
40541.225341497484
40413.881341497414
40650.377341497544
40291.0853414974
40536.677341497474
40404.78534149741
40577.609341497504
40550.32134149749
40732.24134149759
40523.033341497525
40586.70534149751
40463.90934149744
40545.77334149749
40704.953341497574
40673.11734149761
40668.569341497605
40695.85734149762
40582.15734149756
40518.48534149747
40532.12934149748
40768.62534149761
40536.67734149753
40636.73334149754
40345.66134149743
40759.5293414976
40632.185341497585
40682.21334149761
40700.40534149762
40341.113341497425
40664.021341497544
40764.07734149766
40359.305341497435
40554.869341497484
40391.1413414974
40382.045341497396
40491.19734149746
40473.005341497446
40350.20934149738
40468.45734149744
40563.9653414975
40500.29334149746
40486.649341497454
40504.841341497464
40368.40134149739
40686.76134149756
40595.801341497565
40795.913341497624
40768.62534149766
40441.16934149748
40523.033341497474
40686.761341497564
40595.801341497565
40805.00934149763
40391.14134149745
40300.18134149735
40559.41734149749
40395.689341497404
40463.90934149744
40632.185341497534
40081.87734149728
40473.005341497425
40295.63334149735
40382.04534149739
40186.48134149729
40463.90934149742
40613.993341497524
40673.11734149756
40486.649341497505
40786.81734149762
40559.417341497545
40650.377341497544
40477.5533414975
40327.469341497366
40281.989341497334
40577.6093414975
40563.9653414975
40563.9653414975
40645.82934149754
40245.60534149737
40609.445341497514
40559.417341497494
40300.18134149735
40527.58134149747
40595.801341497514
40591.25334149751
40577.609341497504
40450.265341497434
40773.17334149761
40536.67734149753
40732.24134149759
40545.77334149754
40450.265341497434
40309.277341497356
40609.445341497514
40600.34934149752
40386.5933414974
40391.1413414974
40554.86934149749
40745.8853414976
40518.48534149752
40623.08934149753
40391.14134149745
40332.01734149737
40577.6093414975
40459.36134149744
40527.58134149748
40595.801341497514
40609.44534149752
40413.881341497414
40532.12934149748
40486.649341497454
40413.881341497414
40313.82534149736
40509.38934149746
40559.417341497494
40691.30934149757
40450.265341497485
40304.729341497354
40618.54134149752
40163.74134149733
40759.52934149758
40382.04534149745
40354.75734149738
40486.64934149745
40345.661341497376
40463.909341497434
40491.19734149746
40891.42134149768
40473.0053414975
40268.345341497334
40395.6893414974
40409.33334149741
40436.621341497426
40609.44534149752
40523.033341497474
40559.417341497494
40645.82934149754
40754.98134149765
40382.04534149745
40532.12934149748
40486.649341497454
40477.55334149745
40422.97734149742
40432.073341497424
40473.005341497446
40664.02134149755
40436.62134149748
40732.24134149759
40468.457341497495
40468.457341497444
40504.841341497464
40454.813341497436
40504.841341497464
40604.89734149752
40200.125341497296
40668.56934149755
40313.82534149741
40527.58134149747
40532.12934149748
40727.69334149759
40377.497341497445
40645.829341497534
40304.729341497405
40600.34934149751
40509.38934149747
40332.01734149737
40445.717341497424
40577.609341497504
40422.97734149742
40495.74534149746
40159.193341497274
40473.005341497425
40259.24934149733
40259.24934149732
40418.42934149741
40754.9813414976
40591.25334149756
40386.5933414974
40627.63734149753
40322.921341497415
40664.021341497544
40468.457341497495
40404.78534149741
40281.98934149734
40400.2373414974
40195.577341497294
40604.89734149751
40609.44534149752
40477.55334149745
40718.59734149758
40654.9253414976
40545.77334149754
40613.993341497524
40618.54134149753
40477.5533414975
40832.297341497644
40864.13334149771
40491.19734149751
40718.59734149758
40259.24934149738
40523.03334149747
40432.073341497424
40609.44534149752
40486.649341497454
40627.63734149753
40573.06134149755
40686.761341497564
40518.48534149752
40532.12934149748
40700.40534149757
40454.81334149749
40495.74534149746
40527.58134149748
40563.9653414975
40550.32134149749
40623.08934149753
40523.033341497525
40459.36134149744
40841.39334149765
40495.74534149751
40291.085341497346
40477.55334149744
40436.621341497426
40327.469341497366
40336.565341497364
40714.04934149757
40582.15734149756
40536.67734149748
40327.469341497366
40609.445341497514
40409.33334149741
40432.073341497424
40245.60534149732
40795.91334149762
40409.33334149746
40422.97734149742
40541.225341497484
40568.5133414975
40777.721341497614
40463.90934149749
40513.93734149747
40263.79734149733
40545.77334149748
40527.58134149748
40550.32134149749
40563.9653414975
40413.881341497414
40623.08934149753
40595.801341497565
40573.0613414975
40427.52534149742
40354.75734149738
40541.22534149748
40623.08934149753
40477.5533414975
40604.89734149752
40395.689341497404
40427.52534149742
40500.29334149746
40791.36534149762
40486.649341497505
40518.48534149747
40618.54134149753
40618.54134149758
40573.06134149755
40186.48134149729
40400.237341497384
40563.9653414975
40664.02134149755
40513.93734149752
40491.19734149746
40450.265341497434
40445.71734149743
40500.29334149746
40718.59734149758
40459.36134149749
40473.005341497446
40486.649341497454
40495.74534149746
40568.5133414975
40645.82934149754
40518.48534149752
40636.73334149754
40313.82534149741
40513.93734149746
40468.457341497444
40573.0613414975
40632.185341497534
40573.06134149755
40554.86934149749
40654.92534149755
40591.25334149756
40304.729341497354
40659.47334149754
40632.185341497585
40591.25334149756
40532.12934149748
40650.377341497544
40477.5533414975
40523.033341497474
40427.52534149742
40573.0613414975
40586.70534149751
40409.33334149741
40632.185341497534
40504.841341497515
40709.50134149758
40827.74934149769
40618.54134149758
40550.32134149754
40382.045341497396
40400.237341497406
40582.15734149751
40486.649341497454
40454.813341497436
40550.32134149749
40654.92534149755
40650.377341497595
40523.033341497525
40518.48534149747
40627.63734149753
40245.60534149737
40436.62134149742
40286.537341497344
40422.97734149741
40445.71734149743
40523.033341497474
40736.78934149759
40495.74534149751
40427.52534149742
40632.185341497534
40586.70534149756
40627.63734149753
40618.54134149758
40591.25334149756
40513.93734149747
40418.429341497416
40500.29334149746
40286.537341497344
40591.253341497504
40359.305341497384
40445.717341497424
40532.12934149748
40623.08934149753
40623.08934149758
40727.69334149764
40545.77334149754
40486.649341497454
40372.94934149739
40473.00534149744
40577.609341497504
40618.54134149753
40545.77334149754
40400.237341497406
40832.297341497644
40523.033341497525
40432.073341497424
40263.79734149733
40468.45734149744
40809.55734149763
40727.69334149764
40586.70534149756
40586.70534149751
40714.04934149758
40359.305341497435
40500.293341497454
40441.16934149743
40664.02134149755
40436.62134149748
40586.70534149751
40632.185341497534
40600.34934149757
40568.5133414975
40400.237341497406
40664.02134149755
40422.97734149747
40527.58134149748
40445.71734149743
40554.86934149749
40495.74534149746
40545.77334149749
40554.86934149749
40577.609341497504
40400.237341497406
40695.85734149757
40668.569341497605
40627.63734149758
40259.24934149738
40372.949341497384
40427.525341497414
40541.225341497484
40341.113341497374
40450.26534149743
40504.841341497464
40391.1413414974
40745.8853414976
40422.97734149747
40281.98934149734
40623.08934149752
40454.81334149749
40582.15734149751
40368.40134149739
40682.213341497554
40600.34934149757
40550.32134149749
40668.569341497554
40513.93734149752
40482.10134149745
40309.277341497356
40473.00534149744
40527.58134149748
40441.16934149743
40554.86934149749
40836.84534149765
40532.12934149753
40518.48534149747
40500.29334149746
40673.11734149756
40582.15734149756
40586.70534149751
40441.16934149743
40559.417341497494
40359.305341497384
40586.7053414975
40523.033341497474
40445.71734149743
40400.237341497406
40473.005341497446
40400.237341497406
40500.29334149746
40886.873341497674
40418.42934149747
40241.05734149732
40518.485341497464
40345.661341497376
40641.28134149753
40504.841341497515
40450.265341497434
40554.86934149749
40723.145341497584
40714.04934149763
40568.51334149755
40541.225341497484
40236.509341497316
40623.08934149752
40523.033341497525
40418.429341497416
40422.97734149742
40495.74534149746
40641.28134149754
40222.86534149736
40523.03334149747
40222.86534149731
40627.637341497524
40650.377341497595
40332.01734149742
40732.24134149758
40741.337341497645
40550.32134149754
40304.729341497354
40545.77334149748
40686.761341497564
40382.04534149745
40686.761341497564
40191.02934149734
40250.1533414973
40404.7853414974
40814.105341497634
40513.93734149752
40363.853341497386
40382.04534149739
40454.813341497436
40382.045341497396
40486.649341497454
40513.93734149747
40463.90934149744
40395.689341497404
40513.93734149747
40586.70534149751
40636.73334149754
40509.38934149752
40486.649341497454
40918.70934149769
40659.47334149761
40327.46934149742
40409.333341497404
40427.52534149742
40268.345341497334
40573.061341497494
40468.457341497444
40422.97734149742
40682.21334149756
40568.51334149755
40509.38934149747
40604.89734149752
40445.71734149743
40563.9653414975
40695.85734149757
40686.761341497615
40650.377341497595
40582.15734149756
40382.045341497396
40609.44534149752
40700.40534149757
40650.377341497595
40454.81334149749
40300.18134149735
40468.45734149744
40741.337341497594
40645.82934149759
40313.82534149741
40418.42934149741
40554.86934149749
40468.457341497444
40545.77334149749
40418.429341497416
40600.34934149752
40559.417341497494
40532.12934149748
40550.32134149749
40427.52534149742
40513.93734149747
40577.609341497504
40341.113341497374
40677.66534149755
40363.85334149744
40463.909341497434
40277.44134149734
40404.7853414974
40286.537341497344
40391.141341497394
40495.74534149746
40636.73334149754
40591.25334149756
40545.77334149749
40664.02134149755
40454.81334149749
40473.005341497446
40527.58134149748
40554.86934149749
40509.38934149747
40582.15734149751
40718.59734149758
40641.28134149759
40354.75734149743
40518.485341497464
40764.07734149761
40454.81334149749
40359.305341497384
40304.72934149735
40468.45734149744
40591.25334149751
40582.15734149751
40491.19734149746
40541.225341497484
40695.85734149757
40377.497341497445
40445.717341497424
40441.16934149743
40618.54134149753
40473.0053414975
40495.74534149746
40459.36134149744
40686.761341497564
40559.417341497545
40413.881341497414
40459.36134149744
40609.44534149752
40727.69334149759
40723.145341497635
40563.96534149755
40441.16934149743
40450.265341497434
40623.08934149753
40477.5533414975
average revenue:40516.80543907081