40266.65491483154
40582.1573414975
40536.67734149748
40427.52534149742
40718.59734149758
40591.25334149756
40595.801341497514
40577.609341497504
40409.33334149741
40582.15734149751
40172.83734149728
40563.965341497475
40527.58134149748
40154.64534149727
40518.48534149745
40604.89734149752
40432.073341497424
40382.045341497396
40686.761341497564
40782.26934149767
40332.01734149742
40577.6093414975
40632.185341497534
40532.12934149753
40604.89734149752
40664.02134149755
40450.265341497485
40723.145341497584
40550.32134149754
40550.32134149749
40504.841341497464
40404.78534149741
40241.05734149732
40627.637341497524
40491.19734149751
40300.18134149735
40600.34934149751
40559.417341497494
40477.55334149745
40336.56534149737
40477.55334149744
40745.8853414976
40509.38934149752
40695.85734149757
40768.62534149766
40363.85334149744
40677.66534149755
40463.90934149749
40454.813341497436
40527.58134149748
40563.9653414975
40491.19734149746
40527.58134149748
40345.661341497376
40313.82534149735
40459.36134149743
40482.10134149745
40609.44534149752
40682.21334149756
40291.0853414974
40509.38934149746
40545.77334149749
40477.55334149745
40518.48534149747
40736.78934149759
40441.16934149748
40482.10134149745
40377.497341497394
40336.565341497364
40609.445341497514
40618.54134149753
40454.81334149749
40627.63734149753
40618.54134149758
40231.961341497365
40245.605341497314
40664.021341497544
40536.67734149753
40577.609341497504
40563.9653414975
40654.92534149755
40809.55734149768
40459.36134149749
40400.237341497406
40700.40534149757
40573.06134149755
40454.813341497436
40654.92534149755
40518.48534149752
40277.44134149734
40459.36134149743
40459.36134149744
40450.265341497434
40482.10134149745
40436.621341497426
40627.63734149753
40432.073341497475
40432.073341497424
40723.145341497584
40600.34934149757
40413.881341497414
40609.44534149752
40573.0613414975
40550.32134149749
40573.0613414975
40527.58134149748
40500.29334149746
40436.621341497426
40413.881341497414
40627.63734149753
40745.88534149765
40736.78934149764
40645.82934149759
40768.62534149766
40495.74534149751
40673.11734149756
40495.74534149751
40377.497341497394
40532.12934149747
40573.0613414975
40554.86934149749
40695.85734149757
40777.721341497665
40636.73334149759
40636.73334149759
40673.11734149761
40513.93734149752
40604.89734149752
40613.993341497524
40550.32134149749
40613.993341497524
40281.98934149734
40536.677341497474
40304.729341497354
40577.6093414975
40582.15734149751
40436.621341497426
40518.48534149747
40545.77334149749
40568.5133414975
40413.881341497414
40477.55334149745
40682.21334149756
40441.16934149748
40559.417341497494
40523.033341497474
40764.07734149761
40372.94934149744
40609.445341497514
40222.86534149731
40650.37734149754
40495.74534149751
40650.377341497544
40413.881341497465
40382.045341497396
40823.20134149764
40654.9253414976
40545.77334149754
40486.649341497454
40509.38934149747
40736.78934149759
40709.50134149763
40518.48534149752
40291.085341497346
40727.69334149758
40491.19734149751
40609.44534149752
40764.07734149761
40341.113341497425
40413.88134149741
40559.417341497494
40482.10134149745
40382.045341497396
40650.377341497544
40604.89734149757
40518.48534149747
40409.33334149741
40395.689341497404
40422.97734149742
40486.649341497454
40463.90934149744
40659.47334149755
40377.497341497445
40504.84134149746
40568.5133414975
40486.649341497454
40591.25334149751
40386.5933414974
40554.86934149749
40591.25334149751
40845.94134149765
40263.79734149738
40545.77334149748
40723.145341497584
40568.51334149755
40391.1413414974
40595.801341497514
40577.609341497504
40363.853341497386
40454.81334149743
40550.32134149749
40413.881341497414
40527.58134149748
40486.649341497454
40445.71734149743
40377.497341497394
40618.54134149752
40172.83734149733
40554.86934149747
40482.10134149745
40272.893341497336
40545.77334149748
40704.953341497574
40613.993341497575
40250.153341497324
40354.757341497374
40654.92534149754
40604.89734149757
40372.94934149739
40281.989341497334
40454.81334149743
40586.70534149751
40613.993341497524
40623.08934149753
40432.073341497475
40341.113341497374
40591.253341497504
40632.185341497534
40309.27734149741
40459.36134149743
40463.90934149744
40554.86934149749
40377.497341497394
40550.32134149748
40309.277341497356
40491.19734149745
40395.689341497404
40682.21334149756
40504.841341497515
40677.66534149756
40372.94934149744
40609.445341497514
40300.18134149735
40404.7853414974
40595.801341497514
40322.921341497364
40654.92534149754
40345.66134149743
40650.37734149754
40545.77334149754
40718.59734149758
40677.66534149761
40395.689341497455
40409.33334149741
40495.74534149746
40600.34934149752
40441.16934149743
40668.569341497554
40473.0053414975
40523.033341497474
40527.58134149748
40591.25334149751
40723.145341497584
40723.145341497635
40586.70534149756
40495.74534149746
40422.97734149742
40600.34934149752
40327.469341497366
40473.00534149744
40418.429341497416
40550.32134149749
40618.54134149753
40482.1013414975
40400.237341497406
40436.621341497426
40491.19734149746
40382.045341497396
40436.621341497426
40659.47334149755
40418.42934149747
40577.609341497504
40372.94934149739
40754.981341497594
40509.38934149752
40427.52534149742
40559.417341497494
40513.93734149747
40554.86934149749
40313.82534149736
40695.85734149756
40327.46934149742
40668.56934149755
40795.913341497675
40309.27734149741
40409.333341497404
40404.78534149741
40477.55334149745
40377.497341497394
40482.101341497444
40632.185341497534
40482.1013414975
40645.82934149754
40377.497341497445
40691.30934149756
40704.953341497625
40509.38934149752
40432.073341497424
40432.073341497424
40327.469341497366
40568.51334149749
40441.16934149743
40541.225341497484
40454.813341497436
40368.40134149739
40486.64934149745
40641.28134149754
40263.79734149738
40254.70134149732
40509.38934149746
40209.2213414973
40391.141341497394
40486.649341497454
40436.621341497426
40441.16934149743
40654.92534149755
40604.89734149757
40545.77334149749
40432.073341497424
40368.40134149739
40650.37734149754
40586.70534149756
40454.813341497436
40618.54134149753
40632.185341497585
40459.36134149749
40568.5133414975
40482.10134149745
40359.305341497384
40372.949341497384
40718.597341497574
40563.96534149755
40291.085341497346
40559.41734149749
40595.801341497514
40732.24134149759
40404.78534149746
40673.11734149756
40618.54134149758
40554.86934149754
40609.44534149752
40468.457341497444
40504.841341497464
40395.689341497404
40527.58134149748
40618.54134149753
40513.93734149752
40413.881341497414
40554.86934149749
40595.801341497514
40545.77334149749
40677.66534149756
40573.06134149755
40322.921341497364
40545.77334149748
40654.92534149755
40395.689341497455
40500.29334149746
40500.29334149746
40586.70534149751
40372.94934149739
40563.96534149749
40527.58134149748
40664.02134149755
40618.54134149758
40682.21334149761
40468.457341497495
40673.11734149756
40582.15734149756
40527.58134149748
40427.52534149742
40477.55334149745
40700.40534149757
40823.20134149769
40391.14134149745
40559.417341497494
40409.33334149741
40418.429341497416
40709.50134149758
40404.78534149746
40473.005341497446
40473.005341497446
40591.25334149751
40727.69334149759
40504.841341497515
40509.38934149747
40673.11734149756
40773.17334149766
40536.67734149753
40436.621341497426
40777.721341497614
40463.90934149749
40568.5133414975
40686.761341497564
40304.729341497405
40377.49734149739
40523.03334149747
40609.44534149752
40550.32134149749
40618.54134149753
40536.67734149753
40363.853341497386
40263.797341497324
40532.12934149747
40413.881341497414
40404.78534149741
40432.073341497424
40313.82534149736
40218.3173414973
40527.58134149747
40450.265341497434
40563.9653414975
40568.5133414975
40395.689341497404
40836.84534149765
40577.609341497555
40591.25334149751
40523.033341497474
40382.045341497396
40495.74534149746
40764.07734149761
40482.1013414975
40122.80934149725
40432.0733414974
40550.32134149749
40586.70534149751
40336.56534149737
40782.26934149761
40641.28134149759
40700.40534149762
40523.033341497525
40541.225341497484
40623.08934149753
40354.75734149743
40582.1573414975
40732.24134149759
40600.34934149757
40427.52534149742
40322.921341497364
40559.41734149749
40395.689341497404
40463.90934149744
40550.32134149749
40382.045341497396
40345.661341497376
40545.77334149748
40477.55334149745
40554.86934149749
40673.11734149756
40563.96534149755
40609.44534149752
40491.19734149746
40673.11734149756
40600.34934149757
40432.073341497424
40577.609341497504
40604.89734149752
40272.893341497336
40718.597341497574
40764.07734149766
40377.497341497445
40473.00534149744
40855.03734149766
40641.28134149759
40441.16934149748
40463.90934149744
40332.01734149737
40350.20934149737
40263.797341497324
40504.84134149746
40518.48534149747
40382.045341497396
40473.005341497446
40477.55334149745
40463.90934149744
40422.97734149742
40650.377341497544
40550.32134149754
40459.36134149744
40422.97734149742
40582.15734149751
40550.32134149749
40573.0613414975
40800.46134149763
40391.14134149745
40354.75734149738
40518.485341497464
40664.02134149755
40468.457341497495
40322.921341497364
40468.45734149744
40532.12934149748
40277.44134149734
40477.55334149744
40600.34934149752
40550.32134149749
40495.74534149746
40382.045341497396
40450.265341497434
40468.457341497444
40664.02134149755
40595.801341497565
40386.5933414974
40486.649341497454
40550.32134149749
40191.02934149729
40677.66534149754
40245.60534149737
40682.213341497554
40563.96534149755
40409.33334149741
40309.277341497356
40432.07334149742
40391.1413414974
40573.0613414975
40513.93734149747
40295.63334149735
40777.72134149761
40422.97734149747
40600.34934149752
40495.74534149746
40682.21334149756
40627.63734149758
40604.89734149757
40122.80934149725
40477.55334149743
40391.1413414974
40432.073341497424
40695.85734149757
40413.881341497465
40363.853341497386
40445.717341497424
40664.02134149755
40427.52534149747
40595.801341497514
40436.621341497426
40600.34934149752
40595.801341497514
40500.29334149746
40645.82934149754
40513.93734149752
40418.429341497416
40486.649341497454
40618.54134149753
40563.96534149755
40554.86934149749
40573.0613414975
40568.5133414975
40927.8053414977
40291.085341497404
40368.40134149738
40459.36134149743
40536.67734149748
40600.34934149752
40336.56534149737
40609.445341497514
40709.50134149758
40445.71734149748
40477.55334149745
40454.813341497436
40627.63734149753
40486.649341497505
40432.073341497424
40536.67734149748
40495.74534149746
40532.12934149748
40645.82934149754
40341.113341497425
40641.28134149753
40454.81334149749
40677.66534149756
40272.89334149739
40714.04934149757
40418.42934149747
40609.44534149752
40509.38934149747
40523.033341497474
40422.97734149742
40532.12934149748
40600.34934149752
40513.93734149747
40482.10134149745
40650.377341497544
40759.529341497655
40609.44534149757
40814.105341497634
40677.66534149761
40636.73334149759
40159.193341497325
40250.1533414973
40145.54934149726
40732.24134149757
40295.6333414974
40113.71334149724
40213.76934149728
40454.81334149743
40518.48534149747
40536.67734149748
40454.813341497436
40673.11734149756
40745.88534149765
40077.32934149728
40268.34534149731
40645.829341497534
40509.38934149752
40532.12934149748
40491.19734149746
40677.66534149756
40523.033341497525
40200.125341497296
40409.333341497404
40636.73334149754
40527.58134149753
40268.345341497334
40482.101341497444
40645.82934149754
40432.073341497475
40277.44134149734
40609.445341497514
40604.89734149752
40609.44534149752
40613.993341497524
40473.005341497446
40604.89734149752
40659.47334149755
40573.06134149755
40559.417341497494
40577.609341497504
40586.70534149751
40409.33334149741
40395.689341497404
40650.377341497544
40532.12934149753
40714.04934149758
40523.033341497525
40541.225341497484
40895.96934149768
40436.621341497485
40613.993341497524
40600.34934149752
40536.67734149748
40463.90934149744
40477.55334149745
40609.44534149752
40459.36134149744
40563.9653414975
40609.44534149752
40482.10134149745
40409.33334149741
40332.01734149737
40791.365341497614
40518.48534149752
40750.4333414976
40468.457341497495
40673.11734149756
40764.07734149766
40500.29334149751
40382.045341497396
40550.32134149749
40482.10134149745
40241.05734149732
40413.88134149741
40664.02134149755
40300.1813414974
40654.92534149754
40468.457341497495
40577.609341497504
40604.89734149752
40372.94934149739
40550.32134149748
40545.77334149749
40313.82534149736
40782.26934149761
40664.0213414976
40504.841341497515
40372.94934149739
40532.12934149747
40400.237341497406
40627.63734149753
40404.78534149746
40486.649341497454
40231.961341497314
40750.43334149759
40450.265341497485
40677.66534149756
40623.08934149758
40750.43334149765
40532.12934149753
40500.29334149746
40518.48534149747
40277.44134149734
40609.445341497514
40573.0613414975
40518.48534149747
40286.537341497344
40386.59334149739
40445.71734149743
40573.0613414975
40732.24134149759
40500.29334149751
40463.90934149744
40527.58134149748
40409.33334149741
40454.813341497436
40500.29334149746
40541.225341497484
40404.78534149741
40532.12934149748
40613.993341497524
40327.469341497366
40372.949341497384
40591.253341497504
40450.265341497434
40459.36134149744
40527.58134149748
40359.305341497384
40600.34934149751
40309.277341497356
40604.89734149751
40700.40534149757
40541.225341497535
40541.225341497484
40359.305341497384
40604.89734149751
40413.881341497414
40736.78934149759
40382.04534149745
40309.277341497356
40441.16934149742
40350.20934149738
40563.96534149749
40895.96934149768
40654.925341497605
40523.033341497525
40441.16934149743
40413.881341497414
40418.429341497416
40459.36134149744
40386.5933414974
40436.621341497426
40554.86934149749
40664.02134149755
40677.66534149761
40550.32134149754
40632.185341497534
40895.96934149773
40231.96134149737
40359.30534149738
40636.73334149753
40509.38934149752
40577.609341497504
40523.033341497474
40550.32134149749
40691.30934149757
40518.48534149752
40459.36134149744
40545.77334149749
40404.78534149741
40673.11734149756
40473.0053414975
40468.457341497444
40400.237341497406
40513.93734149747
40595.801341497514
40409.33334149741
40354.75734149738
40568.51334149749
40200.125341497296
40441.16934149742
40814.105341497634
40463.90934149749
40336.56534149737
40827.749341497634
40450.265341497485
40527.58134149748
40541.225341497484
40341.113341497374
40491.19734149745
40454.813341497436
40550.32134149749
40545.77334149749
40509.38934149747
40518.48534149747
40709.50134149758
40432.073341497475
40523.033341497474
40554.86934149749
40541.225341497484
40291.085341497346
40545.77334149748
40582.15734149751
40281.98934149734
40541.22534149748
40463.90934149744
40709.50134149758
40623.08934149758
40814.105341497685
40486.649341497505
40582.15734149751
40386.5933414974
40604.89734149752
40718.59734149758
40418.42934149747
40582.15734149751
40491.19734149746
40482.10134149745
40550.32134149749
40523.033341497474
40591.25334149751
40523.033341497474
40695.85734149757
40409.33334149746
40568.5133414975
40613.993341497524
40268.345341497334
40836.84534149764
40432.073341497475
40445.71734149743
40582.15734149751
40591.25334149751
40554.86934149749
40545.77334149749
40682.21334149756
40363.85334149744
40418.42934149741
40504.841341497464
40645.82934149754
40518.48534149752
40450.265341497434
40673.11734149756
40559.417341497545
40636.73334149754
40459.36134149749
40368.40134149739
40459.36134149743
40536.67734149748
40554.86934149749
40359.305341497384
40673.11734149755
40368.40134149744
40536.677341497474
40659.47334149755
40536.67734149753
40800.46134149763
40536.67734149753
40372.94934149739
40727.69334149758
40759.529341497655
40391.14134149745
40659.47334149755
40386.59334149745
40322.921341497364
40386.59334149739
40723.145341497584
40609.44534149757
40404.78534149741
40427.52534149742
40654.92534149755
40568.51334149755
40386.5933414974
40518.48534149747
40523.033341497474
40618.54134149753
40659.4733414976
40800.46134149768
40673.11734149761
40450.265341497485
40473.005341497446
40595.801341497514
40613.993341497524
40400.237341497406
40691.30934149757
40645.82934149759
40523.033341497525
40527.58134149748
40418.429341497416
40591.25334149751
40554.86934149749
40627.63734149753
40559.417341497545
40332.01734149737
40550.32134149748
40318.37334149736
40764.0773414976
40400.23734149746
40641.28134149754
40473.0053414975
40554.86934149749
40636.73334149754
40568.51334149755
40573.0613414975
40641.28134149754
40554.86934149754
40686.761341497564
40741.337341497645
40632.185341497585
40573.06134149755
40709.50134149758
40359.305341497435
40686.76134149756
40568.51334149755
40404.78534149741
40645.82934149754
40377.497341497445
40582.1573414975
40432.073341497424
40500.29334149746
40545.77334149749
40550.32134149749
40777.721341497614
40682.21334149761
40541.225341497535
40368.40134149739
40468.45734149744
40695.85734149757
40500.29334149751
40823.20134149764
40664.0213414976
40568.51334149755
40682.21334149756
40559.417341497545
40523.033341497474
40504.841341497464
40627.63734149753
40609.44534149757
40513.93734149747
40368.40134149739
40559.41734149749
40723.145341497584
40754.98134149765
40600.34934149757
40500.29334149746
40636.73334149754
40459.36134149749
40432.073341497424
40673.11734149756
40613.993341497575
40532.12934149748
40805.00934149763
40341.113341497425
40500.293341497454
40459.36134149744
40559.417341497494
40627.63734149753
40700.40534149762
40413.881341497465
40764.07734149761
40445.71734149748
40386.5933414974
40541.225341497484
40245.60534149732
40523.03334149747
40568.5133414975
40454.813341497436
40491.19734149746
40591.25334149751
40545.77334149749
40527.58134149748
40482.10134149745
40350.20934149738
40363.85334149738
40345.66134149737
40454.81334149743
40541.225341497484
40441.16934149743
40645.82934149754
40436.62134149748
40418.429341497416
40541.225341497484
40463.90934149744
40636.73334149754
40336.56534149742
40432.07334149742
40341.113341497374
40300.181341497344
40568.51334149749
40795.913341497624
40859.58534149771
40441.16934149748
40404.78534149741
40613.993341497524
40482.10134149745
40463.90934149744
40586.70534149751
40718.59734149758
40645.82934149759
40850.489341497705
40554.86934149754
40445.71734149743
40559.417341497494
average revenue:40521.44439907082