40293.942914831554
40459.36134149743
40427.52534149742
40700.40534149757
40268.345341497385
40336.565341497364
40577.6093414975
40613.993341497524
40527.58134149748
40459.36134149744
40254.701341497326
40422.97734149741
40504.841341497464
40409.33334149741
40177.385341497284
40523.03334149745
40545.77334149749
40422.97734149742
40741.337341497594
40523.033341497525
40486.649341497454
40441.16934149743
40600.34934149752
40454.813341497436
40591.25334149751
40427.52534149742
40454.813341497436
40818.65334149764
40582.15734149756
40691.30934149757
40636.73334149759
40268.345341497385
40459.36134149743
40409.33334149741
40532.12934149748
40386.5933414974
40577.609341497504
40604.89734149752
40636.73334149754
40382.04534149745
40677.66534149756
40450.265341497485
40686.761341497564
40582.15734149756
40641.28134149754
40759.529341497655
40568.51334149755
40504.841341497464
40459.36134149744
40800.46134149763
40809.55734149768
40341.113341497425
40604.89734149751
40573.0613414975
40463.90934149744
40609.44534149752
40714.04934149758
40536.67734149753
40668.569341497554
40754.98134149765
40395.689341497455
40300.18134149735
40823.20134149763
40459.36134149749
40386.5933414974
40700.40534149757
40541.225341497535
40468.457341497444
40495.74534149746
40586.70534149751
40372.94934149739
40395.6893414974
40454.813341497436
40668.569341497554
40641.28134149759
40882.32534149772
40636.73334149759
40241.05734149737
40791.365341497614
40413.881341497465
40613.993341497524
40559.417341497494
40391.1413414974
40500.29334149746
40636.73334149754
40473.0053414975
40454.813341497436
40236.509341497316
40704.95334149757
40727.69334149764
40363.85334149744
40445.717341497424
40536.67734149748
40441.16934149743
40382.045341497396
40304.729341497354
40613.99334149752
40350.20934149738
40486.64934149745
40805.00934149763
40627.63734149758
40372.94934149744
40523.03334149747
40413.881341497414
40632.185341497534
40304.729341497405
40600.34934149751
40386.5933414974
40486.649341497454
40300.18134149735
40363.85334149738
40559.41734149749
40609.44534149752
40704.953341497574
40645.82934149759
40750.43334149765
40523.033341497525
40732.24134149759
40422.97734149747
40281.98934149734
40700.405341497564
40450.265341497485
40723.145341497584
40177.385341497335
40382.045341497374
40727.69334149759
40418.42934149747
40450.265341497434
40595.801341497514
40545.77334149749
40291.085341497346
40400.2373414974
40714.04934149758
40554.86934149754
40536.67734149748
40695.85734149757
40281.98934149739
40600.34934149751
40768.62534149761
40482.1013414975
40532.12934149748
40604.89734149752
40586.70534149751
40459.36134149744
40582.15734149751
40709.50134149758
40536.67734149753
40486.649341497454
40686.761341497564
40491.19734149751
40532.12934149748
40454.813341497436
40636.73334149754
40523.033341497525
40782.26934149762
40436.62134149748
40677.66534149756
40513.93734149752
40432.073341497424
40686.761341497564
40509.38934149752
40509.38934149747
40764.07734149761
40345.66134149743
40195.57734149729
40332.01734149736
40627.637341497524
40545.77334149754
40550.32134149749
40372.94934149739
40563.96534149749
40500.29334149746
40536.67734149748
40295.63334149735
40536.677341497474
40422.97734149742
40609.44534149752
40695.85734149757
40500.29334149751
40536.67734149748
40550.32134149749
40582.15734149751
40159.193341497274
40377.49734149737
40550.32134149748
40382.045341497396
40250.153341497324
40536.677341497474
40513.93734149747
40836.84534149765
40550.32134149754
40541.225341497484
40386.5933414974
40650.377341497544
40536.67734149753
40536.67734149748
40509.38934149747
40554.86934149749
40350.20934149738
40500.293341497454
40441.16934149743
40627.63734149753
40641.28134149759
40523.033341497525
40573.0613414975
40673.11734149756
40372.94934149744
40573.061341497494
40518.48534149747
40504.841341497464
40473.005341497446
40209.2213414973
40759.5293414976
40536.67734149753
40486.649341497454
40450.265341497434
40286.537341497344
40477.55334149744
40536.67734149748
40432.073341497424
40668.569341497554
40213.769341497355
40636.73334149753
40659.4733414976
40536.67734149753
40422.97734149742
40700.40534149757
40495.74534149751
40391.1413414974
40577.609341497504
40500.29334149746
40732.24134149759
40550.32134149754
40445.71734149743
40609.44534149752
40227.41334149731
40391.141341497394
40595.801341497514
40591.25334149751
40413.881341497414
40377.497341497394
40281.989341497334
40623.08934149752
40295.6333414974
40495.74534149745
40482.10134149745
40686.761341497564
40509.38934149752
40377.497341497394
40945.9973414977
40750.43334149766
40704.953341497625
40550.32134149754
40704.953341497574
40645.82934149759
40641.28134149759
40454.81334149749
40445.71734149743
40568.5133414975
40231.961341497314
40591.253341497504
40427.52534149742
40568.5133414975
40541.225341497484
40400.237341497406
40386.5933414974
40691.30934149757
40436.62134149748
40418.429341497416
40786.81734149762
40545.77334149754
40350.20934149738
40454.81334149743
40573.0613414975
40504.841341497464
40391.1413414974
40800.46134149763
40427.52534149747
40309.277341497356
40664.021341497544
40350.20934149743
40586.7053414975
40595.801341497514
40432.073341497424
40491.19734149746
40727.69334149759
40482.1013414975
40627.63734149753
40363.85334149744
40659.47334149754
40686.761341497615
40718.59734149763
40482.1013414975
40463.90934149744
40313.82534149736
40718.597341497574
40623.08934149758
40372.94934149744
40422.97734149741
40613.993341497524
40582.15734149751
40545.77334149749
40495.74534149746
40354.75734149738
40650.37734149754
40577.609341497555
40532.12934149748
40372.94934149739
40391.141341497394
40532.12934149748
40600.34934149752
40604.89734149752
40491.19734149746
40545.77334149749
40559.417341497494
40545.77334149749
40427.52534149742
40336.56534149737
40545.77334149748
40386.5933414974
40473.005341497446
40545.77334149749
40404.78534149741
40550.32134149749
40714.04934149758
40327.46934149742
40568.51334149749
40613.993341497524
40577.609341497504
40518.48534149747
40536.67734149748
40500.29334149746
40541.225341497484
40595.801341497514
40432.073341497424
40623.08934149753
40445.71734149748
40736.78934149759
40645.82934149759
40313.82534149741
40577.6093414975
40377.497341497394
40350.20934149737
40450.26534149743
40336.56534149737
40554.869341497484
40350.20934149738
40491.19734149745
40372.94934149739
40527.58134149747
40463.90934149744
40518.48534149747
40568.5133414975
40595.801341497514
40359.305341497384
40509.38934149746
40482.10134149745
40595.801341497514
40518.48534149747
40500.29334149746
40450.265341497434
40718.59734149758
40459.36134149749
40550.32134149749
40413.881341497414
40473.005341497446
40436.621341497426
40686.761341497564
40463.90934149749
40741.337341497594
40445.71734149748
40700.40534149757
40550.32134149754
40436.621341497426
40422.97734149742
40513.93734149747
40504.841341497464
40359.305341497384
40513.93734149746
40550.32134149749
40600.34934149752
40450.265341497434
40545.77334149749
40664.02134149755
40509.38934149752
40363.853341497386
40623.08934149752
40523.033341497525
40332.01734149737
40450.26534149743
40441.16934149743
40291.085341497346
40454.81334149743
40704.953341497574
40659.4733414976
40322.921341497415
40454.81334149743
40454.813341497436
40582.15734149751
40418.429341497416
40563.9653414975
40641.28134149754
40768.62534149766
40377.497341497445
40536.677341497474
40359.305341497384
40745.88534149759
40550.32134149754
40523.033341497474
40759.529341497604
40777.721341497665
40563.96534149755
40700.40534149757
40659.4733414976
40823.20134149769
40491.19734149751
40291.085341497346
40391.141341497394
40318.37334149736
40664.021341497544
40636.73334149759
40523.033341497525
40495.74534149746
40482.10134149745
40495.74534149746
40427.52534149742
40468.457341497444
40177.385341497284
40486.64934149743
40409.33334149741
40550.32134149749
40486.649341497454
40509.38934149747
40627.63734149753
40359.305341497435
40382.04534149739
40463.90934149744
40600.34934149752
40673.11734149756
40350.20934149743
40336.565341497364
40573.061341497494
40673.11734149756
40468.457341497495
40427.52534149742
40386.5933414974
40559.417341497494
40523.033341497474
40350.20934149738
40563.96534149749
40473.005341497446
40641.28134149754
40409.33334149746
40595.801341497514
40568.5133414975
40463.90934149744
40477.55334149745
40764.07734149761
40363.85334149744
40809.557341497624
40513.93734149752
40404.78534149741
40450.265341497434
40204.6733414973
40550.32134149748
40673.11734149756
40350.20934149743
40118.261341497244
40345.661341497354
40600.34934149751
40436.621341497426
40404.78534149741
40495.74534149746
40200.125341497296
40591.253341497504
40459.36134149744
40545.77334149749
40468.457341497444
40709.50134149758
40281.98934149739
40372.949341497384
40886.87334149767
40563.96534149755
40768.62534149761
40664.0213414976
40354.75734149743
40527.58134149747
40450.265341497434
40504.841341497464
40413.881341497414
40650.377341497544
40386.59334149745
40573.0613414975
40709.50134149758
40372.94934149744
40559.41734149749
40623.08934149753
40436.62134149748
40632.185341497534
40568.51334149755
40354.75734149738
40445.717341497424
40654.92534149755
40482.1013414975
40404.78534149741
40573.0613414975
40354.75734149738
40463.909341497434
40445.71734149743
40577.609341497504
40814.105341497634
40491.19734149751
40573.0613414975
40395.689341497404
40500.29334149746
40486.649341497454
40554.86934149749
40559.417341497494
40454.813341497436
40573.0613414975
40473.005341497446
40641.28134149754
40441.16934149748
40627.63734149753
40463.90934149749
40391.1413414974
40427.52534149742
40550.32134149749
40281.98934149734
40791.365341497614
40654.9253414976
40513.93734149752
40313.82534149736
40664.021341497544
40509.38934149752
40632.185341497534
40664.0213414976
40386.59334149745
40486.649341497454
40386.5933414974
40409.33334149741
40491.19734149746
40632.185341497534
40359.305341497435
40604.89734149751
40368.40134149739
40377.49734149739
40668.56934149755
40450.265341497485
40750.4333414976
40436.62134149748
40591.25334149751
40318.37334149736
40350.20934149737
40427.525341497414
40536.67734149748
40568.5133414975
40377.497341497394
40750.43334149759
40591.25334149756
40250.153341497324
40677.66534149755
40527.58134149753
40504.841341497464
40291.085341497346
40463.909341497434
40345.661341497376
40700.405341497564
40618.54134149758
40295.6333414974
40523.03334149747
40609.44534149752
40441.16934149743
40391.1413414974
40677.66534149756
40668.569341497605
40600.34934149757
40664.02134149755
40204.67334149735
40450.26534149743
40527.58134149748
40495.74534149746
40591.25334149751
40486.649341497454
40554.86934149749
40650.377341497544
40318.37334149741
40359.30534149738
40600.34934149751
40386.5933414974
40445.71734149743
40450.265341497434
40613.993341497524
40718.59734149758
40222.86534149736
40454.81334149743
40368.40134149739
40582.1573414975
40504.841341497464
40477.55334149745
40504.841341497464
40513.93734149747
40473.005341497446
40550.32134149749
40382.045341497396
40518.48534149747
40764.07734149761
40768.62534149766
40695.85734149762
40509.38934149752
40477.55334149745
40277.44134149734
40632.18534149753
40477.5533414975
40750.4333414976
40550.32134149754
40568.5133414975
40723.145341497584
40636.73334149759
40482.1013414975
40641.28134149754
40395.689341497455
40618.54134149753
40604.89734149757
40541.225341497484
40518.48534149747
40709.50134149758
40372.94934149744
40532.12934149747
40441.16934149743
40286.537341497344
40459.36134149743
40045.49334149721
40609.4453414975
40677.66534149756
40304.729341497405
40573.061341497494
40523.033341497474
40741.337341497594
40509.38934149752
40709.50134149758
40422.97734149747
40636.73334149754
40313.82534149741
40577.6093414975
40668.569341497554
40432.073341497475
40382.045341497396
40477.55334149745
40618.54134149753
40495.74534149751
40532.12934149748
40554.86934149749
40322.921341497364
40618.54134149752
40609.44534149757
40477.55334149745
40664.02134149755
40500.29334149751
40805.00934149763
40427.52534149747
40482.10134149745
40354.75734149738
40795.91334149762
40577.609341497555
40659.47334149755
40341.113341497425
40664.021341497544
40463.90934149749
40645.82934149754
40391.14134149745
40386.5933414974
40391.1413414974
40527.58134149748
40486.649341497454
40413.881341497414
40304.729341497354
40463.909341497434
40604.89734149752
40632.185341497534
40504.841341497515
40482.10134149745
40714.04934149758
40436.62134149748
40709.50134149758
40482.1013414975
40391.1413414974
40400.237341497406
40291.085341497346
40550.32134149748
40654.92534149755
40541.225341497535
40404.78534149741
40636.73334149754
40404.78534149746
40641.28134149754
40523.033341497525
40704.953341497574
40541.225341497535
40591.25334149751
40609.44534149752
40463.90934149744
40436.621341497426
40604.89734149752
40818.65334149764
40709.50134149763
40386.59334149745
40359.305341497384
40591.253341497504
40541.225341497484
40491.19734149746
40432.073341497424
40413.881341497414
40718.59734149758
40318.37334149741
40577.6093414975
40659.47334149755
40486.649341497505
40454.813341497436
40382.045341497396
40563.9653414975
40336.56534149737
40554.869341497484
40677.66534149756
40750.43334149765
40586.70534149756
40654.92534149755
40395.689341497455
40413.881341497414
40677.66534149756
40563.96534149755
40595.801341497514
40541.225341497484
40627.63734149753
40523.033341497525
40313.82534149736
40536.677341497474
40650.377341497544
40463.90934149749
40450.265341497434
40432.073341497424
40714.04934149758
40332.01734149742
40486.64934149745
40350.20934149738
40668.56934149755
40441.16934149748
40659.47334149755
40841.3933414977
40805.00934149768
40563.96534149755
40677.66534149756
40336.56534149742
40682.213341497554
40645.82934149759
40527.58134149753
40550.32134149749
40659.47334149755
40550.32134149754
40677.66534149756
40495.74534149751
40677.66534149756
40641.28134149759
40550.32134149754
40650.377341497544
40636.73334149759
40427.52534149747
40723.145341497584
40432.073341497475
40550.32134149749
40341.113341497374
40441.16934149742
40595.801341497514
40627.63734149753
40654.9253414976
40518.48534149752
40518.48534149747
40409.33334149741
40795.913341497624
40254.70134149738
40654.92534149754
40682.21334149761
40382.04534149745
40509.38934149747
40632.185341497534
40513.93734149752
40600.34934149752
40550.32134149749
40545.77334149749
40541.225341497484
40413.881341497414
40513.93734149747
40513.93734149747
40709.50134149758
40718.59734149763
40800.46134149768
40400.23734149746
40627.63734149753
40432.073341497475
40445.71734149743
40491.19734149746
40445.71734149743
40559.417341497494
40277.44134149734
40704.95334149757
40400.23734149746
40554.86934149749
40532.12934149748
40559.417341497494
40613.993341497524
40568.5133414975
40372.94934149739
40432.07334149742
40459.36134149744
40654.92534149755
40413.881341497465
40582.15734149751
40450.265341497434
40459.36134149744
40554.86934149749
40595.801341497514
40422.97734149742
40550.32134149749
40527.58134149748
40495.74534149746
40463.90934149744
40327.469341497366
40613.99334149752
40372.94934149739
40413.88134149741
40304.729341497354
40409.333341497404
40732.24134149759
40427.52534149747
40263.79734149733
40468.45734149744
40945.99734149771
40686.76134149762
40463.90934149749
40468.457341497444
40309.277341497356
40313.82534149735
40586.7053414975
40513.93734149747
40673.11734149756
40409.33334149746
40586.70534149751
40591.25334149751
40618.54134149753
40513.93734149752
40750.4333414976
40736.78934149764
40327.46934149742
40636.73334149753
40295.6333414974
40645.829341497534
40591.25334149756
40582.15734149751
40445.71734149743
40509.38934149747
40586.70534149751
40509.38934149747
40654.92534149755
40613.993341497575
40573.0613414975
40691.30934149757
40327.46934149742
40459.36134149743
40595.801341497514
40450.265341497434
40541.225341497484
40454.813341497436
40764.07734149761
40427.52534149747
40582.15734149751
40786.81734149762
40695.85734149762
40418.42934149747
40591.25334149751
40845.94134149765
40750.43334149765
40504.841341497515
40714.04934149758
40368.40134149744
40500.293341497454
40473.005341497446
40300.18134149735
40500.293341497454
40350.20934149738
40550.32134149748
40345.661341497376
40768.6253414976
40477.5533414975
40595.801341497514
40513.93734149747
40445.71734149743
40800.46134149763
40436.62134149748
40427.52534149742
40277.44134149734
40550.32134149748
40550.32134149749
40664.02134149755
40554.86934149754
40350.20934149738
40627.637341497524
40391.14134149745
40341.113341497374
40504.84134149746
40559.417341497494
40477.55334149745
40309.277341497356
40368.40134149738
40391.141341497394
40382.045341497396
40595.801341497514
40545.77334149749
40491.19734149746
40391.1413414974
40459.36134149744
40322.921341497364
40595.80134149751
40395.689341497404
40359.305341497384
40404.7853414974
40304.729341497354
40577.6093414975
40695.85734149757
40636.73334149759
40523.033341497525
40527.58134149748
40500.29334149746
40222.86534149731
40586.7053414975
40645.82934149754
40268.345341497385
40518.485341497464
40436.621341497426
40654.92534149755
40350.20934149743
40336.565341497364
40418.42934149741
40586.70534149751
40459.36134149744
40768.62534149761
40309.27734149741
40636.73334149753
40641.28134149759
40482.1013414975
40309.277341497356
40377.49734149739
40682.213341497554
40591.25334149756
40477.55334149745
40809.55734149763
40209.22134149735
40554.869341497484
40168.28934149728
40436.621341497405
40409.33334149741
40432.073341497424
40391.1413414974
40345.661341497376
40686.76134149756
40409.33334149746
40427.52534149742
40518.48534149747
40554.86934149749
40559.417341497494
40486.649341497454
40777.721341497614
40532.12934149753
40413.881341497414
40523.033341497474
40463.90934149744
40477.55334149745
40641.28134149754
40563.96534149755
40600.34934149752
40495.74534149746
40554.86934149749
40459.36134149744
40432.073341497424
40368.40134149739
40486.64934149745
40332.01734149737
40395.6893414974
40486.649341497454
40704.953341497574
40659.4733414976
40695.85734149762
40586.70534149756
40568.5133414975
40432.073341497424
40477.55334149745
40623.08934149753
40523.033341497525
40513.93734149747
40372.94934149739
40482.101341497444
average revenue:40518.128907070815