40130.214914831464
40372.94934149737
40227.413341497304
40441.16934149742
40636.73334149754
40518.48534149752
40600.34934149752
40468.457341497444
40586.70534149751
40659.47334149755
40509.38934149752
40682.21334149756
40436.62134149748
40473.005341497446
40477.55334149745
40486.649341497454
40450.265341497434
40391.1413414974
40745.8853414976
40395.689341497455
40382.045341497396
40627.63734149753
40368.40134149744
40545.77334149748
40491.19734149746
40764.07734149761
40650.377341497595
40436.62134149748
40359.305341497384
40518.485341497464
40418.429341497416
40645.82934149754
40714.04934149763
40509.38934149752
40718.59734149758
40459.36134149749
40636.73334149754
40618.54134149758
40568.51334149755
40413.881341497414
40545.77334149749
40463.90934149744
40559.417341497494
40500.29334149746
40459.36134149744
40636.73334149754
40532.12934149753
40636.73334149754
40682.21334149761
40523.033341497525
40768.62534149761
40468.457341497495
40427.52534149742
40127.357341497256
40768.62534149759
40459.36134149749
40613.993341497524
40545.77334149749
40554.86934149749
40673.11734149756
40582.15734149756
40518.48534149747
40213.769341497304
40664.021341497544
40413.881341497465
40286.537341497344
40532.12934149747
40927.8053414977
40536.67734149754
40463.90934149744
40327.469341497366
40595.80134149751
40459.36134149744
40641.28134149754
40550.32134149754
40545.77334149749
40659.47334149755
40668.569341497605
40805.00934149768
40500.29334149751
40527.58134149748
40673.11734149756
40641.28134149759
40482.1013414975
40468.457341497444
40613.993341497524
40582.15734149751
40577.609341497504
40418.429341497416
40372.94934149739
40545.77334149748
40523.033341497474
40532.12934149748
40714.04934149758
40536.67734149753
40468.457341497444
40518.48534149747
40568.5133414975
40391.1413414974
40613.993341497524
40186.48134149729
40532.12934149746
40664.02134149755
40445.71734149748
40218.317341497306
40550.32134149748
40486.649341497454
40577.609341497504
40818.65334149764
40463.90934149749
40654.92534149755
40463.90934149749
40345.661341497376
40563.96534149749
40750.4333414976
40509.38934149752
40463.90934149744
40613.993341497524
40609.44534149752
40759.529341497604
40545.77334149754
40509.38934149747
40322.921341497364
40473.00534149744
40691.30934149757
40382.04534149745
40418.429341497416
40632.185341497534
40482.1013414975
40691.30934149757
40509.38934149752
40636.73334149754
40218.31734149736
40468.45734149744
40422.97734149742
40277.44134149734
40372.949341497384
40709.50134149757
40318.37334149741
40645.829341497534
40582.15734149756
40422.97734149742
40582.15734149751
40550.32134149749
40568.5133414975
40332.01734149737
40391.141341497394
40445.71734149743
40363.853341497386
40513.93734149746
40573.0613414975
40436.621341497426
40536.67734149748
40304.729341497354
40363.85334149738
40268.34534149733
40545.77334149748
40650.377341497544
40600.34934149757
40295.63334149735
40268.34534149733
40523.03334149747
40504.841341497464
40404.78534149741
40468.457341497444
40536.67734149748
40532.12934149748
40491.19734149746
40459.36134149744
40600.34934149752
40473.005341497446
40291.085341497346
40595.80134149751
40518.48534149747
40518.48534149747
40418.429341497416
40536.67734149748
40186.48134149729
40491.197341497435
40550.32134149749
40336.56534149737
40491.19734149745
40482.10134149745
40418.429341497416
40582.15734149751
40636.73334149754
40741.337341497645
40395.689341497455
40627.63734149753
40800.46134149768
40613.993341497575
40272.893341497336
40372.949341497384
40718.597341497574
40600.34934149757
40900.51734149768
40368.40134149745
40477.55334149744
40582.15734149751
40436.621341497426
40432.073341497424
40245.60534149732
40400.2373414974
40454.813341497436
40345.661341497376
40550.32134149748
40336.56534149737
40591.253341497504
40327.469341497366
40623.08934149752
40577.609341497555
40354.75734149738
40600.34934149751
40677.66534149756
40573.06134149755
40523.033341497474
40595.801341497514
40418.429341497416
40459.36134149744
40845.94134149765
40263.79734149738
40441.16934149742
40554.86934149749
40254.701341497326
40404.7853414974
40609.44534149752
40586.70534149751
40677.66534149756
40436.62134149748
40723.145341497584
40518.48534149752
40413.881341497414
40386.5933414974
40350.20934149738
40527.58134149747
40618.54134149753
40563.96534149755
40495.74534149746
40513.93734149747
40786.81734149762
40545.77334149754
40532.12934149748
40404.78534149741
40482.10134149745
40836.84534149765
40395.689341497455
40450.265341497434
40295.63334149735
40541.22534149748
40422.97734149742
40554.86934149749
40532.12934149748
40450.265341497434
40468.457341497444
40513.93734149747
40568.5133414975
40422.97734149742
40486.649341497454
40500.29334149746
40304.729341497354
40582.1573414975
40372.94934149739
40691.30934149756
40691.30934149762
40518.48534149752
40632.185341497534
40532.12934149753
40686.761341497564
40736.78934149764
40354.75734149743
40413.88134149741
40286.537341497344
40413.88134149741
40382.045341497396
40536.67734149748
40500.29334149746
40400.237341497406
40277.44134149734
40527.58134149747
40577.609341497504
40563.9653414975
40600.34934149752
40463.90934149744
40686.761341497564
40441.16934149748
40409.33334149741
40495.74534149746
40686.761341497564
40418.42934149747
40568.5133414975
40518.48534149747
40577.609341497504
40491.19734149746
40691.30934149757
40632.185341497585
40441.16934149748
40613.993341497524
40468.457341497444
40795.913341497624
40623.08934149758
40573.06134149755
40673.11734149756
40559.417341497545
40577.609341497504
40445.71734149743
40577.609341497504
40559.417341497494
40627.63734149753
40354.75734149743
40413.88134149741
40536.67734149748
40709.50134149758
40459.36134149749
40272.893341497336
40477.55334149744
40391.1413414974
40436.621341497426
40527.58134149748
40641.28134149754
40477.5533414975
40363.853341497386
40723.14534149758
40645.82934149759
40263.79734149738
40709.50134149757
40568.51334149755
40554.86934149749
40445.71734149743
40595.801341497514
40477.55334149745
40577.609341497504
40595.801341497514
40754.9813414976
40664.0213414976
40445.71734149748
40382.045341497396
40618.54134149753
40527.58134149753
40359.305341497384
40495.74534149745
40363.853341497386
40618.54134149752
40523.033341497525
40618.54134149753
40436.62134149748
40441.16934149743
40668.569341497554
40486.649341497505
40650.377341497544
40432.073341497475
40500.29334149746
40709.50134149758
40509.38934149752
40595.801341497514
40600.34934149752
40350.20934149738
40495.74534149745
40386.5933414974
40750.4333414976
40773.17334149766
40391.14134149745
40536.67734149748
40300.18134149735
40241.05734149731
40532.12934149747
40441.16934149743
40714.04934149758
40595.801341497565
40791.36534149762
40650.377341497595
40327.46934149742
40473.00534149744
40613.993341497524
40582.15734149751
40550.32134149749
40372.94934149739
40400.2373414974
40650.377341497544
40554.86934149754
40682.21334149756
40486.649341497505
40550.32134149749
40377.497341497394
40559.41734149749
40704.953341497574
40568.51334149755
40413.881341497414
40623.08934149753
40532.12934149753
40318.37334149736
40500.293341497454
40554.86934149749
40518.48534149747
40764.07734149761
40523.033341497525
40418.429341497416
40664.02134149755
40523.033341497525
40432.073341497424
40441.16934149743
40659.47334149755
40532.12934149753
40518.48534149747
40459.36134149744
40582.15734149751
40745.8853414976
40382.04534149745
40359.305341497384
40418.42934149741
40422.97734149742
40613.993341497524
40468.457341497444
40568.5133414975
40422.97734149742
40782.26934149762
40586.70534149756
40341.113341497374
40432.07334149742
40391.1413414974
40295.63334149735
40454.81334149743
40427.52534149742
40268.345341497334
40513.93734149746
40318.37334149736
40550.32134149748
40600.34934149752
40563.9653414975
40591.25334149751
40509.38934149747
40595.801341497514
40463.90934149744
40673.11734149756
40545.77334149754
40714.04934149758
40823.20134149769
40382.04534149745
40368.40134149739
40613.99334149752
40604.89734149752
40550.32134149749
40841.39334149765
40623.08934149758
40736.78934149764
40368.40134149744
40513.93734149746
40441.16934149743
40441.16934149743
40441.16934149743
40436.621341497426
40509.38934149747
40418.429341497416
40131.90534149726
40623.08934149751
40227.41334149736
40454.81334149743
40645.82934149754
40318.37334149741
40659.47334149754
40727.69334149764
40527.58134149753
40673.11734149756
40286.537341497395
40732.24134149758
40413.881341497465
40463.90934149744
40636.73334149754
40536.67734149753
40491.19734149746
40623.08934149753
40368.40134149744
40668.56934149755
40468.457341497495
40645.82934149754
40377.497341497445
40445.717341497424
40536.67734149748
40573.0613414975
40613.993341497524
40613.993341497524
40513.93734149747
40632.185341497534
40745.88534149765
40363.85334149744
40532.12934149747
40500.29334149746
40577.609341497504
40272.893341497336
40900.517341497674
40427.52534149748
40682.21334149756
40636.73334149759
40527.58134149753
40641.28134149754
40668.569341497605
40627.63734149758
40477.5533414975
40427.52534149742
40491.19734149746
40409.33334149741
40482.10134149745
40536.67734149748
40281.98934149734
40732.24134149758
40377.497341497445
40577.6093414975
40686.761341497564
40659.4733414976
40327.46934149742
40377.49734149739
40495.74534149745
40582.15734149751
40509.38934149747
40759.529341497604
40400.23734149746
40563.9653414975
40773.17334149761
40654.9253414976
40609.44534149757
40668.569341497554
40286.537341497395
40518.485341497464
40650.377341497544
40359.305341497435
40550.32134149748
40359.305341497384
40977.83334149772
40714.04934149764
40181.93334149734
40391.14134149738
40754.9813414976
40309.27734149741
40641.28134149753
40309.27734149741
40354.757341497374
40309.27734149735
40864.133341497654
40409.33334149746
40395.689341497404
40509.38934149747
40527.58134149748
40332.01734149737
40500.293341497454
40445.71734149743
40432.073341497424
40736.78934149759
40500.29334149751
40591.25334149751
40550.32134149749
40650.377341497544
40291.0853414974
40591.253341497504
40500.29334149746
40586.70534149751
40645.82934149754
40286.537341497395
40641.28134149753
40441.16934149748
40591.25334149751
40609.44534149752
40582.15734149751
40613.993341497524
40550.32134149749
40636.73334149754
40604.89734149757
40309.277341497356
40668.56934149755
40759.529341497655
40563.96534149755
40659.47334149755
40659.4733414976
40450.265341497485
40595.801341497514
40345.661341497376
40709.50134149757
40354.75734149743
40750.43334149759
40509.38934149752
40413.881341497414
40645.82934149754
40309.27734149741
40463.909341497434
40418.429341497416
40322.921341497364
40500.293341497454
40532.12934149748
40527.58134149748
40518.48534149747
40632.185341497534
40281.98934149739
40500.293341497454
40645.82934149754
40245.60534149737
40636.73334149753
40354.75734149743
40864.133341497654
40718.59734149763
40609.44534149757
40509.38934149747
40600.34934149752
40482.10134149745
40404.78534149741
40404.78534149741
40550.32134149749
40791.36534149762
40345.66134149743
40545.77334149748
40427.52534149742
40704.953341497574
40509.38934149752
40450.265341497434
40664.02134149755
40413.881341497465
40550.32134149749
40463.90934149744
40341.113341497374
40741.33734149759
40695.85734149762
40395.689341497455
40473.005341497446
40427.52534149742
40732.24134149759
40695.85734149762
40413.881341497465
40623.08934149753
40209.22134149735
40645.829341497534
40513.93734149752
40554.86934149749
40386.5933414974
40627.63734149753
40532.12934149753
40454.813341497436
40413.881341497414
40473.005341497446
40332.01734149737
40718.597341497574
40600.34934149757
40618.54134149753
40495.74534149751
40595.801341497514
40668.569341497554
40404.78534149746
40482.10134149745
40604.89734149752
40632.185341497534
40554.86934149754
40577.609341497504
40627.63734149753
40500.29334149751
40795.913341497624
40527.58134149753
40450.265341497434
40359.305341497384
40532.12934149747
40654.92534149755
40200.12534149735
40427.525341497414
40245.60534149732
40600.34934149751
40768.62534149761
40322.921341497415
40395.6893414974
40513.93734149747
40659.47334149755
40504.841341497515
40504.841341497464
40454.813341497436
40436.621341497426
40523.033341497474
40427.52534149742
40650.377341497544
40550.32134149754
40322.921341497364
40568.51334149749
40645.82934149754
40477.5533414975
40668.569341497554
40723.145341497635
40677.66534149761
40513.93734149752
40072.781341497226
40418.429341497394
40195.577341497294
40227.413341497304
40495.74534149745
40604.89734149752
40595.801341497514
40613.993341497524
40518.48534149747
40418.429341497416
40341.113341497374
40332.01734149736
40709.50134149757
40573.06134149755
40495.74534149746
40504.841341497464
40432.073341497424
40354.75734149738
40645.829341497534
40527.58134149753
40491.19734149746
40686.761341497564
40736.78934149764
40463.90934149749
40504.841341497464
40491.19734149746
40345.661341497376
40382.04534149739
40322.921341497364
40541.22534149748
40327.469341497366
40686.76134149756
40782.26934149767
40459.36134149749
40682.21334149756
40632.185341497585
40473.0053414975
40691.30934149757
40432.073341497475
40254.701341497326
40359.30534149738
40409.333341497404
40377.497341497394
40236.50934149731
40450.26534149743
40432.073341497424
40450.265341497434
40477.55334149745
40550.32134149749
40327.469341497366
40632.18534149753
40645.82934149759
40623.08934149758
40477.5533414975
40382.045341497396
40513.93734149747
40491.19734149746
40545.77334149749
40559.417341497494
40473.005341497446
40172.83734149728
40318.37334149734
40759.5293414976
40404.78534149746
40545.77334149749
40422.97734149742
40518.48534149747
40495.74534149746
40404.78534149741
40650.377341497544
40550.32134149754
40500.29334149746
40391.1413414974
40691.30934149757
40309.27734149741
40559.41734149749
40650.377341497544
40427.52534149747
40573.0613414975
40627.63734149753
40600.34934149757
40463.90934149744
40650.377341497544
40636.73334149759
40618.54134149758
40682.21334149761
40418.42934149747
40532.12934149748
40295.63334149735
40554.869341497484
40313.82534149736
40536.677341497474
40595.801341497514
40573.0613414975
40573.0613414975
40518.48534149747
40541.225341497484
40641.28134149754
40573.06134149755
40623.08934149753
40404.78534149746
40400.237341497406
40504.841341497464
40450.265341497434
40477.55334149745
40372.94934149739
40932.35334149769
40527.581341497535
40486.649341497454
40727.69334149759
40432.073341497475
40673.11734149756
40686.761341497615
40677.66534149761
40404.78534149746
40682.21334149756
40404.78534149746
40382.045341497396
40518.48534149747
40377.497341497394
40586.7053414975
40386.5933414974
40814.105341497634
40432.073341497475
40554.86934149749
40486.649341497454
40354.75734149738
40855.03734149765
40500.29334149751
40254.701341497326
40468.45734149744
40450.265341497434
40832.297341497644
40509.38934149752
40418.429341497416
40409.33334149741
40181.933341497286
40554.86934149747
40432.073341497424
40918.70934149769
40895.96934149774
40263.79734149739
40636.73334149753
40541.225341497535
40422.97734149742
40545.77334149749
40595.801341497514
40513.93734149747
40573.0613414975
40632.185341497534
40450.265341497485
40618.54134149753
40732.24134149764
40650.377341497595
40395.689341497455
40504.841341497464
40345.661341497376
40491.19734149745
40322.921341497364
40413.88134149741
40509.38934149747
40504.841341497464
40504.841341497464
40559.417341497494
40618.54134149753
40609.44534149757
40191.02934149729
39968.17734149715
40736.78934149756
40577.609341497555
40664.02134149755
40518.48534149752
40864.13334149766
40563.96534149755
40463.90934149744
40541.225341497484
40345.661341497376
40700.405341497564
40418.42934149747
40645.82934149754
40805.00934149768
40645.82934149759
40636.73334149759
40454.81334149749
40632.185341497534
40805.00934149768
40704.953341497625
40227.41334149736
40391.141341497394
40313.82534149736
40473.00534149744
40281.98934149734
40518.485341497464
40468.457341497444
40295.63334149735
40559.41734149749
40532.12934149748
40591.25334149751
40714.04934149758
40604.89734149757
40550.32134149749
40491.19734149746
40736.78934149759
40427.52534149747
40595.801341497514
40823.20134149764
40613.993341497575
40241.05734149732
40682.213341497554
40359.305341497435
40427.525341497414
40404.78534149741
40550.32134149749
40668.569341497554
40459.36134149749
40382.045341497396
40527.58134149748
40286.537341497344
40536.677341497474
40427.52534149742
40482.10134149745
40386.5933414974
40500.29334149746
40377.497341497394
40332.01734149736
40450.26534149743
40545.77334149749
40491.19734149746
40341.113341497374
40577.6093414975
40441.16934149743
40404.78534149741
40486.649341497454
40691.30934149757
40732.24134149764
40281.98934149739
40300.181341497344
40332.01734149736
40550.32134149748
40700.40534149757
40559.417341497545
40527.58134149748
40477.55334149745
40459.36134149744
40495.74534149746
40664.02134149755
40541.225341497535
40309.277341497356
40573.061341497494
40382.045341497396
40313.82534149736
40377.49734149739
40523.03334149747
40786.81734149762
40482.1013414975
40623.08934149753
40586.70534149756
40500.29334149746
40691.30934149757
40445.71734149748
40618.54134149753
40409.33334149746
40509.38934149747
40459.36134149744
40368.40134149739
40473.00534149744
40459.36134149744
40441.16934149743
40868.681341497664
40400.23734149746
40691.30934149757
40309.27734149741
40291.08534149734
40673.11734149755
40354.75734149743
40604.89734149751
40686.761341497564
40422.97734149747
40436.621341497426
40518.48534149747
40391.1413414974
40586.70534149751
40395.689341497404
40482.10134149745
40623.08934149753
40500.29334149751
40418.429341497416
40627.63734149753
40504.841341497515
40263.79734149733
40691.30934149756
40723.145341497635
40404.78534149746
40609.44534149752
40432.073341497424
40377.497341497394
40768.6253414976
40586.70534149756
40541.225341497484
40577.609341497504
40482.10134149745
40454.813341497436
40350.20934149738
40718.597341497574
40554.86934149754
40718.59734149758
40677.66534149761
40386.59334149745
40750.4333414976
40445.71734149748
40327.469341497366
40386.59334149739
40582.15734149751
40627.63734149753
40727.69334149764
40677.66534149761
40782.26934149767
40636.73334149759
40591.25334149756
average revenue:40518.70650307082