39939.19891483136
40413.881341497385
40523.033341497474
40350.20934149738
40500.293341497454
40304.729341497354
40632.18534149753
40172.83734149733
40600.349341497495
40482.10134149745
40427.52534149742
40673.11734149756
40609.44534149757
40563.9653414975
40513.93734149747
40504.841341497464
40281.98934149734
40213.7693414973
40641.28134149753
40664.0213414976
40309.27734149741
40341.11334149737
40632.18534149753
40441.16934149748
40554.86934149749
40591.25334149751
40623.08934149753
40395.689341497455
40550.32134149749
40427.52534149742
40554.86934149749
40532.12934149748
40818.65334149764
40391.14134149745
40536.67734149748
40682.21334149756
40332.01734149742
40545.77334149748
40422.97734149742
40491.19734149746
40600.34934149752
40709.50134149758
40609.44534149757
40313.82534149736
40568.51334149749
40650.377341497544
40395.689341497455
40468.457341497444
40809.55734149763
40454.81334149749
40518.48534149747
40477.55334149745
40764.07734149761
40409.33334149746
40386.5933414974
40541.225341497484
40595.801341497514
40645.82934149754
40268.345341497385
40545.77334149748
40445.71734149743
40504.841341497464
40491.19734149746
40636.73334149754
40304.729341497405
40664.021341497544
40695.85734149762
40486.649341497505
40782.26934149762
40382.04534149745
40463.90934149744
40313.82534149736
40727.69334149758
40527.58134149753
40545.77334149749
40609.44534149752
40550.32134149749
40563.9653414975
40482.10134149745
40668.569341497554
40254.70134149738
40450.26534149743
40527.58134149748
40491.19734149746
40554.86934149749
40400.237341497406
40723.145341497584
40736.78934149764
40645.82934149759
40427.52534149747
40341.113341497374
40436.62134149742
40527.58134149748
40618.54134149753
40500.29334149751
40745.8853414976
40404.78534149746
40673.11734149756
40805.00934149768
40600.34934149757
40277.44134149734
40527.58134149747
40368.40134149739
40491.19734149745
40418.429341497416
40682.21334149756
40463.90934149749
40341.113341497374
40154.645341497264
40609.4453414975
40482.10134149745
40741.337341497594
40113.7133414973
40468.45734149742
40309.277341497356
40445.717341497424
40586.70534149751
40536.67734149748
40545.77334149749
40632.185341497534
40695.85734149762
40582.15734149756
40532.12934149748
40400.237341497406
40395.689341497404
40700.40534149757
40591.25334149756
40131.90534149726
40209.22134149728
40386.59334149739
40404.78534149741
40718.59734149758
40491.19734149751
40532.12934149748
40645.82934149754
40573.06134149755
40518.48534149747
40604.89734149752
40495.74534149746
40527.58134149748
40377.497341497394
40250.15334149732
40509.38934149746
40604.89734149752
40313.82534149736
40382.04534149739
40586.70534149751
40623.08934149753
40523.033341497525
40654.92534149755
40473.0053414975
40345.661341497376
40363.85334149738
40509.38934149746
40568.5133414975
40618.54134149753
40404.78534149746
40809.55734149763
40600.34934149757
40359.305341497384
40741.33734149759
40573.06134149755
40945.99734149771
40504.84134149752
40391.1413414974
40468.457341497444
40841.39334149765
40532.12934149753
40591.25334149751
40668.569341497554
40664.0213414976
40541.225341497535
40509.38934149747
40523.033341497474
40422.97734149742
40109.165341497246
40682.21334149754
40332.01734149742
40400.2373414974
40500.29334149746
40736.78934149759
40745.88534149765
40377.497341497445
40545.77334149748
40441.16934149743
40454.813341497436
40372.94934149739
40491.19734149745
40591.25334149751
40495.74534149746
40527.58134149748
40345.661341497376
40354.757341497374
40413.88134149741
40454.813341497436
40486.649341497454
40491.19734149746
40782.26934149762
40582.15734149756
40404.78534149741
40586.70534149751
40536.67734149748
40568.5133414975
40486.649341497454
40377.497341497394
40545.77334149748
40341.113341497374
40559.41734149749
40377.497341497394
40550.32134149748
40632.185341497534
40559.417341497545
40709.50134149758
40686.761341497615
40563.96534149755
40454.813341497436
40518.48534149747
40523.033341497474
40600.34934149752
40618.54134149753
40732.24134149764
40382.04534149745
40450.265341497434
40609.44534149752
40450.265341497434
40332.01734149737
40486.64934149745
40368.40134149739
40623.08934149752
40527.58134149753
40559.417341497494
40550.32134149749
40554.86934149749
41009.66934149774
40454.813341497495
40773.17334149761
40718.59734149763
40545.77334149754
40550.32134149749
40623.08934149753
40363.85334149744
40573.061341497494
40441.16934149743
40541.225341497484
40627.63734149753
40586.70534149756
40491.19734149746
40322.921341497364
40436.62134149742
40573.0613414975
40595.801341497514
40486.649341497454
40473.005341497446
40568.5133414975
40295.63334149735
40541.22534149748
40272.893341497336
40286.53734149734
40518.485341497464
40559.417341497494
40427.52534149742
40764.07734149761
40545.77334149754
40532.12934149748
40554.86934149749
40322.921341497364
40618.54134149752
40745.88534149765
40659.4733414976
40586.70534149756
40709.50134149758
40527.58134149753
40618.54134149753
40432.073341497475
40609.44534149752
40090.973341497236
40354.75734149736
40623.08934149752
40500.29334149751
40491.19734149746
40500.29334149746
40468.457341497444
40418.429341497416
40509.38934149747
40714.04934149758
40636.73334149759
40413.881341497465
40632.185341497534
40786.81734149767
40541.225341497535
40500.29334149746
40427.52534149742
40682.21334149756
40486.649341497505
40632.185341497534
40395.689341497455
40463.90934149744
40563.9653414975
40291.085341497346
40668.56934149755
40486.649341497505
40309.277341497356
40577.6093414975
40400.237341497406
40286.537341497344
40250.15334149732
40550.32134149748
40668.569341497554
40536.67734149753
40554.86934149749
40459.36134149744
40468.457341497444
40200.125341497296
40332.01734149736
40436.62134149742
40386.5933414974
40691.30934149757
40650.377341497595
40454.81334149749
40295.63334149735
40218.3173414973
40427.525341497414
40632.185341497534
40686.761341497615
40459.36134149749
40600.34934149752
40568.5133414975
40509.38934149747
40673.11734149756
40836.8453414977
40468.457341497495
40723.145341497584
40527.58134149753
40577.609341497504
40509.38934149747
40509.38934149747
40518.48534149747
40372.94934149739
40550.32134149748
40518.48534149747
40845.94134149765
40486.649341497505
40459.36134149744
40363.853341497386
40418.42934149741
40618.54134149753
40595.801341497565
40295.63334149735
40391.141341497394
40473.005341497446
40450.265341497434
40591.25334149751
40659.47334149755
40372.94934149744
40482.101341497444
40563.9653414975
40504.841341497464
40400.237341497406
40750.4333414976
40623.08934149758
40554.86934149754
40436.621341497426
40486.649341497454
40527.58134149748
40568.5133414975
40463.90934149744
40586.70534149751
40359.305341497384
40582.1573414975
40527.58134149748
40704.953341497574
40618.54134149758
40645.82934149759
40613.993341497575
40582.15734149751
40504.841341497464
40645.82934149754
40591.25334149756
40504.841341497464
40400.237341497406
40613.993341497524
40604.89734149752
40395.689341497404
40468.457341497444
40409.33334149741
40332.01734149737
40254.70134149732
40486.64934149745
40445.71734149743
40404.78534149741
40291.085341497346
40459.36134149743
40609.44534149752
40523.033341497474
40568.5133414975
40582.15734149751
40504.841341497464
40554.86934149749
40336.56534149737
40563.96534149749
40718.59734149758
40482.1013414975
40354.75734149738
40450.26534149743
40659.47334149755
40441.16934149748
40563.9653414975
40445.71734149743
40623.08934149753
40600.34934149757
40659.47334149755
40309.27734149741
40468.45734149744
40664.02134149755
40372.94934149744
40463.909341497434
40313.82534149736
40327.46934149736
40563.96534149749
40859.58534149766
40554.86934149754
40486.649341497454
40568.5133414975
40427.52534149742
40518.48534149747
40495.74534149746
40518.48534149747
40345.661341497376
40677.66534149755
40327.46934149742
40245.605341497314
40691.30934149756
40509.38934149752
40559.417341497494
40432.073341497424
40322.921341497364
40459.36134149743
40413.881341497414
40409.33334149741
40454.813341497436
40577.609341497504
40418.429341497416
40432.073341497424
40486.649341497454
40559.417341497494
40372.94934149739
40436.62134149742
40782.26934149762
40436.62134149748
40623.08934149753
40573.06134149755
40682.21334149756
40786.81734149767
40386.59334149745
40304.729341497354
40673.11734149755
40327.46934149742
40577.6093414975
40536.67734149748
40600.34934149752
40732.24134149759
40404.78534149746
40532.12934149748
40136.45334149726
40482.10134149743
40650.377341497544
40368.40134149744
40418.42934149741
40536.67734149748
40604.89734149752
40814.105341497634
40554.86934149754
40363.853341497386
40504.84134149746
40436.621341497426
40482.10134149745
40554.86934149749
40527.58134149748
40577.609341497504
40413.881341497414
40318.37334149736
40654.92534149754
40800.46134149768
40395.689341497455
40695.85734149757
40350.20934149743
40432.07334149742
40504.841341497464
40272.893341497336
40532.12934149747
40491.19734149746
40791.36534149762
40468.457341497495
40309.277341497356
40727.69334149758
40336.56534149742
40377.49734149739
40559.41734149749
40491.19734149746
40509.38934149747
40441.16934149743
40654.92534149755
40536.67734149753
40654.92534149755
40395.689341497455
40586.70534149751
40645.82934149754
40513.93734149752
40568.5133414975
40604.89734149752
40586.70534149751
40500.29334149746
40645.82934149754
40523.033341497525
40613.993341497524
40845.94134149765
40345.66134149743
40427.525341497414
40718.59734149758
40354.75734149743
40686.76134149756
40641.28134149759
40432.073341497475
40300.18134149735
40500.293341497454
40309.277341497356
40618.54134149752
40468.457341497495
40632.185341497534
40586.70534149756
40377.497341497394
40627.637341497524
40591.25334149756
40313.82534149736
40736.789341497584
40573.06134149755
40332.01734149737
40518.485341497464
40668.569341497554
40750.43334149765
40677.66534149761
40591.25334149756
40454.813341497436
40509.38934149747
40627.63734149753
40609.44534149757
40673.11734149756
40341.113341497425
40500.293341497454
40400.237341497406
40195.577341497294
40413.88134149741
40686.761341497564
40368.40134149744
40359.30534149738
40400.2373414974
40468.457341497444
40559.417341497494
40600.34934149752
40773.17334149761
40450.265341497485
40518.48534149747
40432.073341497424
40595.801341497514
40418.429341497416
40377.497341497394
40327.46934149736
40482.101341497444
40568.5133414975
40491.19734149746
40764.07734149761
40368.40134149744
40659.47334149754
40486.649341497505
40609.44534149752
40504.841341497464
40686.761341497564
40541.225341497535
40709.50134149758
40495.74534149751
40568.5133414975
40604.89734149752
40354.75734149738
40527.58134149747
40745.8853414976
40632.185341497585
40418.42934149747
40309.277341497356
40582.1573414975
40677.66534149756
40295.6333414974
40495.74534149745
40500.29334149746
40441.16934149743
40500.29334149746
40623.08934149753
40864.13334149771
40332.01734149742
40523.03334149747
40563.9653414975
40359.305341497384
40627.637341497524
40727.69334149764
40723.145341497635
40523.033341497525
40523.033341497474
40491.19734149746
40895.96934149768
40650.3773414976
40500.29334149751
40632.185341497534
40668.569341497605
40623.08934149758
40723.145341497635
40354.75734149743
40413.88134149741
40714.04934149758
40682.21334149761
40682.21334149761
40568.51334149755
40604.89734149752
40313.82534149736
40827.749341497634
40613.993341497575
40400.237341497406
40545.77334149749
40377.497341497394
40422.97734149741
40495.74534149746
40382.045341497396
40254.701341497326
40659.47334149754
40527.58134149753
40609.44534149752
40186.48134149729
40741.33734149757
40418.42934149747
40422.97734149742
40359.305341497384
40459.36134149743
40695.85734149757
40400.23734149746
40664.02134149755
40250.153341497375
40263.797341497324
40450.26534149743
40454.813341497436
40654.92534149755
40695.85734149762
40618.54134149758
40591.25334149756
40468.457341497444
40527.58134149748
40445.71734149743
40304.729341497354
40459.36134149743
40459.36134149744
40704.953341497574
40573.06134149755
40413.881341497414
40245.60534149732
40372.949341497384
40636.73334149753
40268.345341497385
40532.12934149747
40400.237341497406
40541.225341497484
40773.17334149761
40627.63734149758
40473.0053414975
40382.045341497396
40641.28134149754
40595.801341497565
40554.86934149749
40482.10134149745
40491.19734149746
40609.44534149752
40509.38934149747
40604.89734149752
40400.237341497406
40545.77334149749
40645.82934149754
40436.62134149748
40436.621341497426
40459.36134149744
40627.63734149753
40404.78534149746
40709.50134149758
40591.25334149756
40641.28134149754
40350.20934149743
40650.37734149754
40682.21334149761
40595.801341497565
40400.237341497406
40495.74534149746
40245.60534149732
40327.46934149736
40618.54134149752
40650.377341497595
40582.15734149756
40254.701341497326
40395.6893414974
40468.457341497444
40595.801341497514
40413.881341497414
40600.34934149752
40636.73334149754
40577.609341497555
40363.853341497386
40809.557341497624
40618.54134149758
40550.32134149754
40304.729341497354
40591.253341497504
40714.04934149758
40382.04534149745
40654.92534149755
40532.12934149753
40391.1413414974
40427.52534149742
40518.48534149747
40432.073341497424
40673.11734149756
40595.801341497565
40554.86934149749
40627.63734149753
40577.609341497555
40600.34934149752
40618.54134149753
40473.0053414975
40391.1413414974
40495.74534149746
40386.5933414974
40682.21334149756
40500.29334149751
40204.6733414973
40541.22534149748
40413.881341497414
40664.02134149755
40650.377341497595
40550.32134149754
40468.457341497444
40495.74534149746
40636.73334149754
40527.58134149753
40673.11734149756
40168.28934149733
40550.32134149747
40682.21334149756
40609.44534149757
40613.993341497524
40422.97734149742
40563.9653414975
40322.921341497364
40568.51334149749
40554.86934149749
40404.78534149741
40577.609341497504
40541.225341497484
40554.86934149749
40459.36134149744
40709.50134149758
40459.36134149749
40554.86934149749
40645.82934149754
40613.993341497575
40550.32134149749
40577.609341497504
40391.1413414974
40354.75734149738
40477.55334149744
40627.63734149753
40563.96534149755
40577.609341497504
40432.073341497424
40409.33334149741
40654.92534149755
40545.77334149754
40468.457341497444
40554.86934149749
40650.377341497544
40422.97734149747
40454.813341497436
40372.94934149739
40532.12934149747
40632.185341497534
40736.78934149764
40623.08934149758
40409.33334149746
40318.37334149736
40432.07334149742
40509.38934149747
40145.549341497266
40559.41734149747
40600.34934149752
40536.67734149748
40613.993341497524
40500.29334149746
40582.15734149751
40491.19734149746
40591.25334149751
40668.569341497554
40704.953341497625
40563.96534149755
40527.58134149748
40413.881341497414
40586.70534149751
40400.237341497406
40709.50134149758
40582.15734149756
40659.47334149755
40632.185341497585
40573.06134149755
40550.32134149749
40527.58134149748
40491.19734149746
40623.08934149753
40309.27734149741
40809.557341497624
40500.29334149751
40509.38934149747
40463.90934149744
40422.97734149742
40523.033341497474
40518.48534149747
40523.033341497474
40518.48534149747
40382.045341497396
40450.265341497434
40363.853341497386
40650.37734149754
40650.377341497595
40391.14134149745
40513.93734149747
40500.29334149746
40477.55334149745
40495.74534149746
40422.97734149742
40513.93734149747
40636.73334149754
40518.48534149752
40313.82534149736
40654.92534149754
40636.73334149759
40450.265341497485
40591.25334149751
40509.38934149747
40668.569341497554
40554.86934149754
40318.37334149736
40272.89334149733
40595.80134149751
40532.12934149748
40636.73334149754
40450.265341497485
40513.93734149747
40509.38934149747
40786.81734149762
40545.77334149754
40527.58134149748
40400.237341497406
40709.50134149758
40463.90934149749
40509.38934149747
40613.993341497524
40618.54134149753
40541.225341497535
40518.48534149747
40818.65334149764
40559.417341497545
40818.65334149764
40504.841341497515
40372.94934149739
40636.73334149753
40277.44134149739
40559.41734149749
40673.11734149756
40486.649341497505
40418.429341497416
40491.19734149746
40368.40134149739
40363.85334149738
40468.45734149744
40541.225341497484
40541.225341497484
40536.67734149748
40518.48534149747
40509.38934149747
40632.185341497534
40577.609341497555
40241.05734149732
40277.44134149733
40450.26534149743
40482.10134149745
40604.89734149752
40450.265341497434
40718.59734149758
40627.63734149758
40427.52534149747
40682.21334149756
40618.54134149758
40691.30934149762
40645.82934149759
40700.40534149762
40554.86934149754
40277.44134149734
40550.32134149748
40559.417341497494
40341.113341497374
40418.42934149741
40550.32134149749
40673.11734149756
40491.19734149751
40432.073341497424
40372.94934149739
40554.869341497484
40504.841341497464
40377.497341497394
40718.597341497574
40536.67734149753
40395.689341497404
40586.70534149751
40604.89734149752
40377.497341497394
40354.757341497374
40436.62134149742
40604.89734149752
40391.1413414974
40600.34934149752
40482.10134149745
40714.04934149758
40418.42934149747
40618.54134149753
40495.74534149751
40477.55334149745
40677.66534149756
40382.04534149745
40090.973341497236
40368.40134149737
40377.49734149739
40318.373341497354
40523.03334149747
40504.841341497464
40513.93734149747
40454.813341497436
40545.77334149749
40445.71734149743
40350.20934149738
40700.405341497564
40509.38934149752
40404.78534149741
40709.50134149758
40495.74534149751
40677.66534149756
40532.12934149753
40641.28134149754
40377.497341497445
40641.28134149753
40704.953341497625
40527.58134149753
40563.9653414975
40418.429341497416
40691.30934149757
40591.25334149756
40618.54134149753
40186.48134149734
40468.45734149742
40482.10134149745
40441.16934149743
40627.63734149753
40495.74534149751
40536.67734149748
40568.5133414975
40513.93734149747
40536.67734149748
40554.86934149749
40359.305341497384
40855.03734149765
40591.25334149756
40482.10134149745
40486.649341497454
40704.953341497574
40345.66134149743
40509.38934149746
40554.86934149749
40527.58134149748
40350.20934149738
40372.949341497384
40386.59334149739
40800.46134149763
40491.19734149751
40441.16934149743
40486.649341497454
40422.97734149742
40527.58134149748
40591.25334149751
40736.78934149759
40404.78534149746
40304.729341497354
average revenue:40517.837835070815