40334.87491483158
40591.253341497504
40295.63334149735
40568.51334149749
40241.05734149732
40704.95334149757
40500.29334149751
40595.801341497514
40500.29334149746
40422.97734149742
40582.15734149751
40486.649341497454
40486.649341497454
40600.34934149752
40463.90934149744
40309.277341497356
40882.325341497664
40627.63734149758
40477.5533414975
40541.225341497484
40627.63734149753
40304.729341497405
40363.85334149738
40295.63334149734
40595.80134149751
40427.52534149742
40677.66534149756
40350.20934149743
40577.6093414975
40404.78534149741
40641.28134149754
40582.15734149756
40400.237341497406
40527.58134149748
40332.01734149737
40450.26534149743
40391.1413414974
40882.32534149767
40327.46934149742
40623.08934149752
40550.32134149754
40500.29334149746
40668.569341497554
40336.56534149742
40363.85334149738
40504.84134149746
40436.621341497426
40609.44534149752
40595.801341497514
40504.841341497464
40563.9653414975
40427.52534149742
40613.993341497524
40477.55334149745
40422.97734149742
40568.5133414975
40432.073341497424
40327.469341497366
40563.96534149749
40577.609341497504
40523.033341497474
40523.033341497474
40473.005341497446
40204.6733414973
40509.38934149746
40268.345341497334
40418.42934149741
40654.92534149755
40473.0053414975
40504.841341497464
40459.36134149744
40695.85734149757
40495.74534149751
40754.9813414976
40654.9253414976
40332.01734149742
40600.34934149751
40773.17334149761
40459.36134149749
40595.801341497514
40459.36134149744
40586.70534149751
40518.48534149747
40450.265341497434
40545.77334149749
40404.78534149741
40582.15734149751
40513.93734149747
40673.11734149756
40732.24134149764
40318.37334149741
40673.11734149755
40491.19734149751
40386.5933414974
40636.73334149754
40459.36134149749
40500.29334149746
40550.32134149749
40668.569341497554
40759.529341497655
40936.90134149775
40632.18534149759
40250.153341497375
40714.04934149757
40559.417341497545
40363.853341497386
40723.14534149758
40827.74934149769
40395.689341497455
40377.497341497394
40368.40134149738
40595.80134149751
40554.86934149749
40559.417341497494
40709.50134149758
40859.58534149771
40536.67734149753
40623.08934149753
40750.43334149765
40450.265341497485
40609.44534149752
40204.6733414973
40632.18534149753
40573.06134149755
40545.77334149749
40582.15734149751
40391.1413414974
40404.78534149741
40595.801341497514
40300.18134149735
40459.36134149743
40204.6733414973
40709.50134149757
40500.29334149751
40654.92534149755
40473.0053414975
40532.12934149748
40218.317341497306
40718.597341497574
40586.70534149756
40454.813341497436
40495.74534149746
40732.24134149759
40618.54134149758
40359.305341497435
40623.08934149752
40486.649341497505
40550.32134149749
40277.44134149734
40413.88134149741
40291.085341497346
40436.62134149742
40500.29334149746
40586.70534149751
40659.47334149755
40181.93334149734
40700.40534149755
40568.51334149755
40750.4333414976
40454.81334149749
40395.689341497404
40295.63334149735
40595.80134149751
40327.469341497366
40327.46934149736
40650.37734149754
40595.801341497565
40604.89734149752
40582.15734149751
40641.28134149754
40491.19734149751
40341.113341497374
40545.77334149748
40236.509341497316
40636.73334149753
40545.77334149754
40677.66534149756
40718.59734149763
40764.07734149766
40650.377341497595
40604.89734149757
40509.38934149747
40864.13334149766
40559.417341497545
40404.78534149741
40318.37334149736
40454.81334149743
40272.893341497336
40868.68134149766
40559.417341497545
40682.21334149756
40604.89734149757
40441.16934149743
40509.38934149747
40595.801341497514
40623.08934149753
40200.12534149735
40905.06534149768
40668.56934149761
40518.48534149752
40272.893341497336
40432.07334149742
40377.497341497394
40582.1573414975
40459.36134149744
40468.457341497444
40482.10134149745
40491.19734149746
40468.457341497444
40454.813341497436
40450.265341497434
40659.47334149755
40518.48534149752
40523.033341497474
40741.337341497594
40454.81334149749
40582.15734149751
40541.225341497484
40422.97734149742
40504.841341497464
40345.661341497376
40623.08934149752
40013.657341497244
40736.78934149756
40536.67734149753
40618.54134149753
40664.0213414976
40595.801341497565
40532.12934149748
40604.89734149752
40473.005341497446
40659.47334149755
40541.225341497535
40513.93734149747
40545.77334149749
40604.89734149752
40441.16934149743
40723.145341497584
40372.94934149744
40623.08934149752
40836.8453414977
40573.06134149755
40473.005341497446
40563.9653414975
40723.145341497584
40604.89734149757
40609.44534149752
40604.89734149752
40600.34934149752
40636.73334149754
40563.96534149755
40250.153341497324
40541.22534149748
40395.689341497404
40318.37334149736
40773.173341497604
40573.06134149755
40677.66534149756
40673.11734149761
40527.58134149753
40450.265341497434
40459.36134149744
40532.12934149748
40591.25334149751
40545.77334149749
40372.94934149739
40645.829341497534
40704.953341497625
40409.33334149746
40682.21334149756
40432.073341497475
40563.9653414975
40632.185341497534
40718.59734149763
40582.15734149756
40322.921341497364
40532.12934149747
40432.073341497424
40600.34934149752
40395.689341497404
40700.40534149757
40573.06134149755
40595.801341497514
40623.08934149753
40613.993341497575
40491.19734149746
40491.19734149746
40450.265341497434
40704.953341497574
40536.67734149753
40418.429341497416
40377.497341497394
40554.869341497484
40523.033341497474
40427.52534149742
40623.08934149753
40723.145341497635
40477.5533414975
40386.5933414974
40468.457341497444
40654.92534149755
40500.29334149751
40413.881341497414
40313.82534149736
40313.82534149735
40336.565341497364
40736.789341497584
40468.457341497495
40536.67734149748
40691.30934149757
40318.37334149741
40573.061341497494
40477.55334149745
40504.841341497464
40409.33334149741
40664.02134149755
40613.993341497575
40436.621341497426
40654.92534149755
40236.50934149737
40222.8653414973
40436.62134149742
40500.29334149746
40382.045341497396
40604.89734149752
40268.345341497334
40877.77734149766
40391.14134149745
40732.24134149759
40463.90934149749
40336.56534149737
40350.20934149737
40554.869341497484
40677.66534149756
40641.28134149759
40604.89734149757
40573.0613414975
40523.033341497474
40336.56534149737
40527.58134149747
40686.761341497564
40477.5533414975
40345.661341497376
40754.981341497594
40709.50134149763
40286.537341497395
40386.59334149739
40500.29334149746
40554.86934149749
40641.28134149754
40509.38934149752
40354.75734149738
40513.93734149746
40391.1413414974
40359.305341497384
40577.6093414975
40477.55334149745
40532.12934149748
40582.15734149751
40682.21334149756
40727.69334149764
40518.48534149752
40495.74534149746
40391.1413414974
40682.21334149756
40518.48534149752
40377.497341497394
40391.141341497394
40582.15734149751
40409.33334149741
40645.82934149754
40418.42934149747
40372.94934149739
40568.51334149749
40541.225341497484
40432.073341497424
40718.59734149758
40536.67734149753
40482.10134149745
40873.22934149767
40450.265341497485
40377.497341497394
40413.88134149741
40436.621341497426
40441.16934149743
40372.94934149739
40482.101341497444
40295.63334149735
40645.829341497534
40468.457341497495
40454.813341497436
40668.569341497554
40823.20134149769
40395.689341497455
40409.33334149741
40422.97734149742
40673.11734149756
40568.51334149755
40609.44534149752
40354.75734149738
40436.62134149742
40463.90934149744
40550.32134149749
40377.497341497394
40177.38534149728
40591.25334149749
40368.40134149739
40591.253341497504
40636.73334149754
40286.537341497395
40450.26534149743
40673.11734149756
40764.07734149766
40354.75734149743
40486.64934149745
40413.881341497414
40445.71734149743
40586.70534149751
40286.537341497344
40454.81334149743
40354.75734149738
40404.7853414974
40463.90934149744
40454.813341497436
40541.225341497484
40495.74534149746
40486.649341497454
40445.71734149743
40891.42134149768
40441.16934149748
40454.813341497436
40418.429341497416
40200.125341497296
40436.62134149742
40436.621341497426
40618.54134149753
40436.62134149748
40486.649341497454
40604.89734149752
40309.277341497356
40332.01734149736
40513.93734149746
40313.82534149736
40432.07334149742
40714.04934149758
40759.529341497655
40277.44134149739
40677.66534149755
40650.377341497595
40404.78534149746
40623.08934149753
40436.62134149748
40613.993341497524
40504.841341497464
40363.853341497386
40559.41734149749
40886.873341497674
40395.689341497455
40363.853341497386
40454.81334149743
40632.185341497534
40636.73334149759
40691.30934149762
40227.41334149736
40468.45734149744
40513.93734149747
40332.01734149737
40541.22534149748
40377.497341497394
40632.18534149753
40504.841341497515
40350.20934149738
40604.89734149751
40468.457341497444
40664.02134149755
40395.689341497455
40500.29334149746
40409.33334149741
40650.377341497544
40786.81734149767
40645.82934149759
40322.921341497415
40523.03334149747
40468.457341497444
40463.90934149744
40586.70534149751
40641.28134149754
40691.30934149762
40277.44134149739
40563.96534149749
40591.25334149751
40491.19734149746
40468.457341497444
40341.113341497374
40482.101341497444
40668.569341497554
40627.63734149758
40491.19734149751
40291.085341497346
40741.33734149759
40482.1013414975
40254.701341497326
40413.88134149741
40318.37334149736
40536.677341497474
40509.38934149747
40341.113341497374
40495.74534149745
40641.28134149754
40286.537341497395
40563.96534149749
40623.08934149753
40573.06134149755
40709.50134149758
40541.225341497535
40509.38934149747
40404.78534149741
40632.185341497534
40827.74934149769
40563.96534149755
40445.71734149743
40418.429341497416
40441.16934149743
40732.24134149759
40422.97734149747
40518.48534149747
40404.78534149741
40523.033341497474
40500.29334149746
40577.609341497504
40395.689341497404
40318.37334149736
40777.72134149761
40300.1813414974
40254.70134149732
40436.62134149742
40591.25334149751
40468.457341497444
40632.185341497534
40559.417341497545
40686.761341497564
40718.59734149763
40609.44534149757
40486.649341497454
40527.58134149748
40577.609341497504
40400.237341497406
40413.881341497414
40618.54134149753
40341.113341497425
40454.81334149743
40577.609341497504
40577.609341497504
40318.37334149736
40259.24934149732
40664.021341497544
40372.94934149744
40805.00934149762
40541.225341497535
40604.89734149752
40504.841341497464
40527.58134149748
40645.82934149754
40463.90934149749
40409.33334149741
40595.801341497514
40477.55334149745
40404.78534149741
40618.54134149753
40400.23734149746
40400.237341497406
40645.82934149754
40568.51334149755
40623.08934149753
40504.841341497515
40632.185341497534
40473.0053414975
40309.277341497356
40468.45734149744
40450.265341497434
40654.92534149755
40473.0053414975
40736.78934149759
40682.21334149761
40541.225341497535
40636.73334149754
40227.41334149736
40559.41734149749
40354.75734149738
40591.253341497504
40586.70534149751
40354.75734149738
40659.47334149754
40577.609341497555
40413.881341497414
40395.689341497404
40623.08934149753
40586.70534149756
40695.85734149757
40536.67734149753
40354.75734149738
40691.30934149756
40495.74534149751
40268.345341497334
40550.32134149748
40686.761341497564
40422.97734149747
40359.305341497384
40436.62134149742
40523.033341497474
40545.77334149749
40254.701341497326
40418.42934149741
40595.801341497514
40513.93734149747
40577.609341497504
40627.63734149753
40536.67734149753
40468.457341497444
40513.93734149747
40554.86934149749
40545.77334149749
40518.48534149747
40741.337341497594
40664.0213414976
40541.225341497535
40682.21334149756
40677.66534149761
40400.23734149746
40377.497341497394
40341.11334149737
40313.82534149735
40495.74534149745
40641.28134149754
40754.98134149765
40664.0213414976
40409.33334149746
40618.54134149753
40436.62134149748
40636.73334149754
40691.30934149762
40377.497341497445
40454.81334149743
40332.01734149737
40586.7053414975
40422.97734149742
40764.07734149761
40313.82534149741
40468.45734149744
40441.16934149743
40422.97734149742
40359.305341497384
40482.101341497444
40727.69334149759
40668.569341497605
40473.0053414975
40513.93734149747
40386.5933414974
40563.9653414975
40736.78934149759
40604.89734149757
40582.15734149751
40523.033341497474
40541.225341497484
40295.63334149735
40586.7053414975
40818.65334149764
40500.29334149751
40513.93734149747
40636.73334149754
40623.08934149758
40786.81734149767
40286.537341497395
40518.485341497464
40400.237341497406
40691.30934149757
40509.38934149752
40686.761341497564
40250.153341497375
40427.525341497414
40286.537341497344
40432.07334149742
40377.497341497394
40486.64934149745
40677.66534149756
40436.62134149748
40623.08934149753
40636.73334149759
40413.881341497465
40363.853341497386
40422.97734149741
40532.12934149748
40545.77334149749
40627.63734149753
40618.54134149758
40418.42934149747
40300.18134149735
40318.373341497354
40627.637341497524
40477.5533414975
40563.9653414975
40250.153341497324
40263.797341497324
40495.74534149745
40595.801341497514
40723.145341497584
40454.81334149749
40422.97734149742
40723.145341497584
40527.58134149753
40454.813341497436
40523.033341497474
40704.953341497574
40277.44134149739
40577.6093414975
40313.82534149736
40695.85734149756
40759.529341497655
40327.46934149742
40504.84134149746
40441.16934149743
40422.97734149742
40541.225341497484
40627.63734149753
40550.32134149754
40150.09734149727
40745.885341497575
40582.15734149756
40318.37334149736
40604.89734149751
40463.90934149744
40336.56534149737
40491.19734149745
40623.08934149753
40541.225341497535
40559.417341497494
40641.28134149754
40413.881341497465
40641.28134149754
40436.62134149748
40832.297341497644
40409.33334149746
40686.761341497564
40386.59334149745
40645.82934149754
40504.841341497515
40677.66534149756
40664.0213414976
40491.19734149751
40227.41334149731
40613.99334149752
40582.15734149751
40395.689341497404
40704.953341497574
40595.801341497565
40523.033341497474
40409.33334149741
40527.58134149748
40618.54134149753
40509.38934149752
40427.52534149742
40341.113341497374
40468.45734149744
40482.10134149745
40577.609341497504
40591.25334149751
40623.08934149753
40609.44534149757
40441.16934149743
40518.48534149747
40513.93734149747
40422.97734149742
40322.921341497364
40459.36134149743
40191.02934149729
40536.67734149746
40664.02134149755
40422.97734149747
40359.305341497384
40513.93734149746
40463.90934149744
40527.58134149748
40595.801341497514
40400.237341497406
40322.921341497364
40468.45734149744
40427.52534149742
40573.0613414975
40509.38934149747
40504.841341497464
40313.82534149736
40482.101341497444
40700.40534149757
40486.649341497505
40277.44134149734
40418.42934149741
40513.93734149747
40554.86934149749
40332.01734149737
40309.27734149735
40645.829341497534
40204.67334149735
40409.333341497404
40586.70534149751
40473.005341497446
40350.20934149738
40554.869341497484
40354.75734149738
40545.77334149748
40486.649341497454
40463.90934149744
40463.90934149744
40436.621341497426
40386.5933414974
40545.77334149749
40463.90934149744
40382.045341497396
40563.9653414975
40563.9653414975
40391.1413414974
40600.34934149752
40809.55734149763
40063.68534149727
40613.9933414975
40504.841341497464
40545.77334149749
40395.689341497404
40527.58134149748
40673.11734149756
40745.88534149765
40563.96534149755
40500.29334149746
40354.75734149738
40523.03334149747
40504.841341497464
40527.58134149748
40500.29334149746
40577.609341497504
40327.469341497366
40354.757341497374
40404.7853414974
40473.005341497446
40527.58134149748
40573.0613414975
40568.5133414975
40591.25334149751
40750.4333414976
40459.36134149749
40609.44534149752
40532.12934149748
40454.813341497436
40509.38934149747
40500.29334149746
40482.10134149745
40268.345341497334
40536.677341497474
40482.10134149745
40486.649341497454
40359.305341497384
40473.00534149744
40550.32134149749
40432.073341497424
40504.841341497464
40591.25334149751
40541.225341497484
40318.37334149736
40577.6093414975
40491.19734149746
40504.841341497464
40468.457341497444
40650.377341497544
40395.689341497455
40382.045341497396
40600.34934149752
40627.63734149753
40350.20934149743
40732.24134149758
40432.073341497475
40604.89734149752
40413.881341497414
40850.489341497654
40618.54134149758
40441.16934149748
40682.21334149756
40391.14134149745
40727.69334149759
40536.67734149753
40482.10134149745
40259.24934149733
40613.99334149752
40732.24134149759
40659.4733414976
40345.66134149743
40545.77334149748
40741.337341497594
40782.26934149767
40513.93734149752
40377.497341497394
40609.445341497514
40550.32134149749
40554.86934149749
40591.25334149751
40304.729341497354
40445.717341497424
40632.185341497534
40304.729341497405
40400.2373414974
40413.881341497414
40750.4333414976
40277.44134149739
40454.81334149743
40459.36134149744
40177.385341497284
40313.82534149734
40441.16934149742
40577.609341497504
40322.921341497364
40427.525341497414
40477.55334149745
40418.429341497416
40623.08934149753
40372.94934149744
40568.51334149749
40609.44534149752
40541.225341497484
40718.59734149758
40541.225341497535
40518.48534149747
40409.33334149741
40482.10134149745
40668.569341497554
40613.993341497575
40436.621341497426
40859.58534149766
40600.34934149757
40645.82934149754
40304.729341497405
40295.63334149734
40432.07334149742
40532.12934149748
40568.5133414975
40550.32134149749
40495.74534149746
40486.649341497454
40709.50134149758
40582.15734149756
40632.185341497534
40577.609341497555
40609.44534149752
40518.48534149747
40586.70534149751
40582.15734149751
40764.07734149761
40504.841341497515
40586.70534149751
40382.045341497396
40668.569341497554
40545.77334149754
40559.417341497494
40559.417341497494
40241.05734149732
40536.677341497474
40577.609341497504
40568.5133414975
40486.649341497454
40500.29334149746
40413.881341497414
40559.417341497494
40636.73334149754
40604.89734149757
40377.497341497394
40550.32134149748
40741.337341497594
40450.265341497485
40618.54134149753
40450.265341497485
40545.77334149749
40695.85734149757
40582.15734149756
40532.12934149748
40413.881341497414
40400.237341497406
40222.86534149731
40322.92134149736
40923.25734149769
40600.349341497575
40486.649341497454
40495.74534149746
40504.841341497464
40427.52534149742
40550.32134149749
40327.469341497366
40441.16934149742
40586.70534149751
40473.005341497446
40536.67734149748
40523.033341497474
40459.36134149744
40445.71734149743
40441.16934149743
average revenue:40514.29494307081