40084.73491483144
40504.84134149744
40609.44534149752
40650.377341497544
40586.70534149756
40454.813341497436
40404.78534149741
40677.66534149756
40486.649341497505
40573.0613414975
40500.29334149746
40341.113341497374
40300.181341497344
40604.89734149751
40468.457341497444
40454.813341497436
40518.48534149747
40623.08934149753
40177.385341497335
40668.56934149753
40468.457341497495
40609.44534149752
40450.265341497434
40604.89734149752
40527.58134149748
40509.38934149747
40468.457341497444
40609.44534149752
40441.16934149743
40513.93734149747
40441.16934149743
40545.77334149749
40491.19734149746
40664.02134149755
40864.13334149771
40527.58134149753
40554.86934149749
40386.5933414974
40604.89734149752
40909.61334149769
40545.773341497545
40500.29334149746
40436.621341497426
40523.033341497474
40613.993341497524
40422.97734149742
40636.73334149754
40491.19734149751
40714.04934149758
40591.25334149756
40422.97734149742
40691.30934149757
40231.961341497365
40523.03334149747
40445.71734149743
40613.993341497524
40573.0613414975
40768.62534149761
40586.70534149756
40468.457341497444
40736.78934149759
40523.033341497525
40372.94934149739
40332.01734149736
40586.7053414975
40404.78534149741
40336.56534149737
40468.45734149744
40714.04934149758
40627.63734149758
40704.953341497625
40732.24134149764
40404.78534149746
40864.13334149766
40336.56534149742
40495.74534149745
40741.337341497594
40600.34934149757
40623.08934149753
40386.59334149745
40332.01734149737
40432.07334149742
40422.97734149742
40441.16934149743
40695.85734149757
40550.32134149754
40518.48534149747
40664.02134149755
40641.28134149759
40291.0853414974
40709.50134149757
40613.993341497575
40618.54134149753
40545.77334149754
40427.52534149742
40536.67734149748
40422.97734149742
40577.609341497504
40441.16934149743
40700.40534149757
40500.29334149751
40654.92534149755
40159.193341497325
40354.75734149736
40554.869341497484
40400.237341497406
40309.277341497356
40400.2373414974
40486.649341497454
40291.085341497346
40450.26534149743
40386.5933414974
40582.15734149751
40450.265341497434
40745.8853414976
40491.19734149751
40359.305341497384
40668.56934149755
40613.993341497575
40409.33334149741
40513.93734149747
40523.033341497474
40532.12934149748
40527.58134149748
40809.55734149763
40395.689341497455
40623.08934149753
40504.841341497515
40422.97734149742
40422.97734149742
40886.873341497674
40468.457341497495
40573.0613414975
40568.5133414975
40623.08934149753
40509.38934149752
40595.801341497514
40568.5133414975
40477.55334149745
40354.75734149738
40354.757341497374
40818.65334149763
40509.38934149752
40422.97734149742
40372.94934149739
40532.12934149747
40645.82934149754
40436.62134149748
40427.52534149742
40459.36134149744
40491.19734149746
40386.5933414974
40204.6733414973
40554.869341497484
40577.609341497504
40473.005341497446
40422.97734149742
40445.71734149743
40541.225341497484
40554.86934149749
40641.28134149754
40432.073341497475
40709.50134149758
40682.21334149761
40750.43334149765
40714.04934149763
40395.689341497455
40482.10134149745
40491.19734149746
40814.105341497634
40463.90934149749
40759.529341497604
40668.569341497605
40554.86934149754
40459.36134149744
40582.15734149751
40618.54134149753
40554.86934149754
40463.90934149744
40568.5133414975
40673.11734149756
40473.0053414975
40686.761341497564
40691.30934149762
40568.51334149755
40595.801341497514
40436.621341497426
40573.0613414975
40486.649341497454
40463.90934149744
40659.47334149755
40563.96534149755
40618.54134149753
40559.417341497545
40591.25334149751
40363.853341497386
40577.6093414975
40618.54134149753
40268.345341497385
40432.07334149742
40559.417341497494
40350.20934149738
40413.88134149741
40318.37334149736
40577.6093414975
40723.145341497584
40482.1013414975
40504.841341497464
40527.58134149748
40363.853341497386
40463.909341497434
40650.377341497544
40654.9253414976
40659.4733414976
40536.67734149753
40809.55734149763
40745.88534149765
40650.377341497595
40450.265341497485
40595.801341497514
40664.02134149755
40545.77334149754
40554.86934149749
40668.569341497554
40563.96534149755
40300.18134149735
40809.557341497624
40632.185341497585
40513.93734149752
40582.15734149751
40304.729341497354
40709.50134149757
40691.30934149762
40382.04534149745
40550.32134149749
40714.04934149758
40604.89734149757
40222.86534149731
40363.85334149738
40636.73334149753
40568.51334149755
40436.621341497426
40491.19734149746
40241.05734149732
40441.16934149742
40645.82934149754
40686.761341497615
40636.73334149759
40568.51334149755
40600.34934149752
40454.813341497436
40454.813341497436
40636.73334149754
40400.23734149746
40436.621341497426
40427.52534149742
40313.82534149736
40181.93334149728
40432.0733414974
40664.02134149755
40664.0213414976
40632.185341497585
40486.649341497505
40577.609341497504
40654.92534149755
40486.649341497505
40541.225341497484
40509.38934149747
40545.77334149749
40877.77734149767
40686.761341497615
40322.921341497415
40254.70134149732
40504.84134149746
40500.29334149746
40568.5133414975
40736.78934149759
40477.5533414975
40450.265341497434
40486.649341497454
40600.34934149752
40463.90934149744
40536.67734149748
40445.71734149743
40632.185341497534
40518.48534149752
40536.67734149748
39972.72534149717
40563.96534149747
40727.69334149759
40322.921341497415
40459.36134149743
40650.377341497544
40291.0853414974
40795.91334149762
40450.265341497485
40827.74934149764
40445.71734149748
40741.337341497594
40454.81334149749
40805.00934149763
40513.93734149752
40550.32134149749
40654.92534149755
40700.40534149762
40677.66534149761
40800.46134149768
40509.38934149752
40513.93734149747
40368.40134149739
40623.08934149752
40582.15734149756
40386.5933414974
40450.265341497434
40541.225341497484
40623.08934149753
40386.59334149745
40300.18134149735
40554.869341497484
40413.881341497414
40536.67734149748
40609.44534149752
40677.66534149756
40541.225341497535
40386.5933414974
40554.86934149749
40618.54134149753
40432.073341497475
40341.113341497374
40586.7053414975
40436.621341497426
40304.729341497354
40468.45734149744
40695.85734149757
40568.51334149755
40563.9653414975
40645.82934149754
40445.71734149748
40454.813341497436
40495.74534149746
40445.71734149743
40518.48534149747
40545.77334149749
40482.10134149745
40568.5133414975
40422.97734149742
40550.32134149749
40272.893341497336
40295.63334149734
40718.597341497574
40782.26934149767
40336.56534149742
40345.66134149737
40600.34934149751
40500.29334149746
40645.82934149754
40277.44134149739
40577.6093414975
40495.74534149746
40577.609341497504
40577.609341497504
40486.649341497454
40291.085341497346
40732.24134149758
40513.93734149752
40668.569341497554
40409.33334149746
40432.073341497424
40536.67734149748
40773.17334149761
40545.77334149754
40723.145341497584
40482.1013414975
40523.033341497474
40695.85734149757
40573.06134149755
40613.993341497524
40513.93734149747
40641.28134149754
40754.98134149765
40541.225341497535
40600.34934149752
40500.29334149746
40568.5133414975
40459.36134149744
40386.5933414974
40391.1413414974
40636.73334149754
40545.77334149754
40495.74534149746
40473.005341497446
40495.74534149746
40404.78534149741
40518.48534149747
40363.853341497386
40609.445341497514
40445.71734149743
40791.36534149762
40200.12534149735
40727.69334149758
40568.51334149755
40222.86534149731
40604.89734149751
40695.85734149757
40504.841341497515
40573.0613414975
40454.813341497436
40618.54134149753
40509.38934149752
40477.55334149745
40582.15734149751
40573.0613414975
40413.881341497414
40554.86934149749
40736.78934149759
40473.0053414975
40723.145341497584
40450.265341497485
40350.20934149738
40545.77334149748
40504.841341497464
40727.69334149759
40463.90934149749
40754.9813414976
40473.0053414975
40422.97734149742
40422.97734149742
40718.59734149758
40541.225341497535
40641.28134149754
40272.89334149739
40509.38934149746
40586.70534149751
40486.649341497454
40527.58134149748
40509.38934149747
40500.29334149746
40409.33334149741
40559.417341497494
40504.841341497464
40204.6733414973
40613.99334149752
40673.11734149756
40664.0213414976
40623.08934149758
40582.15734149756
40418.429341497416
40527.58134149748
40477.55334149745
40659.47334149755
40445.71734149748
40090.973341497236
40595.80134149749
40941.449341497704
40482.10134149751
40750.4333414976
40545.77334149754
40509.38934149747
40259.24934149733
40559.41734149749
40486.649341497454
40609.44534149752
40604.89734149752
40504.841341497464
40450.265341497434
40618.54134149753
40586.70534149756
40509.38934149747
40613.993341497524
40427.52534149742
40491.19734149746
40668.569341497554
40545.77334149754
40541.225341497484
40473.005341497446
40632.185341497534
40504.841341497515
40504.841341497464
40673.11734149756
40336.56534149742
40495.74534149745
40823.20134149764
40563.96534149755
40723.145341497584
40627.63734149758
40518.48534149752
40336.56534149737
40545.77334149748
40445.71734149743
40718.59734149758
40363.85334149744
40432.07334149742
40209.2213414973
40518.485341497464
40372.94934149739
40559.41734149749
40550.32134149749
40841.39334149765
40627.63734149758
40650.377341497595
40609.44534149757
40714.04934149758
40591.25334149756
40636.73334149754
40450.265341497485
40236.509341497316
40623.08934149752
40300.1813414974
40777.72134149761
40332.01734149742
40627.637341497524
40454.81334149749
40536.67734149748
40200.125341497296
40536.677341497474
40527.58134149748
40473.005341497446
40445.71734149743
40600.34934149752
40568.5133414975
40336.56534149737
40468.45734149744
40336.56534149737
40372.949341497384
40563.96534149749
40523.033341497474
40627.63734149753
40386.59334149745
40604.89734149752
40568.5133414975
40395.689341497404
40791.36534149762
40495.74534149751
40350.20934149738
40518.485341497464
40513.93734149747
40418.429341497416
40573.0613414975
40732.24134149759
40422.97734149747
40491.19734149746
40391.1413414974
40636.73334149754
40477.5533414975
40805.00934149763
40504.841341497515
40436.621341497426
40450.265341497434
40372.94934149739
40309.27734149735
40509.38934149746
40500.29334149746
40432.073341497424
40691.30934149757
40400.23734149746
40477.55334149745
40454.813341497436
40559.417341497494
40454.813341497436
40563.9653414975
40750.4333414976
40677.66534149761
40586.70534149756
40754.9813414976
40509.38934149752
40636.73334149754
40600.34934149757
40527.58134149748
40886.873341497674
40409.33334149746
40623.08934149753
40395.689341497455
40641.28134149754
40673.11734149761
40454.81334149749
40523.033341497474
40391.1413414974
40736.78934149759
40559.417341497545
40645.82934149754
40659.4733414976
40805.00934149768
40759.529341497655
40441.16934149748
40582.15734149751
40513.93734149747
40309.277341497356
40695.85734149756
40450.265341497485
40313.82534149736
40486.64934149745
40636.73334149754
40491.19734149751
40623.08934149753
40418.42934149747
40513.93734149747
40350.20934149738
40609.445341497514
40509.38934149747
40550.32134149749
40568.5133414975
40550.32134149749
40500.29334149746
40659.47334149755
40700.40534149762
40814.105341497685
40677.66534149761
40454.81334149749
40450.265341497434
40536.67734149748
40418.429341497416
40691.30934149757
40500.29334149751
40459.36134149744
40322.921341497364
40473.00534149744
40486.649341497454
40332.01734149737
40563.96534149749
40422.97734149742
40468.457341497444
40441.16934149743
40436.621341497426
40404.78534149741
40386.5933414974
40559.417341497494
40541.225341497484
40541.225341497484
40486.649341497454
40700.40534149757
40577.609341497555
40973.28534149772
40372.94934149745
40618.54134149752
40550.32134149754
40709.50134149758
40795.913341497675
40445.71734149748
40541.225341497484
40468.457341497444
40632.185341497534
40709.50134149763
40332.01734149742
40727.69334149758
40477.5533414975
40422.97734149742
40354.75734149738
40568.51334149749
40291.085341497346
40613.99334149752
40686.761341497564
40250.153341497375
40295.63334149734
40491.19734149745
40436.621341497426
40286.537341497344
40563.96534149749
40432.073341497424
40527.58134149748
40277.44134149734
40568.51334149749
40650.377341497544
40259.24934149738
40422.97734149741
40686.761341497564
40473.0053414975
40495.74534149746
40409.33334149741
40559.417341497494
40454.813341497436
40477.55334149745
40500.29334149746
40350.20934149738
40409.333341497404
40600.34934149752
40495.74534149746
40582.15734149751
40500.29334149746
40500.29334149746
40313.82534149736
40450.26534149743
40473.005341497446
40577.609341497504
40372.94934149739
40650.37734149754
40704.953341497625
40668.569341497605
40436.62134149748
40436.621341497426
40518.48534149747
40586.70534149751
40577.609341497504
40377.497341497394
40468.45734149744
40418.429341497416
40886.873341497674
40563.96534149755
40445.71734149743
40372.94934149739
40359.30534149738
40468.45734149744
40400.237341497406
40704.953341497574
40509.38934149752
40459.36134149744
40386.5933414974
40704.953341497574
40454.81334149749
40568.5133414975
40600.34934149752
40145.549341497266
40304.72934149733
40509.38934149746
40454.813341497436
40604.89734149752
40732.24134149759
40532.12934149753
40577.609341497504
40577.609341497504
40686.761341497564
40545.77334149754
40636.73334149754
40600.34934149757
40623.08934149753
40486.649341497505
40673.11734149756
40386.59334149745
40513.93734149747
40473.005341497446
40477.55334149745
40386.5933414974
40545.77334149749
40864.13334149766
40609.44534149757
40445.71734149743
40468.457341497444
40695.85734149757
40550.32134149754
40454.813341497436
40695.85734149757
40468.457341497495
40823.20134149764
40604.89734149757
40527.58134149748
40486.649341497454
40482.10134149745
40595.801341497514
40809.55734149763
40523.033341497525
40577.609341497504
40582.15734149751
40436.621341497426
40695.85734149757
40613.993341497575
40641.28134149754
40523.033341497525
40432.073341497424
40527.58134149748
40636.73334149754
40668.569341497605
40245.60534149737
40504.84134149746
40504.841341497464
40650.377341497544
40659.4733414976
40618.54134149758
40168.28934149733
40613.9933414975
40586.70534149751
40482.10134149745
40468.457341497444
40359.305341497384
40054.58934149721
40345.661341497354
40609.445341497514
40650.377341497544
40491.19734149751
40554.86934149749
40473.005341497446
40586.70534149751
40500.29334149746
40532.12934149748
40527.58134149748
40554.86934149749
40541.225341497484
40254.701341497326
40600.34934149751
40568.5133414975
40491.19734149746
40500.29334149746
40773.17334149761
40327.46934149742
40336.565341497364
40318.373341497354
40859.58534149765
40704.953341497625
40659.4733414976
40509.38934149752
40372.94934149739
40363.85334149738
40695.85734149756
40450.265341497485
40650.377341497544
40577.609341497555
40664.02134149755
40450.265341497485
40391.1413414974
40391.1413414974
40491.19734149746
40368.40134149739
40650.37734149754
40782.26934149767
40482.1013414975
40623.08934149753
40759.529341497655
40495.74534149751
40259.24934149733
40823.20134149763
40545.77334149754
40559.417341497494
40573.0613414975
40559.417341497494
40591.25334149751
40395.689341497404
40582.15734149751
40354.75734149738
40291.08534149734
40454.81334149743
40145.549341497266
40613.9933414975
40550.32134149749
40591.25334149751
40604.89734149752
40645.82934149754
40563.96534149755
40309.277341497356
40445.717341497424
40750.4333414976
40368.40134149744
40664.021341497544
40545.77334149754
40477.55334149745
40445.71734149743
40654.92534149755
40295.6333414974
40482.101341497444
40609.44534149752
40786.81734149762
40800.46134149768
40413.881341497465
40477.55334149745
40504.841341497464
40459.36134149744
40623.08934149753
40736.78934149764
40591.25334149756
40427.52534149742
40582.15734149751
40454.813341497436
40623.08934149753
40482.1013414975
40632.185341497534
40609.44534149757
40468.457341497444
40336.56534149737
40159.19334149727
40304.72934149733
40372.949341497384
40491.19734149745
40441.16934149743
40764.07734149761
40141.001341497315
40436.621341497405
40695.85734149757
40409.33334149746
40532.12934149748
40577.609341497504
40727.69334149759
40632.185341497585
40545.77334149754
40591.25334149751
40554.86934149749
40500.29334149746
40732.24134149759
40527.58134149753
40600.34934149752
40513.93734149747
40345.661341497376
40518.485341497464
40714.04934149758
40500.29334149751
40500.29334149746
40473.005341497446
40673.11734149756
40613.993341497575
40591.25334149751
40463.90934149744
40609.44534149752
40609.44534149752
40550.32134149749
40545.77334149749
40800.46134149763
40523.033341497525
40600.34934149752
40768.62534149761
40595.801341497565
40550.32134149749
40636.73334149754
40486.649341497505
40463.90934149744
40595.801341497514
40704.953341497574
40691.30934149762
40664.0213414976
40300.1813414974
40627.637341497524
40900.51734149773
40664.02134149761
40609.44534149757
40477.55334149745
40459.36134149744
40609.44534149752
40727.69334149759
40513.93734149752
40604.89734149752
40500.29334149746
40404.78534149741
40395.689341497404
40568.5133414975
40586.70534149751
40341.113341497374
40641.28134149753
40418.42934149747
40709.50134149758
40563.96534149755
40482.10134149745
40413.881341497414
40382.045341497396
40577.609341497504
40382.045341497396
40595.801341497514
40695.85734149757
40354.75734149743
40491.19734149745
40436.621341497426
40836.84534149765
40245.60534149737
40504.84134149746
40750.4333414976
40459.36134149749
40736.78934149759
40563.96534149755
40372.94934149739
40268.34534149733
40509.38934149746
40477.55334149745
40500.29334149746
40677.66534149756
40395.689341497455
40709.50134149758
40695.85734149762
40445.71734149748
40409.33334149741
40627.63734149753
40623.08934149758
40427.52534149747
40463.90934149744
40627.63734149753
40554.86934149754
40586.70534149751
40450.265341497434
40545.77334149749
40263.79734149733
40131.90534149725
40513.93734149745
40300.18134149735
40759.5293414976
40445.71734149748
40591.25334149751
40509.38934149747
40436.621341497426
40509.38934149747
40595.801341497514
40709.50134149758
40645.82934149759
40459.36134149749
40473.005341497446
40441.16934149743
40654.92534149755
40650.377341497595
40532.12934149753
40563.9653414975
40632.185341497534
40691.30934149762
40527.58134149753
40541.225341497484
40527.58134149748
40554.86934149749
40463.90934149744
40559.417341497494
average revenue:40529.70811507082