37824.14811499166
38204.75735619302
38157.14852671277
38023.66931616392
37849.080420925624
38480.066752376064
37993.74671856056
38267.15881066249
38066.04458137275
38180.07237941908
37714.694296184745
38057.28518692127
37767.15195683813
38559.27691168405
37852.09435742152
38053.719683295254
37889.76312857049
37725.31424128849
38364.94572427699
37819.348594877025
36973.23747062752
38269.87965677773
37719.16964420159
37676.30850359972
38111.93435881914
37902.417433127055
37736.659085424624
38247.601871502695
37712.54056771983
37933.891702300316
40057.52261606861
41123.11990005084
38325.574937522884
38077.869869560534
37843.86120929936
37463.1123962704
39948.18421041529
38413.84628960331
38851.47581111264
37698.05860484876
37502.17779550833
38073.58516896895
37861.93041393548
37511.18413686911
37718.612565532065
38120.53996995196
37568.851359940185
37961.2201520696
37905.81897317663
37102.9081789759
38255.8673886952
38793.31457533184
40155.215968067016
37859.2187992454
38206.40449322405
37803.1578169286
38657.694027738566
37932.07332445135
37704.729684786835
37408.3055744636
37773.0624109845
38183.08991210814
37290.98828056808
38141.595173114656
37782.39616992882
41456.36264283687
37879.668721890244
38242.11190466285
37714.795911665286
37398.29159879895
38145.38399843697
37535.62131645093
37720.28418200546
38454.671455803364
37557.44675314204
37757.499045112
38404.57841546937
37790.67250448144
37924.16131041722
38162.27352554472
38260.53441385119
37723.62375954373
38759.13238545582
37429.69193250072
37788.291776928614
37640.45854460091
38011.962062918305
37889.48764521364
40329.314527606635
37950.329204226095
37422.71236265276
38138.48353579247
37993.52233101098
38199.72811359078
37835.694417504805
38287.89040702452
37993.83305610056
38297.37589997758
40069.89905478007
38178.89297022633
39244.05081821709
40773.135960059706
37554.10675946491
38150.21712533664
37859.80359567351
37472.318874483106
37929.28793106882
37786.088054579144
38297.32565710906
37930.39921373527
38269.6835553142
37862.591765365796
38032.60728542904
37185.79854063103
41275.34133121135
37274.44719623371
38205.56498138914
38100.660648546174
38232.84748277415
37702.58232908758
37723.15458357161
38258.85325550985
37601.057827406206
39028.167472736895
38273.325334302215
37744.099575908505
37778.78071564647
38228.79305605539
37613.83915794327
37559.421090999815
38367.31963164538
37988.08852720492
37942.35728067377
38261.06358981857
37620.06208788093
39495.03761690676
38446.83218630585
38106.00338545472
37925.29955046983
37979.83365951339
37893.246948721135
37970.19240030773
39142.92593557109
37904.568068513676
38000.61471943332
38145.90011715721
38496.2602602194
38559.608422721496
37605.04783619974
37319.74269085212
37508.08046928188
41568.510609380995
37865.84709752874
37791.31428615545
37988.36506848575
38257.486246321234
37669.720276883214
38092.80612931815
38888.4726125364
37994.55757119626
39613.01775933729
37837.00564369411
37492.45001751446
40625.995398365674
37639.61581361541
38140.93939149036
37597.90433461856
38366.42336409689
38831.99209725535
38230.35752009542
38349.709485447325
37342.1034221428
37647.21590613895
37596.24529791086
37977.044853013715
38328.7339989054
37844.9430361762
37325.322228034674
40529.627301272514
37603.31443900533
38286.856377152704
37579.268612592175
37985.457246357284
37796.8302305737
37656.4359871334
38111.828646508686
37918.76546710578
37840.01721477498
37528.54371386321
37727.599068444084
37526.25992083614
37945.60087544181
38039.593257573935
37636.98337068189
38194.33402311542
37933.47534940848
37464.445731925785
37734.09720035727
38746.74068780794
38164.45254133033
37643.38194593073
38220.96122160677
37872.87794626356
37472.787213913725
37659.38815101633
40759.34252141209
38574.679026450525
38011.42051010776
37405.781084265465
37601.893265669205
39148.236230828414
37594.52743053215
38532.64310988522
38151.150136721975
37675.0821832109
37915.29302743395
38209.07377859364
37621.859765828616
38023.89565526062
37742.98928751955
37479.386307785804
37944.52583579924
37909.70061957419
38344.07800764634
37748.15860160979
37804.21612282552
38447.084266645616
38338.407764279276
37808.07835113586
37559.03844447608
37425.453673890195
38865.69335329557
37968.04892025879
37930.526618752905
37812.65289413223
37754.063195026196
38003.22651659193
37807.696202964784
37257.556706928066
38688.495728894646
37963.92794393501
38106.77491272924
38070.399499387015
38170.73974364746
37980.909146299906
38047.43662270123
38182.292622594156
37020.044396765516
37500.79267646161
38170.848178346976
38147.532053823605
37472.14267270264
37846.86793927724
37848.489789997206
38754.71636479511
38308.63404446352
38332.81571255112
37676.38525653088
37998.20648419222
37581.349595309104
38939.40590266265
37655.71842686747
38128.50855718273
38794.751281582365
37656.67214406934
38359.32023382662
37797.767564287424
37921.51938230019
37260.69696629804
38462.32944079358
37762.55256341445
37401.542204395206
37585.021794369866
37702.41284143536
37543.57438716349
38641.01816831625
37821.473318526594
38193.720369712115
37566.42954545618
38291.89227346465
37885.822249485434
37868.70699417621
37827.368105653455
37965.00655097232
37824.28639783413
37357.30827612996
38123.70850473727
37821.93479204286
37958.43314985433
38421.26338707244
37629.03343113439
37885.85512004377
37503.12886334272
37537.175063548115
38242.992298630124
37774.447952750954
40717.72185223662
38109.59722499385
37733.131901677
37652.721081965414
37552.387249383755
37878.76617552862
38271.534574384175
37896.97462479781
37777.681627413585
38073.83170841518
37939.965035403344
37623.69324476841
37973.17566092481
37797.701662367566
37834.32413324012
38437.49412371283
38185.858319531515
37458.96621455102
37661.686537890884
38074.67543174008
37862.22776044647
38135.117189343604
37760.93202338542
37629.78344611205
37984.17899499181
38052.42893876097
37692.61502718359
37741.20162999632
37596.63880890423
37412.705101778236
37771.13158500149
37645.10253828593
38148.1906189095
38187.42860586706
37995.991323620095
38147.85001285706
38034.721985947996
37267.16051191949
37569.02961205779
37503.789585924205
37711.49532355514
37703.613564029525
37827.712248627286
38865.92799723533
38171.89985522168
38252.99485111775
37876.446199614446
37547.64001275447
37721.44186359345
38138.78636894115
38086.82260105031
40220.14129145585
38361.46819375007
38170.41560969159
38297.31219558249
37718.340925269404
37736.20811713939
38071.54547317962
36980.31594195844
38307.08394411172
37497.17041634012
37109.25540817704
38106.342309821164
38163.25498704729
37544.61157691372
38385.959855973844
37209.89450949089
38018.24592425828
38482.457471931586
37416.45897311574
37742.75135867028
38822.83158272081
37444.597575990374
37328.88581960201
37820.27642757511
38444.942972426164
38068.1285661011
38053.73691001608
38009.730216737786
38470.62955972051
37124.29975088044
38101.19250389686
37883.02643951613
37690.08334266852
37915.35272535875
37424.61624759317
37324.47176927522
37484.55791429924
37481.06719305236
37600.44512568153
38514.22810272732
37783.07548769288
37573.511008713256
38920.364051261895
37592.73460689125
37509.74025066638
37569.40029831277
37571.85088066788
37780.948604661426
37686.01455012439
38560.277982785236
37998.59968150953
37959.49783976553
40688.46190129379
38162.78169176948
40107.83407886643
38091.15357150153
37234.280139078546
37399.77263776367
38530.92952668466
38330.42921502788
37926.69332795589
38341.19147759418
38627.49693909584
37966.437964529905
37921.3376115122
37910.59378606841
39722.75218525053
37657.46237499535
38294.49073811455
38017.546317788285
37693.12172124021
38439.869774774656
38155.95197100606
37644.91249040317
37614.033085899595
38618.92065394164
37815.96646142336
37553.44255724214
37275.31530692225
37770.1409496773
38134.37436358837
39413.18909022346
37814.192372891725
37494.937549336566
37667.117209944656
38028.162867241525
37811.770454979756
37797.13956688683
37582.276411448016
37807.82761093309
37992.17728595618
37930.7786123832
37541.718701373014
37360.32827187337
37848.617086145794
37947.677039705144
37888.549702474054
37904.58536997342
37613.39407831269
38360.9137499604
38525.286717869385
38150.265112965324
37967.952885701285
37839.102490037694
38004.3475978726
37790.18454270972
37861.109949712554
37807.87951075114
37374.83745268271
37649.14480839313
41629.51939705743
37573.88291723324
38539.703045290924
37901.644208318176
37956.03871524722
38225.442700928164
37179.038026525755
38768.5057874398
38140.11623196468
37689.30093851378
38161.16354077104
41491.35030716241
37749.12208663638
38329.5172394098
37922.53087982657
38277.1893184904
37851.65283969885
37964.77082156359
37850.22899216384
37823.687651011904
37841.27865143636
38271.61794753589
37968.08705548139
37940.89420306401
38261.331329665685
37764.12660375151
37695.70015001251
38513.005399065216
38171.92778920089
37698.301959294404
37548.36136042441
38306.37841528064
39487.828752224625
37952.1128305158
37331.57814162648
37848.883305577074
38007.30762440341
37684.60482637866
37837.20065284521
37741.78588517901
38679.62314705706
38178.30972288258
37818.839149344996
37773.78736814563
37713.36715148872
38151.404364548274
38207.690129722876
37859.12330197916
38274.923794384566
39211.20273867633
37565.14726863864
37652.45911261169
38130.308010695655
37431.667171120454
37842.6856416891
37898.8430285915
37625.371324740736
37701.470420045385
38827.320185353645
37828.826405996406
39816.72117416868
38452.32064226466
37787.57257591264
37567.156671068
37879.184773792884
38127.691998729984
37398.80950937879
37944.98379603305
40211.75270194333
38246.7304970137
37703.74183661378
37309.18588558193
38009.34684426627
37501.48922289687
38734.10402501439
37642.938041207926
37362.88179303148
37773.85934547243
38174.56705653281
37572.36812022754
37869.192247908024
38011.382962285184
37575.92701682679
37855.34065524472
37701.98419558462
37909.01570388188
37359.24020107519
37088.76959312718
37597.19625375694
37928.22024099193
40409.183873839356
37315.835215283834
38407.23415890899
38055.75643263527
37918.71159800299
38779.4614240914
39219.778749572935
37979.9182629493
38523.112726172425
37733.765790774065
37429.45682337691
38210.59279588393
37815.75262162425
41395.16176181899
38218.378573118825
38038.237775337606
37816.393157316976
39384.5689979061
37717.203123228166
37867.88460262684
37893.57908256337
37660.01141003154
40047.35752063434
37475.438773160015
40590.664493457305
37788.7781218015
38819.126183135064
37277.711721304724
38493.823039460425
40266.54939476875
37988.50347252192
38067.87577460268
41749.62026679874
37795.51057441972
38340.056306201484
37811.074245075535
42205.24816427277
37431.45857864793
37973.55255858997
37746.84429861291
37944.298995513614
37630.02324887775
37893.395653017404
38106.77842652115
37495.07235552628
37792.14478803553
38530.645045160076
37724.22104542344
37462.4942881245
38106.78045051836
37750.743589443446
37769.2905875936
38565.68688784155
38602.82478954158
38067.417210823936
37435.26034671188
38380.83540443164
37660.27163152712
40180.761120917545
37889.65461158642
38122.94924320695
38036.516544179496
37864.49208225799
37223.74416309359
37808.29186934265
38415.972547926634
37836.35963290016
37990.03398046772
37698.31570265003
37666.30035653779
38194.06623782583
38160.81622599779
41829.75447284641
37775.322540533554
38051.88956009972
38523.001900886506
38038.597273744694
37456.369524197966
37594.3953601408
37521.86220528659
37600.97248813023
38050.90312644301
37407.750685209045
38481.10775876067
38281.50680323682
37990.762938638465
38010.32941664285
38366.31239595494
37446.231928697795
37578.86368641139
37586.43192844664
38309.04177373376
37958.420579984246
39253.44284110478
37707.272669622536
37402.73340128148
37341.48664433759
38199.70205211354
37762.85067849113
37556.32715727712
37830.38667155059
38029.51977839995
38124.55340240557
37627.44879669117
40866.81871340253
38090.24358843549
37892.64993457381
38148.026963300515
38217.05448925192
37885.04359638382
37369.851586692545
37924.463567112245
37727.81556264813
37596.45017701334
38310.83317129768
40763.80523086539
37749.14987961369
38286.26355682412
37449.21327869219
37730.21193773493
38330.214627912115
38649.804839596865
38615.52681457993
37491.14201290773
38021.31499085022
37943.92229327982
37755.56514421343
37574.11734900616
37886.349962803586
37708.68645440816
37996.018648378114
37684.62062254236
37834.07817508827
37980.617923576036
38412.83452262159
37829.255659968454
37563.97615889806
37677.82635983282
37281.95989720002
37865.25862555685
37827.98004882586
37787.91783450073
37736.12071497601
38361.36584464761
38313.62049588413
37668.557803204734
38347.12111357651
38135.37869973539
37956.26950148753
37843.94174965298
37295.757163073155
38516.6582678041
37652.86882517554
38587.767498953894
37777.43133868391
37654.393739891784
38343.58102232552
37950.47495101297
37622.03671768196
37712.89296944873
38029.85120704458
37682.27412564393
37583.78141696557
37797.5268427772
38366.78333289615
37696.30892839116
37649.09553208566
40544.29527936429
37398.70841056861
37689.709995673235
41079.26959662178
38150.68260119838
37537.902640547196
38044.28969556995
37568.74030184828
38207.33039029143
37896.93139285054
37884.740276179065
38260.89927186399
37766.003174855905
38319.8237638268
37976.50893536923
37536.42306301719
38312.64907477018
37928.78727835703
38416.90590199191
37173.81920851388
38473.75120097851
38338.188202785575
37417.486949510414
37697.515208572535
37904.91488348478
38022.145372083556
37984.97788459952
37893.78013775116
37359.27734025722
39853.46227073517
38288.66998251845
37675.78086203798
37952.89921138431
37557.68562657321
37977.686296386535
37344.47771732977
37498.198125438095
39128.40927582766
37795.748952298796
41436.954656718444
38184.848542357846
38034.27350234439
37724.15635801085
37196.45627536947
37871.738163296264
40629.86238938873
38307.17389518962
38160.867519562446
39998.00991581589
37533.317709044444
38231.386503487534
37548.17996685298
37717.59402452854
38461.11513955049
38371.33087648916
37807.37960270828
38288.492483722905
37694.295918106436
38119.56385841256
38137.75987858227
37250.415260351736
37522.57319211648
37915.05137473023
37841.78771434114
38162.352609285874
38188.59981174932
37896.477305821114
37802.06216157427
38369.403082667064
37557.04849809609
39191.56595173331
37098.2518514723
38045.85852860055
37568.58724536098
39670.42279817066
38083.00022948292
38088.36626002666
37477.68171906098
38206.48864709179
37753.91783369479
37128.96794749184
37743.89183285644
37690.17890653938
37729.624440937565
37645.923243391924
41034.95954867885
38177.87363479813
37586.92319159511
37803.33230199079
37911.279788483895
37517.86320870855
38275.740389101586
38204.481371672795
37253.560279058445
37670.474934276186
38301.969845018735
37661.38480772348
38183.70682204439
37706.46344502238
38029.446925279924
37690.6533184596
37690.171298664114
37790.632046555926
37998.670427431025
37742.73178128186
37844.2499611824
37708.83270874441
37384.86587510293
37750.02425576766
37579.573681530856
38680.3267604775
40904.78407776641
38158.22276998308
37169.979484888594
37786.82805396247
39462.98195626346
38847.9883182376
38044.800659483975
38214.443541537716
37514.1807283478
38071.83428798347
40094.79126188679
38017.979575160534
37300.248903340944
37741.1333686123
37940.180562336434
37692.36115927549
37720.03692758515
37499.85117623231
37979.60343117042
37823.020833928065
37997.397038896925
38226.328532506755
38022.848133416715
38287.835537750914
37724.11687901196
38045.99686168756
37677.87857596909
38313.829906344494
39028.08300538671
37729.51110001269
37504.790310409066
37438.20439175644
37591.52387618449
37807.34749084319
38261.30284070554
38188.49070747918
37875.82865966092
38034.98566055532
37752.373041784376
37612.6726170688
38209.24308412994
37506.7650440407
37680.69532107716
37635.81018916433
39612.63669678766
38013.718321071094
38134.8346201667
38431.87180704249
38103.403916442876
40514.433038724
37944.13908796496
40359.585742588475
38145.37314539402
37774.32919848701
37747.19741339763
37949.87200334039
38058.26380404188
37811.69611310588
37906.128471212636
37201.84548563795
39856.72020432149
37749.36317468114
38218.572733176756
39321.06857535521
37588.51400472716
37781.122409980104
38242.98346606526
38048.26440821267
38297.178760245144
37528.325549859874
37993.81790858461
38784.106668484725
37599.81560044813
37520.65572160869
37670.81392040024
37943.58778629078
37323.891234301685
38235.38522606112
40150.4494467733
37784.977053067305
37587.72865550401
39950.582470037094
38062.53286983961
38514.54952696325
38155.89778078369
38290.51026075227
37730.85609116491
39640.48524114814
37919.97015445735
38270.28087917862
38007.10331715296
38115.25275571229
38069.81903927084
37687.63454236347
38014.36678082072
37907.45536519306
38214.32318566507
38112.7652511374
37642.596335140894
38331.62154830959
37429.43125152309
37565.69062181267
37809.80338563563
39931.308874154434
38323.58749335434
37299.69217580419
37785.346630146705
37600.7060845294
38033.7540562949
37465.62492275397
37803.692139564366
38191.16751404723
37902.87185818064
37617.96947217483
37775.4656220752
37812.81829742086
37668.83285089402
38270.64532025241
37823.53739940805
37625.97739205186
40218.444366683965
37730.001493464435
38129.84108940874
38054.27973686422
37475.77046164677
38151.1356532489
41610.91338357837
37856.86023363744
38371.74796789255
37649.82654740269
37897.54686569236
38045.213662934046
37525.40418467749
38089.560328757005
37711.39740249619
37416.55462445604
37999.02337557229
37695.7148511234
38447.59150667137
37924.37945471998
37826.97903903232
37669.54075849258
37599.13473903055
37699.2194742481
37727.730290349726
38034.49796212819
37691.164822070896
37167.006793755245
37654.15407505065
37915.111415801315
38226.93656900304
37919.01633705058
38239.67198977727
37846.29223432602
37917.68205096135
37740.660002364246
38034.28186474853
38192.29352935953
38221.14347564601
38249.68224740412
38499.24416375195
39136.116715667544
37661.427561061166
37370.661126817766
40360.20784593664
38175.821566649975
38031.1463791004
37442.76181809189
38567.055587642906
38039.996375313895
37883.87413443419
40720.04582268855
38211.456059883865
38207.51394531993
37602.54169219057
average revenue:38075.04450140126
possibility:0.015