39326.1312490398
39562.944916271816
40762.0387869681
41205.561286347765
40733.32612019278
38837.89341990082
39296.7763438799
39130.87938864052
38803.3668183699
39135.82846201267
38924.60606461788
38962.17340544646
39000.3622092886
42064.59679851908
39086.67028871788
39099.23121111469
41816.10276445894
40698.24877795231
41573.28755115784
38924.78871154714
39097.62507392361
39065.03208237925
39246.02892273424
39314.33512110605
38681.85116346838
39023.05788001944
39449.13079527431
40210.00353086998
39387.05058033863
41960.77050955487
39283.82158453268
39064.9346770491
39012.20871949887
38869.43426602778
38987.05963301701
38776.239319664324
38969.02341396519
39298.39694624321
38996.3319676432
41415.28141924357
42290.86526186691
39068.55120638411
38994.74396468545
39425.28476872149
39131.574463956465
41769.571436814804
42202.20826403665
39144.22261770557
39018.42002002148
38883.91391725036
38729.17449925273
40044.83636437387
40205.0063479285
39150.15963368606
38645.51444133721
39004.122216419644
41001.423173905045
39019.73633847594
39163.8915356346
39474.93798439852
38963.182454964764
39524.46168219192
38678.99597855347
39958.06695890478
39006.75400461022
39604.16974615284
40326.65196303362
39126.99825957079
39103.99482114147
39039.74789374907
38951.141643694275
39414.17588758445
38886.79764448668
40201.71714971736
41665.64673767456
41501.54724828386
39049.47877710312
39645.82094067523
38764.5966600541
38863.07133783148
39475.25838950762
39191.42720888214
38680.654623896175
39123.75442309195
39021.25128624615
39143.789806383764
39016.87015429761
41158.612716083866
39362.765963924336
39059.86512555687
41698.64016426396
39113.18577980103
38790.97848023279
39082.291977551235
39394.00880664857
38787.82669211979
39688.03683455505
40079.18016215719
38886.832547303085
39164.211101452274
42004.02864416233
39017.14876666646
39336.66960984374
38965.39032901624
39005.93245673821
39560.54449040551
38914.75205983092
38973.69571409432
39229.30016109884
39081.44826202797
39071.15835317597
39823.77055641002
42132.88567312208
39086.938219121344
39209.39486489751
39499.19470709447
39259.408880006726
39307.662053625485
41771.446091051075
39111.93982476398
41717.88504961094
39046.44413546053
41173.909654268035
39454.84817380252
39335.761655198614
41774.01269372948
41369.987666894966
38925.22943425196
38821.70417615012
39137.54639029475
41581.519686269006
39507.611965303455
39049.65045478018
39052.69445963217
39008.684454163624
38777.38147841255
38732.79762224579
39049.62258523801
39489.43168579915
39519.37352011815
38760.79081376488
38846.4610990555
39203.03691044693
39283.74285133933
39556.975404331984
39328.25811106783
40838.32673565524
39773.52780208112
39065.19416377626
39802.00296719042
39178.18065024101
39171.17069118942
39227.988320724005
41051.11976840481
41192.522038698444
41045.665737090516
39915.30299368151
39041.2245651447
39405.18840860565
39190.84259783486
39194.665652636446
41344.344127560886
41554.175134316196
38858.94182486502
39006.622597270885
39071.91081016126
39185.51079330929
41909.27323379185
38885.68586526942
39171.67367062141
41234.12391500051
39195.316340284124
39081.221587166
39750.25350971212
38959.35840072328
38784.560933357985
39011.5538983599
39870.139221198864
39289.864065462265
41506.41069862285
39573.85602068025
41938.30015556377
39948.77079500972
38805.895893848385
42073.80483327675
39259.967490687704
39226.474022957045
39137.97700647076
38988.83993509583
39086.14492619953
39195.24213115708
39180.65402297032
39129.44475698121
39331.649516202066
39105.13010616474
39170.34728077679
38921.10006043429
40528.233834534374
38994.022185981645
39340.270983733935
39101.89779158967
38795.909438111026
38947.98206437135
39073.493655740735
39092.5626893037
39233.496423652105
38914.29850871595
39145.73725035897
39393.828329118565
39262.65540798105
39529.80336694279
39018.37052800465
39253.58603887282
38857.27032943358
39135.622594715176
39747.34568721347
38791.17703891345
39249.58337318493
39479.323736723774
39212.402855514396
39205.26433862268
39605.24196714984
39057.22423422793
39258.83229824158
39023.026411114
39041.822220684495
40149.821535998686
42019.45121074522
39195.072625424305
38837.25946078259
39039.070538542226
39266.62604183515
39396.57829653236
41962.510578110545
39084.21276355203
39150.083190059166
39040.57028333899
39898.547902005084
40067.478500311365
41849.801456541834
39512.87333704418
39045.27018270447
39069.05539076753
39276.66064918412
41795.3336023777
42148.120162716266
41902.32707390488
39247.869446306635
38854.61638511328
39646.2958724641
39333.73699418178
39038.95170163978
38842.381519240334
39417.52761686601
39328.640383445665
39431.18795348526
39165.18304826704
39265.54760981626
38946.751775519806
38894.494864480264
39377.09037153799
38961.00041431054
40862.3409830157
42010.326058508224
39484.40066515458
39215.98875823071
39014.88436419971
41243.37235984855
41402.58145675131
39086.58266902703
41720.620643625756
39445.91121889359
39509.393776050216
39003.952533665724
39082.11094493114
39246.401465097006
38831.80801215336
40286.00388766973
38827.06439362211
39054.53414342625
39233.6239117239
39067.24688750379
39236.747172494725
38915.971961239535
39050.652562512
39488.421882295035
39024.604997684095
39129.75241310535
39403.84635894147
40220.48415040931
39308.452246484645
40475.50353876975
41437.83256989727
40159.81018315522
38977.676617621284
39253.747612805244
39400.71852512761
39367.269650052025
38947.546011106366
38905.64442668165
39133.64265435094
39361.93507613655
38942.89289231955
39056.80973634225
38895.641135723294
38904.99462370346
40006.804309096304
39125.471955177905
38791.84958844565
39026.14735673257
39123.556624991055
39007.917402453946
42090.311736125754
39160.01440208491
39092.51037071758
39095.77382003541
41059.68663585573
40820.48201740493
38677.69629041034
39610.01704446444
39419.022967586985
42019.0997940932
39355.258665308924
40534.3854953516
39656.89252662897
39076.34272327877
41849.000648084795
40188.23483844776
39013.7593421867
38928.697787224984
39224.81888326679
40109.69609996941
38851.80234543857
39184.4288435104
39754.419284532356
39169.73889479495
39040.70578383394
39077.43197977253
41644.748536140025
39377.36997853042
39271.88665870269
39333.76271810795
39679.3681192186
39108.97451277633
39622.934660225015
40011.16432968724
41848.272786732225
42156.186840367176
39238.0983933747
39254.908464820655
39202.06220121304
38963.39979340808
39557.92352877799
39176.07474927935
38869.14023628555
38956.86102761544
39499.090758434104
38862.36642809984
39099.4474850208
39323.11644151559
39403.951737612035
38981.798096902705
39049.78638061178
38804.094897864816
39102.81317661333
38905.394183862234
38847.107508232315
39131.27511486862
39351.48206547215
39205.10208758017
40891.85818869124
39199.01848300122
40858.66372030331
38941.88538104881
39077.640579696235
39598.38879974762
41723.96634249149
38886.7545018179
39492.135014018
38740.37652026044
39057.41977734604
39118.300676341896
40490.03170413905
39229.062175704996
40838.84354787555
38955.53188080242
39046.42278524518
39675.446558764466
39839.800369651035
38785.92077023382
39522.78629055278
39036.15783678108
38865.61348194266
39432.808105902375
39493.144056188896
39245.28211439567
40307.123250172066
39340.7325078689
38882.31246038863
39084.41906313827
41027.98677846915
40862.15870237394
38953.1732938108
42155.32195017049
39279.04311436323
39005.05319565519
39008.75368628474
41652.830971206495
39341.73540368189
39106.73008258153
41610.436291268285
39472.06898612787
41862.06782550044
41811.843558810346
39057.168454798964
38754.88831438771
39136.92475354728
38951.68307911847
39268.99123410903
39210.39271412077
38523.826844695184
39273.9865270337
42088.60382772346
39056.41073421654
39401.95091191429
38809.3567524512
39404.061712591276
39197.96634035787
39066.321911471445
39383.157319461476
39089.10093691839
39049.67819508463
39252.1616146618
39065.11617858972
39166.989407183566
39021.844880569784
39811.76357463485
39174.07202062437
38813.43270745793
39254.51462482007
39047.148978616075
42009.603179401936
39755.73536279254
41071.672353919654
41376.62737062656
39392.33205026923
39074.08280214898
39026.418017758675
39219.75239826818
39560.854208405384
39018.17845371302
39454.23368701474
39304.106609454124
40368.858890245
38985.600498491214
39146.416800560335
38889.78942601173
38980.75828655667
39345.20201339899
39217.98208885456
39344.17546137828
38742.420258503276
39069.28627579169
39222.9264961613
39043.10043323831
39633.122101953435
39217.3675810486
40933.47883685559
40960.31132414632
38814.755162276044
39219.94657419306
39145.2945105097
39151.57816447052
39242.64210594554
38973.69574471228
38855.7944526988
39097.651856967495
41572.134938435884
39133.0020932207
38948.02238339705
39329.28401201699
38907.07450184372
39297.68920484711
38918.06581790393
40794.67036866579
39981.4509573176
41402.02090436747
39846.64100052203
38992.28063895835
38959.33103034388
38915.39443325349
39692.058446413546
39109.61389259925
40732.667375257566
39851.93228129769
39014.50840740741
38809.88395729706
38717.83241485924
39601.22088119809
41403.45399191007
39401.93461048792
38825.52464555013
39192.35186789636
38697.9634150762
38592.89049528839
39402.99038426432
39319.321571818065
39666.40652159542
39172.5711333634
39074.085357624484
39037.98824450398
39122.89575512138
38843.01434702218
39050.43162617769
39163.47010519785
39111.12743440097
39167.5442913655
41923.24397364713
39021.42863845732
39052.328223649
39089.502237034285
42056.161532279526
38912.25128536395
39426.36870985925
38873.20484725977
41535.82284467938
38985.54874177458
39795.93766610509
40930.53707222705
40299.1230539687
41464.02280467782
38924.336641396876
38938.48532241846
39480.414937512745
41029.71454861625
41534.88083525574
39300.87991081346
40395.10155393515
40441.771348750066
39927.09995154628
39969.918297140764
39057.20236383907
39245.611374628206
38971.210408740764
40313.41775184456
38966.03707741351
38915.593203753204
41535.43674028846
38793.16992099741
39286.52338748459
41174.939937263465
38890.97134703823
38713.88234571424
39218.92654839451
39429.3237075494
39365.14860742875
38863.54927591567
38997.79238334042
39520.008770612294
40660.936480335244
39998.674330175985
39208.43784859322
38966.378835825315
39459.43585209513
42075.18332054524
39228.78884562577
38835.366279894704
38880.065086771145
39082.973011874354
39044.89963781676
38611.88194924488
38936.483989990724
41527.593164299666
39316.22653322693
39433.955603914284
38681.933245534245
39186.29037456247
39147.65490627192
41456.81922283412
39841.62969162867
39121.525198736585
41881.37730665872
40079.89923758182
38879.45889847599
39404.59427041653
41945.94594099036
38873.99256515438
38780.484462292356
39112.585011405536
39553.751282339916
41874.64279506683
39073.45486923718
40216.838561510194
39651.78228928178
39208.892208042336
38739.52942536978
39231.566904192914
39493.07358088712
39164.30686313274
39744.641574127556
38866.90727680633
39428.01162895652
39146.47252919884
40890.679633872656
39314.47788919995
39113.5389352536
39477.694857517556
39183.0215131087
39504.223981063704
38965.657743875054
39121.72935007497
39080.569020882445
38701.60554257497
39148.06086522884
39211.38368474005
40790.15469527278
39136.84672033925
40024.79766238251
41642.283442263324
39764.998846289316
38909.9256373303
38814.63953763829
39329.08935450891
39066.41324209267
38925.91662399654
39800.48380917474
42039.19000015535
39600.97219567143
39144.68143043212
39283.97390687703
39135.77490413093
39152.115756901745
39349.84989997257
40990.424654521
39147.793142190916
39562.689558877886
39084.1301281945
39101.6086378913
39219.81951698627
39585.38923493306
41681.97063232228
39463.245811704226
39010.436900692126
39150.41181793135
39239.71419021647
39291.48968812541
42175.87617609666
38927.37204779508
39491.35667877428
39429.45490179915
39444.0428697599
40570.285359379646
39162.1156609104
38901.38634379538
39513.0548750032
39432.99134827754
41263.53050128127
42090.34722781164
38965.00469553065
38844.73290015856
39547.624584612975
39348.35333916551
39200.45498810359
38869.261399722796
39041.07524490291
38883.92372846552
38926.82106043403
39192.9502154928
38850.78696440338
39239.32900611087
39305.18411754412
39168.143089690435
39149.65686705987
39216.536398503704
39118.468404275314
39285.22232482995
38942.23789619137
40485.995450674345
39554.92164201531
39461.96044341629
39051.157369778484
40294.25170090119
41845.41621613166
39075.68207824568
40440.673386650815
39039.87506798654
38954.77977570623
41923.03073656378
39590.95084133838
39079.965268482665
39483.65020138611
39232.51069644627
39436.20914621839
39224.388357544616
40296.33664042807
40090.47066725427
39208.96848388215
39222.55794397869
39031.41683007047
39077.753751124976
38910.31126183794
39013.372725215
39064.46956488731
41246.05465911389
41446.52747851122
39178.97701979112
39713.23559084657
38835.49756533829
39028.248824138005
38840.89199778016
39232.40915220199
39046.7515929519
41835.17564659936
40697.55189819305
39265.709301602124
39424.38504034359
40883.83143497235
39188.836983495705
38878.51482284812
39079.32527422595
38903.588608832106
38624.93803889971
38864.160607221405
39010.24002259831
41940.09532607283
39157.42249680121
40031.1198819293
39372.467424200426
38782.47352819405
39759.63865209713
38899.99547642331
39290.421449610345
41754.52153583406
39073.6726791498
40846.61544144931
39040.567279579336
39426.44827087909
39313.14535581732
39350.64936626884
39207.425120933585
39377.14726842772
39241.56697352356
39308.50892553577
39157.96649834896
39346.957068572956
40793.07237053969
38713.86934917751
38893.152180238605
39284.62917312642
39804.878928035505
41107.44911610078
39291.53183768127
39101.48163657756
38890.062909464235
39100.92381066934
39321.87761802372
39284.147503328866
38852.181020706645
41056.346814408076
39050.637796463896
39534.12449336441
39547.098761971836
42307.55436079398
39191.42970287937
38772.06357385532
39185.335530580465
41068.3969471819
40617.76381896151
40724.27533377756
38993.516914236265
38676.809756340735
40732.089240938236
38867.91570364926
39407.75643400592
39211.99863924667
38947.32691580952
39054.71074050685
39478.22892401835
41809.44284177136
38994.64184572014
38924.50220805662
39516.202998356624
39112.857665456184
39160.44297892798
40409.72238580711
39937.988245657085
42198.0351886346
39122.761141991294
38870.720803215154
40003.949608360024
40732.846742611415
38898.34985750907
38722.78381327725
39143.04749703644
39027.065055120474
39166.37013723109
39357.25667366239
38942.48166369165
39046.75015924553
38728.8367790255
38865.21428853947
39152.72573654046
38995.800659410444
40243.04748994322
41562.661234550586
38864.8369128616
39024.39808436995
38898.36142570729
39050.5569219445
39116.691982878394
39620.55649754177
39870.003298767566
38998.95824090789
38977.88581214833
39203.604162735886
41129.38885100959
39543.27348902754
38966.40346647494
38816.354814144644
38938.45018829025
39527.10726469334
39282.94729627008
39284.68009293269
39156.59324019068
40587.10955288118
39993.67562411852
39596.104180844675
42010.76386396359
41287.88055384489
38869.60764319488
39483.288156193885
39273.37005883897
38949.660384202085
39095.66409692495
38943.98355401765
40865.578788243256
39180.48434851841
39164.71816397985
41460.87477255204
38918.084008212165
39405.6067791725
39435.83962246725
39076.86628996269
41791.501159964966
39206.40792129362
38635.85302855038
39581.23434732882
39181.247851007
39680.60571208264
38901.54848599754
41334.00263265181
39236.72734833011
42178.064582182626
39122.54957092667
38957.40715863172
38737.08048595713
39154.24669556843
41521.95757753509
39262.57947621472
38922.208419844246
39419.15635393836
38801.76427941034
39269.81461377701
39922.51554453615
39080.20016522898
39162.724410968214
39194.47158874676
39580.83758871915
38945.09965065136
40089.929463369
39040.54052025397
38835.9594828899
39028.66945654822
42159.545413434265
39190.58287396385
39246.955731962604
39022.83706421267
39491.18493217803
40240.44998593716
39186.93796974936
38968.308654028595
38947.77026353587
38979.26996850447
39364.92649940225
39074.526491375014
39564.18897788895
39463.14585013026
39702.04893102972
40045.911586914735
38843.72816512244
38977.24205634551
40791.18349781516
39132.658950101795
38929.67131711105
40845.6141347728
39567.4629771992
39239.87243464829
39332.776885360116
39073.542357730716
39167.96167272973
39463.077674426975
41024.24362701301
38983.53972856106
38707.26003932886
39243.7936050657
39304.79588257475
38998.46949699636
41030.25021074688
39817.681780225226
39301.49176991515
39084.864088707785
38763.35078526618
41954.827151421225
38964.03314540724
39344.29300660163
38905.20299528199
39293.57744353979
39148.35881161201
39265.70801649417
39223.127381654806
38859.42594843815
39229.44042176985
39197.833201899346
39081.17015900893
40843.86665057599
38803.69825570056
38833.511270697905
39098.771987452994
39141.99929776421
39143.84957612969
39211.94784221904
41500.95196581542
40023.45299587058
39326.9338182677
39318.575524521926
38802.70368751112
40851.67250631401
38726.027242221084
41683.037420414126
39125.68007267675
39192.720311049896
40445.92793116636
41642.53723854586
40229.240725310774
39064.57318397511
39118.14406029094
39167.56455849559
39324.24191026119
39229.22109868319
39193.767401646146
39026.43368216781
39118.084009314094
39028.81717827568
39775.909914404714
39630.322938860096
38761.33238653424
39081.114402990344
39161.631096750505
39439.338975386854
41389.97321488327
41350.15242699852
39429.36265429046
40537.787876386545
40900.908086644806
38901.62439545548
42193.56683228732
38767.38506242168
41168.084861725336
39529.21048810745
39180.316304757696
39061.98842777052
38717.19938930268
39066.31722830163
39074.290280383204
38845.92409164563
38978.14264116519
40654.301284919966
39308.260133726086
40668.99415884967
39116.443271964534
39057.28254293315
39466.91125479735
38961.03476806165
39564.23539495037
39009.0399495074
39830.27827021217
38851.00865883626
39167.02148104429
40203.62563365838
42235.05769269927
38814.155534652324
39281.88926556638
40709.90534340257
41493.397264886844
39192.923255826165
39529.00767595417
39018.55335747866
38633.2678530076
38827.92692433864
38817.08528395599
average revenue:39570.19783284755
possibility:0.124