27300.71918813798
29461.38135475762
28585.67738763372
28527.222399635997
28445.13581553705
29432.46481079913
28034.052137107527
28326.151217805593
27658.057202072632
29637.88654709081
28809.701169785527
29378.25030943646
27510.709397614795
27730.102530023883
28776.722427223456
27890.558789279054
28393.32853515721
28658.157249349624
29059.575656958365
27136.314429136037
27860.6722114567
28631.53891116235
28064.547622881688
27323.248800697147
28346.953827232825
28272.92334172302
30326.810593399747
29485.550790003417
28065.762601706945
29069.119339094806
28511.037794060278
28360.543471405676
28217.346242785225
28271.036978102464
28604.07090738948
30028.43520855573
28497.133897638083
28007.00272059536
28018.696536261647
28143.818049023972
28763.849893723007
28259.076670511386
29994.90765087445
28944.695578682273
27582.86988432675
28213.08965318352
28410.747393144014
29436.123934310464
28725.980692816524
29100.464942549672
27818.536961713027
27513.94377240243
27806.428586914975
28209.085237572443
28506.648200224776
27934.253507056528
28682.41488470683
27685.261300919166
29122.456104548703
28076.14358322009
29073.50552769196
28037.01149045512
28979.553163813733
27723.461430071027
27995.42813662656
27757.203818998965
28818.732069344434
29053.517471875974
28514.976307579793
28821.213405051887
27526.074444399852
29507.560109644543
29043.30731067062
28105.873836735744
28275.394622026433
28018.16327336859
28843.80222773359
28545.30091346469
29406.77450558749
28783.215982997794
28853.988153797356
29017.439175404164
28914.933384774118
28761.148206609385
27303.37089978948
28542.637909477256
27420.989395415505
28116.86325792004
28195.370093286372
30607.468046480775
28710.839547936008
28531.822507919875
27457.93806021586
28361.48605875056
28988.04779040346
27993.83963384981
31797.039563792954
28643.726187172975
28472.205185356783
27850.347078537427
27605.777202429934
29174.601215328927
28186.79380210163
28135.076315313425
27647.84132555472
27945.378822007275
27467.717734321373
28046.58248867982
29293.77814612004
28014.44705618091
28154.09253610842
28354.461201429996
28100.939221038185
28968.293176920815
28621.700103461466
28148.634728639783
27435.832328104818
27701.79886609611
29006.52026943152
27944.72197491908
27822.80057067295
30356.553799571197
28901.080930935696
29349.178857484512
28787.00408588326
28074.44905398744
30082.89134193957
28741.227636059368
30165.68381982411
27717.272572121747
27998.852880816405
28640.326395229455
29403.06050120369
28357.501449158626
27528.471623147703
28243.721945920828
27760.879437773183
28251.935203115503
29267.932302677844
27509.923792926304
28428.808793448545
28415.565498786305
29246.66667859488
27460.94532254879
29784.631980422866
31202.36586168257
29168.21945162527
27866.163106609907
28159.70960117774
28450.879255128202
27630.460174472904
28170.201356570684
28243.223894573817
29513.17754243446
28429.679625213434
28667.00315026103
27980.38624057893
27627.787296077855
28944.44979039294
28292.800664789178
30161.041841111095
28697.87867988339
28240.46004552466
29157.49988875402
29738.091022493118
29245.818445950397
28998.27899395222
28346.63583141699
28978.142435549373
27888.136532718763
28101.261206695828
28475.83396363415
27615.57187357739
27895.23006575296
27899.63176020704
27762.480816774892
27580.2552453381
27646.14445847436
28471.181925523666
29202.95154541839
28556.354468263344
28750.785655532007
28005.746481603357
27729.894813184867
27827.975833453227
30857.130678443587
28601.74942765665
27829.684409396305
28427.136148100333
28033.577388504247
28358.711978965373
28202.774130780545
28387.277767065214
27516.876669769892
28078.032720891075
27399.534183603624
28786.090133592523
27644.327898849
28616.740683481028
27606.213612746982
28479.959447572313
28371.98172458063
28515.386608659694
28129.61114877785
29014.450390842445
28537.309177764586
29215.88291921901
27765.671243034045
28181.28738997503
28579.750346001452
28326.725205883416
28927.412651174556
29181.770745086946
28497.523392935393
28478.251088137553
28884.384040223336
29629.89546386323
27835.118666867005
27618.49667152539
30462.24791505389
27372.08327429797
28045.577634732374
28342.677642470477
27590.824276808406
28420.94577607264
28786.149292800797
28257.52098272442
28579.427254738974
27508.054622089712
28503.79547206485
27628.66024847056
30122.439236652994
29660.6814669685
28867.764045205302
28381.135519583146
29084.76832946884
29829.708341261496
29273.783903993157
28841.411380518715
28928.26303377793
28215.92997323585
28954.085270265827
27990.1468884052
28916.5365833775
28222.927456448793
28211.353611046983
28645.107647328357
29174.055836784235
27506.200773744677
29362.233205997796
28048.107561340108
27798.41358765501
28393.152233364464
28319.538694455252
28225.054323667173
27878.603478885056
27672.77439715021
28661.053545799943
28136.955484828744
27355.752076419827
28276.439843932192
28139.979426718237
29194.049288452767
28354.58020669862
27894.145197385238
28288.366234534613
28537.608082025134
27755.43197835002
30596.171435511904
28146.03053363367
28826.93678092753
28579.970770715874
27839.066594018343
30379.748082369024
28124.125661825048
27952.17186505915
42133.62071988887
28348.447117471576
29378.79367715154
28535.882752926715
28597.170359485714
27577.88369918877
28523.37241215713
27879.630453100493
29193.721371267016
29227.661931714356
27988.294372241824
28422.035824314815
31124.03321555782
29489.22709341172
28208.941372849098
27764.673037263845
28752.060541164574
28563.741982738196
27993.767879629977
27947.747851868622
27753.999920322847
28273.14268822445
27638.765688609175
28645.392950316967
28487.786387577296
28063.458673184636
30288.02363173873
27809.09587296278
29869.3352628008
29385.813650233697
28278.28423996698
28499.95228334999
27857.147158561096
29043.839499902915
28450.630963146574
28001.724051034384
28262.390349665206
28164.069281715354
27629.808214388115
28268.373334962784
28030.41373574855
28198.775693177897
30122.31733599083
28349.03326138037
27219.934695280448
28700.322277776573
28812.090836073952
29420.61114720595
27797.319052342846
28265.416349609655
28310.39723889056
28135.348607605752
28423.951989819016
29283.694858736246
27867.153977384794
29079.21384630424
29876.987554002426
28066.93566771345
28488.389611385275
28565.18548424497
27600.928786332217
28492.775838459915
28457.975761608388
28224.338116113384
28219.5312436314
35872.5524330291
28404.57894998616
28602.113641029067
29056.7947775507
28424.34586890783
27754.313748409353
28439.516498567547
29339.786161655
28689.57430230704
27985.925964781898
28277.56330249137
28523.59503360729
27594.677113103997
29444.834971521832
28444.14351484724
28951.867094528297
27805.659080267586
29616.351282898613
29392.81354342816
27800.70554932472
28552.68572033343
28882.936215515976
28035.4932770456
28181.78390981649
29357.61237340727
30436.596615512637
28197.001377819284
28537.544907493368
29639.13782146876
27775.852205599404
28286.535827095086
28882.929809367866
28257.02661514847
28822.194947249307
28031.971016365733
28521.046648330488
29596.319849890966
29305.619371695284
27266.816752205184
27480.967067468224
28561.808682594186
28750.24427364475
27968.413022305238
27623.565805657425
28689.168055260558
27839.95967354114
27842.476065380637
28548.588472014908
28053.316399487805
28034.230264747544
27173.53883534354
27506.70680921601
27663.97855747447
28075.233171843996
29653.349719088605
28223.309976630844
27647.61484340852
28486.329485893388
28097.9473034235
29301.266497393728
28298.478387113566
29231.24104091576
27721.079730464335
28151.982410048742
28047.32365281704
29610.233607782713
29047.561354069472
27912.001751668104
28761.07142817315
28424.20593245778
29171.4502030915
28296.518413955735
27893.436489208598
28454.762784740524
27942.860420725145
28002.988787913557
27918.961548932228
27976.905651953282
29242.510834490284
27906.053149489962
27936.63570621302
29279.209870791714
28519.411351674888
27469.10704179059
27869.3612179378
30574.93427227243
28619.838194607233
28251.969284185827
28247.956277148456
28254.604888640843
29959.417119466656
29327.710789832643
27718.076834278858
27142.5069291269
28014.057948301503
28657.058928561084
28242.54265512049
27668.069542027482
28564.242083239675
28871.660025891215
27579.9560597602
27801.447001080585
28701.525984226093
28047.882686741934
28286.774799071794
28888.278687577695
27537.3087083584
28203.43321460114
28039.30682734677
28015.957573866897
28432.87424206679
28826.030726497247
27887.138306569144
28157.656935523595
27831.034903429278
28465.633184060345
28430.334570295898
29095.80554043202
29242.643201325962
28913.557670757174
28307.913141722252
29371.891613222033
28872.138429306786
29119.1478890118
28270.03733794177
27927.166176250477
27848.415349622763
28153.955315062627
28284.174021649585
28680.444295400972
30041.86697784334
29410.292645422
27310.73889857877
28334.287167146376
28607.45909438012
27816.959329654124
27656.146333296463
27828.2853415664
28331.67617070164
28228.529227155053
29335.810577562785
28876.393458169252
28534.927888523383
28897.79783332484
28614.79977996809
28383.870851884654
27473.064356992734
30227.497117710172
29256.262155421362
28590.851763278206
29333.03381961608
27197.31519910824
27932.68042914235
28604.918579597757
28783.408274385274
28956.743469147536
28606.385463276107
28597.77832965652
28099.68751970964
28387.254901279368
28239.303256565552
29751.852453029598
27813.58522706018
28166.625602598677
27318.468617738683
28028.907217576598
27918.33077369752
27267.177790832964
27595.765285819853
28232.512927185882
30624.725478050692
27295.143924839354
29014.452252338564
29274.230931540704
28918.52808080141
28057.253483153276
28820.70675596831
27640.16562811277
27703.767831836212
28297.715440974916
28554.828591906924
28851.39489669241
28485.710303783635
28811.790463741065
29012.790988782537
27916.465682428272
27996.297729261045
28510.306565273873
27949.08389364551
28196.509598227138
28720.180545232168
28157.03772168235
28160.909569040916
28583.295691844134
27869.32064409701
33740.13458069463
27750.598169218414
28335.839472345615
29104.592780751776
27708.18602652275
27257.566789084587
28427.962456212088
27856.623735569476
30187.62241686726
27950.95589433275
27926.92148421041
28364.93520046038
28374.097099160477
27965.654094598784
28560.41600459406
28482.565898104313
27973.869435866836
29429.4565701037
29122.89294938722
28579.125385504438
28722.701704570984
29242.7744359443
28704.87408357111
28149.117376598224
28061.49600376313
29323.69217724775
28108.781563643337
28064.813566138117
28578.861509327286
29043.18741597252
28425.179940834772
28816.842933230462
28320.157444179487
29895.224141164046
30251.55810940168
27724.170312463913
28579.414968387413
27884.81951971684
28348.057787631536
29493.539113595278
27372.16995491373
28864.440783197253
29639.124300835283
28511.80714756308
28600.397944797496
28733.29091795998
28045.14860797063
28224.05583786164
29350.840063639134
28479.540252075843
28070.631864682786
28841.85128392731
29255.79917483874
27737.63425853814
28102.53788977202
29200.13077774731
28395.33787868865
29034.485132043734
28471.650558371242
28199.99344174362
28996.8838135054
27982.38056449388
27461.130900856893
28049.69954038611
29183.34252482872
28405.913737399213
29961.416033131638
30037.534074241823
30121.04736576131
27279.900103110846
27503.221715416817
28125.45841868454
29325.354853170873
28284.68086532993
27599.197390838817
28175.702490186377
27362.03876279405
28537.915187274866
29301.588185886238
28125.303172545406
28677.169635762406
28494.085247804913
27466.707626741027
29183.357177203725
27874.063045930077
28672.16629863094
29229.59314832683
28050.65966086886
28038.33829384543
28352.667171006477
27761.408132428263
28474.985401674254
27322.464810484053
29043.883444166164
27836.54625060606
28144.27886953243
28007.02740462066
30170.264664619164
28583.699539522335
28687.867819422157
28574.486267848617
29249.738270719226
28000.867673682842
27540.988056643357
30363.296097314305
28756.058759110427
27438.29463266262
27596.603496766544
28377.71541693467
27812.85501624001
28211.060634490455
28539.339488173013
28383.885286392175
30260.773579571665
28362.718732930083
27678.18904196211
28875.2742160638
28180.33214780121
28776.396641503063
27366.93889343426
28466.87898164369
28469.331586285396
27770.422804833273
29268.46423110783
27703.822333409604
28682.672158337762
28207.83667176391
28411.859412791997
29507.956845225977
29850.366224150675
29419.47715277401
27838.623246295734
27845.36688572031
28235.572633422435
27660.507924443093
27360.06074307969
30713.434716714513
28046.28672526009
28987.917234776527
28690.521983354836
28899.51202627305
29026.29927610651
28139.503120388188
28144.424695098962
28413.582741133778
28116.771687352983
28260.58740105411
27417.291864951276
29015.59896674875
27831.174586121993
29277.04345567841
28701.30007092525
28876.133865109437
28722.766348397556
28172.990585549203
28733.048780789086
28046.806239739693
27887.480477957757
27404.716712698064
28091.078055161783
28751.39488054847
28622.96926459139
29014.618361851215
28211.76016283115
27789.2337818597
28455.640278266015
28925.292448827728
28131.985755998732
28785.89132436811
27664.780668252322
27949.394030333144
29333.59998599019
28225.718294180933
28138.628074522298
27769.88192643959
28283.82660434076
28390.516143069603
28452.401095968977
28943.269414584207
28044.146549455854
28764.216917666028
29291.19237340602
27589.21904589551
28063.857905264198
28541.684971584757
27726.431498768154
27906.137741059458
27928.556415146548
28212.97778792759
28021.393954017996
27935.453557232173
29972.27081150568
28750.69308228206
27805.72838525351
29031.940887767174
27831.855421550972
29309.10132788761
29117.77720031219
28002.0279067404
28973.585986303275
28153.997453454653
28229.720575803032
29590.60247725397
29054.249351236493
27480.299627946995
27766.277338207205
27967.02314679362
27811.469142810394
27843.622351621423
27475.439438573616
30059.398385142547
28942.468136195563
28602.626207823436
29364.393816248335
27406.823798556994
28320.061005357904
29153.70475528949
27648.975349690365
28491.172072563993
28960.276580908398
28560.275838345136
28275.55963294636
27720.096598349992
28197.290424060302
28893.154609850797
27956.77970247202
28003.357064216205
28283.51647145798
27827.50226727381
27753.759940146385
28227.037945768076
29325.889399612217
28251.59745632308
28185.575741548473
28795.29455377772
29436.17845184599
27867.286832097947
28711.556981385278
28504.742363776597
27646.783316485948
29422.535144273115
28736.144324152687
27595.917983438718
28101.2572979705
29472.787567627103
29803.09680269966
27950.276663151424
28493.31645689379
28949.490829130722
28057.179489415823
28112.470182653895
28106.765241396242
29397.25340529489
27353.603772824612
28112.930334508357
27612.098105196594
27655.046521747572
29286.95743879983
27958.806368932128
28856.887270645606
28780.746721055595
28596.532757590936
27578.712017619007
27585.42923011911
28821.029645397066
29164.625113616647
27811.254651634175
27655.564083554505
28035.088850991473
29432.040593672235
28533.669951682223
28795.450851026846
28206.778236368933
28698.479928592806
28959.31031843827
28630.757973271302
27933.418852131395
27671.777323987495
27804.041038013736
28308.844653468226
29308.542566664197
29612.800064275703
29058.98219587529
28576.51213607921
28957.054697851752
27766.480628645742
27519.88645567007
27505.543650158772
29215.566172327228
27846.899641135045
28251.793611162084
29950.71593638781
29365.04513476127
27816.347412697047
28519.009358381994
28493.715650834616
29495.1457784018
27983.290990182515
30367.557211976575
28674.52438117795
29346.433734353945
29323.998576146965
27944.821026095695
28145.0217341164
28010.11924072311
27677.743073268695
28183.066100087974
28348.01399113626
27782.48846756131
28071.68116883116
29201.02012352592
28466.81095549359
28040.108432498455
29299.11383694358
28644.52944979175
28067.40268519569
28883.831135252276
27412.190893659135
29669.935726227992
27868.107558257954
29371.24078714808
29523.13493891165
29156.08286760029
28509.974134771237
28816.549600744114
31458.67244136477
28119.52159816536
28528.350800902605
29388.787726549952
27463.869651673507
29230.725666269278
27413.690767713353
28677.016683687398
28826.510176239524
27723.552416950213
28187.088914204254
28114.4647356817
28360.5311148605
27476.2899431385
28800.110842105598
28051.892059770176
27528.697750378942
28824.380354185214
28874.041324246922
29611.39855527661
28212.769016979237
27781.71700215752
27593.991538907005
28520.511693153672
28513.403732979164
27555.433169947035
28150.933783678618
29003.80966756725
28693.800110051954
29124.82847576132
28259.871375205614
28212.67534548998
28325.163112130733
41821.41513372287
27341.27438706681
29855.63546464838
27962.28876835118
28416.84018896793
27560.190098904543
28554.4979188772
28620.329886683343
28260.694628889105
28851.995103445945
27406.764863760738
29829.783737421276
27569.72467195904
29025.532916593937
28732.84596995744
27959.795840689858
29355.527696071807
28035.027127899197
30095.09137288559
27835.668192195215
27950.54682716255
28813.20115945486
28361.702276725777
28616.109708811542
28876.061737410375
27538.191857770245
28911.196166039637
28913.56004794276
28197.660629882637
27309.236366911493
27533.473506956965
27877.453748176245
30551.256205267637
27670.0419426111
27441.325477188046
28501.883029648103
28294.16243090853
28148.389972555993
28035.89442522896
27549.02249475331
29945.845582395617
28199.4542201088
28116.9789315536
28082.97753154687
27287.444011704316
28249.748674369876
28518.481160630694
29192.710142604185
28287.81110745655
28899.09541348186
28039.622947614287
28898.860286873813
27278.365375058063
28606.235506370478
28905.420804177193
29014.846212704702
28056.45821088839
27977.435422428127
28737.530022862495
28299.402246108377
29218.35323806591
28641.90929430108
28143.979994216563
29636.51471324572
27939.1189034577
28459.351200825302
27913.174259282485
28252.391361585454
30125.22108960079
28661.05801058397
28756.551109960987
29001.161456212092
28849.54756122634
28117.91841374507
28378.091920752413
27917.935750985365
28451.47008963905
27883.123278879913
27936.059028908072
27842.38082615586
29907.799179664904
27733.30028910543
28434.247768887886
31163.963268945143
29560.595380412495
27447.334722448933
27587.741479366076
28220.559165098723
27768.222248007973
28452.221012504262
28379.37783884452
30043.215913736458
27685.25529627342
28563.73162872225
28524.203280871134
29068.329543248572
28083.69939034302
27684.2257401516
27658.799786687272
28180.020154069465
28633.767745528283
28430.105212027007
28179.038579495693
42053.90111890595
28207.917856726002
27744.35773413026
average revenue:28516.06216148375
possibility:0.003