32904.18664627137
34430.97052513629
32258.476875071763
34424.255117684275
34912.70538970521
32309.37655849388
34309.499642254064
34735.90083294009
35118.716644098335
33201.41971090246
34862.796491258734
34089.22496188898
32789.17535057297
33306.90015234014
33907.07088958507
33444.32872387866
32502.708304693657
34602.76736616091
34394.46050037546
33567.224237932736
37038.93581175572
33347.0707041862
34042.578029592274
35255.661470160325
33350.50823456405
33574.28533518887
32973.60388155935
33350.537411236626
34355.71466058462
32826.195952725524
31750.142166728023
33371.64474921047
31595.62212724831
34387.105736359204
33023.33786683109
34917.89271504713
33728.42436216691
33117.94925833395
31749.610955777516
32801.93390974523
33397.74665899546
31293.933930244846
31327.116516115086
34739.6113940163
32883.334558819624
33791.7043835884
33170.71991342022
33750.78432147433
33497.698462363405
32504.4176008795
32277.461481992665
32642.30511523795
32895.05983973144
33760.55818255541
33633.741950334035
32116.698117598382
31188.595848403947
34042.60737024607
32551.73688090519
33213.20149801999
34071.52772159288
33652.757775961036
33507.59556958922
35438.58023051911
32438.332066108065
32270.576922487962
32690.32573112543
33762.565426878646
34462.38919364748
32924.485387317756
32963.75139619919
41053.382817092344
31907.092545914245
34664.723358167605
31819.050183657004
39578.57872080628
33459.57545526428
34155.121725495585
33352.14851485694
34714.68441377719
32377.11308432216
35159.715816232994
31644.101988925384
33340.85071821341
33868.40600420863
34133.88790732558
33432.493467030275
33867.899680190545
34434.592930539366
33264.46118391619
33180.90340322591
33952.41818761379
33446.210452787884
33910.391806350795
34421.07966003702
34581.90708921112
34196.08871523556
33476.159141516495
32366.417232322445
34492.31278281126
33973.77840190451
32647.470957781785
33695.073709583055
31994.69218428034
33232.446191812065
32708.963920251528
33863.86913406442
32026.38594720164
32097.831508251216
34511.903698070266
32551.552500477068
32980.776686686506
31638.25907407032
32845.169757710966
32819.13263758521
33337.93396165729
32078.10870977417
33582.541104941105
32033.08743211817
33687.32868320048
33893.219191103126
33530.46342010322
33463.458317435805
37621.702350236155
33934.565753888215
32015.783712203356
33195.10658254516
33430.581981055104
33713.756060899
32931.33638480002
33132.95299866301
34301.89174902194
33907.52204221106
32293.322268886444
33357.55454911026
33634.94815579299
33311.36463587494
33193.58380806037
33457.93493939617
34351.01584310205
32547.033877927417
34660.07319025302
35456.86072054096
31572.32983754555
32121.076408801408
33148.36034872482
33403.00239899258
33193.81198981537
33530.90989434542
31729.995505758292
33933.48542065006
35267.265162075535
33841.71143990648
36400.39155220581
33551.01871954486
34736.4638910539
32342.732860728695
34191.39259407814
33324.88565038003
33324.13039829804
32644.288566051167
34736.90966930506
33718.03406001476
33128.54148049761
34082.08419081671
33083.369949567816
32998.24569352708
32105.613391793995
33535.86560684637
33653.37311932085
35326.90265405762
34712.54991922442
33788.098256554855
33561.56237232948
35777.730169817376
33364.38839182655
33246.61498757865
32244.16830122665
33163.29673460005
35612.8222672634
35060.01050992221
32580.0944131787
32586.701112753006
32168.45069999666
40444.297390137974
33278.27657834506
33291.09749847117
35198.7618074641
32229.148337102368
35035.58977992676
32821.98615992859
32020.786955204865
34494.87626422335
32890.948560803234
33675.52291166078
31845.453045112205
32269.772084259435
35729.78314520792
34009.32966091811
33742.401243935165
33088.431724715265
32838.6242772767
33097.92185485073
31949.092245552034
34272.25037595564
33609.95949977373
34124.37769384649
34387.13655974717
32801.00569252101
42069.685687000776
36072.65012824835
34424.228526218336
33617.67400051489
33297.00326366917
32301.867721098104
34386.334099695494
32732.900413938954
32831.082677585466
33815.58388678621
32793.94242877774
33802.078690675444
33179.95102334309
33976.874913371605
32951.66532396472
31647.758933832065
33806.58809205015
32022.774637164366
32687.308204527315
34194.98377240753
32074.169750299374
33039.80126483221
32176.158138152463
34700.2043370668
31886.19462185173
33918.20832844843
32369.772408059976
32370.788618741317
32922.275908490155
33570.9783047691
33191.12442698085
33289.346750280856
33112.303772645835
34444.391100649984
34594.313109465766
32870.34647689692
36279.441975787035
32762.68382671546
33941.4196737157
33137.003304108395
33718.29992417127
32551.3201110764
33793.9113924879
33793.11895954085
32888.60355205991
34398.90440281582
33143.49118063429
33821.9983312185
32965.2682641099
32950.64679550225
34686.97943038129
35190.48885286836
34782.76705393621
32862.106180826864
34404.654455730255
33277.98700912825
34277.518365193755
34795.36871855406
33411.31465655941
33321.606278775034
32821.25152817144
33556.869330903675
32031.390399621192
32806.76023715875
34315.32548197921
32016.07156956062
31894.685551968483
33977.03697178632
33614.906250062166
33150.292642415676
35218.811071357326
35109.914490617324
33174.05317454887
32414.421471830454
32140.440891417984
32710.900619312586
34401.53284018119
34222.12070359934
32610.69238538114
32807.818536216975
34475.45749384311
34563.88461263317
33532.45378077238
32089.1997172361
33425.41265055667
33945.38202069819
36963.56406653291
33515.46071918517
33438.55211760094
33744.127932533185
32941.939839318766
32445.675352769875
34212.656900829104
34398.98845621758
33482.9683399912
35132.447018466526
33355.932295047365
34855.201691906084
33132.653665024125
33259.48557533214
32427.10574294721
34196.52935646354
34901.212262468056
33731.0522012623
31689.680282197463
32196.281269854902
34058.56411754287
33409.93615048713
33266.24645524666
32535.83155990904
33003.24752323554
32472.654519691387
33373.23878893285
32415.388058244316
32596.38918373716
33529.103262618366
33231.44991628903
32998.036098030185
32317.94800992133
34006.15775055065
32553.63315874541
34191.264751061026
32345.47759505348
35938.58476688852
34336.60585926957
33736.03825062421
33149.63203748113
35733.1772346057
32030.978272952394
32710.827558757625
32703.79054332182
33480.64066302167
33450.973757096595
41978.30642659454
32302.57850361741
31429.28437754707
32817.08927630943
33702.96717136171
33415.13014970469
33138.843132345755
34375.73235909484
32930.03483469844
32666.914560758712
34330.26887129613
33990.66763081156
35702.81203860087
33952.08880799297
33702.71486420551
32715.99445590139
32772.96710155722
33578.50202158699
33613.463381664056
33329.4922672902
31900.903534299083
34169.284599208404
32999.33573822314
32953.20864950736
33751.154503180325
33089.57920222152
33820.36462930989
34178.608152438675
34588.711014314955
34191.06576976125
32889.88109558535
32899.01729698735
33784.497406454626
32879.042258876994
32786.03172257331
33309.06277173699
32443.284838953623
34091.189038167424
31496.265331454582
34206.515777705165
32463.316691782307
31567.844201909833
34784.031167079855
33064.51399863403
34857.79016593355
34351.86611488651
34121.22695132347
31279.949991700498
33486.074819397276
33541.98964060475
37594.89810285093
33861.44113803551
33400.19597706871
33164.633051890945
32514.07388602901
34218.8128325252
32250.973260388182
33208.52729129753
35508.37704986287
34182.588316538524
32803.23087503678
33898.909352740586
33390.033490889386
33881.509186943906
34351.68404510524
32719.98329709864
32363.33016577714
34279.931450208234
33462.64483292915
32707.424512397152
33016.861225291614
33016.53302291316
33088.32887954455
32738.984890017437
32910.67924713508
33329.461090945486
32523.92269018187
33528.99888363189
32955.399738154556
33932.81909155072
33797.4246822112
31813.39400942203
32449.7563545486
32841.53033647403
34145.90896370917
34243.29823261862
33485.69148154726
33567.74998837916
33788.68728917785
35628.69992770274
33916.86250029412
34144.7539103331
32266.428099844736
33866.98218871252
32385.99845155313
33902.24329449825
32532.826047593204
31931.49439169409
31332.296903811046
33916.722532948326
32285.630876470455
34867.22737053477
32861.19438785531
33562.142475362336
33439.90283556463
31923.63574992536
31981.197755731653
34542.14638767221
35156.132787463954
34910.54895351118
32544.913477133112
32805.181654382526
33363.048154710166
32861.02242519633
33819.38453693093
32435.786899785846
35313.278776320614
32920.5423699333
33547.06875824655
33341.25620046301
35070.356794841144
33769.162833219496
32117.3149717877
32910.43889891771
33842.31882228805
33268.5373710452
33545.23328341571
34046.42853930133
32971.233690066336
32813.8006096575
32443.60264780258
34149.248739043935
33335.06443771272
32552.987375673296
32855.82521363913
33870.652536421396
33141.00926508548
32849.73605096964
33944.74053481028
33226.53177325246
33878.72262725398
32602.89576187951
33064.327008371656
32963.975119516675
33997.712091486545
33470.223872130024
33862.10548692784
33285.28647805368
32869.08417781012
33093.33237104027
32534.915025914783
33495.74870219359
33118.275653175035
33628.59606891673
32529.21896085096
34057.991176985655
34422.45986242264
33440.81670801039
34080.09061783348
35589.080069053074
34575.802287370956
32559.917513135144
33593.26506024859
34137.616004227566
34548.27062453022
33014.55561628455
32538.498090510086
33505.32513485064
32251.618860049588
33822.405940485995
34176.7546236391
33973.48265152819
33538.89441592339
33046.954992872874
33615.73433403102
35610.346484967486
35275.89436510049
32648.97985153961
33403.02953559437
32348.33706234612
34830.99773229701
33333.31703261519
34536.62302176497
31879.278006114982
32347.938100837608
33287.42711186736
34849.8491437129
35367.29631586841
34413.00478927399
34179.425554206275
32311.011500604585
33489.53181232708
34498.24218484287
33453.91315695462
33824.77652308657
32761.07687433332
33354.986488369854
33487.111193038036
35004.78463417016
33408.67541839487
32911.487988703186
33927.08157860293
34043.16941105579
34561.34088895164
33279.541788972
34062.661107349835
32324.932866834908
33789.87272394541
33604.626799244696
33799.84466744729
34842.43658575701
32458.831840603612
35911.998325089044
33171.0318275419
33398.790668518224
33633.3570204883
32812.09268408968
33955.10368304203
34190.310783873545
34086.64959327786
33948.82925661247
32903.53927485326
35695.46924307833
33074.72546687087
34878.83735768605
32965.78678468847
34430.24686840238
32507.026670719944
35097.85765170514
32867.58957560014
34528.67669798734
34265.362791362066
32614.431944271248
33502.86863164947
34596.6674252152
33953.008293483086
41912.84158626324
32865.27882325779
33088.64091127232
33392.3806172233
31419.316223394526
34771.34710646563
31985.00153893697
32914.67895123804
33224.72567617714
33285.003441820605
32621.81123495071
34576.16826971647
31813.62153213131
33605.377057163496
35647.662604330566
33561.95951120933
32832.36401950923
33032.9177603265
33192.57705054819
33336.680524728275
32752.5479820374
34517.38021026816
33741.7751890201
33880.57167629356
32354.99923898612
33484.24090711477
34152.17030058595
32737.545641611774
34044.260875851454
32410.580816688274
33262.096834339056
32869.55949286083
33091.541215921425
33755.07893650148
31675.44333860745
33441.19363814623
31987.397499322422
33708.09555067838
34510.64437936327
33408.7638198611
34643.63350832399
33489.577113160085
34105.56514016076
32332.507727630706
33308.270042590026
32438.86737931418
33246.58171735669
34026.92164606073
34559.64460687238
32461.656615168762
33579.73314086789
34181.053079153855
32531.9498118427
33650.05673482966
32548.163356788817
33015.67429752496
33807.79131098313
32022.845649793377
32018.873555008086
33221.46699954374
33479.05504191698
33685.51287072069
32883.96913294343
33061.40905312141
35299.498501264585
33314.13743985355
34345.64209675877
33975.832680674845
32524.707050059682
32996.25195899657
32835.68573308164
32646.160412363424
33775.900488296385
34403.99563913475
31768.26522215374
35852.53040395568
34492.0492670586
33268.02764537809
32487.01292177035
32170.018919526843
32534.28965665521
33424.69260068416
34387.156723236694
33915.28906338508
32632.977622986324
32717.525130534796
33612.63054744551
33229.4619363248
32963.38294436815
35111.67015670991
32447.228872562882
32050.52785798479
32038.96548230318
33218.98135559166
34480.54545218599
33719.99004209292
31698.608392808266
33182.67479430306
33435.87793276535
32889.484060735966
34268.702450636265
33661.39912704904
35052.13484145951
32202.594807462407
31269.925192173807
33229.19388824702
32779.648230452534
33336.13831386975
33963.51116976402
33773.280318540936
34100.78956864973
34216.1122749431
32820.25206090987
33183.6036081451
34912.07839958692
33068.961289274645
34050.946812719325
34093.748163628654
33381.742153986
32510.607772042113
33613.469868164895
31914.502590054944
32446.34590659912
32500.517818947974
33774.12984087609
32650.777562381274
35362.8453144455
33036.99200768776
33791.221322416044
34944.63624463746
35161.64903265807
32360.06672468496
34386.84944065818
34070.182342063155
33429.09133579563
33331.786343325795
31777.42532299637
33848.37948853683
34653.416910072716
32651.830084471876
32542.60111290682
32703.75854932036
33305.29028970057
34927.50172821256
33746.79413822625
34007.198103162
31353.98854930029
34755.045981869785
32096.067297893092
33235.67668466459
33595.23144047751
33829.72083880391
33186.05651116729
32426.35796829974
34017.94518143151
34714.73534491465
33554.10223569156
32843.66068725273
34117.66652987295
32534.91108088287
34116.30927919306
34553.69164673199
33021.063976987345
32966.62753690851
35281.355524506485
33609.69512946682
32945.80291001115
33535.1473687665
32700.084937344654
33151.325639102695
33718.7519479274
31717.63545000966
32097.324391307284
34992.410513810755
34184.051784020325
33426.152755918774
31943.36703609471
33482.21591108283
32749.192635293966
33202.98854742505
34476.3081101817
41985.78398436207
34253.241291777886
34469.93423046617
32906.68248449665
32828.595502917364
34448.85475008355
32983.73997932638
32839.664743765745
34489.42604306663
34891.49873751578
41949.193540031534
32734.470233585962
34734.616595967
33786.42270312234
35048.30880836136
32715.47852017066
32813.46266023927
33337.260250823325
35263.323379560985
34597.98292207864
32638.727023055926
33104.16216836271
33311.71349200694
33744.83134585007
31854.923877229063
34259.57309493329
32666.53891758395
33618.0100633648
32493.6066236825
33228.68580704383
34749.796614646715
33177.49062088998
32563.198952206512
34195.912191754
34956.79017160615
32900.53735955671
34590.15870945082
33721.87358759621
32474.688625301624
34691.02055813395
33862.823916306326
32956.453158437456
33649.03881137044
34199.688031267644
33232.54774505875
33433.64162000635
33125.21841973681
31558.177683703896
32290.93365153583
33754.6622547711
33901.655502831905
33646.910287716266
32806.75412015008
32578.991645473307
33618.43507366402
34107.9416908032
32852.3603321604
33067.29412876276
34155.5435316703
33705.31179934799
33434.65374135942
34031.30403743083
33141.55454741619
34050.84523254685
32855.220226528065
32212.092143152237
33830.074994420924
34165.67638152928
33557.7728160939
32449.506827908015
33559.311366139154
33065.887671902085
35364.960583063614
32423.521508937447
34496.321433548736
33354.8761835606
33741.24209898687
32491.723771896577
33553.155510682605
33397.23039975135
33214.57806805767
33151.187454329665
33778.81858934338
33595.67983953389
32530.55274195063
33314.04506317715
32858.36035826877
33466.632706453136
32538.419907276773
33285.975663477424
33238.61938889676
32801.17326257709
33640.473282779036
35967.252856783205
39587.98630325226
33104.44631776988
33363.83033155621
33112.77845790373
33867.56551914182
32475.224216950613
33357.16212843817
34071.884042046906
34256.721548664165
32402.30444716028
32713.71735684337
32729.591890102576
33470.06453746701
33709.403157470806
34200.91309115703
33642.70579055394
34796.06002448194
33544.145734825586
34134.23797475941
34302.41327509122
32948.3676018352
33384.292802122705
32506.885582435705
33779.88604516731
34427.35609971465
34578.92250595481
33423.13747838434
32756.33049188195
31436.62787800672
32886.740141237
32493.958605610296
34900.10782075557
32629.56648328739
34280.9974323689
33743.85567672993
32004.606475991142
33655.57298279359
33406.56179326677
33824.790187572355
33217.034356609394
33946.050805848696
35558.01494127335
33028.51447102197
31994.037325334855
32299.528199485394
33377.711566337304
32645.175784968906
31755.81851429861
34099.08412330159
32390.217847497443
32764.940377582636
33832.09318168821
35851.227363581
32920.29669515285
33486.79177801119
34922.55969376436
34340.64508555943
32767.90639599503
32804.88499467486
32789.41748540297
32489.262643629176
33441.36077108736
32805.76878633881
32804.115442580034
36434.91925487367
33113.4149153254
33833.579377270056
33445.62959625885
34461.24242879341
33133.64909308781
33353.32598448602
32528.40697348889
32779.5188441557
32644.017682080732
33885.540512626496
33087.32869584654
33545.25350700409
36648.27387474462
33593.0873286597
35130.57285588353
32999.03146731288
34885.779217016614
34277.284310712355
32344.271998147393
33017.274780354
34518.05936466453
33994.03539352349
34729.25589833982
32772.0785268496
34093.11558679399
33940.824043806846
32962.727481546994
34539.944967456555
34065.80909529746
32459.519691414564
34474.878576722105
33740.563820776304
33627.276647391525
35362.03383416542
32453.97833895436
33770.552929045276
33964.003644793316
33041.89636721206
34988.1624986118
33158.76410870884
33490.22347771783
33067.1282339066
34703.98501541934
32680.943898849226
31848.5328452213
34064.42564451546
31480.041807507252
33485.294105674584
35313.62980621164
35015.52435958871
32892.20539823282
34360.87934742897
33081.003700886016
33048.79052871896
35947.22102331459
32835.026116400164
32813.953560565555
33028.6063650488
32452.94708436009
35072.90944382266
34545.33337668746
35090.52313744284
32023.801126662598
31650.2450990742
34244.2273109564
32166.473346743966
34012.47751674108
32237.03160327523
34920.39144485241
31105.34075881891
32546.592719090375
33781.09232434754
34309.78240834943
33731.596495365826
32755.34180275087
32705.463323414057
33562.44951801999
34504.38498041162
33695.477369184664
33563.02516071755
33708.54709461391
33182.90537257886
average revenue:33533.51195721381
possibility:0.006