36025.77481570696
36947.052918509515
37171.16163936475
37179.11404880539
36824.50886970823
35992.66747935487
36420.80609549238
36340.55958742741
36688.08341399071
37873.29340818517
37123.6167670214
35866.378916481124
36632.70056899738
36799.39074889326
36719.38782630601
36639.499465861794
35762.53745325272
36154.54241394232
36863.482055431195
36727.29266093377
36970.51361216648
36380.42666432038
37307.14955080663
36662.88791095796
35768.07600012624
36702.5479413445
36958.30806510487
36852.166043898666
36389.83815661809
36028.96098261156
37503.07810832678
36329.77347737525
35780.820472909
39703.208629111235
36969.29249347768
36011.34529905261
36723.45385827072
36695.052852145396
36393.485700139405
36876.803849693744
36558.94110212762
36832.66539402365
36927.7393706012
35756.08225935931
36712.281451927294
35426.25647963053
36702.20394177406
35800.366373398174
36502.02254784499
36244.79086748331
36470.59467171285
41979.783447956805
37397.64366138864
36413.77628812427
36254.07431357871
36377.65016341331
36117.02897520277
36397.5680358784
36821.937252759184
36943.76664818069
36574.913472228305
36156.28260983209
36762.93952238673
36542.6291086822
36541.11190978931
37452.845501888354
36675.12698765361
36179.64701394279
36712.22915443937
37154.89618847896
36099.25362822297
36966.791275271375
37248.810489968106
36151.26372504773
36591.198555815514
36818.7915931091
36324.03047947171
36590.04097772994
36702.42344712978
36208.6529762109
35747.83123242912
37010.35498013518
38328.970061779546
35495.89818400824
36485.87091710184
36454.00430457722
37105.85230229069
35977.75895874531
36827.762048608136
37272.12216912495
35674.89401575615
37246.1462695274
36791.6677342024
37082.680297042134
36263.36176734737
36870.055639004284
36647.28070888349
36201.566387966675
36591.3048818685
37648.69224397829
36691.68712079725
36737.31907835615
36705.3193607401
36722.34395722472
36285.04995787412
36816.320704646656
37042.43460742907
36947.7759814937
35800.902362169036
37272.9296648287
36443.779464556814
36705.46839826071
35697.35147623089
36476.158299251816
36857.713435336205
37209.835103268655
35518.1572359851
36552.368113261655
36156.17274473031
37528.663378379606
36091.67421623903
35987.56360893993
36605.2136700405
36004.57039572054
36575.36361433142
41765.77559213367
36686.793782372464
36987.2947634874
37234.39822240546
35428.36044830232
35596.73881428198
35794.750095730866
36416.10155092115
36877.39874648845
36756.88321959876
36555.28226641004
37271.22822175214
36012.412148634125
35141.621708833925
36806.391222772174
36452.47415261172
36106.08241708693
36279.12314361987
36996.92642452448
36210.913898356106
36617.702819374084
37873.2589475919
35926.171391867516
35792.023443952974
36942.92275496179
36257.04056865302
35813.92186065953
35858.72149244332
36771.31827039257
36845.32710838448
36713.20969840929
36323.69776570574
36149.572061281964
35600.42732575697
35653.183352751796
35626.4959924632
37669.93576097189
35836.904641457346
36805.608202119554
36122.33497830562
36866.74296578522
35671.600299336555
36586.15453865273
36371.57412102862
37269.11658297697
36076.80704744689
35727.57518393903
37025.69382890514
36517.60285874054
36637.70672869903
36474.66019011739
37364.21863417733
37032.59602737488
37646.389179463964
36687.15017304921
36329.53565442954
36893.74004713868
36407.70596134258
37077.95336550827
37430.587518164604
39098.480841667995
36346.896277304775
35444.153769847486
36143.70192781567
36149.138418506256
37009.681614538065
36073.70921636395
36963.45215216978
36177.20307586948
35803.77220317297
36495.894186600395
36207.79016869301
37269.70989040445
36097.586688194344
36844.32648939425
36105.12723090898
36672.05944331698
36964.4862430689
35523.650832261505
36957.269066113375
36735.83817678159
35580.94090371567
37209.86725960042
36664.88560102083
37504.99436839868
36928.254298069485
35605.824823356605
36663.70349504196
36362.59162456501
36109.80828298721
36320.27483924488
37324.0932856407
35815.637363081885
36616.726494873255
35528.507849354704
36601.30814432912
37598.448703753274
37415.850570595176
36611.57230013359
36252.34982317074
35786.816608940964
37057.62402176466
36398.46687176179
36936.680546833675
36919.329901929654
36260.35304887556
37184.773753670306
37303.721099498485
36832.119575440556
41826.00708541208
36878.542129187605
35343.31341827812
37409.67119416356
36260.92861035614
36205.797860543935
35592.5847987345
36582.57047782164
40754.44086580736
38425.724782372665
36846.32469142783
36642.95625484753
36724.73307510113
36535.266161191925
35987.66666373264
38481.01609390133
36619.36760492659
35880.067725412795
37121.62617339584
36570.10095265906
37054.381982136154
37379.79084682279
36392.18548453639
36453.51698779883
35682.50600883171
36523.80940162006
36459.337777670946
36191.79840736978
35795.25409905206
37533.965453853845
35978.90306675528
36068.93261754317
36669.07799444992
36371.18459666721
35986.188615768704
36549.88029518054
37368.859253770934
35827.63516880493
37330.568704461024
36902.15050675209
35187.89965995833
37019.330263950586
36097.80796293228
35883.04588675038
37251.87016858522
36605.07581789714
35803.707747959335
37011.70505474298
36607.18309367243
37092.15936506568
36508.99229872979
35994.77260932548
41331.46569008521
36655.750195079214
37928.23278745643
36498.22519202637
36721.507436224114
36990.98806028758
36179.135545443176
35007.07057148512
37574.478232353016
36939.472548902144
36599.66993713844
36993.44490064983
35584.97339667883
36033.69985114508
36575.673315256754
35750.01090092142
36557.715738019266
36567.87284383908
36708.42608245977
35951.762594668995
36280.446763613036
36158.42436340141
36709.70285405081
37331.081480539455
36609.03682735492
35512.209369919605
36556.93510118462
36236.96318077387
36116.88625418929
36684.251815836156
34965.62364651099
36931.746240447486
36853.116483243495
37197.98779205208
37077.80612438292
36813.638472216204
37281.055737140196
35683.97320512853
36962.68540690447
35772.84537191699
36608.87401050717
35712.71468496367
36629.898630064425
37473.862671730196
37000.09592067683
36760.55545871572
35592.12410005302
35662.71457019907
35951.0920897335
36348.717308356674
36098.48658263796
36762.64116474386
36076.249194343065
36762.648206437676
36254.061080682724
36428.0024155088
35543.57550366667
40519.45935608112
35444.26648391586
36442.27432345297
37261.49722847165
37491.621256559265
35804.41486324278
37030.41532832077
38915.31913472324
36207.0986223308
37978.788388047855
36185.3132757046
36531.449210316765
36494.37020170037
36285.1951940932
36584.16333009275
36078.72035218205
37335.255312969064
36638.988335831644
35987.68580395863
37089.020209357375
35843.47254237774
35986.0719667723
35961.02345057652
37054.110040554166
36323.98944307317
36255.48210497688
37266.81324151894
37164.64129620507
35999.08729930434
35404.07578939553
37419.851943590904
36683.25640235155
37916.545220024826
36530.52647239176
36925.03577846633
36092.18290603299
35558.70179559089
35647.16680030784
36485.37738783802
36310.28630029591
37578.72623473171
36694.751384725496
35518.222412851916
36922.25008642533
36789.75337453726
37066.87346899576
36549.00794881309
35980.37434255239
35791.198014891874
35564.883206003804
36623.95471318489
35978.40258723825
36932.697166744045
36671.47984320164
36698.19729490619
37923.12624917915
37107.48550419981
36796.537893365836
36695.55608570521
36673.78082117167
36378.96415159072
36317.01917156594
36176.48943361135
36365.77670426527
36264.54397011417
35983.004902432025
35864.77950619799
36637.14589418791
36502.613925362384
35967.31538304685
37355.61949754651
36461.83832616345
35902.87205774629
36405.60478513201
36308.51677410881
35881.93834897836
40921.58257745023
36459.30604797612
36757.3356858028
37145.02444507262
36746.2696254448
35836.12370315
36264.557683962645
36831.87751610709
36033.21361045328
35495.873355364485
36897.29756075175
36474.88070591868
36977.05702204442
37408.94641676311
36030.636855292694
36610.0831192658
36115.953786331535
36272.176004083725
36434.73084585173
36397.697024385794
35830.5891990346
35595.344441395624
36568.68767065337
35340.76464242847
36366.714826247786
36726.462544040325
36295.1859986464
37702.09957886297
36630.58794409928
35940.6766079857
36092.34593688922
35731.30617872301
36762.35582789504
36648.13102719953
37162.92016371551
36041.27891279985
36245.17469952551
36147.175132728764
36362.56712870385
36208.267352266295
35837.8983002921
35986.011539651714
36263.2004917097
36102.557662659114
36275.42661198619
36626.05199347341
36746.965952180675
37123.193872740456
35897.88332664863
36594.203511536885
35886.73140057581
35381.04971920942
37267.08496989055
36324.49487245512
36250.02002272439
37528.7038811666
35902.59590996257
37151.16343194562
36498.29851747582
36105.84678371065
36131.14778489391
36772.46844133666
41956.47967730859
36279.62056946162
37201.39000214134
36962.338363926254
40667.19475306635
35802.39408815194
36637.78621026808
36102.95325014193
37252.8431781978
36669.555250545614
35714.704500231455
38952.075018133124
36908.41106939978
36337.8910775804
36482.24093801078
35868.3880095929
34993.218221138144
36761.356628582434
36731.51052220792
37468.60190990709
37039.60105975205
37101.241286278564
36275.61228300332
35814.811255236964
37533.389382250294
36172.4327674351
36399.76697079836
36201.41178754365
37092.92520315258
36378.64106665328
36386.31707255285
36141.19955258742
36726.865129357495
39989.611494225435
36656.3312517466
37060.716821432354
36356.59758815315
36344.13481854286
36480.44267747996
38843.78685501092
35912.50891529366
35987.75166334339
36988.785883249395
35521.97400129926
36220.648832952815
36344.15750188325
36103.18659788188
36877.17074587888
35453.97147313242
36353.651182585374
39317.03014504916
35725.93714577945
35901.98392367155
36397.6013173472
37144.94657460083
36230.332077018465
35977.00594445134
36281.65801832763
36081.1462136929
37192.62776690794
38007.381906429546
37002.25293667541
37276.06671828008
36263.07172690583
36483.101121798274
36236.79078624805
36075.78229140743
36473.31988628067
41772.47897743651
37038.650495290734
36033.50709590025
36412.92850781469
36218.00882170635
36695.44581050383
36976.905618280936
36549.18911179657
36969.149347109196
36356.079960641655
36218.85335228766
37061.278406398334
35916.52779202724
36961.829766881645
40095.8077351621
37067.68449708673
36159.74414501341
37811.74006415129
36356.86573655434
36528.330405655775
36612.70612357746
36352.95657356933
36934.33515679401
37214.59204041813
37284.22998302174
36485.53403469351
36008.60868858667
37030.56109738791
36623.70449370452
36348.42553854469
37041.60264018797
37341.40707182538
36918.116111358126
36429.608198956754
35890.282230591576
35713.254058350474
36632.16770831491
35776.24834547112
36651.96766018602
36811.31910833079
36233.96262879914
36781.090103370014
35499.30362201354
37179.84702055387
35906.68817027932
36885.61702007316
37062.01426123849
40872.90922156725
36160.14225201728
37128.6193229219
37785.541924932826
36650.31482655743
36720.88730193881
36429.281064224415
36488.04525801495
36216.39951973327
37348.70469105248
36497.31023391026
36969.26165071892
35615.06080864373
37563.55524033082
36858.045975343855
36215.30960423676
36716.61725363174
36437.031585583696
36568.380558519464
36390.37855528443
36495.76461981079
36025.66342927149
36067.67853311474
36432.40585531487
36143.060956435154
36584.29577776869
36220.22383954046
36479.84955777071
36680.12395770942
37101.99455905213
35992.25587972454
35764.01377249773
36327.92529137274
35993.80019055979
36487.14802951847
41953.83063257485
36264.13231760227
36655.128995230254
36814.597417822355
35854.87667238818
36578.99388472311
35959.660749649476
36433.444363619186
36658.724886781136
36890.22234522605
36955.41510091736
37795.95759233567
36377.93526447992
37477.068181385635
36526.571101597736
37468.227399236224
36064.980210989335
37962.648007690346
37121.2390367047
37260.005485803784
36358.51242435284
35866.70360188551
36811.0246316263
37922.4627072156
35910.69676749748
36037.31589189056
36378.23961531198
36482.49269509213
36266.49642111528
35795.02398600549
35519.78288809353
35860.62269304362
36359.50229955226
36226.57502231816
36198.64991533907
36236.11590632222
36536.484984427676
36681.54839339976
41921.26075973585
35958.17983546148
36714.58030256561
36656.53837656124
36493.359082283416
36588.48494879431
37397.014771298425
35700.04196190885
36912.06545268831
36374.98802642117
36397.245506448286
35002.88534357779
36209.94614235924
36836.223826363435
36253.44487132927
35623.405005397
36734.042094628596
41847.80991973883
37570.82050009275
37266.30986563981
36426.55308792093
36462.85603842802
35908.642753018496
40446.82875437744
36062.70252447336
36992.475645574035
36016.81175541675
37352.95990728994
36793.68125538616
36831.913326019436
35912.90646712641
36672.730514272575
36225.52622717404
36813.798946296265
36258.622573298526
37193.995792817324
37338.54625390181
36345.08959993758
36193.90730747159
36215.88643247547
36377.86947519222
36164.53086848718
35965.914984575014
37361.78449814331
37274.12199354886
36413.10794231758
36485.58881713497
36316.23942146835
36316.47667556606
37420.605151050266
37005.017311085554
35625.25367342978
35438.4991464329
41371.787989206
36378.06966475471
37519.49255798647
36550.441131851265
35923.93544511281
35793.01447077817
36405.005973551415
35880.951118412995
36720.33112858335
36354.2854658984
36324.456065459235
36329.35347486956
36191.35240521624
36369.05926393935
37210.84899175056
36782.81404031241
36725.3395062238
36451.688806357306
35824.635708810514
36510.77492955021
36246.121804808885
36627.04105999626
35765.22035413661
36723.35494060138
36979.946478031365
35402.78201774352
37090.959560797186
36197.261642858604
37279.780773213904
36391.2642084286
35956.572577840314
36474.427502874605
36629.69724646528
36668.51638097394
36382.459644777206
36299.98561250384
36352.818377108146
37203.61576343189
36085.850083926125
35672.06603384269
35501.72952644742
36876.22411071794
36567.07011354927
35346.330538640315
35900.26124923251
36675.57292356654
36981.68782137605
36396.70245535948
37800.19174597833
37626.85132590826
35506.92794268313
36594.040534973275
37445.88468217672
36289.20911307216
36854.69479125617
35107.577934257555
36049.58875006629
36618.28969662833
36540.5581299077
37012.253764611356
36276.44701933161
37810.27299264311
36545.56153465987
36461.420234170946
36602.10164799024
36911.72133427347
36374.94095025077
36987.779846113284
37695.82935584313
37043.25140195321
36899.975255955105
36817.21121996026
35811.56252899348
35668.02004461499
36562.08764043792
35981.8903295087
38135.21194293022
35956.492214260485
37046.33922683
36816.68842243741
36354.503373022904
36618.03065333861
36843.13287643914
36420.9084308631
36583.01806779665
36981.76597603686
36916.52805291071
36617.88169260872
36296.867367978644
35902.50857753767
36403.99643398586
41204.87161120733
36496.167796617665
37007.989584718445
36241.062528527844
36910.38719692067
35925.770343583776
36976.56206838645
36048.067221200086
36297.51543178175
36891.18131241676
36134.087205398086
36547.9486884228
35616.3062182581
35838.012545473786
36330.94756233642
36336.57004021982
35879.18051107694
36648.086435291116
36137.22989887588
36688.275962693064
37455.748250245255
36646.486579911056
37152.041445403906
37390.396808539095
36068.498020931256
38276.885937880266
36948.87407074194
36435.17299967008
36156.21036989093
36213.73518769072
36544.49331594843
35802.589671280584
35873.42486301667
35605.46101140987
36842.38767767238
36673.205565056276
37202.91410122051
35527.92895839249
36777.57941974506
35224.27479495363
36638.43884492773
36716.67885025008
36023.573041169664
37547.12438030364
36951.493627088625
38430.024448421544
36221.201605823895
36603.446099200846
36795.888032339186
36415.23262949573
36676.26852936895
36182.042551938976
37689.79830422693
36508.7195677605
36514.15213164515
38232.46167080928
35513.880369098995
36298.234878091636
36709.56709338029
36979.88921449244
36403.92070518395
37240.81958224624
36958.911752205146
35258.41191537655
35656.11827564189
36297.49325937061
35854.961155268786
36482.25744434089
36431.808126449556
35626.60288501377
37143.50985996261
36044.3341474811
36233.3122809468
36805.95284782679
35936.9109120072
36149.600425518845
36341.69927977165
36551.055666075925
36003.32345341612
36582.64351891888
36118.629412700124
35865.81279355466
36489.74611900803
36866.727806234754
35993.18046573888
36645.31407532194
37243.64142774279
38293.80674639965
36748.932967017594
36635.03629426075
36288.84326798083
36372.536184655466
35928.31272866664
36689.3442079745
36189.011338902696
36581.88947160181
36785.258926217364
35932.80568277827
36932.074332634234
36677.2879915015
36931.84457554646
36396.012845024685
36254.89985903428
36804.70807367147
35876.12663349236
36616.028512577024
36932.93379085397
36196.99437360198
37372.77823848832
37215.596903655634
36674.70770332077
35786.20342502803
36068.29984076993
35864.512798658834
36410.18887133003
37541.91602556819
36954.124752032825
35670.93299772409
37227.32913097803
35953.23420765156
36167.57706050274
36929.2882626045
36482.35970369742
36513.40693459459
36015.719222251704
36587.78641809722
35887.066069465574
36241.35830520237
36655.63151450191
35686.235755228954
36889.2971105434
36614.872052873056
38493.10942745577
37848.50976495641
35641.72661709864
36149.982178310136
39400.2080510009
36256.80158583582
36016.06889878268
36761.7508692526
36352.558555239884
36269.07755883251
38213.126061698684
37036.37156946207
35933.98436972037
35464.66586912351
36530.17834421582
36616.62446603097
36623.4857067757
36508.73503881493
36616.59832076137
36443.084146385365
36768.51295902607
37613.76531730746
35520.6315751019
36949.976232180656
36695.140885100285
37115.63006605801
35441.91142511676
36047.89656926439
36787.83135638552
36429.158114861486
36378.966004911905
36052.772553714036
36220.584680434054
36585.37210940607
37305.78795220774
37270.10953647447
36563.19054674444
37034.48668662876
36478.11113173419
36519.252612016455
35994.633719393154
36562.20492215864
36531.156842433644
36342.13665775391
42024.746713841254
36981.74701829346
36681.980675955354
36394.261371808585
35974.75333693003
36480.44307913066
41584.82231573947
36248.663939797625
35342.56665023522
36932.54934286399
36306.66246448896
average revenue:36633.82494833304
possibility:0.014