27553.025907848718
29756.264515114806
27775.94041743716
27394.178512200713
30453.158450844272
27623.994546429167
28535.986283710125
27969.73863358891
27724.17995846049
28032.85056141393
28575.251334853463
27763.658753264757
29059.663636660738
27926.44365621666
27829.29485965978
28096.203315827534
27490.48797056195
28294.04809914469
28817.58984922394
29252.549734434688
27694.343971169354
27956.972250650313
27553.362554632466
28607.35127054069
27619.86514421183
28480.112673686843
28647.38473937019
28157.09500871755
28284.028400342497
27227.08418427855
27918.30343987696
27445.767115650517
28385.375148757612
27334.123541243353
27864.30360465652
27905.444911134666
28834.83962601456
27342.43986339843
27702.13086212384
27217.74218604092
28127.156709109586
30437.66723098283
29073.997041371465
28329.136301828144
28501.250605525605
27953.04514054935
27691.55331706029
28699.80179530432
28783.85691696357
28180.05930603778
28350.30732618245
28091.262734945558
28006.355272928646
28262.9413966773
28214.520956893728
27552.2430698749
27911.387439285594
28236.18075805918
27685.36359263227
27478.795473429545
29191.608108232966
29643.60349741808
27643.46863504071
27841.31829972172
28107.41891203512
29113.6322889211
27519.458975793023
28836.531525250437
27292.488919187716
27872.171288646492
27845.089666850028
28768.498521926296
28060.99780681454
29338.817557139937
28399.942017191734
27914.58956266318
28465.19483314714
27844.20020844697
26973.87685845961
26980.025750571127
27888.555906228987
27745.505930928495
27539.447158946514
28175.690371093406
27152.554588046194
28199.894706642248
28873.684469725107
27537.35143996205
27349.364220229225
28072.258290230853
28421.598775070655
29527.025786788392
27761.00702380372
27711.022140760833
27515.44736295313
27454.982894843528
27435.546048398828
28485.781095856913
27541.734662238003
27305.291221617106
28787.029812608
27932.75208673578
29846.72590372851
27685.653540389
27943.423378180032
27521.702130953574
27380.190319698355
27436.404993264303
27630.30403971749
27247.434972275394
27785.62074570884
41511.98359189954
27794.7177818572
27915.638417307087
28622.124903574106
27941.316269169383
28359.554748955605
27761.7551219367
28834.85474019357
29696.75673496231
28471.25429595395
28199.658087996373
27591.41735023089
28113.426585955884
27619.775284516127
28610.98961429751
27271.78558627293
27829.76247872522
27821.800458517184
27821.01384279533
29997.968349914823
29538.938153818453
27715.894736890164
27771.035881610842
27631.56740114861
27609.707125554793
27924.17049436366
27797.28593295663
27782.84775728311
29782.372690974247
27415.118524152265
27249.96691670141
27416.552119557957
29169.432480909487
29654.7206167191
27439.606266205363
27243.629001656227
28265.357925215925
27529.903999158807
29046.448649097845
28261.714556754407
28208.613588596363
28392.20689510018
27308.433421795882
27952.134131187257
27510.318243178983
27553.002583311696
27784.710538214633
28335.870013711567
28968.41145888408
27170.317762913262
28159.671520353535
28339.158719688432
28628.586592778138
27373.223244401597
28829.218733707527
28067.89912112403
27712.673426672263
27481.997487998815
27444.16778420366
27832.2894766188
28525.274246598186
27196.772436676598
29001.45871842806
27425.554085227075
28830.357068319634
27704.000343752272
29119.220026220457
27623.64414567081
27566.312632480098
27316.575397899654
28289.47524892427
27522.353441328658
27786.940558697705
28250.694280703745
27676.663312445395
29075.734762443033
27573.00557352791
27994.182448066276
27995.425266880164
27724.302069568057
27951.590190638788
27358.90532411452
26934.034789115154
27647.083519931082
27576.208771679918
27131.687271690847
27777.923037240012
28073.281729118742
27958.040748698237
28069.505198359053
27400.178295138365
29008.26322418921
28230.110099861817
27510.871811818597
28368.944789800276
27872.719788411225
27345.463221222486
27963.250305549478
27159.721970654373
27677.69572670538
30379.296581709932
27593.07339933006
28402.719929796014
28214.303665901247
28227.151993605636
29595.68130851201
27910.664794920995
28691.781180039547
28165.97518077855
27661.67144304581
27792.5297974975
28359.258619759723
28686.521416916927
28443.36066488312
27835.327724004223
27625.630390132068
27423.06841818619
28912.631489846783
28521.64720504437
27361.52550377877
27771.375979385295
27826.305639833045
27124.59919444139
28464.131790657913
27294.84070912633
28012.876353044798
27332.402492922545
29419.0781045846
27563.519648382087
27941.325153128786
27784.306476090795
27902.423203111226
28174.469857088458
32482.667460313223
27868.435347467643
28371.791251470087
26815.630551733408
27191.08521034771
28759.752305565326
27942.862517078007
28073.558766513743
28899.199029026677
30696.450234843196
27297.590276874
28316.82763981558
27244.495381587443
28977.240906636678
28402.161069220143
27233.930921906478
28897.321862196943
28655.560014161372
27982.283221946494
27325.043251818173
27660.972261693074
27239.732585518886
27991.064686590977
27915.40072222496
27290.906840155516
27113.89290410202
29483.219439922468
27269.769817389224
27793.121113645866
28106.887844628644
29969.645933025353
27656.230775005366
27600.472497389186
30080.59969342729
27781.46582198042
27891.48709533753
27502.366161098093
28068.90677235033
28368.749619196828
27652.891310823015
27229.723002506376
27503.55984292568
27466.496266126305
27317.15298934629
27774.24914120956
27588.00024430531
29162.885493076414
27365.415540547634
27874.371988547442
27693.724660934968
27942.772202216733
27600.022620311072
27449.61017213094
27648.90013046383
27999.866437506746
28143.06303699962
28444.527470917947
27489.571531444653
27482.103986991275
27996.074490810686
27786.258894644132
28301.700875635233
28277.0118933847
27555.641093957434
27827.04912147469
28022.060697637942
28909.489485911756
27339.06618451593
27113.311618918848
28380.673185054315
28580.1941997456
28358.853465294775
28546.09646153213
29537.311789654977
28101.443513715258
27494.043247714053
29061.55664614645
28034.65568680667
28047.96625606934
29303.523122412418
27447.234538139313
27378.07428083031
28145.07915217903
28422.88118462816
27890.41711126586
28835.373648827546
28284.995806750903
27257.47016493407
28160.376179819632
28102.16755495721
27818.208017688656
28234.272312583904
28246.40365693029
28003.624479530925
29108.18647546511
27323.01093026074
27885.15436340228
28403.525585447303
28209.983441850683
27541.515463840653
27755.923935105468
27261.799580454852
27318.980330553084
27971.96768117802
28545.485806333534
28660.41691581824
27520.76079054317
27310.336970535718
27973.428719885374
27200.084693455578
27800.806251213544
27617.806130261506
28369.24261448929
27831.23814697435
28544.10510615881
27804.075379919595
27389.91003811061
27278.64672429317
27820.692239523163
27514.015440998006
27910.537382833405
28481.834628908553
29130.46700231765
27741.060098942475
27984.546967578626
28200.248336121553
28144.000538993623
27828.212998502127
27580.069400951255
29399.645939060447
28061.88089482081
27927.16226352699
28929.34269357849
27860.572501688155
27239.365338660216
27583.123364487736
27947.320115047456
27551.33180754349
27517.994538996933
28053.606329717004
27778.326110478865
29220.964294175003
27385.76609801195
27222.439937325777
28530.739067334198
27836.83856943221
28264.40158660365
27609.1024031561
28314.07398658579
27853.9697640497
28649.714829506775
42123.309491646796
28171.28664492947
27185.33679715609
27604.68901708963
28501.774982333707
28138.04654540085
27883.57776553696
29141.64595132439
27628.373115481936
27618.17474101584
27974.84742026881
28437.92710743779
28202.85098530734
27189.924634662475
27570.376427795163
28881.85115524217
27397.76770538786
28866.55482462097
28435.448753861525
27757.599092205724
28142.701885146816
28372.076329476444
28104.723747729495
28794.36970195712
27406.826548816756
27662.82715627194
28975.346593494232
27630.943516949323
29557.941183587718
28054.650576584198
27495.568713165525
28757.399972430983
27881.7716152674
27358.207113930737
27749.550379062828
28027.735358612066
28156.83753254294
27903.26475595869
27840.45769687925
27436.670505275437
29239.904225623435
28547.705375970163
28161.05392470755
29162.36353374677
27310.886011109804
28047.266087098396
28063.831783210357
28341.000889568022
28408.20736659554
27436.891195920198
28507.854473840143
27388.764226611584
29654.017698522723
27867.158406682658
27618.098742487593
27403.203514264547
28259.258936279653
27212.223433300594
28111.406395639457
27896.05884535653
27828.105879945924
27719.287510146263
27558.509271617866
29211.400254331234
27887.494525100337
27739.589161200798
27548.256863589155
28275.34955577951
27217.706372106786
28130.62557403019
29127.33753242844
27473.288536746823
28209.994005078843
27487.444330601928
27630.762774413553
27801.407800520476
28875.534602286105
27570.39443157094
28487.28361628675
27641.562884152638
27921.54589405361
27659.52953475159
27826.309614706846
27390.213036544712
27950.71817209441
27933.274047450795
27670.99495706554
28008.081031925572
27536.504566815445
27444.141864004647
28914.557193338016
27399.989385480487
27464.168094164907
27363.856868311155
28090.467012391342
27311.480550461987
28862.761089061456
27699.75654999192
28077.28999155364
27762.740593523733
27800.879173719128
27857.075987373908
27852.828674679964
28354.22529331664
27164.382923763376
27960.104782274128
28251.425024868593
28357.18298885412
28202.874496935685
27346.155185767097
27261.95700970691
28351.891822782185
27818.443290509495
28171.72407888311
27037.079133306695
27040.721473767506
27882.623109486256
27541.813500453547
28496.745292087264
28059.665799745857
27917.75899094989
27901.7296211356
27144.366624091726
27890.556472687404
26890.998389589902
27506.936915609163
27662.468456479346
42176.11273068045
27033.053548419546
28823.701463178542
28690.046026487304
28615.664214382796
28048.711833808942
27716.512718403148
30458.246399091713
27285.77063328977
27889.527778177504
27551.874646144173
27961.455150851987
26988.227747045297
28468.434100427363
28678.596494213
27463.265676959192
27623.3673801784
28349.146405713225
28430.183074221182
27460.587239201028
28457.304495909364
30973.067967374653
27378.966314897352
28472.4783375028
27439.93241983041
28721.974536239646
28371.67892576658
28468.61473089174
27772.32683984379
28204.55575528178
28449.36161068568
28100.919971613057
28590.65163158458
27330.82525548702
28444.940886166794
28339.283189708553
27514.3367043889
29013.00207447008
27892.561646529888
27700.891772407373
28452.07562786208
27447.33630701721
27707.667824486587
27515.72439717657
28649.32096933297
27655.25470314332
27664.6051946607
28636.121210266832
28384.493663929512
27633.745812594796
28886.19183873651
28045.821136261304
27740.513217743926
28955.59799716887
29220.755590425648
27672.386946404906
26979.083754825064
30765.816904099753
27564.55263612479
27333.745105494512
28059.81951176473
27499.23755495261
27913.189972612112
28195.293123589632
27103.26093801009
27367.609140858483
27617.45313491863
28769.191830228
28311.817584283024
27696.24959977389
27473.728027022018
28078.71314811227
27321.02102091989
28499.956393106928
29723.346574139912
27617.24429850393
28269.260847763067
28800.76031168382
28194.819864343543
29540.277368136038
27764.06749460207
28166.225460546724
27405.52205034483
28169.56225886804
27995.241015911084
27836.448613787765
28015.580823392145
28167.077492817592
28561.304200457642
28252.708224000813
27911.98073628925
27622.917869492834
27788.639474386033
28170.98266593323
27522.517220557762
27473.701378302376
27148.356792349896
28016.70239626165
27111.752708810174
28306.009222226836
28494.089493706866
27888.20118007089
29046.737948564256
27319.17544057417
28157.96310086332
27798.76496026488
28147.095723951916
27967.965414636226
27936.732907303995
26951.91278316764
27671.781692669818
27256.820434518148
27257.336889234284
27210.36604426634
27999.391252325157
28054.070093485705
27319.356038831225
28190.169708100082
27993.48961046307
27900.659592895612
28301.33861640342
27936.423281462674
27253.37718989987
28836.710024920947
27646.52020950196
27253.50571031711
28499.476195564028
28647.284986396407
27696.88995271692
27723.808178269308
27960.75626641774
27826.2035595059
28027.795086438022
28015.02478292379
28841.56984544181
28176.51420699693
29015.910169790248
29548.11713959222
28848.839763747674
26785.815600265832
27831.17372320293
27354.09571956899
27537.067815524264
28273.928247538028
27133.94600910673
28245.62596395031
27131.14379598118
28198.30488134314
28609.112235898065
28408.938368258998
27648.32746054959
29686.986508537007
28821.640583281358
28418.936359463223
28248.717985708463
27471.348036371528
41954.711245336024
28406.17862369813
27441.248753845102
27733.039480173586
27242.50853612571
27932.319259232296
27788.330526922375
28343.58098534742
28063.634399379716
28054.30600090313
28022.50970461497
27521.291458359618
27786.167682216004
28591.690044330575
28863.989190420623
27593.763535913888
28825.216740287986
27236.079854005275
27347.254634154808
30006.29840281635
28056.149299262186
26969.109697781736
27902.56010088274
27342.099270784583
27875.896521112376
27880.537996650495
29012.410537889067
28092.56146155668
28336.46083749342
27356.569968853102
27730.058733872178
28374.844124350817
27932.13980743291
27883.28053504092
27696.328312450314
28172.70553590852
27562.240004565698
27957.239036984658
28368.897013432565
27401.400112529383
28773.39801761453
28137.619386670896
28125.111509632676
28288.329504517304
27421.120106938295
28408.225409702954
27728.47887665205
28273.99885797962
27472.561075221038
27476.75946756562
28188.17704875963
29924.92285123692
28598.337690132055
29205.267242567184
27929.090866290244
29378.64034636893
27394.024331392113
30002.62877065962
27841.1711177829
27959.20270399525
28319.91545175869
29183.26558109094
27200.70778163992
27505.49565643147
28280.15487458886
29020.498846833274
28636.018433226225
28250.020467212333
28457.3770422244
28750.11377829166
27665.558896257295
27530.043762875724
28895.27295693503
27994.429598531344
28246.806531587128
27988.856443180463
28049.215718379823
28401.949772524582
27800.984841782363
27633.975963201767
27433.142534067203
28258.711962829086
27854.59741827729
27752.635466300144
27938.398595631385
28077.848181883193
27220.0172208185
27973.577144635085
27443.116090157593
28597.99224526781
27526.305832032456
27392.61955610099
27754.943683662128
27607.746672838814
28096.225925462353
30349.787591209366
27414.74248903234
28398.31796942683
27401.592905405992
27764.28875282798
30711.247969321856
27525.24629377674
28484.28818607027
27674.457519998672
27498.867753257193
28155.132238854723
28457.221367688206
27099.327324523525
27280.134399418617
29104.619434586948
28116.979103425383
28265.66358963263
28047.956171423702
27535.886993092772
26997.927193006923
28665.57045449631
27335.56903436586
27236.5543168563
27734.216056061607
27916.029955935777
27952.584463428768
28131.732774587425
28374.907723382374
27742.88528963862
28493.043525017627
27712.543440067417
27594.173956198298
27518.028109640618
27567.759974803554
27668.52270841391
27874.238770045966
27921.688711931867
28631.098196304018
27537.646605347833
27780.07064491834
28052.131288667035
27844.082810591448
27602.637657235362
28208.928988224954
28366.10174525732
29544.098610482848
30456.315892610746
27772.475298102698
28017.095914655914
27846.611280461144
28948.851262436634
28286.90575006484
28619.075238159032
27734.603765471435
27889.863803972563
29369.759241517117
28043.135378494648
27318.513898875175
28692.473050793098
27539.07299025524
27941.839229123627
28077.299449491256
28291.767294509158
28945.68825107278
27763.93891987374
27878.6358298948
27550.99776811593
28852.265334218588
27614.559198101364
27130.869129907533
28605.052925984233
27256.930645279805
28480.907789964742
27044.05981085865
27361.913247208904
27018.24526907969
27973.6369826481
28025.7837721833
28634.210916391672
28565.746621035047
28525.08487783161
27663.216347781978
28541.031465458444
29250.094902228484
27519.766646278924
28530.620970824348
27784.359645932578
27384.428982218982
27747.856215165943
28779.800203081282
27720.640417809685
27515.606163455555
27541.63487857686
27478.90005349808
27667.076298748074
27358.99947271964
27596.205257888665
27653.509369434112
26911.84061771075
27704.312178070846
29338.48375196126
27780.000992798792
28146.204565131557
28647.93427714701
28147.366851632498
28839.041478700794
27434.579765124057
27306.762272151693
29865.414848247718
27323.98784502924
28703.02249650496
26943.500335556928
27690.975463114566
27917.17683314522
28301.448677555803
27333.908502809787
27320.781335869953
27422.79812282943
27372.802311075855
27587.236920711526
34847.26068320859
27783.97178922143
27453.338940928665
28884.300113418078
27225.419153920815
28206.151201389435
28295.334920676545
27794.946670824418
27771.296405005723
27783.952075129113
27483.82781033652
29215.526966708345
27230.484647756715
27267.13873592283
26863.405059601835
27483.542670715127
30421.04641799186
27634.715680411053
27115.751290243956
29853.537153991776
28987.9460346052
27484.761052420377
27741.39769629488
27973.10189303372
27479.401245394856
27744.95834800653
28705.05038240465
27450.41352549374
28449.440193278373
27640.980046465702
28254.53913188283
29012.527975733392
28337.080112257634
28480.6638401159
27627.45917043133
29198.96895025541
27267.032939399352
27671.375163942455
27688.849763849263
28419.986723498114
27974.06278589795
27470.75712782327
27673.308911632408
27607.70977497859
27745.602886684115
27531.313016261924
28381.019838114986
27702.198262282556
27893.578907765932
27403.492424871256
27444.611184279933
27710.95147397553
27803.10227276846
27437.06956013738
28332.43206789958
27742.079989216523
27569.824654179447
28329.43057508604
28049.109716002225
30356.40636428975
27568.932418976055
27157.471158698194
27070.20955612885
29063.326108490422
28106.022221680745
27547.473950511412
28006.08304244954
27469.579833224037
27903.433150189834
27389.420113046024
27230.61202854372
27832.258036058338
26986.892102199283
27811.261221171946
27657.666139032342
28924.57225631045
28446.575346219815
27536.22350979179
27631.213730307234
27749.281896393237
27808.13389708564
28298.269913281714
27916.481885054447
27539.3563060667
28412.027690985404
28244.3842221497
27566.993945518887
27468.81023641138
28813.43121229567
27533.726425352863
29141.74923470133
27508.528793984362
27493.91556823245
28560.539512428644
27445.40595386973
27432.266234580904
28036.866999132646
28188.533765344848
28790.02481034883
27864.46875251216
27644.210215559633
28492.692522595593
27361.04164667611
27446.883626676896
27487.18316086528
27343.750675316223
30209.999253459002
average revenue:28089.301900955954
possibility:0.004