40603.41092258642
40654.063886177406
40754.11988617746
40858.72388617752
40613.13188617738
40963.327886177576
40954.23188617757
41004.2598861776
40667.70788617741
40986.06788617759
40704.09188617743
40917.84788617755
41108.863886177656
41040.64388617762
40881.46388617753
40886.01188617753
40976.971886177584
40913.29988617755
40672.255886177416
41017.903886177606
40967.87588617758
40790.50388617748
41117.95988617766
40713.18788617744
40745.023886177456
40849.62788617751
41086.123886177644
41190.7278861777
40840.53188617751
40558.55588617735
40785.95588617748
41004.2598861776
40936.03988617756
40958.779886177574
41204.37188617771
40704.09188617743
40840.53188617751
40658.61188617741
40763.215886177466
41072.479886177636
41008.8078861776
40876.91588617753
40685.89988617742
40726.831886177446
40704.09188617743
40754.11988617746
40817.791886177496
40785.95588617748
41022.45188617761
40990.61588617759
40895.10788617754
40740.47588617745
41081.57588617764
40845.07988617751
41054.287886177626
41026.99988617761
40799.599886177486
40763.215886177466
40872.367886177526
40858.72388617752
40904.20388617754
41104.315886177654
40808.69588617749
40945.135886177566
40508.527886177326
40635.871886177396
40831.4358861775
40981.519886177586
41004.2598861776
40817.791886177496
40835.983886177506
40835.983886177506
41172.53588617769
40890.559886177536
40667.70788617741
41077.02788617764
41004.2598861776
40758.66788617746
40790.50388617748
41095.21988617765
41158.891886177684
40876.91588617753
40917.84788617755
40735.92788617745
40872.367886177526
40804.14788617749
40867.81988617752
40958.779886177574
40804.14788617749
40908.751886177546
41067.931886177634
40954.23188617757
40917.84788617755
40890.559886177536
40849.62788617751
40899.65588617754
40954.23188617757
40817.791886177496
41186.1798861777
41045.19188617762
40690.447886177426
40886.01188617753
41077.02788617764
40931.49188617756
41099.76788617765
40785.95588617748
40804.14788617749
40990.61588617759
40849.62788617751
40722.28388617744
40799.599886177486
40904.20388617754
40908.751886177546
40945.135886177566
40908.751886177546
41113.41188617766
41026.99988617761
40863.27188617752
41040.64388617762
41031.547886177614
41031.547886177614
40931.49188617756
41022.45188617761
40840.53188617751
41017.903886177606
41122.507886177664
40876.91588617753
40913.29988617755
40949.68388617757
40676.80388617742
40694.99588617743
40963.327886177576
40981.519886177586
40767.76388617747
40904.20388617754
40904.20388617754
40940.58788617756
40726.831886177446
40908.751886177546
40890.559886177536
40967.87588617758
40722.28388617744
40876.91588617753
41145.247886177676
40731.37988617745
40799.599886177486
40945.135886177566
40945.135886177566
41054.287886177626
40863.27188617752
40886.01188617753
41158.891886177684
40731.37988617745
41049.739886177624
40976.971886177584
40654.063886177406
40708.639886177436
40758.66788617746
40781.407886177476
41108.863886177656
40672.255886177416
40867.81988617752
40822.3398861775
41049.739886177624
41040.64388617762
40649.5158861774
40572.19988617736
41104.315886177654
40694.99588617743
40740.47588617745
40886.01188617753
40799.599886177486
40835.983886177506
40817.791886177496
40908.751886177546
40635.871886177396
40858.72388617752
40804.14788617749
40908.751886177546
40999.711886177596
40936.03988617756
40676.80388617742
40694.99588617743
40849.62788617751
40886.01188617753
40776.85988617747
40890.559886177536
41204.37188617771
40481.23988617731
40785.95588617748
40822.3398861775
40876.91588617753
40845.07988617751
40822.3398861775
41063.38388617763
40740.47588617745
40849.62788617751
40872.367886177526
40804.14788617749
41149.79588617768
41072.479886177636
41077.02788617764
41067.931886177634
40949.68388617757
41008.8078861776
40908.751886177546
40704.09188617743
41149.79588617768
40717.73588617744
40895.10788617754
40881.46388617753
40945.135886177566
40963.327886177576
40849.62788617751
40676.80388617742
40826.8878861775
40781.407886177476
40881.46388617753
40799.599886177486
40863.27188617752
40890.559886177536
40667.70788617741
41172.53588617769
40926.943886177556
40667.70788617741
40995.163886177594
40808.69588617749
40967.87588617758
40858.72388617752
40972.42388617758
41022.45188617761
41131.60388617767
41136.15188617767
41017.903886177606
41036.095886177616
40826.8878861775
40913.29988617755
40613.13188617738
41036.095886177616
40867.81988617752
40799.599886177486
41113.41188617766
40940.58788617756
40881.46388617753
41081.57588617764
40772.31188617747
41117.95988617766
40936.03988617756
40917.84788617755
40872.367886177526
40917.84788617755
40863.27188617752
40781.407886177476
41095.21988617765
41026.99988617761
40735.92788617745
40858.72388617752
40831.4358861775
40890.559886177536
40999.711886177596
41190.7278861777
40776.85988617747
41140.699886177674
40913.29988617755
41036.095886177616
41127.055886177666
40881.46388617753
40999.711886177596
41199.823886177706
40826.8878861775
40995.163886177594
41013.355886177604
40776.85988617747
40676.80388617742
40990.61588617759
40722.28388617744
40926.943886177556
40813.24388617749
40681.35188617742
40804.14788617749
40795.05188617748
41086.123886177644
41022.45188617761
40594.93988617737
40845.07988617751
41008.8078861776
40731.37988617745
40726.831886177446
40922.39588617755
40936.03988617756
40949.68388617757
40763.215886177466
40835.983886177506
40740.47588617745
40936.03988617756
40963.327886177576
41081.57588617764
40640.4198861774
40863.27188617752
41190.7278861777
40858.72388617752
41140.699886177674
40954.23188617757
40822.3398861775
40835.983886177506
41213.467886177714
40886.01188617753
40731.37988617745
40785.95588617748
40913.29988617755
40945.135886177566
40890.559886177536
40822.3398861775
41008.8078861776
40967.87588617758
40895.10788617754
41067.931886177634
40958.779886177574
40931.49188617756
40999.711886177596
40763.215886177466
40685.89988617742
40986.06788617759
41040.64388617762
41272.591886177746
40940.58788617756
41108.863886177656
40895.10788617754
40904.20388617754
40694.99588617743
40799.599886177486
41049.739886177624
40949.68388617757
40667.70788617741
41104.315886177654
40999.711886177596
40790.50388617748
40776.85988617747
40585.84388617737
40835.983886177506
40831.4358861775
40922.39588617755
40972.42388617758
41026.99988617761
41004.2598861776
40876.91588617753
41049.739886177624
40831.4358861775
40854.175886177516
40767.76388617747
40767.76388617747
41008.8078861776
40936.03988617756
40876.91588617753
40908.751886177546
40913.29988617755
40845.07988617751
41090.671886177646
40954.23188617757
40663.15988617741
40863.27188617752
40954.23188617757
40781.407886177476
40867.81988617752
40849.62788617751
40785.95588617748
41313.52388617777
41008.8078861776
40913.29988617755
41004.2598861776
41213.467886177714
40999.711886177596
40822.3398861775
41131.60388617767
41026.99988617761
40826.8878861775
40835.983886177506
41072.479886177636
41049.739886177624
40840.53188617751
41031.547886177614
40835.983886177506
41167.98788617769
41099.76788617765
40845.07988617751
41013.355886177604
40754.11988617746
40999.711886177596
40835.983886177506
40813.24388617749
40731.37988617745
41140.699886177674
40713.18788617744
40749.57188617746
40936.03988617756
40722.28388617744
40936.03988617756
41017.903886177606
41026.99988617761
40822.3398861775
40776.85988617747
40886.01188617753
40872.367886177526
40799.599886177486
40735.92788617745
40758.66788617746
40808.69588617749
40822.3398861775
41049.739886177624
40963.327886177576
40926.943886177556
40849.62788617751
40567.65188617736
40826.8878861775
40963.327886177576
40831.4358861775
41131.60388617767
40804.14788617749
40886.01188617753
40972.42388617758
40758.66788617746
41081.57588617764
40585.84388617737
40822.3398861775
40895.10788617754
40713.18788617744
40922.39588617755
40799.599886177486
40917.84788617755
40954.23188617757
40731.37988617745
40986.06788617759
40817.791886177496
40863.27188617752
40949.68388617757
40767.76388617747
40767.76388617747
40826.8878861775
40713.18788617744
40858.72388617752
40872.367886177526
41022.45188617761
41154.34388617768
41095.21988617765
40908.751886177546
40708.639886177436
41108.863886177656
41077.02788617764
40772.31188617747
40808.69588617749
40945.135886177566
40581.295886177366
40795.05188617748
40845.07988617751
41004.2598861776
40940.58788617756
40576.74788617736
41017.903886177606
40972.42388617758
40776.85988617747
40986.06788617759
40899.65588617754
40722.28388617744
40895.10788617754
41008.8078861776
40785.95588617748
40704.09188617743
40926.943886177556
40799.599886177486
40976.971886177584
40845.07988617751
40758.66788617746
40895.10788617754
41008.8078861776
40922.39588617755
40831.4358861775
40954.23188617757
40722.28388617744
40667.70788617741
40913.29988617755
41040.64388617762
41067.931886177634
40849.62788617751
40817.791886177496
40681.35188617742
40785.95588617748
41017.903886177606
40763.215886177466
41013.355886177604
41163.439886177686
40654.063886177406
40622.22788617739
41081.57588617764
41104.315886177654
41040.64388617762
40799.599886177486
40613.13188617738
40644.9678861774
40731.37988617745
40972.42388617758
40999.711886177596
40694.99588617743
40640.4198861774
40876.91588617753
40681.35188617742
40654.063886177406
40604.03588617738
40904.20388617754
40945.135886177566
41181.631886177696
40854.175886177516
41099.76788617765
41045.19188617762
40713.18788617744
41017.903886177606
40913.29988617755
40958.779886177574
40713.18788617744
40835.983886177506
40763.215886177466
40845.07988617751
40640.4198861774
40822.3398861775
41004.2598861776
40713.18788617744
40840.53188617751
40804.14788617749
40522.17188617733
40845.07988617751
41127.055886177666
40926.943886177556
40936.03988617756
40917.84788617755
40945.135886177566
40808.69588617749
40954.23188617757
40740.47588617745
40785.95588617748
40795.05188617748
40949.68388617757
41090.671886177646
41054.287886177626
41008.8078861776
40917.84788617755
40831.4358861775
40958.779886177574
40917.84788617755
40745.023886177456
40881.46388617753
40735.92788617745
40945.135886177566
41127.055886177666
40995.163886177594
40685.89988617742
41072.479886177636
40613.13188617738
40913.29988617755
40954.23188617757
40826.8878861775
40835.983886177506
40822.3398861775
40981.519886177586
40749.57188617746
41058.83588617763
41040.64388617762
40854.175886177516
41017.903886177606
40881.46388617753
40740.47588617745
40904.20388617754
40840.53188617751
41145.247886177676
41149.79588617768
40840.53188617751
40735.92788617745
40745.023886177456
40917.84788617755
40831.4358861775
40826.8878861775
41136.15188617767
40945.135886177566
40726.831886177446
40895.10788617754
40886.01188617753
40767.76388617747
40954.23188617757
41004.2598861776
40981.519886177586
40826.8878861775
40949.68388617757
40785.95588617748
41031.547886177614
40972.42388617758
40776.85988617747
40945.135886177566
40785.95588617748
40740.47588617745
40913.29988617755
40817.791886177496
41045.19188617762
40754.11988617746
40972.42388617758
40772.31188617747
41090.671886177646
40713.18788617744
40908.751886177546
40649.5158861774
40890.559886177536
40890.559886177536
40940.58788617756
40858.72388617752
41008.8078861776
40831.4358861775
41036.095886177616
40981.519886177586
40772.31188617747
40940.58788617756
40804.14788617749
41104.315886177654
40904.20388617754
40990.61588617759
41031.547886177614
40940.58788617756
40995.163886177594
41077.02788617764
40535.81588617734
40826.8878861775
40926.943886177556
41077.02788617764
40876.91588617753
40840.53188617751
40749.57188617746
40799.599886177486
40808.69588617749
40958.779886177574
41026.99988617761
40995.163886177594
40781.407886177476
40826.8878861775
40913.29988617755
41154.34388617768
40963.327886177576
41195.275886177704
40822.3398861775
40649.5158861774
41040.64388617762
40890.559886177536
40813.24388617749
40822.3398861775
40872.367886177526
40999.711886177596
40999.711886177596
40876.91588617753
41008.8078861776
40826.8878861775
40826.8878861775
40708.639886177436
40904.20388617754
40954.23188617757
40795.05188617748
40981.519886177586
40726.831886177446
40813.24388617749
40758.66788617746
40945.135886177566
40881.46388617753
40949.68388617757
40986.06788617759
40790.50388617748
40931.49188617756
40699.54388617743
40681.35188617742
40958.779886177574
40845.07988617751
40676.80388617742
40854.175886177516
41149.79588617768
40926.943886177556
40667.70788617741
40940.58788617756
41172.53588617769
40572.19988617736
41036.095886177616
41031.547886177614
40808.69588617749
40954.23188617757
40817.791886177496
40808.69588617749
40926.943886177556
40845.07988617751
40976.971886177584
41063.38388617763
40917.84788617755
41290.783886177756
40931.49188617756
40845.07988617751
40922.39588617755
41113.41188617766
41045.19188617762
40858.72388617752
40863.27188617752
40940.58788617756
41072.479886177636
40685.89988617742
40999.711886177596
40908.751886177546
40913.29988617755
40608.58388617738
40863.27188617752
40717.73588617744
40795.05188617748
40795.05188617748
40881.46388617753
40981.519886177586
41004.2598861776
41127.055886177666
40986.06788617759
40631.32388617739
40694.99588617743
40986.06788617759
40895.10788617754
40726.831886177446
40886.01188617753
40908.751886177546
41072.479886177636
40949.68388617757
40826.8878861775
40881.46388617753
40940.58788617756
40904.20388617754
41013.355886177604
40899.65588617754
40995.163886177594
40931.49188617756
40972.42388617758
41026.99988617761
41067.931886177634
40754.11988617746
40840.53188617751
40945.135886177566
40681.35188617742
40963.327886177576
40999.711886177596
40831.4358861775
40949.68388617757
40513.07588617733
40881.46388617753
40904.20388617754
40986.06788617759
41117.95988617766
41063.38388617763
40867.81988617752
40981.519886177586
40840.53188617751
40772.31188617747
40831.4358861775
40981.519886177586
40999.711886177596
40845.07988617751
40858.72388617752
40949.68388617757
40913.29988617755
40890.559886177536
40799.599886177486
40963.327886177576
40999.711886177596
40936.03988617756
40685.89988617742
40922.39588617755
40840.53188617751
41026.99988617761
40863.27188617752
40981.519886177586
40772.31188617747
40926.943886177556
40813.24388617749
40981.519886177586
41036.095886177616
40995.163886177594
40922.39588617755
40845.07988617751
40740.47588617745
40731.37988617745
40840.53188617751
40940.58788617756
41049.739886177624
40926.943886177556
40967.87588617758
40899.65588617754
40726.831886177446
40867.81988617752
40990.61588617759
40831.4358861775
40854.175886177516
40986.06788617759
40535.81588617734
41004.2598861776
40863.27188617752
41077.02788617764
41022.45188617761
40872.367886177526
40776.85988617747
41049.739886177624
41026.99988617761
40845.07988617751
40854.175886177516
40908.751886177546
40785.95588617748
40840.53188617751
40685.89988617742
40840.53188617751
40876.91588617753
41008.8078861776
40922.39588617755
40690.447886177426
40817.791886177496
41008.8078861776
40936.03988617756
40899.65588617754
40754.11988617746
40690.447886177426
41104.315886177654
40776.85988617747
40749.57188617746
40763.215886177466
41036.095886177616
41136.15188617767
40867.81988617752
40713.18788617744
41017.903886177606
41063.38388617763
40876.91588617753
40822.3398861775
40867.81988617752
41008.8078861776
40926.943886177556
40999.711886177596
41099.76788617765
40908.751886177546
40563.103886177356
41149.79588617768
40890.559886177536
41236.207886177726
41063.38388617763
40790.50388617748
40835.983886177506
40808.69588617749
40876.91588617753
40958.779886177574
40785.95588617748
41008.8078861776
40572.19988617736
41045.19188617762
40881.46388617753
40822.3398861775
40981.519886177586
40872.367886177526
41113.41188617766
40913.29988617755
40535.81588617734
40972.42388617758
40754.11988617746
40722.28388617744
40949.68388617757
40949.68388617757
40799.599886177486
40835.983886177506
40699.54388617743
40895.10788617754
40799.599886177486
40986.06788617759
41031.547886177614
40822.3398861775
40845.07988617751
40876.91588617753
40754.11988617746
40967.87588617758
40858.72388617752
40858.72388617752
40785.95588617748
40876.91588617753
40981.519886177586
40826.8878861775
41077.02788617764
41040.64388617762
41049.739886177624
40781.407886177476
40694.99588617743
40694.99588617743
41081.57588617764
40899.65588617754
40990.61588617759
40999.711886177596
40590.39188617737
41040.64388617762
40958.779886177574
40926.943886177556
40845.07988617751
41067.931886177634
40822.3398861775
40795.05188617748
40917.84788617755
40735.92788617745
40649.5158861774
40876.91588617753
40831.4358861775
40926.943886177556
41063.38388617763
40831.4358861775
40899.65588617754
41026.99988617761
41117.95988617766
40795.05188617748
40781.407886177476
41158.891886177684
40972.42388617758
41086.123886177644
40849.62788617751
40745.023886177456
40972.42388617758
41154.34388617768
40772.31188617747
40995.163886177594
40940.58788617756
41036.095886177616
41022.45188617761
40990.61588617759
41208.91988617771
41067.931886177634
40867.81988617752
40845.07988617751
41036.095886177616
40876.91588617753
40840.53188617751
40831.4358861775
40913.29988617755
41099.76788617765
40945.135886177566
40840.53188617751
40845.07988617751
40708.639886177436
40995.163886177594
40699.54388617743
40872.367886177526
40717.73588617744
40931.49188617756
41022.45188617761
40899.65588617754
40931.49188617756
41013.355886177604
40795.05188617748
40963.327886177576
40976.971886177584
40949.68388617757
40872.367886177526
40813.24388617749
40681.35188617742
40840.53188617751
41113.41188617766
40758.66788617746
40936.03988617756
40908.751886177546
40735.92788617745
40785.95588617748
40763.215886177466
40931.49188617756
40785.95588617748
41113.41188617766
40981.519886177586
40872.367886177526
40995.163886177594
40881.46388617753
41004.2598861776
40708.639886177436
40995.163886177594
41017.903886177606
40626.77588617739
40986.06788617759
41004.2598861776
40835.983886177506
41022.45188617761
40849.62788617751
40986.06788617759
40908.751886177546
40976.971886177584
41049.739886177624
40731.37988617745
41045.19188617762
40795.05188617748
40713.18788617744
40986.06788617759
41090.671886177646
40804.14788617749
41172.53588617769
41090.671886177646
40699.54388617743
40876.91588617753
40822.3398861775
40986.06788617759
40654.063886177406
average revenue:40893.770149213946