33242.906273101165
33647.33549791819
33133.95271751641
33083.95460762252
32417.627265713993
34092.12007891553
33085.80083675141
33257.715628331694
32808.656506685504
34014.28369904674
32639.13842175295
32563.49036855669
33025.08526869967
33216.48453244387
32042.14052216945
33714.88941974964
33529.75213499126
32403.028375711532
34839.54869164259
32903.50102909668
35495.261678393064
34426.089047211266
33052.484315610636
33146.938049889635
32879.885921368455
34565.40847030781
34078.954264752116
33440.762605978925
34820.765295257384
32561.057018479703
33622.71677633311
33535.58403136966
34124.31588820652
33520.68503786431
34095.97108872
34671.544113139724
34414.64558002938
34081.31929452214
33480.83985215264
34318.06757463888
33513.13192541323
34592.89691538074
33673.707350786324
33304.98396289836
34060.70689045331
33281.340347744
32723.572351793027
33441.47340803532
32124.434491286145
34224.22259059699
34202.159764663396
32256.70107263417
34180.03095446919
32708.089971169185
32613.230423417972
32829.58393819821
33650.596895854
34466.3530665553
48271.161763927805
33049.52886960251
33640.0093375859
31861.54848637248
34705.79440594556
33873.006169094224
35730.60716866931
38719.11491454963
33259.325018951145
33921.56432548871
31650.084156245386
34426.88561838057
33575.4530124244
33334.2098026648
33903.18977143726
32563.738399795337
34499.63565914036
32812.54914620453
34285.85298670204
35825.51873327304
33308.896447195555
32933.56366944132
34233.601705576584
33981.939773052814
34156.25086371438
35562.394805698896
31982.77082967107
34545.191768899494
33771.65060220393
33814.433601285054
46966.74704013838
33776.45025555533
32641.19612161641
34276.07157150967
33104.0744358461
36015.57085447076
33290.82752246764
34585.193281426706
35500.105088606404
33590.701151051726
33029.73123469213
34889.70319337312
34902.33267410805
32956.98054375141
33088.76724048981
34293.692931564634
32642.639410357686
32941.75302136717
34909.869351882735
33916.58811713709
33835.02548156033
33818.6389446979
33587.92323401437
34551.36335966063
32267.378341693973
33769.68321422871
33449.1895965517
33953.623866090806
32577.23009768686
33110.304295274575
32482.106013884717
32500.168924507816
33623.17145886583
35805.218990067835
35893.626569981
32386.485176332517
33970.63401974079
33283.09723344119
34315.88966847564
32958.52858318052
32483.01233536378
33508.22797158661
33357.46194630277
33182.98955324948
34466.26551820982
33547.510700670195
33387.463170057235
31805.20869637811
30759.99946473258
34234.28539276726
33262.62027469785
33508.33192218448
33912.1904213458
32853.45807094208
33643.22689451076
32079.703315161318
33131.72709809517
33802.485749988686
32126.875734640358
33707.30053251625
32445.046137773516
33964.20098315373
32688.711900313043
34329.24576329202
32261.287806188546
34412.4052676882
32842.14011416572
34539.885232891254
32970.42278522174
34401.78588783302
32933.93657166307
32133.261497638312
32436.89312590614
34080.71525439764
32746.888192972325
36103.60747776227
34448.106115648756
32794.84696033196
35342.145468044735
32184.095661850464
36104.292650401534
48477.21133423752
35240.16437066915
35041.42388483511
33764.931399322326
32811.287343730044
33842.315525641025
32742.197903754433
32756.349379803152
33556.37299550852
35396.49189567863
34166.41460899391
34737.693079526674
33151.5185096441
32817.62404578651
32685.224147721405
34174.723612719055
34504.05464009421
35151.98333744136
33338.419651443066
36867.84195225693
32423.271188353174
32690.44457921326
31996.626592185774
35025.04991181251
33996.348551518684
34139.203024933806
33186.450075717206
33709.63765253123
32484.432877028925
32210.298181395236
34365.91116339712
32601.144549563964
35813.80452823242
33554.74828375546
33158.21328441972
33371.77550354924
32904.81814262023
33323.48529607952
35850.2575599547
31865.769853182905
33556.96103632652
32443.98592334106
32856.98883530467
33717.8591252048
33012.44557468023
33139.82225600627
35143.65287716351
34000.29075747406
32131.41512999405
34726.626774826684
32815.81753924853
35555.73414935082
33048.540587914336
33167.34123176777
32083.200089343198
34272.348025760315
32972.0095887378
35187.27915748574
33654.232182784166
33062.1687376134
33045.975300632665
34623.45334486929
34407.562219363244
31711.210926472144
34362.18397908043
33424.57283044499
32037.41977290618
33619.64714000355
33031.0540850069
32703.243864099863
32766.931121703943
32114.940058749075
32485.384315493688
33621.05051041516
34343.47445580867
33661.92565775762
33465.30073629692
35379.52634243463
34354.97434832656
32871.728986491355
33770.19565246961
32652.48466845437
34213.38464486896
33047.378970745965
33481.68720362301
34064.97666708973
33891.26176922604
33435.038755834066
34257.88709448783
34642.42905487197
32069.95324161404
32440.732595132235
32977.82486543909
34808.16352146396
33297.543509023955
34209.735629158065
33403.43247965409
33502.05374364426
33261.68283385329
36198.485644128996
33924.93010409978
33237.90551273503
32586.641772660278
32636.33437013155
33476.42833108157
32736.188040771856
36655.758696402474
33674.82046195099
32320.451466288254
33924.531552259185
48216.29583726102
35240.862837135326
34322.154305935874
32874.98459081235
33301.910870307096
33510.14913762065
33678.61912203259
32892.419868683704
34614.82117256396
34089.370287120364
34368.953030019184
33707.8836793468
32291.838258551183
34500.180413935435
33023.929997788095
33139.579528992064
32541.147341202948
33866.12303126945
35268.528921804274
33857.029832764936
48329.657652263064
31952.73509274876
33502.20758896767
34100.01472216524
33463.10131059959
32976.66989953994
32256.565271043248
32277.575804071206
34352.083675889735
32773.43127073591
33350.150593410435
32587.276493028716
32778.86744914137
33394.70607092611
33525.633996928154
32385.926169001126
36593.26837834279
32966.29526587267
34028.28754992227
33766.96086203865
33367.79674805477
35188.54953200765
36860.47359846612
31442.72993575763
35491.62488342951
36142.274347553845
34061.34000587515
34159.94074447211
32853.65822572603
35348.4510526276
33672.28874971553
33302.12391236261
33610.01445998231
36191.91154850032
33076.10588820484
33718.8241039101
34580.17727138273
32821.21605338112
31494.006921576325
34267.13243220473
33271.47286350569
31580.52253938709
33866.276108509424
33092.01150129022
33677.151332067486
32832.09329906746
33932.440148020374
33213.19106544335
35327.59933868238
33208.633112409734
34130.2542881192
34172.9773603604
33630.9118206434
31819.75285821006
32972.962534813414
31974.247990551354
33919.480475840435
33442.15883766517
33519.922675436086
34884.954778587526
34210.15921071612
31511.64693031995
34404.483647810346
33751.809336536855
31118.32982562054
33650.58623301625
34660.57311627443
32117.341829067063
33292.8032203735
40556.89211570847
34804.316084764134
32786.02253047929
35680.5450954115
34077.948541682614
33067.91878065581
34128.09360482672
32738.37075563252
34367.982707685434
32668.742113085995
33397.91843090727
32361.68917677975
32756.058069146035
31789.336667789048
32183.591160157775
33514.816556717335
33270.10752891503
33418.79086439728
35107.649731697034
34727.09935626743
33945.364691028306
33484.096693332795
32867.13807070106
32870.56594710417
34721.96237957805
34926.51302611784
32863.72713230398
35008.861141237554
34184.45005372574
32403.33035327281
33391.87927439582
34845.581010247435
34295.34753101535
33729.60811660613
33622.8711681867
32586.646858751894
34849.990790577875
43791.350368269515
32645.812110375635
33351.932018167594
32654.932959506226
32375.034314013956
33520.72498483568
34587.31048410327
33101.71836764561
34354.822918211226
33927.812427966346
34702.05887327505
33547.71118386151
33402.930496580186
33994.58047807333
32704.087821430767
32790.2129572957
32969.359545590014
32847.37173914495
33906.08824466892
32899.759221733395
34344.18958500025
33495.81260791717
34735.66009403398
32945.98996498159
35278.2599797344
33252.771899889376
34864.262442367435
33868.65444969734
33110.35671470152
33527.74695292013
33746.57478119881
33909.71980951854
31566.784807405154
32976.57874992554
33943.50363986736
47703.54433192625
34318.52208088736
33383.10519424863
34483.18745547153
33582.867694571636
33426.04120438102
32691.148512322157
33380.60074865107
35038.151660820535
33707.242891055976
33676.10356490396
33167.31784718397
33192.135443799154
34559.09372689938
32755.953495792328
32916.985208613514
34378.92121352084
33020.58020279654
33402.52731345929
33664.55091586983
34503.06979250801
31421.546490288023
33868.543161242065
32225.912105733863
32649.955646382165
34210.262597617875
33281.20840189622
32654.054405850602
32752.087918790014
33509.45203565603
33780.2501103653
33830.51010884119
33131.72385171235
34407.6500531478
32566.32027012605
34171.0662971702
33775.288105981774
34439.07956077096
34562.69623060236
33842.79807779729
34885.47267753091
34130.10194052272
33118.76625345182
34136.78653726944
32237.110432609705
34567.908930221754
34008.851036923064
33662.47414178997
33863.94828580583
32850.74476956052
33759.97119848322
33741.06777182863
33442.800152475924
33529.853750206596
34570.845817658956
32110.892752799922
33691.43717586032
34908.028309780995
31084.35201573963
33711.33367103538
33393.268873471854
33540.15123644656
34829.96825667674
32685.172498792937
35600.83285736784
37566.96734391026
33952.30827989588
33981.2962050807
31865.17280128187
35077.832139715334
32834.43751619518
31696.03863096856
32565.99882599913
33337.104231760415
32851.14329817003
33433.19536862477
32380.016536589545
33050.77407182932
32520.09121514848
32493.491590431764
33843.33036261255
34422.30871230595
33255.05223210411
32105.387347281947
33344.50863876877
31595.93002393121
33411.27884019921
33509.0655673646
33834.310842430146
32555.461283368368
32756.58927031768
34355.38595185713
32971.20554322683
32460.20779323343
34003.01212492812
33161.92503101694
33596.18394692718
32936.317180850216
34869.09396074166
33055.336215651296
34401.97894975958
33508.476618483684
34325.02225783519
48323.24249424613
33990.41640393714
32247.759889530615
32946.25239227949
34438.65699113395
34218.925349762205
31996.023180163298
34338.851513700356
33978.86782155459
31422.5293807027
32948.85163009494
33502.82451218596
34284.93563309807
33910.90388771781
31837.820797315726
32524.670074721624
32803.3238152184
34156.10174887554
33503.95276654401
34117.672075353876
39887.163180465635
33896.9799892778
32325.933107207682
33664.71740856796
36334.99202223065
32551.76868987845
34000.64729958337
33042.00276597304
34985.451521564726
33089.24743523946
33252.23400945182
34088.218254658466
33570.66795944021
32434.805021575958
47913.27390158901
47183.34742095652
33247.01982626632
33733.24741810935
33101.48783132735
32428.81306824703
34498.51955377442
35204.18138316107
33414.52576054327
33669.72922321452
32669.43059973752
33570.848446462725
34305.14647832801
33859.441944526574
33003.97524524385
32766.80117592615
33536.975850344876
33775.06490825013
31381.82594292878
32397.126802856073
33996.70398974618
32702.79302596606
32760.5890422935
33293.31179176216
34339.504339507555
33891.14149930485
32535.613689441605
33640.68302316987
32165.44035075161
31417.323667995828
34113.35367140485
32463.413575239847
32743.946362462164
32769.26199393909
34702.07728208597
32288.462809788634
33854.99963355734
33880.38893671906
34140.812084322824
33475.13757142244
32986.95154906994
33514.78417722891
34194.12797277976
32448.45976968416
32261.305308320203
33824.82358045585
35033.69439810731
33950.42049352614
31583.6273580255
32521.088619639922
33773.00539161443
34169.31302455975
33741.50162750405
34329.54084575365
33575.31553186972
34286.13049933756
33388.83960661651
33083.09257576449
32954.071866131446
32802.127105142325
39344.8672675396
34315.88505578059
34625.76261831676
32455.417973397845
32258.08132207677
35530.530540469495
33126.52521884765
33670.27913581074
48532.60254605488
33022.24528071425
34483.134877895565
34431.18325205977
32106.926014830515
33767.921509735956
33478.83013680088
32528.10635506339
33445.48778045351
33520.48155272048
31461.65703044918
32196.953867082033
32124.494580272858
32865.41834309452
32938.67470323831
34095.76598158989
34351.02610955332
33630.50100117886
33303.701423556944
32629.172465273194
34488.155719743474
33548.5433710048
34825.43678098164
33229.772309407024
34818.230933347855
34017.524948317696
33540.4266439476
31397.271228777634
34401.86996651239
34118.32842842163
33848.56284847947
33647.34861120625
32250.54185848987
33253.17200874686
33975.20078701155
33012.79609919304
31666.170175493393
32840.498996150935
34838.973919990756
32615.257852062583
33478.412492976255
33299.675166120614
33707.18613801078
33830.176908022346
33139.46431253103
48225.55010403989
33191.220115936674
37154.60285868544
32790.974537909555
34784.26515314952
33379.005093727836
33295.92761357447
34472.97382923521
32696.976197655207
36052.086520637415
33135.29717247202
33565.77397420506
32650.91158020535
33891.20286893335
34639.00543463302
32465.16316530468
32817.17224407715
32361.97224110304
34486.55355293495
33326.63711985237
33099.54535437858
33800.78499411997
33360.35266624699
33891.87675107563
34350.98742415411
33620.83140602698
32177.171234738882
32639.53490015774
34627.12624921815
32976.95207087157
33049.25433045957
32831.57067041081
32982.1601559659
33841.379922500164
33271.166330484266
34897.1452700382
31789.11389615521
32951.97766625068
33728.636653375084
32357.716914683777
32553.557444691538
33325.56745666438
34388.5760085374
33568.711694992744
33540.322126203944
34120.02561461835
36464.404509636355
33818.18475022853
32937.509605041676
33557.63546468346
33376.24527800725
33352.895094604195
32361.26491988301
31758.18442843712
35304.709763385996
33308.83676483832
32400.097415812055
33886.715579291755
32950.82864370755
32286.111793019176
33394.983682527745
32103.50327034694
32609.332100957028
33191.83233268028
34262.559927167815
33316.81684674685
33938.28893809499
35707.73674352672
33055.85282743049
34758.712776361135
32277.091518954538
33885.96047636908
33274.58038047348
33377.05136266869
34469.97854889773
33176.71901262561
31605.95650161036
33154.510539854484
32695.98435604303
32477.17662064322
36086.4869960365
33890.31113028452
35135.799531079436
33752.19251814494
34253.874953069455
34289.42075912499
33936.900546793324
33525.71260106084
34196.11569712481
33624.89582108744
32367.8287387669
45579.287007566585
33183.10897252819
33392.05928896416
32418.329014174906
32587.406698007268
34009.752557463245
32696.621997841077
32677.280839175517
31937.308193659148
33285.88101535947
33036.97571993518
33460.611658274276
34141.996961840065
32931.25862982608
34159.50165990485
33414.07249757649
33398.88905291334
33139.06225577976
33283.15941047124
34189.13801886127
47981.30905155549
33485.22109676903
34925.87864444593
34488.75235896805
34637.42252926782
31880.480279452666
35255.266809514396
34154.18211626829
34040.37015881059
32503.86978539102
33848.29679502945
30804.148077072892
33481.92437478145
33081.4172317768
33139.90374473155
32362.70226058114
33524.49090344943
31808.468084000702
32696.730416074064
34180.411387994194
32861.37874577231
34415.65052404496
32837.85342900952
31866.8609901735
38130.05449242503
34410.812527223854
33385.801567048584
32925.971531210576
32800.01057213367
33127.01545473379
34344.72587744401
34046.71376253332
34762.91429806769
34469.51223403834
32150.695299680654
33346.42972523232
34409.50040699855
33180.444768725625
34328.747487702516
33033.41700969967
33184.44432072066
32487.637053346672
33012.94709746863
32028.995237037394
34655.386236796454
32610.75935179139
33736.0629287249
33819.85049072367
36092.990410073
34432.873427116174
33328.3583034519
33636.56525020055
33064.39661869034
32519.929634830896
35345.56742517289
35342.31938730907
33783.22492965546
33917.41007761094
32558.695014383182
33453.05219113693
32793.40791400398
33737.316591020186
33350.0667531534
33412.56187331541
32138.006338550018
33373.63941008262
43753.20035627795
32048.679194242883
32917.65308096613
33403.07673809992
35103.17244697807
44978.775160066616
31792.177351324113
32843.357933496794
33436.36419134433
34702.8292950584
32958.08124404191
32244.025136050608
33033.65095128723
33661.25022408995
33403.34353360348
34322.020640676536
33485.59026962517
33048.50757738614
33117.86813960568
35274.14992906426
34052.47825210147
33694.72229933442
35081.738405738404
32883.238062313954
32434.67790735262
33516.834420873165
33104.46230475066
32900.751448121635
34364.90868938121
33938.25858673558
33105.32337825287
34092.0150734641
33635.686123687294
32965.3166575104
33074.31174852501
33319.99076348566
33310.110946344605
32888.83846319432
36355.55910697115
32357.355354934403
33565.452323721
32895.93357458192
33163.25571342063
31963.487095466608
31502.634794933216
33025.480073155384
32093.69460280401
34153.47333816939
33745.176506015705
32377.259218449937
32675.657155240966
33147.215829647146
33169.82733926003
34601.84379605833
34293.090922513285
33408.58352629933
32584.595485478356
32543.53684065866
33236.126300449854
31931.042010567955
32657.43330844641
34912.38372166577
34149.066520880384
32428.49667375238
33468.86687654542
34482.736314852315
40220.83890498745
34072.95232354194
34591.36265701905
32921.36504275948
32725.54482905989
32474.884717542882
32471.13915082655
33869.36736791105
33922.8574015164
34614.760468532964
31948.571657607266
32294.83928693031
32941.57697500954
32948.712279872816
32799.45276802755
33942.82346847993
33343.40992399219
34074.74276560476
34558.695551073746
31628.860437812455
33708.810550554925
33955.05894658694
34018.65192178624
31550.655975888203
33594.986478763756
34266.6193141702
33544.41048007757
32409.223196174273
32177.49969315377
34181.176993927
32867.93731663775
33873.99697514793
32169.878704638504
33537.014071119105
35736.00880048702
34671.318637242905
33599.358501011506
33479.81243345809
33190.281572822496
34934.1004764883
33395.76033141705
34108.38209980852
33216.07520112569
34601.5672193084
33086.26837004433
35014.32866455588
34470.977453756495
38463.734706729265
33967.92465288835
35113.545960502364
33809.59585171715
32806.378457471445
34244.59747231167
33793.10976778535
32383.27440866244
34508.389562672586
32734.73424384729
32743.536332351217
32559.218248798497
34178.30629595757
32870.245552736385
33306.28556040526
33236.078235241366
31575.127142249086
32527.86596764514
33784.597613735226
32438.377887293682
average revenue:33768.82338310132
possibility:0.012