32607.352350521185
31898.968241784925
33047.56349510511
35070.554528894034
34718.094364001
34166.972365449365
33917.59712164134
33575.490159056404
33527.30427173857
33295.61075269873
39906.127908210925
34169.47400484193
32388.1369352992
32438.67234715414
37183.03021936544
33206.14886414906
37374.51942420427
32293.506837503835
34397.07651434292
33489.51955281641
34599.89678419753
33735.511626747124
31756.946566863484
33163.15280269278
34910.360606556096
34302.70535558989
31838.086936753345
32274.0059223385
33230.41889625797
33504.12496142142
33876.45292238984
31744.06095147285
33011.31375702566
31898.322066685785
34028.444811816735
33246.19431573101
32663.356860093132
32126.79349085206
32170.665834935953
35477.40437970986
33191.07849229444
34438.85651671131
33474.24412240953
31932.918978505168
33891.97111774761
35609.49184631517
33314.93621245347
34494.34108238766
32716.71136120908
32345.90861734006
31822.389034397387
32462.474098658116
33781.82626292119
33635.94741501194
33602.89977144134
32594.73182920841
35697.64579151974
33051.65687713708
34256.69838647557
32293.911860860095
32602.75368471864
34305.36410409748
32312.725927653442
34329.42247896944
32866.193862763066
35467.28426122667
32766.001565518072
33839.402967709706
31566.68601652949
32985.14669208365
32659.939247858536
34904.694263297504
32455.462018721217
34074.45017091963
34774.160996616774
34206.180640559556
33687.27538139005
33594.41070160207
32694.158016860747
33769.71522595368
33177.37740305387
34620.93114285599
33596.19222541521
33640.53597501286
32682.83926231657
32530.52998878278
32539.25992375349
34159.35313119159
34888.5257046369
33837.92598296865
31961.9923675065
32644.331785709594
31777.791289274286
33874.531147361304
34247.31714378475
32910.68077151841
34687.8247365899
32683.050908110785
33176.421997762336
34246.42172077352
32889.12794533527
33467.456267187685
32128.39955860092
33519.26541130702
34067.727283265085
33024.229589565
33044.03663431774
33947.88706186548
32927.39906402099
35489.68348528674
32190.81704261956
33428.14147044605
37300.60428572252
32859.046110373536
35101.06282790989
33262.20517232553
33268.205704931286
33561.61209696541
33871.300643401955
34495.63904055319
34728.62002324316
34284.51019068121
32993.35879937677
34701.47780120927
33969.45295061621
33366.740796925726
34354.8135569862
32872.5343279373
45097.29600943797
34481.48533965741
33358.78651590137
34570.03192588438
33406.88176741379
34849.09682734167
31928.336393678877
33756.67098984592
34669.717902499644
34187.716757548944
34953.04514868008
33441.60214811354
36456.34695320295
33703.92593735568
32889.917036721956
33625.39667009155
34026.32383671988
33009.86498823291
33081.6223943764
34395.78821374205
34580.75647061559
34077.6257798525
33849.375972852344
33259.74060809555
34637.62932190807
32512.868368293624
32225.10299386176
33858.4781269079
32165.53871192905
33023.517993606096
34082.42650632514
33477.871343951745
33222.41879116286
32033.59509971422
32697.051442657943
31652.06615438265
34728.91638422363
33118.77052141859
35183.29715620122
43983.79990049012
33805.17566534857
34214.55571617834
34785.953793224566
32373.467252648035
33696.790304022004
33881.9340905439
36267.48785180392
34064.46810244844
32994.002417776544
33860.154470213754
31958.6403577001
35467.43311431237
32814.26007745454
32723.433673649455
33242.73935984164
34616.79281975582
32509.548660942222
33026.36237381843
32256.70896614629
31809.438310305806
32922.37430029471
32632.799136577218
32060.77066011218
33547.24523555105
33852.174470184575
34127.251992593025
32444.715326675894
33314.01662538286
33884.01341701308
32437.76051594567
32950.56816617466
35103.64318469323
33362.184579032175
34745.851466281856
32881.542881976486
32831.20946669741
32839.19630737078
33386.340613867025
32418.697473870634
34146.7900196107
35049.16401424988
32949.28201811061
35333.533955308936
33859.18168751261
32771.61721412336
35952.57175624336
33678.61837947316
32910.33187853502
36196.41314252548
34468.965156715356
32890.90428306896
31934.29537966946
34351.72889895658
33022.31721508636
33175.773345748436
33899.67233015164
33212.18310597075
33670.48495612908
35263.6638742265
32021.632378726244
35353.49815293873
33979.73673208544
34167.59489123891
32785.061301374335
33350.70293646682
34001.29223641902
32414.90944540455
33850.46711186281
33088.38497194866
34099.888868307775
33325.94326572154
34946.86726212981
31872.999416607177
33035.96527191241
33329.568697224946
32869.59531811663
36197.21166605099
32924.792115625045
33835.407018803635
32757.102615966985
33162.571944094474
33578.17212665691
32105.928026278707
33342.27989877186
32550.169478705942
32095.95755886647
33301.564196674895
33793.56722539888
33627.53508138408
33673.108892852426
33735.40470741166
31781.419032268954
32833.71782064727
42742.3280976796
35536.54532880562
33623.05926411284
33804.956628853535
33294.01270580369
33083.525404690765
33795.67305400454
33753.2822390513
35015.8293762377
31865.555294030353
34527.34965595881
33512.04334807189
33544.07302625369
32506.13871338488
33038.5860293611
33796.158002495795
33773.667491125576
34652.514611316554
33712.43442604311
33287.26707393908
34333.01606142878
34697.82532112005
33344.31863714294
34108.71688891081
32433.55648649232
33496.891964162816
34037.567260105876
33461.42340290318
33772.34942122615
34241.70194282715
50108.54783444865
34709.994750665785
32633.104287066428
32422.5641406343
32743.859979834295
33585.85225306926
33879.91542879593
33531.14253455435
33994.344345473764
32434.199183376903
34928.020608525956
33227.91043452628
32903.4666151241
32873.82292866245
34840.34011226044
33554.56179884506
51315.79597456593
33469.0857437261
32107.47821949234
34554.419682675914
32807.543735711624
35298.46105810517
34457.521926621346
33358.2762955719
33778.41786146476
32902.512331574944
33912.37658642645
32779.70037423386
33433.94989714137
32003.476643492126
32232.26482446916
33740.73132474811
33438.55485156724
32834.19122968108
32831.5324148523
32563.342406857424
32348.59242476228
34115.302078420915
33187.9617933686
32219.367546353853
33811.7849831252
32546.322162369557
33327.85118576748
34458.174234096914
33148.058991068996
32456.047617392294
32573.782973532816
34603.547483906405
31668.16642935487
32523.985122868206
32792.15519516404
32871.980328738595
33346.03848691277
33378.85407347474
33019.1003873116
33184.397869133856
35180.75984211559
32719.633164406343
32283.368695064764
33535.295758473825
32582.329604670533
33698.688011868224
32401.21971974398
33157.082869290745
35479.82327504862
33739.94185602878
32723.941633455415
33321.718131428235
32659.9509351056
33413.4549768513
34783.96340705888
33208.66712088156
34359.59733205278
34709.64948351989
34290.35456659165
32651.700130019028
35155.52977704294
35215.193675966635
32928.87202606402
33908.910533279566
33424.43014449709
33526.56920271027
34347.06184556032
33808.1139848323
34628.08549670185
51078.8947167271
32522.82124932974
32696.018728627765
33546.57006934479
34472.82864132215
32335.620498822525
33489.46477849126
35989.27673754021
33241.64354665601
33275.28972210375
33407.091962428196
35653.59998839451
32260.235297020194
33854.194664491675
34054.84372209465
33658.635080478874
33679.403848140646
33848.00637210335
34561.57562823777
51328.81138358465
33620.96687284395
33810.169916823615
33658.59199829116
32939.38021329166
32247.367533749846
34543.35800792753
37917.79667436351
35086.76940938417
32917.15205734132
36549.06650211701
33136.60466690457
32900.27811847363
35317.34318194572
35082.733789362675
32836.73959406068
32410.97192095499
32914.61921303053
34541.1606495274
33598.83846965802
32151.32157023318
33601.98549463864
34251.589209426034
32667.972600469366
32069.737754869097
32623.624244901894
34663.57682615001
33407.32841274131
34031.07467479455
33512.37318490017
32904.88829158325
32672.226545560883
33457.27322139617
33224.87917924821
33203.666460864726
34164.083161639646
37652.66454762367
33091.24937464455
35084.535740629006
34522.76420476557
32635.219208165465
34197.89279218279
33839.25150768018
33774.67323505616
32776.41581448222
32877.447928699985
33188.463856964525
34005.70972999463
31892.599053391183
33053.03871078807
32181.404762824583
34078.79182828219
33809.79134856879
34117.936515609836
30751.202095796543
33749.998885260335
34663.29920060765
33062.74106939483
33010.1918299576
32595.058937116828
34383.00193390502
34582.04447617012
33055.60635482222
35205.68563528752
33422.213483577645
33121.16853281108
32897.6916741815
33053.94138414296
42773.36476751705
33712.63559989098
33612.281951586505
34323.87480908404
32810.8795368457
34388.64309382251
34773.92967697905
34472.3284886821
41136.83317473027
33381.8883685716
34288.135755167255
33916.5353516473
33025.60145094933
33733.470772005596
34856.42585271149
33990.70510081344
33023.169870711004
33043.45393294058
33150.534582361
33009.11600239122
32697.25789037164
33318.97502556618
34938.05598324748
34288.2996507427
33115.16267420095
33326.514520858145
33193.655753701154
34106.10876610256
34843.291237711754
33042.730584269935
33854.969627948
32442.122126817485
34290.105324781594
34626.31085116455
35653.4086016019
33614.91621861569
33216.24347164671
34017.89205463256
35262.493739173115
32514.38002187239
33399.27157177135
33820.60800020807
33255.22860507431
35020.98920187745
33892.416163750626
32704.670077473555
33017.55285047052
32875.138500968584
32839.02882242268
33712.08773312601
33739.785185801135
51125.494351710855
31662.91624426549
33532.45672906958
34369.27322699063
33495.70362967832
33987.398041807704
34552.14786584645
35062.75884876558
33957.86102587071
35040.25053036806
33764.587046152825
32352.03917003365
35125.622543801146
51449.87101420234
33015.407038966456
33113.40008290239
33530.65821500103
33531.13419087267
32024.37587305177
32364.36033851485
33467.12572442979
31636.38717982903
33524.839564200665
32415.527352973855
33248.14633403169
33342.3443537778
30845.2277610752
35169.95111076893
33411.56221721787
34070.80140788062
32680.026097957336
32663.748973233298
33609.00362918186
35552.362007714946
33180.36908779456
35612.05917832961
32493.403462734157
34414.80766210275
33912.9235076156
34721.795866620196
33425.057298437896
32502.65802252505
32617.31199148641
34484.252381237704
33024.58277509329
32924.465734219615
33961.939800330074
31739.544912305428
33489.510622465976
33581.123189321916
32710.897797544614
32822.9157369419
34930.80644389578
32988.30677280683
33404.399601715304
33266.03065301953
32422.91797455866
34396.10284097516
33706.254797850655
34991.60730177163
35655.984224352105
32979.45892642638
34213.432752525405
32219.265092224614
34274.11934226601
34244.17479600561
33019.80194308101
33519.51625438803
32375.46656137255
33969.61891871664
32231.667362326654
31150.388017269514
33426.41648738207
34466.7158563019
31791.846113651754
32507.7461899082
34658.12664561501
32960.88359223193
34909.810311841415
34184.97176452825
32635.743493962545
33542.240541858475
32681.62630359957
33018.36646821847
34188.73973993079
35308.51390291793
34142.26055108623
33213.913857187894
50915.06407279977
34522.092407303855
33481.22995142253
34869.677230710244
31779.920324884362
32565.057216899102
34106.706378980314
33135.94145853488
32806.30066395698
49674.30202229108
32240.578987859593
34523.290129090994
33136.4924408766
33061.16556311792
34963.98256786787
32663.35648085077
33720.306838679695
31782.534533355614
32829.6043150221
34468.40037175918
34121.31292190097
33650.07616677221
34479.49234592978
36815.34102771794
33895.53819265546
34042.61640512647
35227.406361533576
31883.91174958467
46708.47709626658
35423.90118012024
34878.00574077177
35105.296134261414
33442.04208449152
34221.44010837136
33529.26323035305
33917.43221098012
33981.2469979844
32531.27212956348
32752.937823176486
33645.76217007509
33323.82201580844
33827.95784100917
33360.60997633771
34283.526396420944
32320.078663347987
33123.42980591964
33037.5293816327
45145.67752590983
34383.170696904184
33145.89330930277
33244.825835763724
35076.6443506792
33801.38366703195
32805.03947030824
33645.523934245255
33997.94282373301
32616.329164203493
33088.77563272274
32692.056607299088
34233.39842652073
40101.79320108085
33220.70094283629
32824.961668812175
33602.92168989385
34089.831287484536
34342.27072161975
33062.1186211219
33081.24335065395
34472.263875734185
32079.116064971182
33512.51191788428
33848.39512977272
33890.41663537417
35715.359907717764
33882.350289317044
32855.67033525046
33868.84381093068
32849.645486499445
32772.33110995637
33568.80659779899
33486.1013836685
34156.19526083096
32779.65590961025
33434.976321501024
32448.19250848204
32991.179157537015
33817.52159325308
33473.75800224522
45032.6732649881
37484.35611694412
34337.97881776688
34403.18119308632
33513.921578577036
51531.559499833485
32961.48797244903
32197.806791245643
32799.23458458922
33199.16382073297
35069.23082523264
32039.773449387696
32921.34710177478
34156.32588438027
34494.93301294054
32620.889872326927
32787.94437200417
33902.515619944876
32909.10459521088
34017.45366012059
34785.51694300141
34877.38941903946
33116.21739046676
35146.025301498245
32882.758846814664
32702.66717659306
32365.738960336366
32285.674869098708
31425.3447432811
32836.528185829724
32954.83965770249
32540.19139682871
32661.907109145417
34247.0990517419
35169.62089850293
35414.041521987405
34656.803214216256
33940.19674390639
33212.09254908279
33679.48010284416
33239.20294912776
33626.24513447049
32876.04335758006
33441.62974292969
32539.242310201804
33079.49586960404
32329.33020865596
34365.28575547707
34168.732857695606
34226.49780211572
33635.78006697425
32530.937187522995
32563.867018182515
34766.02410882402
34742.30764485879
31964.729938562232
32910.0206146267
31997.030323772982
34200.77751498946
34292.79957381969
32172.22430075948
33581.87676899605
34992.869904273495
32199.006226751473
35206.18080543788
33583.603541766555
50595.96019131711
33248.00589159675
33096.242982934506
34475.95564697817
35053.04172046483
31737.28334520967
33614.63070064868
33588.453019775414
32753.471056488776
33808.31152157187
35089.95099865655
34436.66135081019
35754.52554781273
32019.830164590523
32393.711995522463
33747.69404173184
33667.81575537486
33179.50567456517
32865.39651240878
34337.255542640494
33394.82983138586
33981.22924675946
33382.99609275681
33335.0647183443
32906.3629526239
41640.212887889036
34402.98969592962
33761.10761003687
33018.31763483683
34208.15122222709
35493.79494725118
33394.68902503335
34952.39392822254
33400.05568701972
32711.277008372304
46291.38337052241
34531.4944618884
32033.56779225199
34161.59222063956
33663.060793697645
33202.748096813295
35705.572379641075
33713.46678530665
34027.533743959466
33016.76646431338
31939.95452765411
34587.54302364263
34830.45242342774
34342.53625003768
31865.907875069443
35665.11981259092
34775.86925284852
35288.97320330588
32095.950103376348
33225.62150123972
32706.317582291736
32250.866505228325
33165.159872595825
35317.53757215606
44612.88610009148
33501.83888870057
34895.96145386474
33174.083328647976
33794.590206873036
31975.949560426863
34079.051628841094
32051.204238226106
36238.856886042
43378.76501482479
35270.05460532987
32188.086105200677
33876.85698259261
33764.82905461423
33904.29031240044
32945.78243895121
32474.73871368913
31991.77611361207
33543.93424476984
32672.967240115035
32712.078537162026
34624.98378764278
33696.85066633203
33575.175063964845
33199.04655006633
33770.341838670836
32958.2868061584
32997.372863205695
33288.366205921644
33027.394902832
33186.06696786244
33982.30733246352
34238.34164598408
32001.7424414994
35460.6836941551
34279.539994329985
33052.82276735244
32627.546322736373
32596.454200747892
33407.455680630104
33123.154920330635
34245.93138558178
33354.171080656546
34084.648210979445
33842.356497543406
32862.31206279497
33351.54731306384
31964.97793082799
46381.811489983134
33384.57123122876
33386.48523494255
33227.745024437674
33351.65063526009
36939.42917652276
33194.88707480997
33712.851654090635
32269.545874896943
32690.380353582943
32792.390335542616
33023.05393672301
33082.11510159928
32594.87276641631
35989.730232133305
32439.6124906518
33597.774405020646
33609.15232139345
32993.485035662845
34343.04313378663
33454.384103267366
34058.94015205023
32773.91032012443
34067.652623889335
34307.61704509334
33290.99907181457
33349.591541369235
34625.99489157271
33368.63425683501
31723.422465611646
33344.526064808546
33062.728861975454
33813.57890220705
34168.58610792541
33302.09119388675
34174.56841982571
33231.403697477166
33651.50937438434
33579.51230754887
33350.13145283881
33919.18831231711
34881.81973190146
33691.33746052972
34172.08742199588
33526.6830202043
32338.706298818062
34014.72863424896
34655.777476137315
36136.613073414126
34132.367248286864
32248.919706784698
34831.148591067256
33253.889873200984
32236.166088898393
34089.017670428846
33104.27610471205
34127.09855474646
32754.221829473245
31410.191477103363
33492.500120144694
33548.53302764471
32501.776151973696
35626.25392742927
33754.27675268398
35623.81121794897
31847.59480327394
32646.48799618414
33151.47632369682
33482.20010946912
32940.976785274885
34622.39460930832
33302.4680848851
34317.040709617984
34001.2591480295
32391.178632957646
33679.280078835895
35828.47981388803
33993.73418651883
34675.727431322426
33657.88493024862
32779.93405120817
33013.99789714349
33204.589468075705
33376.76468286593
34509.07018538042
32483.79158619567
35421.16182212722
32240.91749548758
32397.456990202034
33954.11055826623
32800.58065700445
32851.500862928944
34260.81967058834
33644.19271224691
33605.21463589138
32005.33050705377
32549.67052915474
36093.987249753685
33096.596590344125
34734.78360922209
32103.74351934643
35048.46147521056
33284.96315828653
33563.37496912185
34912.22785526886
34893.74123295613
31788.522256264318
32690.259414038355
33539.95796216347
50657.45331295723
34259.341477662165
33935.60316861003
33517.324898264946
33633.864009793135
32720.886554443878
32584.807112226437
35230.27299463297
33352.59730423932
30850.24903753102
33171.034308830276
51813.27190203942
49550.415715631105
33940.12598993374
33771.1146150378
33983.94723737285
32788.2099562356
32937.183271060065
35041.14381429561
32638.655679739226
32355.47856793919
36537.74584137272
34984.78074155216
33616.428417258656
33887.60148376249
35000.38357973158
49864.02336455747
33318.6413151695
average revenue:33955.112448613385
possibility:0.014