33755.30612875559
35985.222546056066
35560.46188597263
32503.09701665079
32567.07361415049
32867.963681211404
33544.31520311302
33734.02832276119
32640.16299485875
34553.8044025782
34618.310535110075
34238.81166229836
32204.57386266444
32264.731397999472
41291.392088285356
32331.14595967384
33357.534439766445
32658.623872226613
33643.309632170276
32996.712807064454
35146.45455648464
32420.855210774032
33358.97648528187
33325.44302666031
32818.386661961704
32816.78272838518
32474.174339630856
33175.9602004766
34285.671929889635
34566.09100039437
32859.65253637319
32124.282671015488
33885.80352099024
34420.2850783451
35387.97220129155
33238.15943338283
36006.63514459418
33455.55249861033
33677.265417078794
32650.314544675464
33561.06856679108
33950.73967776011
40013.99227091515
33615.72971294136
33545.757926993494
34142.770620801406
34150.88619301187
35255.00481847426
33285.72013256407
33263.25932717954
33147.028761512025
33339.74413141863
32315.03220510483
32108.56103691315
34099.87296929618
34984.9403630993
32822.846792598924
33806.55629997219
34811.16378176839
33664.26154574877
32687.49818432441
34028.54237674509
34013.02643036655
32897.9885351353
31930.245361363974
31994.482850972447
32015.18181057474
34315.794202649864
34243.2978316023
32805.030422895026
32637.597774350113
33853.56725257151
34501.91798578725
32643.22164013735
32307.96467879289
33572.12937567229
32139.346423204184
34680.70030646955
32849.418451761456
34238.120241254524
34826.88712528175
32912.10767124501
32683.14651661547
33791.92616704561
33955.384762321446
34844.58227313771
32259.58717509061
33159.6578701926
33344.442120344196
34369.83726302425
32214.48114581123
33901.2380301811
33998.07147634452
33346.83447628175
32898.53453450445
34699.56061192049
31119.760990010644
34535.32372103869
32663.41964237552
32312.514735895114
33516.890904751825
35752.48564127569
33185.282179083646
34949.12638977345
33197.67293825303
33094.88842525246
33258.09626412495
33235.85179616779
34883.15629877881
31719.76351276726
32576.171898991353
32187.465880104042
33871.160500607984
33343.25059920671
32616.288636983416
32906.785883725075
34428.75977535247
32826.64942686096
34946.69498221582
33450.430658335354
34054.101667430725
31439.616504413472
31401.875272151425
32667.575416353207
33412.1442380744
33435.3533782257
33229.02448102822
33195.95854496882
33370.032611221344
33563.87049282064
33874.66418733942
32245.93429759642
32892.93553829114
32009.755824520013
32229.876688685057
32247.814423880274
33567.24220518518
34767.72307422915
32885.8886135762
33009.246378515025
34649.29277865685
34786.60270684779
34741.05352940294
32891.65375195475
34546.76977928643
33350.24317207762
33963.869750624894
31254.07671754641
34263.64400178844
33820.7983176048
34153.093855125226
34956.20607060364
34931.84198240882
31475.69826885671
33708.61950814034
33216.70985950426
33037.920830571566
32007.539873083188
33140.87512816601
33800.143027588834
33841.955184944
33145.94936564388
32891.19222746476
33889.04410521734
33563.928889047515
33031.670408392536
32844.54468620263
33067.05550983521
32333.408803589467
33133.91719172848
33810.45317702866
32026.92643868358
33125.874843450736
33555.53905936483
34614.34576811219
33125.07741010892
31749.37169149481
32245.54939775418
33534.38648962722
34462.84564099912
33565.249087591954
32609.619704896817
32208.447637368725
32394.44141474222
33842.56493972333
33960.75410465975
31049.152197812717
32091.346427476547
34341.51309456875
34044.351489162465
32985.22424342627
33075.13699601008
34035.26670430586
34943.95417532261
34010.836153315
33492.61238506639
33853.20026057354
33388.8846686487
33066.7802363568
34086.68665804092
32846.84725454229
34961.174083452795
33693.942041520924
34143.037603770565
33129.83410799048
34410.97322475216
35065.5162400864
31850.169705463395
32645.355369386445
32577.384926129165
33873.78773431702
33479.57992849135
32708.265696011316
32419.907652374073
33517.92555808256
33230.491589598605
32725.585322539253
35668.99209258906
31883.660999049476
33926.38593773562
32236.29659957753
35238.732519712445
34566.146595954415
42002.353027687066
34158.43889233209
34177.64641023341
33377.82008504505
34475.753833188304
33642.04798384444
33320.64015725943
33129.553803281924
32033.396115286527
31802.83583060935
33821.78906567027
33762.25648806028
32413.46684311267
33106.01018185402
31052.878194293018
33196.582071814606
33094.282221200425
34436.30241693044
33104.90912033234
33620.21283667832
32255.351096425416
32747.978541998407
36169.67476105818
34972.76701635305
33971.90054382599
32801.503254585754
35644.97613702635
32978.97023767316
34447.21349845824
34237.02598298728
32911.25484653171
33118.653272944764
33812.06312637245
32925.6520199461
34231.32485790436
32720.87175303613
33811.304902992466
33861.72321581798
33315.59390003599
33220.764457459794
36022.81837351981
33206.45289758303
33654.32084236565
33991.8950788318
32219.436998172656
32077.515705686772
34095.669062098685
32083.610947864472
35752.06338594301
33128.27526254624
34408.67031640885
32826.545792987235
33192.542560229536
33949.98438717532
34256.9207989073
35763.70138752823
34769.76077394766
33319.296517448915
33927.706572412804
33943.12619659582
33439.67150829417
32594.782952673522
33132.23772089049
34879.78055813978
35727.81242973995
33188.20559671066
35591.69380695785
33301.21803920672
31980.13278359941
34141.13316612604
32653.92345225264
33907.89185047675
31600.74269355876
32041.367605913198
33144.56421765153
32702.79190900999
34080.749992784564
33569.01820170129
32315.186237831636
33932.91774199611
34406.988752774225
32833.005807443864
32507.795866161236
35720.39392060146
33309.06876600249
33377.13934637676
32902.0529583937
32989.47358251369
33945.55240114794
32558.722403476866
33015.62647451487
32558.86634961991
33594.11636553299
33721.30112622624
31774.784209389916
33679.35525054785
33272.06659394852
33671.22992412229
33326.20364459561
32637.61510605947
33273.2196519888
34078.66265844091
33612.95409348748
33979.5866893772
32647.05535844144
41960.246833527344
32599.78328835701
32992.48358867079
34611.21045101867
34104.99199545139
32968.20877219202
34253.785060182505
32409.034798079072
32731.736777850514
33707.700295008566
32986.52260160451
33314.65957729559
30794.779431881834
34880.898129556925
32340.947393814215
33789.65295557351
33752.23749430703
32931.430584300186
35340.12843248549
33262.347053547215
33913.824433719885
32313.17938497846
33373.74249156921
33962.96081323399
33963.45097087601
32288.985427382097
34459.64081324482
33927.46324545585
32869.659837282605
34133.40077572088
32596.798438615613
33710.800840722695
33507.84590741384
34280.48814631486
32557.112957173118
32375.281464324165
33375.49840851823
34013.75781539369
32991.63796948794
32784.87540251917
33658.5144338172
32525.37546194031
34384.47608425077
34189.59188199522
33223.61672000643
31897.932039292686
33351.76232014935
33610.47134843681
34171.02413145274
32692.90380472195
34111.91575844513
33191.47281885446
33728.0603940422
32839.48446505734
36958.00793251785
34611.14273876
33289.85931990807
33390.08712436961
42212.346155078805
32886.9339284962
33174.77242380858
35493.87314635609
40317.195577495724
33267.95482200788
34100.063206802544
33649.69304099358
32947.44170668027
34760.79169281873
32399.58925795009
34238.140592374926
33027.88092294922
32916.87263333496
33584.73330485968
33581.361349242594
33202.16711763634
32632.956653187524
33683.324731578745
34993.2526524944
32227.592930066297
41503.536138508956
34947.113124055635
33257.02934011152
32773.642029944654
34246.023038811865
33037.319834729664
32942.31834191616
32310.059081928663
33910.64170661033
33604.948521503735
34705.990627447056
33751.57435918192
33908.172403334516
33809.82661738302
36311.744724442106
34246.55210795367
32039.194987454415
33570.27763610554
32013.661366993223
34287.63834797268
34514.94198776227
32235.59745209105
33450.44252485625
32598.203606852207
33912.47342151321
34515.76161256883
34160.452013125396
34166.257661009775
33077.2900915563
34856.12597531568
33434.75466323691
33968.61649879135
34037.90285197141
36150.54842109612
34169.827939834
32292.177962188853
34055.59483946113
34231.87940690811
41845.75241728244
32154.969998575027
32421.21498988383
34391.12122063331
33202.843370748684
35108.594795987214
33098.80619219418
32615.57211733059
32423.91602389352
32972.79291638852
33600.570868268085
34519.44171265046
34609.9091734368
35335.60037995106
33941.639662581954
33360.40134861775
34314.52804763017
32948.82019605794
33998.50123948536
32548.812084398494
32833.51458083109
32410.671539711544
32008.738779511357
32359.168545861605
33055.48240052689
33873.590101029404
32742.766652833914
33154.71330359013
33199.91807886742
32998.25846877476
33037.324996918665
34574.31681652051
33809.89971817677
34868.26711069461
32355.80524794064
33959.013545097245
33228.51519343675
32960.50659341483
32954.92039365287
34162.65452136309
33081.115750933706
32857.248560551925
32338.58652548314
34372.40002301127
33028.4466404774
33658.46965104004
33121.1392526266
33152.97311174636
32945.80011781976
31843.5547370243
33100.193983817066
33854.48281445125
34253.76749193951
33876.81291266838
34067.5078895718
33066.41246714311
33136.481626090164
34671.79280684295
33415.589005518974
34605.73606409137
32345.445157399037
33743.24026141589
38244.11300964488
32683.97292870662
34821.706831965595
34262.3391435222
34378.56806041231
32590.751397105054
35395.68761071422
33941.494848640556
34856.27627688126
31520.240512576485
35789.954390291314
32844.21317225067
33532.27060725919
33098.34802855034
34965.83426646881
33326.41031075841
33294.63896625203
33348.63078910623
34169.39939323593
34126.62472850149
33473.18204254907
34161.67191312174
32696.407550543823
32308.089096432526
33119.118980452295
34553.5969678494
32698.78405381773
33502.38306348264
33481.214922249914
34285.258266711535
33068.27942037793
33688.53521194629
31737.49188283641
32971.60911228013
35174.284191914194
31552.44947513691
33228.960718858165
33191.502742329045
34335.12675123562
33682.88170184317
33518.15172700573
32410.080555227392
34226.29338830453
32972.997135838414
33528.4174755348
32268.290210056766
32655.029409848892
33159.5797398468
32617.914519615868
33021.31919356263
32904.55422104641
32541.77223919037
32805.033797760356
34241.50121873757
35590.51739072038
33522.855501361286
32404.507820396688
34815.26261452614
33674.371893479554
32957.51890760482
32378.839408454514
33764.86236209098
32551.682648306585
32911.17364630257
34130.59397498019
33813.52267669905
33126.99912312409
33972.351819163654
33971.19877369727
32626.560400674072
33839.28829211456
34358.45637084726
34506.24685520433
33393.12095133005
34122.59705586566
34245.16768837275
34078.29015437781
34286.131684678556
32656.095020426474
33602.2149120708
34692.997689953394
34194.13343121971
33166.840758825725
33147.233437909745
34513.16097387768
32834.792116302764
33497.03529602444
32473.5708455531
32593.139955815757
33705.957809449894
34243.52965827566
34768.4899784915
35596.230531948386
34693.35977940388
33948.22919423323
32855.949352987205
32800.41486963491
33385.19703549918
32716.140220446447
34634.280518879845
34542.791059513016
34331.591248801386
33637.19018038517
33469.24211413214
32549.57706916009
33009.13550898695
33338.814177672306
33267.09410937481
33370.61554744482
34133.871479631096
32878.18315088372
35188.29056159257
33706.25538125771
33185.00393196321
33108.50858984594
33164.62053278019
41776.543445138625
33042.21591289978
33088.292489603155
32866.75119983503
33394.1277572684
33526.339714604874
37124.83070683592
33183.66427432492
34940.14586017453
32726.326733091057
32647.463725146117
32788.88132571628
33675.03388912369
32580.260925807117
35132.29463986099
33761.61723857859
41621.6959661389
33740.758724190244
32286.872428499897
32975.833078660326
34030.596408160534
32455.47124755893
33421.643158690174
33069.101141814084
36090.4612063082
33050.3677126926
33017.992600180696
34731.61835452497
34673.22054643918
34120.96682878433
30865.024470185337
33215.31176644115
32408.58168032248
33594.54554638818
32766.49327556048
34565.6935912985
33429.6811837393
34550.00363503845
33972.4390874844
33594.10403297259
34147.9013036324
33072.24793341231
32151.99024543901
31634.904859621147
32888.295956907394
32663.3304702464
35015.24500362534
34050.05291530611
33841.434396120894
34322.91893728861
32305.230472795367
33936.56233464061
32280.637214981176
34809.576437796444
32458.204188543245
33674.375755661196
32305.26119597342
34025.15388574964
32414.753723939095
33027.13713230908
36288.67624641552
34585.114669952796
33050.368275940295
33924.42583911721
32375.133562425508
33375.87380962884
34121.66129199247
33249.32229942869
33235.18890113629
33584.17947022534
33160.49153872377
32216.36579572157
33956.06756618754
42128.93733499002
34462.42675140035
34908.80634259915
32968.67673681542
33845.33421071001
34880.87908448656
33998.135451186085
31908.677770545353
33972.80010409182
32677.35393041717
33183.82136825803
33799.235319765634
33708.61666362278
33446.910796515585
33882.00549942574
39425.78598993558
32864.79795012887
32287.531428994334
34114.23854683737
33017.658948604796
32157.431235586937
33654.66635644783
34166.933488730894
33836.239707121465
33654.161206837205
33766.06833628125
32580.38921241744
41199.00336812278
35126.16962491608
33490.40501398055
31872.31863208978
33473.37850840584
33376.539300221404
34164.75890350165
32605.539723547456
34269.8852701217
32899.97137403202
33025.67271242926
34945.701981450235
33016.69933535674
35643.859603466255
35631.05824224658
33106.04585846628
33111.304687166856
32686.28342401922
34400.184138590346
33623.82869684642
33300.201858111875
35062.798728893424
32738.638024745534
33877.08991125782
33878.29091809563
34231.81552320273
31989.73215557509
33195.37948759742
32942.573283464226
32394.481705651575
34394.14802824865
32674.454243232434
35698.26709640824
33240.72861769243
32092.628866679956
33038.90756774288
34260.42190099128
34168.548035437474
32318.465505658874
33525.28855715838
31618.597256913123
33384.64828306308
34612.20837300731
33773.681492866264
33406.672750847814
34433.13845326408
33961.73730629175
34559.22480381236
32826.701705355445
32811.50560449969
34416.656023107906
35215.24607842534
31788.481483071213
34049.54886207271
36121.974814927526
33624.8179092768
33737.78833085072
32402.125099861252
32768.447481480405
34663.94175031566
34401.84053122642
34439.28160394282
32963.53150472612
31036.621135067413
33099.34430968969
34658.879423709564
32436.53295525292
32696.895964727548
32191.017042827054
33844.93318219249
31932.39144241217
35041.48454974826
35505.969409718295
34001.60702655869
34072.1896403448
34303.6398977142
33408.4418534485
32993.242663785044
32210.267996103117
35198.98394948591
32738.74549508652
33790.694655882806
32961.757788110335
32845.865931405024
32698.318034365006
34619.03980368697
34537.984475009995
34508.155044745814
33506.401874545
34744.2339792085
32851.03862377352
33401.74670322711
32882.141112014906
32479.863008240533
33938.075767368326
32524.032367748212
33506.00483686331
34712.68800039164
32666.378731419736
34173.74397420368
33343.305789791026
34608.074454739486
32442.880579907865
33167.3576107903
39324.30830188029
33789.48788847402
32571.49104910375
33623.487453637026
33841.48199314404
34025.86930977022
32734.27239278944
34801.991918974134
34317.66739482912
34092.92275848027
34843.2027711512
33368.27451526757
34248.60309658194
33471.326925037225
40608.84682264489
32162.419971329666
34238.31061367253
32807.19628018548
33428.31659179594
33467.35015472583
33856.81777316156
31657.155521320296
33209.19142071435
32792.59871195232
33373.09843550617
33442.21504429201
33629.12616996056
33960.4086400901
33721.92210944491
31134.615996465098
33579.94739699754
33528.50839529839
32130.004234526208
34275.15415061337
33472.29719621556
35755.37791308401
32911.63376949874
33287.99323414317
33543.6834721369
33669.092859906494
33491.19228357213
33048.72414543666
34315.343034703175
33197.185584676554
31780.451555401945
35275.75410944565
33972.22207262706
33669.827525797504
32714.009090277777
34889.562900745834
34555.85011877748
33330.66338641723
33295.97275411668
33927.84526697374
32471.18028162179
33040.347780890894
32063.385663019104
33374.299717139205
33392.60893664684
33485.79396324732
31993.379630885418
33446.14920831306
34179.94337760961
33104.85000113295
34251.749001429394
37974.958701089105
34503.43822390699
33624.1554469501
33813.01335819654
32545.22912025381
33171.04093851035
34160.091450915745
32256.766945134736
33470.13992320648
34786.715498725185
34082.284080491394
33914.52304970525
32184.454431033388
34238.4609798479
37563.05774234034
31391.553244909835
33413.958489480225
34314.40136264626
34067.90486740878
33875.12918845043
32616.91100726256
33783.455002523144
32470.359924637167
33007.353455912016
32748.657592381285
33098.552079960944
31479.58238397874
33548.732153017794
34997.15064684316
34401.88916320347
32612.423151609022
34771.587187175464
33274.56872001179
33640.19481441851
33627.35956306663
32286.88729967021
33940.802426995484
34718.942140354004
32064.4217108202
32524.056378022466
32636.44448361364
34289.32931382492
33221.24306158668
32697.94319234682
34977.374069116784
33037.57628080222
32649.978030845403
33168.31371513316
33826.07355809158
35119.08680068736
34084.67927070379
32043.94952215753
32254.42862672568
32420.913419490334
33606.24278196389
34551.093880074564
33895.4564130046
33429.00682941927
33459.954138249464
33079.60436977765
33885.86646444396
34005.87973874679
33534.551206808
32457.533294877903
33267.15168069496
34386.513853574004
33401.14267363478
34114.11714284348
32495.341620992906
33113.42045559925
34326.845657314174
34358.652680847146
33858.04793498148
33592.88683329027
33612.98054581581
32707.333188465658
35103.76719680137
33606.933545767155
33716.99190875179
33219.88404853969
34782.70495327748
33313.25884515227
34634.6160117911
39111.04443541756
33336.05509703464
33960.66201927602
34932.599767476284
32889.37711981831
32642.613033464113
33249.61268769072
33849.01586017705
34209.20017427844
33249.50233521248
32466.16174398197
33540.82045719417
35225.09200368536
33782.75695048734
32744.093506962807
33248.930517072025
32192.649096047666
34171.717591138164
34093.46802565855
35278.06534624429
33295.11756924519
35051.925048242956
35950.358652773815
33394.98000991822
33089.231823847374
average revenue:33632.38006171482
possibility:0.011