33186.54888239411
33960.975083386475
33562.52382983213
33179.23833720249
32348.175990539803
32502.25278948012
35599.30415589196
32888.630122123446
32878.331221237844
34242.8756585642
34889.21280146121
33806.100085475446
33678.45918509972
32852.51924907242
34427.40490353121
32318.768787023288
31952.49857348759
32037.894334643184
32907.201244078715
32662.130061514676
34069.37781783744
33874.08218136961
33103.82007886065
33788.54847711368
32862.61973394612
31688.014560310854
32629.47505593679
33764.438999692626
32605.060624900685
35420.975569225746
33654.68532564099
34231.84009033886
33907.119985528596
32734.997840847835
33464.6758651302
34160.89781853258
33378.70949239189
43645.97882887532
34010.931752647935
33218.40222086851
34892.28529138589
35076.094418021356
32717.52765711463
33386.18459719931
33110.746515038474
32845.68584682246
33667.28511006672
32373.89203393078
35412.49854844251
33294.46122391812
33824.74339554465
34173.3971062389
34332.107190921495
33331.03689588652
33578.06193828145
35087.35678857383
32717.95173379961
33480.73866024551
33001.72359001788
33535.44290940708
34370.015077233504
32493.66701744385
32559.487062754666
32443.312726498218
34336.108072588504
34000.75417880481
33195.3372403339
33052.624144902096
35178.48127116949
33512.60838500217
32480.14554804716
33762.359702823436
32357.353560762524
31070.334315065655
32020.843157342424
33598.81851569939
33266.957131833566
33486.28040040573
34299.294166826985
34395.31870934669
33611.4167349653
33721.09112806398
33523.86010728925
34395.13477921852
34058.42901264006
32246.630775961898
32857.77524281378
35337.06055947574
34388.65914434281
34581.82097443468
34617.15683373752
32128.57180152778
34592.90256863626
34169.76173695208
32540.160183285956
34227.12111229019
34006.525932411816
34604.130395307344
33405.582086284216
31916.231363767136
32122.817643336944
33037.35489748127
34942.57502961883
33807.04256557887
32471.243711588035
32135.58948288837
32850.76328331745
32949.93949782673
32782.6621347914
32292.120190677633
32852.31637024309
34858.91647510494
34992.46150563112
32995.89005805174
34098.29409529033
33689.39582190006
33264.35415103613
33229.423712254546
33719.554443249835
31608.054359953658
34394.98275175188
31432.230438437688
32449.311107064324
35527.60048220508
34447.594410909485
31675.27955496997
33201.7239389626
35028.58866624006
34102.44349853303
33216.90557751039
34409.37369738519
32828.41250886841
32927.139836917704
33600.20520571494
33247.73323148896
33090.275270010636
31769.854452748557
35288.7898126586
34660.771425432205
33535.47780881944
33311.359464042565
32307.8834045895
33575.851225528546
33592.75929645847
33606.98249866964
33181.85583555596
33165.54576466739
34798.01294521546
34029.67885299395
32042.10793633653
32144.207759034543
33656.77834283849
32795.43919765949
34270.3558397946
32690.327228900343
34707.57583774736
33314.77707699827
33333.17341649521
33153.615988731464
32146.291697022654
32896.3760284975
33377.87617434577
33549.56229239363
34071.42192974696
33810.434721792764
34831.1053669118
33521.00193139472
33437.68620829887
33612.022488175404
33155.076897075654
34723.955027118995
32645.269739998548
34133.5222936117
32972.58432019553
35477.51359737431
33137.05282585276
33071.66408886916
35048.42999981223
40290.046819914445
33054.282452012034
33932.54857951889
31990.98156593552
34218.90483318171
33469.38659841619
33440.48520029257
33454.710252592646
32934.45312714233
35119.6289014208
33988.53316844109
33103.678732229244
33034.58611811742
32200.44386807402
32462.759596608368
33184.86589079153
32452.33793622352
32791.72787498228
32503.660903804408
33618.89654555626
33550.342956557564
33808.5256157117
32957.26469893978
34385.90347753353
33027.67767179774
32121.720246025056
34520.85271033562
34390.436928873525
34494.383626284725
34786.665375873315
34218.62594597661
33341.62113337879
33866.958942948695
32617.946395798073
32773.5760608324
33767.86285328008
43376.47622672105
32876.60813045258
33842.81447056107
33126.32534232932
34259.22290577672
34835.4188654844
32357.463114603845
32467.76699420177
32431.7269786965
33377.62654302953
33982.73312714728
34771.64398814717
32046.79764816506
32347.843751887372
35028.43723241536
34395.9867193708
32528.180582937035
33246.03720348321
33310.1277764078
34207.99849703499
33590.33114338886
34098.06877801074
32795.340370119215
45173.69500360383
34286.95924092148
34014.32315134527
33217.37612097114
32871.15492754156
32448.698480372976
38404.658363370465
34665.39822628088
33384.012089332835
33388.51916803938
33196.33994097194
32801.07170848395
34242.57510568996
32223.766450841536
32437.10043285088
32374.40742125788
33896.46149387782
32232.32245012541
32595.741353947997
34603.98564003078
33954.18789377933
32876.89686711057
32864.755756574596
33695.968862615606
33212.456925583945
33151.33041136214
34279.59028123382
32439.902842416534
34627.58408472888
32721.416544660362
34071.68908099494
33136.080919313456
34721.37006854883
32566.35352444929
33320.88314931843
32809.50876066774
32044.788013359914
34047.732006191276
32454.513480538662
34292.8785832707
33954.1278252888
33443.74693036144
34447.47237319267
33616.32137423637
34794.91589376699
35125.5321525495
32505.753026145503
32401.28479730059
34105.89020584459
33363.15169580184
33727.69514806543
35305.077249818976
32977.53225583089
33166.221039219236
33904.916690873935
34464.21959612631
32702.699077834422
34664.33224845755
33136.2109528039
32689.027301879192
33415.84304131066
33928.14183455746
33257.4916364046
33689.20784234962
32329.647715717696
33835.35798132982
32693.498153819906
32463.795793711666
32956.983938774814
33651.878758984145
32926.43151566221
33229.30614165625
35186.13209367663
33897.68311938922
32855.70157963826
31513.795070049357
32671.81794742305
33335.53127513863
33030.691660996614
33420.92719264332
33069.70016979594
33405.874212798706
33498.47853368328
32162.815562739117
32411.598024111256
34292.12676331136
33672.30498443874
34275.051471725754
32450.159879671228
33491.36567715783
32791.674206908516
33063.48284056487
34135.56231427546
33449.71450177009
31622.076058221017
32093.226631704965
33107.80380576554
40361.40134614373
34882.31556197581
35090.807121983016
33830.574719043936
35644.11158645584
33958.471546980734
33568.85891532609
33250.57657629694
32638.267020219348
33377.89496823777
35346.819851935164
32562.35389079987
32347.591931465737
44327.217644173994
32812.53927977145
32565.06234222553
33346.90351143262
32215.80602816712
34110.96011294924
32150.28040340456
33915.127168837156
34918.67607626644
31844.90262498196
32542.002897358212
33836.40159309516
33224.557021336
34137.80394963753
33620.955500240634
33222.48551399683
33365.59677391952
33266.91276632801
33541.657230986035
34968.10014326103
33187.20245212179
34519.249473644304
33804.38994003629
32054.198276199622
32614.23122390915
34152.36462495832
33370.40608526028
33191.62642100126
33314.038738192714
33731.26689547256
33439.69451303391
34546.079882731516
32778.11481211322
33745.35057237884
31809.725349057968
33494.96270206378
34315.352478236615
32663.25089024144
33934.086099589826
34757.11936666173
33658.44337583526
30954.075787416998
32237.8727052018
34380.871727836806
33701.94895216204
35374.381313080914
33030.651784447335
34826.02426042322
33826.35615958129
33884.605272941335
33015.71693981589
34199.93878332101
35283.42828215338
33126.98943781656
33002.995757292265
33211.54197155651
33353.401633962174
33781.53626131774
34679.36311339045
33291.508021110596
36454.398048555
32458.74095733572
33679.04921890904
35190.53526247695
33258.57468850149
33914.986747798794
36300.69822107622
33999.23138084486
33172.561545961704
32950.595158873526
33779.64911618431
35821.283397448555
32799.647263986444
33216.147464234535
35065.16626119283
34636.56688812272
33722.65200855684
34439.177594634915
33950.86162216951
32911.89695445384
33170.74871355613
34127.21320928642
33524.75197609593
33832.66937777602
32733.81709732109
32655.33060464947
32035.394011566983
33366.85310957221
34488.514504943414
33602.55403127822
31684.179288751522
33929.94847562203
32516.99391174047
33168.96436104152
33022.35360794485
32790.882948237246
33375.83079476927
33108.674842405264
32441.81607609703
33274.668239410894
36166.36194283696
33861.60567870534
33232.90909950577
33848.752401609236
32453.858366769047
34268.01135076312
34151.42408363689
34744.29123414451
33631.300408233095
34159.295416959816
32185.078185430622
33627.734426397605
31889.91969110371
33338.438217558294
33280.78467299856
33555.903974429755
35186.830641783155
32818.22937959322
33836.79251904855
43823.87367191069
32999.45632151283
33715.68782483487
32732.569598254762
33407.648198378054
33893.873868813724
32786.30717042974
33315.247163896594
33157.70177942224
34030.754349275194
35942.78777404003
33253.805552192265
33165.4543028844
34210.529188463275
33454.79293125801
33148.35738989148
33142.667181257704
34289.09061872855
32679.830791168177
34002.6582039831
33962.46028804031
34677.19546930789
33242.47215730926
33733.304622302814
32790.78898158974
40577.40173768936
33134.06897448721
33808.77624780089
33179.54356266829
33830.03192750593
32728.01551230319
32820.29005475876
33465.42157744418
33708.66037837169
33463.42413090963
33709.97477163628
32655.59790811311
32941.00262288295
32479.068321349863
33017.45903044532
33410.36663243541
33687.001721463224
33557.82441555366
33584.2248914758
33120.091787775
34760.63768884757
33191.23571130183
31242.569596174642
33326.56418141333
34017.90309162638
32520.998030994673
32616.802012784505
33082.258742031074
32852.249743902066
34566.741330389494
35042.87168927717
32782.65694847043
33429.01488831221
32436.41943441009
34356.563436257
32248.874628374317
33163.28172121612
33147.517211366765
34174.34079435735
33057.06794978478
35834.54726049928
33014.79863510488
33544.57941216338
33221.23827107041
34301.726651093195
35111.901197382474
33842.03402887569
34996.6286533128
36155.668055310205
34319.49959610061
32897.73472034691
34371.31551202089
32392.75283998888
34465.15281291575
34180.92987627249
33129.72724402581
32908.54072421463
32459.42676191694
34171.097875567364
32215.5415228559
32513.97154848554
33440.67604211195
33677.111439899345
33719.8328454173
33322.46946745505
34294.37436568779
33144.34663549105
34019.46087308575
33283.59545088101
33481.50829255048
32977.09584924296
32949.79789230268
34093.51579444392
34695.5416144156
32103.131398571455
32502.55477590573
33050.61205127246
33199.183507868875
33858.91339776415
32977.9572968148
33336.42310879217
33064.58052606646
33355.5861909129
34963.10799982923
33550.0954185891
33021.70720244603
33345.048022362986
32343.32757316099
34491.23575356222
32481.094404506406
33086.4930153514
34201.01645196201
33805.70001040894
32822.06648319996
33020.806909726154
33719.23074102851
33332.729135296424
33763.33131138379
34783.95122433335
32970.49774867762
34087.67478188276
32152.494711857566
33841.47231222455
33790.08735199143
33185.624834178925
44752.024564466454
33418.1605247445
33464.943552203695
34043.15446098572
33240.193638159646
32472.665320715132
33469.78194614028
33580.67585979372
34145.01745038273
32289.48964359692
32350.67468708767
35129.53331324787
33539.785803209634
34429.17397900061
34111.030878867285
32615.668354387893
33177.54335315501
33911.609488724665
33683.759447336895
33722.34934589952
32269.009645963983
34260.82022836936
34505.209942642
33916.57854959251
45325.87153392128
33197.53824122311
34356.416463254485
33510.353277472845
33767.1965745392
32809.85190937974
34152.3050528811
34932.39480939008
34472.43443393574
31725.563190216857
33329.91149161763
32249.218551972383
34413.89703156835
32693.500925176828
33935.2179636931
34025.29778603101
32640.910663640116
34520.86496347689
33000.74235046844
34404.79449762479
34166.74197704481
33981.57494481732
32733.6261782208
32212.49849335228
33738.02006316716
33688.44898811611
32124.33931185668
32259.258983947784
33540.349477689815
34224.3026196433
32368.827194103935
33521.02419653122
32645.4996065532
33013.73846483203
32002.86859104572
33172.05122032355
32657.31170035783
32253.99855716615
32444.58679754964
32834.46226354365
33964.09544115635
34814.25877678852
33766.8252323932
34267.249993983525
34808.94830119708
34429.00864345628
33135.316736235814
33028.72353444129
32956.932309158554
32404.86499182414
33713.78104682824
32170.239221772586
33384.470792996945
33329.818817377716
33390.17583828803
31901.879129750338
31958.750958923476
33053.69381228111
33675.212115626295
33709.74534474456
34338.462013676784
34434.60054649858
32526.892422145414
36987.68490183166
34160.736573602735
45186.51567941925
33306.9391620847
33387.55118729869
32191.936903192323
32047.463314743436
33524.21392052379
34011.88123760349
32550.442786471518
33972.592771164236
32986.43284558665
32425.421393103636
32913.817497927375
33268.038221335875
32875.97755445823
32665.38165344108
33553.23504728263
33058.95494880231
33652.29387377166
34784.307125653
33053.1179330549
35412.75716874346
33032.47965521556
34030.48562619795
34613.013940521545
34611.34887076503
44160.42126232151
34197.133206174396
37113.51615632335
33428.71048079871
35074.043451139565
33343.00493621536
45495.23969026826
34147.824676203876
32855.1550724093
33082.81124093841
32435.957936989766
32242.38136715495
34581.606164947225
32288.766834691607
33695.8230293867
32474.87934999073
34777.50720319634
33115.10270174947
32998.85005998193
33313.76124119461
33438.448330526204
32924.06751636451
34167.865291815666
33953.50847522012
33049.15673466343
33092.95979535671
32409.678658949826
32965.317618082816
34372.094307086554
35176.23899744195
33217.09210420996
33424.626655971704
33366.149350224
33638.00137192296
33402.588549588654
34503.082621260284
33405.34334390871
33613.20468267413
32607.345444420742
33523.556972305276
34223.05850070884
33794.50670394093
34943.339464497665
34253.878325902275
33396.10651540692
34348.19204677095
32663.683294846396
34453.10792828276
35074.71176661985
32360.1606908846
34307.14037385165
32898.965375664615
32068.864631996235
33468.17409844618
32430.569702100696
32403.882467859992
35612.896539493035
33953.3089452008
33017.186340325774
32435.522511584542
33480.46703316408
33668.86560785164
30988.895869025266
33467.932994842486
34136.321749686584
33803.750299506144
32923.724396017235
32425.588905619647
35335.0423294105
34149.59783140448
32808.10462382581
31412.00191341976
33286.394920395236
33793.026772658915
34284.78565581313
32618.59861333656
31554.05220491511
32816.62979863517
34857.10056449569
34452.98208192456
32239.7011023849
35452.66520076876
33481.6752390376
34814.38265457729
32779.975530821124
33591.5014393321
32540.992307342323
34607.459835685506
34050.236893075475
32893.92226376796
32721.737458764743
33688.985875844584
32826.13482262549
34081.18332888323
33993.56035971472
32293.501058697395
34177.52171764166
33981.85358012414
34268.08568707341
33674.316402650125
33134.72325554001
33517.05932032648
32714.22831449081
34352.54949552738
34606.24746686324
31791.52222857855
34522.97007564548
34173.298597398665
32532.800429950996
33672.53133648842
33012.45417913327
32697.88849368623
32310.521875273374
33672.77054763221
33229.048684562964
36162.63524401143
32848.311373201606
44873.76930415767
33096.31324871375
32851.274600439276
33051.13120271069
33636.844839737714
33171.53341988188
33571.39573709148
33986.52102770126
34496.988760164066
32939.98849053263
33211.39793299348
34253.66347475823
33270.689865520326
33702.87368140419
33092.64556053008
34396.161737695125
31647.167977332534
34081.12372158132
31490.27255652406
32397.622958418026
33695.50631603349
32146.22625882946
32333.9580570712
34029.07037089849
32592.033311310366
34378.77790818192
32309.566496318315
34495.63327387201
33012.61591931771
32929.7070504499
40153.31156077119
33039.20541819168
33381.40727806227
33485.12378126027
33778.33940836114
33518.55205841309
33174.30451648804
31663.375528641078
33155.96882582001
34661.37633887556
34858.6512356574
33439.452543227715
32911.39736838962
33545.13417775932
34409.29691154304
34284.56465046415
33524.05645505573
33469.76138400134
35647.51548968493
32417.89499996111
32859.94525342262
33814.9619552556
32324.96781938682
34734.417862284485
32350.92896058276
33651.822045621084
34010.8287040175
34419.947952260576
32914.26034344696
34671.9682101714
33142.126837574164
31921.342998514217
35702.6188732173
33981.72052362801
34162.18818019083
32984.59679460823
32898.070866289345
33418.65117459864
32270.39531423874
34817.485349784576
33980.95769568521
33516.990063610385
33219.24883711728
34855.96268969839
32349.123730430103
33320.81834066869
32794.08470529626
33208.73032508821
32355.023979142687
33475.104601685314
34050.06021938711
33882.43337635491
31514.625155854235
32757.496006901405
36164.650216860085
35275.1578904724
33223.73969455554
32992.91197861746
33050.44341045853
32411.508578085857
35918.14013002149
32018.67455359981
34001.768632180516
37192.793641114054
33185.05692893118
33802.74862704071
35252.720179761185
34144.02200714097
32730.709257589428
34485.486837476106
31713.97301900208
33435.05429799015
32568.715772769247
35359.0774729067
34473.2794501665
32935.57159615272
34125.573535315714
34086.7949987464
34540.10707857799
34331.10398713844
32525.175037041354
34375.85539185129
33605.23435857784
32722.39552594726
33045.29283614351
33117.676843139445
34307.17757157316
32466.952495019483
33302.248414019035
32237.49559161105
32858.97961365202
33798.84482595549
35121.80893055859
33416.47749019976
33841.16897034701
35367.399531169016
31829.716904495344
32776.054847362306
32855.89314613884
33996.28223041792
33601.14385061028
34010.68671507497
32215.61775383421
33279.74179114896
33868.565538519215
34012.37471393068
32546.142052333314
31825.687895409872
35388.92007709438
32964.86339741981
33518.77694023922
32174.70152814987
31942.0023442165
32807.29112130576
33866.71728031643
33924.12334394969
33929.74769631864
34903.41066929866
32723.96833262001
34046.305063640604
32855.11295791137
33335.67109224716
32761.464890982832
34470.02522729265
34356.88147010516
33184.739016106214
32913.789879510136
33259.84728607595
32040.984519103924
34047.857421783694
33438.3051391211
34158.06139589665
32508.566875079938
33540.65447932881
33055.97968719942
32507.687507448405
32200.09240853079
33689.07875911951
32305.068550421143
32990.18860668715
33742.80446276661
33011.54831802153
33043.29572012849
average revenue:33629.425834573536
possibility:0.011