33423.55592230941
32370.89779726146
34043.477540633394
34212.68144061909
32676.18969751138
35351.13718704175
32624.6464259953
32603.134150707883
35701.24032272873
32033.215139138432
33759.93705808921
34100.52394560324
32113.978557059316
34935.65891959875
32930.830857328794
48187.963977395935
33440.9269428493
33450.733317945196
33987.793805668996
33780.94431791872
34382.61618002415
32814.37233456172
32586.319521095782
32989.91784323007
35499.451170633
33739.88902721132
33158.38742441265
35025.29924543348
46060.19564324024
33055.37130238233
32498.03493856825
33178.12365123893
33149.10643773067
33571.957963848945
32783.63343509024
32580.587679842774
34007.702750139564
32641.516950563833
33080.26519580606
33058.88801718524
32280.118980246214
33699.32566477605
33028.03353773047
34602.86460379826
33333.18619085091
32202.4477102593
35051.19265149297
34647.14486342933
31724.768092239417
32513.30335599018
31766.029685075544
32724.378418216533
33517.96338776314
33663.48692823234
32526.33730046416
32710.001037978298
33656.03134833439
33366.098100958276
32558.749296955906
34727.1832994627
33697.3318470019
33282.76991096417
32847.948978917506
32051.998079823585
34135.77914942016
33165.04555284312
34537.308207025126
34222.589092035916
33262.17182344584
33824.04732507906
35144.89707158506
32576.828374412456
34739.3077328208
33619.85078314571
33122.98371629326
33999.9856761943
32007.384839774462
39672.3833712451
35315.07723984539
32868.418518184306
33121.94211841535
32801.78152753312
34583.105712553166
32411.60507108663
33886.679870682565
33588.85544052292
33353.21284025201
33505.068025047876
33304.29941902796
34019.53127702634
33648.76712333847
35349.41751389579
33660.27246526346
32462.174334114683
33671.13340199663
32960.29758718704
35108.64631091593
32776.65082065006
36044.96181411244
34506.5612587148
33277.88843499836
32386.106543240974
34475.88468583273
32531.72154585587
33372.4673142772
34789.17998232893
33508.73012757414
33586.69652910736
33272.08718082581
33390.2986021299
34261.63998335856
32867.12124253491
32100.548959419975
34574.477945445964
35458.27168331821
32771.632493584766
34641.29631452905
33434.34992768
32925.75049631202
31464.404641156892
33143.92882072861
32688.646322211804
31895.680424411374
33085.991537037175
35115.19316630959
39103.87058558745
32873.73417341228
33120.19510494599
33582.0532307143
32813.10830152116
33493.48055551087
33549.86937157371
52967.88861719042
32618.621675663824
34337.112474506655
32637.60147056245
35052.804577786635
33372.50810648549
34750.48923156949
34199.28985707988
32537.498912061554
33409.08557506099
33092.39488298822
34031.716304399255
34015.496018859296
31187.356924334974
33577.863701726346
33696.972668609684
33157.44514107945
32898.114496955866
32838.63726369399
34310.91420236771
34985.84273091419
52824.68946346253
33694.22302870939
30473.81067311066
33284.588316161215
33916.1287275395
34496.17443012414
34157.28804460903
33527.565474431154
34137.34262219439
32700.800176075718
33623.135498017335
34051.973115670386
32786.04255711616
33268.541714975705
33605.62841627824
32766.325371145813
33157.13515882013
32504.86401038095
34026.58265358492
35795.003105789445
34092.50916273206
33200.725547849164
32393.64429227459
33337.86928435122
35285.34958312345
34805.4145869911
31983.591355243552
33381.004086424284
33159.61734863486
33687.02108354398
34184.07957804008
34279.806297765506
32311.05255914373
31865.46047351318
34699.7914289554
34811.447155837464
31538.72896268081
34853.313018566856
33201.87568515711
32029.89476085546
32138.64173828518
33062.41885965844
32150.90612684296
34250.7685959803
34483.40560928083
42077.04150845131
32293.697388591274
33125.75160461803
35246.91203392575
32755.51813029246
35031.492976325135
35148.542065609385
32371.368713020092
32973.27446483927
32150.368118428752
32832.71466405953
32918.645066647034
33240.60200074185
33458.767871150834
34245.591636301426
39462.47794209892
34736.175419056686
33100.666151401034
32947.5369073976
32866.086843765705
43893.493486505955
34051.3254674696
34078.198577332114
36922.64364072103
32646.12369493405
33007.636653308
34118.8291677506
34372.338578108924
34160.80981798456
33155.41895067073
33483.10461962368
34542.22753237646
33232.66314147117
32287.5989282588
34025.14590892078
34997.47701779733
32077.15727899609
32317.63140056984
34598.76145247918
35519.63439854558
33367.01727884155
33926.678618964645
34180.133536931564
32881.46404154779
33639.08796248886
34797.93362362192
32998.43679537944
33813.40257281711
33312.13063572161
33478.86134875707
33062.47251305684
33405.13614046906
32699.378457805182
32125.578347652674
33654.41656404345
34774.796799799195
34687.373075916286
34044.77633914236
34202.11042720754
34704.17443095764
32040.13485068156
34405.74173018473
35041.40759680015
33260.926734101486
33618.9839835853
32696.062792415174
34034.74963182097
45808.71970901992
33412.44663241225
34819.474937827
39018.170931173736
36406.38442925991
34022.61243484711
33775.692966815215
33582.67101514253
37937.82066840935
34128.37913419977
33677.585996891095
32039.512596701577
35335.76935986549
33095.16600409937
33816.36448641054
31729.892773948824
34808.298443068736
33058.418155090265
32864.465833208684
33996.17020307844
34259.612814133994
32079.483735209375
35267.781032727944
34166.84934055787
33404.51579745965
32256.33994163495
34455.20838406895
32476.817806046747
33406.42916507199
32880.32439020304
33038.39701741051
33367.81801097443
34555.50773165073
33529.966375124095
32286.778410482948
32962.25791054136
34521.313310134996
33466.63391098911
32728.17680144197
33946.56478009782
33054.96053639181
34779.63549875115
33327.96130733035
34153.94420815225
34120.180127174186
33669.40154382764
32485.159806225623
32704.227589153394
32606.416959611983
35905.10635665534
32351.13742019863
33815.033417645966
32554.954898577485
33178.166034410024
38173.881512850116
34504.23764617689
33260.041021800134
33640.98217537009
34278.50613957554
33366.29440311874
33019.62229545637
33688.19296116034
33560.67438583571
32759.00182144079
32194.7303118513
34876.98350809701
32711.65463833248
34034.546481644604
32932.62371524524
35371.19525105142
34211.68262557623
33910.96011389431
33979.53126548957
32967.19040331198
32960.601894874526
33833.239439849
33056.1631348106
32908.23811138898
33928.1888539231
34148.001562552294
34127.9907511756
34206.10205460462
33487.61813785376
31431.357038235776
36031.48999640775
31975.5854829483
35623.74008383804
35800.50034348832
33847.65586861323
34346.98326515286
32204.76015751039
32477.134982479758
34189.141098903245
52573.0291294303
33981.07936093999
33922.87597700774
33421.5757606686
33634.56015893681
33517.729595486286
33940.54824939257
32989.23606418348
32533.15053086626
34289.303603042754
32364.900407394172
33349.48002347112
35058.31736532888
33885.25440746774
33553.61904047184
35511.6458675158
32293.41942639711
33115.45963720722
33106.0630795302
32601.241424282744
35330.52766034643
36474.94699034957
32992.60495280016
32362.386381063097
33125.38901372773
35719.81911074078
32382.403409229155
33452.270213806776
33492.16713170287
34511.064340659395
32597.837505168372
31589.261926272724
33920.92879280234
32925.691885487584
34619.06561045363
34021.09367958338
33679.94237774386
34941.71692223786
33429.79228111564
33083.98429990671
33261.971672972264
34054.07926897179
33269.218573125756
32933.93851950676
32907.53901875907
34330.51591606096
32291.70842500978
35416.509634675436
33187.725907361855
34034.04344103089
33601.66156197854
34358.89349440776
33252.62442782049
33149.02404635444
32296.56682505792
36341.466947843386
34267.6954637927
32742.858465501937
32744.106135905993
34913.733082668725
32899.55995706987
31100.157847795726
32573.542335980725
32787.870579284856
33767.81545931312
33315.67727236892
33409.464706308056
34854.84817776028
34778.74619413803
33986.09623724625
32330.35224291881
32340.411843589198
52944.43745369971
33031.321743200024
36495.05020066213
32182.778103249748
33758.25191674569
45433.36976979806
33376.4562854175
33566.6649811959
33946.7344464923
33436.49591306008
53059.249161537606
33174.57536730724
34563.72976158975
36307.73422176124
33418.80220336038
33062.164436126346
34641.764270228276
33857.705317568674
32026.016713533554
33465.55915513239
32675.986262513255
33718.34812235344
33960.67384959334
31709.40754036434
34997.162746221016
34106.56907776528
35898.61887371379
32855.965031332926
32200.084211393427
33302.188181061
33449.87979822338
31747.089549967055
33560.25794440056
32913.39807045492
33397.57280159393
32521.088124770795
34086.085583376975
33826.27036159907
33626.96746581318
33840.806108888646
32338.758922195462
34012.568105064405
33935.64454916834
50968.050172411575
33164.532391799316
33876.309088909074
32588.108761106465
34429.780571919386
37155.06842916934
33153.27507640837
34548.774001716505
32774.30213049758
34439.37753950445
34938.14192149399
32761.986950584876
33755.13491100913
34888.22298299795
32019.594929215218
34777.233617553065
35497.7661801149
33602.33086476736
31761.383582148686
34204.093143702434
32347.17771284283
34653.6339787939
34785.1242545675
33323.126115760606
34110.41802020426
33510.815646299685
33707.35157600067
32641.5148377336
34527.98652188653
32455.323842525228
34774.26191239121
32637.714423419595
32554.9690343558
33988.57563206221
31906.200876079576
34763.30612121936
33441.52051736707
32542.796715943492
32685.72071908289
32126.108680762743
33625.69923123763
33362.05718588366
34185.79065828779
34564.365170236066
35437.88887882481
44049.14901142485
34350.32544695175
33463.23323830365
34210.21414980816
32063.11136905362
31322.3108178968
33416.10484765809
33305.00443184741
32752.23564976061
32663.201919919025
32794.5983969229
33451.62274834325
32915.1754580557
32377.74301671526
35289.11705997723
33880.797110094805
32670.508010260713
33648.39665486293
35476.087700804455
34434.1498628254
33126.78109340542
34639.93500728374
33445.350153472
32932.57900343495
32968.66104770176
34496.56660099165
32689.60702135055
33643.117475706764
32813.29722204246
33371.65655993548
33229.60816921605
33674.590795454846
34441.23831684358
35569.378615462214
31559.663225799122
34778.92864960431
33654.50853641697
36272.96212766299
32879.052071640115
52095.75190269481
32725.79383270904
33568.1379447135
34502.02624128035
33419.87149878968
33871.62210639705
33127.8347870317
34843.03186752004
34477.9926985719
34419.711520337565
32713.15361051922
33660.87591768468
34446.3040427671
33877.50222553509
32585.310893135913
33374.257495785685
31949.784811647685
35569.99166558895
33875.473176207626
34599.96053781175
49959.21718524093
33907.68621710219
32108.561496837374
34852.01545900765
32594.047460640184
33155.36388075943
33767.24255328899
34128.361863610306
33881.22913456517
32802.730188690584
33406.82604529006
33688.38440899101
33336.375974155795
33748.19137393587
53069.15565354364
32330.772868884225
34010.59432706827
33761.334446777306
33894.97447091538
33739.75940065942
32077.50661406734
31400.366852379295
32640.69936260488
33382.82149683681
33662.32444161882
33271.32124349
33758.51124594424
33571.45520076224
32028.086852846987
33053.009995910645
33476.78407302312
33784.8622788281
33257.006347510716
33136.89218885373
33873.811848493526
33246.633890622994
32846.46768287137
32627.06055351339
32809.78521794269
32353.95555668065
32048.768369489007
34020.00739412588
34457.69818762436
32670.8378728419
33091.62224426564
32984.99749790214
34470.34385810998
33899.90948843877
33802.51190178914
32661.334606748173
34602.59642775119
33449.46001441221
32594.661798806974
34017.90912709463
34203.84505104597
33114.5651733361
33047.43187284924
32491.328023488175
33552.25644607708
35757.39998294568
34478.44586149518
33655.02911653996
33435.051592269585
48012.83755059311
34173.802518297336
34995.09733050883
33836.36103919558
34746.374331865205
34003.87038264998
35077.769024491696
33473.51460182775
33521.34042632455
34371.49706502676
33522.966814920015
31565.52422339562
33722.31169780208
32991.071402072164
33878.86941900316
32743.992365277583
34085.185401365605
35506.2651957453
33198.91910376866
35031.83418989851
33248.10087405179
40692.28232474723
35011.713054642576
34225.09291356357
34078.573501045175
33425.72220284607
34453.062007970024
32833.94576514734
34471.816621971084
34340.14679074824
33180.66022128307
34428.88802124275
33745.211737608806
32366.672812463446
35347.38122249337
32196.15237660555
32931.88590299113
33813.17962590208
34968.42823671117
35135.35966502859
33830.2593760124
33519.1519297211
33323.8930922078
33071.15109958476
35155.20043637377
35673.013863157066
34683.215436382736
32678.595436029027
34417.46394648854
33707.6780579914
33989.11319648524
37410.778647306186
35655.85444664731
33816.056860836485
34654.71822382605
32884.35365370806
33410.94778753837
34019.299109754116
35424.874455579506
34791.58965620354
34387.779079871805
34114.42016890717
34150.55654704224
35156.417561462775
34459.5657173728
32789.96058591082
33106.88838407976
33389.244349289016
33799.40666728952
33430.35882922063
34336.922714537934
33519.746890879724
32630.88152765404
33651.056850567176
34663.94106207448
32828.32602320433
35190.5164425939
33500.19109927406
34332.179518128265
33413.43508429069
32672.64156833388
35296.346765621376
32370.582447128283
34635.294558447225
33958.42053306685
33926.55913303128
35247.08336981445
33422.49852071152
32482.167583989132
32795.810798675026
33388.16408500836
34768.320708933126
34267.569213103525
33303.144968896064
35169.481745321806
34452.995918709916
33127.25043006387
32958.09077713065
33447.35840406603
32596.519348291517
33344.88096849987
33843.66880201017
33360.22275164074
32560.360640483108
32329.688908222237
33010.77061280055
33325.816831078795
32538.129118945195
32213.895813725157
36557.68125020109
31922.38606682203
32939.16585883441
32733.62095072839
33120.544606792966
34768.138336081305
33563.34612560626
33155.3669033009
34766.4655584264
34574.175856422284
33857.82974145777
34445.03439927214
35214.76506826308
34081.59514118074
32903.544252264765
34053.6307952464
34835.42379928141
34146.048863854994
32694.03107769329
33592.42473214491
33886.65533377744
32669.808699969282
33088.53282344357
33482.64029100411
34053.18562103803
33385.69455344633
33664.82752146477
33033.42320034547
31579.650366570706
33967.65888420065
33537.86011409562
32625.731373159786
35672.02419837934
32691.304683988532
30935.161782649346
32756.22478807479
36435.871195956555
32030.677583128087
38871.80401807026
35335.41989180063
36797.62364675353
35228.545662497156
33572.68722188097
32520.479914964522
33960.11962577672
33130.57373140801
32570.44593056594
32949.02215470148
31965.502198939113
33451.43785903947
32587.77708574401
33344.42126533152
33164.381980159975
34126.63276997105
34079.600819819396
31398.678609609124
33593.73364603589
32189.911630666094
33815.2145955034
36934.005709841505
31975.551061887738
33728.41532888359
32108.241837285637
31639.045887674885
33387.02098409658
33069.324687637236
33448.73898563784
53056.73745897809
33192.146633591634
33671.055935609176
34358.74151337049
33848.504136486576
34025.33074992532
34014.13804570242
32911.4468595898
33060.41664151947
32807.771144390244
33274.87333441089
32716.099944408354
33580.46868616451
32738.686308522814
32625.716892360684
33161.78409823572
33009.78247482154
32899.366486059
32369.575904647503
32383.704227471386
33082.68619029382
34898.44650824664
33587.11496647232
32838.57897525673
33424.55103058491
33104.28970523495
32559.40306782856
33979.33909915991
36197.30895162142
33673.95332102951
33682.45701728466
34642.76561717516
31489.586174159118
33951.74739844961
32559.56221972945
32809.835901263024
33120.26333569404
34315.04745119433
32622.220478155497
33188.78846498532
33191.53568866628
34086.301593082826
33734.08441351845
31797.10766117244
32136.147845061954
32648.20453189932
31718.570625558103
33666.25990357048
33174.65581775746
32946.84094354359
33356.88827574206
35180.2737623973
33558.42435474792
32314.286947598586
35261.038306581235
34414.36289013392
33057.13328849339
32387.375962108286
33805.44732026507
51496.78907077686
32859.37879476578
30843.301323335305
32207.429430850483
32696.600601116184
34253.095317884356
33580.24550569148
32151.401744905714
34000.75896538821
35210.163852196325
33903.5049726268
33480.78345959846
33857.34043276444
33829.766683847374
32439.892901130184
34761.33407944182
31208.7630738093
32290.075281658737
33176.36963386619
32397.650047628824
35291.94642457084
33157.139864659286
32534.618497920634
32809.923305836666
32105.900813191747
31710.203455021652
35687.09204184217
31294.01016337328
34265.786255731335
32604.930760190404
32634.652583338262
31682.73935464764
35763.8845006345
33624.14144064444
33721.62503092105
31952.276538698366
34190.53433843986
33656.364534857086
34209.08586228781
32947.83090522554
33126.85342271047
34079.81228538397
34036.12500718035
33385.97788165818
33341.30970978673
33748.93684328269
32365.58914388792
32538.97455843489
33008.057941948144
36373.71024144414
33551.78238343177
34474.40818056393
32024.149650788826
33015.13531319261
33632.02731601339
34721.62302590735
33475.58282094452
31870.430190845356
36197.03766792356
33731.11359688603
33382.26960424177
33657.140439542854
33583.176893606
33720.10770031848
32559.817192425842
32958.74051391599
34319.745540571574
33437.86920627897
34298.38707810764
32006.480836201416
33599.02884360766
33130.05328745215
32137.363674806817
33810.34543526723
34261.67243883902
32825.175857150796
33546.97337744709
34031.7949236513
34151.045171726575
32436.491669161907
35230.51624108091
33784.36470596342
32983.36225458186
33373.26383815635
32579.909816395164
32897.78168694576
34133.785730598654
34017.11286198628
34290.69012723033
33257.46740473889
47722.46828984614
35618.15117196962
33885.20005078237
33958.8126034414
33669.804230550566
35247.185914799804
31768.09491412741
32748.993495640072
34639.30263539563
33504.320988393105
33703.181421746645
34202.02292848565
33780.668906668216
32594.169708413203
32347.992321590515
34074.29956362166
35777.114157040196
34827.5266697248
31682.454217578943
34409.52156065228
33608.1405910495
33699.54335328659
32586.7272403851
33960.75127012919
33517.01929863508
33249.47737197586
33531.00337970686
35018.033720386484
33746.316518626176
34877.92531907893
32827.97482186516
32368.87112175885
44322.421422064464
32855.19999849223
33557.790692980976
average revenue:33928.7905636867
possibility:0.01