34142.507571451075
34502.92909262859
34001.46663679901
33901.658395103506
33701.161239982124
34394.833773397426
33729.364778272946
34471.418649410196
33855.895296565825
33957.53806145817
33264.84935019344
32803.81807500028
33240.773567059165
34874.11594269389
31821.542298307908
34684.195212909806
33627.208720809904
31545.655685184243
35630.19854268368
35096.90574628486
34132.30548231402
34638.164418752545
32321.53873283669
33080.38321299633
33282.63115595284
33367.82593716473
34052.03484148431
33331.65755306763
33302.10480290665
32878.219842146114
33537.774393949476
33801.53318595469
33914.697707543484
34827.08358836222
33801.90337181578
33564.394923242166
35025.7462818488
32909.16222821578
35387.070501881884
32178.2161635532
35121.56109398939
40045.95300991628
31853.921910840978
33144.05075661575
32824.17690857826
33312.410827222
33065.853964161695
32551.428533941496
33519.94015386474
33242.795429116464
32507.283793886978
34402.32857081638
33057.543549422524
33776.092058177484
34012.941224761504
33326.623334518205
34658.59779124433
33870.13446250675
33867.79326075707
33513.16524311262
32830.30584365332
33315.753278459306
32751.9864818218
33110.79869312706
32804.94438525964
33523.68191237211
33103.90863662602
31784.704811506694
34229.55037207461
34303.62189525081
32783.01027729763
31826.84164438121
33362.28103523644
36461.48962424705
37475.204799912986
33295.68446510109
36654.81838313246
32555.5582728145
34685.88412706603
31292.722241917847
32970.743253598375
33420.545878548466
32502.50951508394
34107.9284957942
31056.320387098338
32690.735293669153
33793.08908026255
33917.89291863273
34037.31917854818
31752.993644075807
33410.49511552033
33357.74700603329
33339.45639754212
33794.87694301745
32981.904202500904
33937.710613185845
33266.31603446581
32891.50017099105
33917.95589295817
34030.794611576384
32791.53444162447
33571.969982079565
32771.55189107654
33857.45778265443
32927.84528114395
34435.410399936794
32269.71555952649
34172.25427952086
33248.126488950315
37137.368778460834
33797.49345586165
33543.11240663187
33149.54702175287
32833.39429593476
34352.38429854089
33511.65284335001
33222.374214429336
32555.826581790683
32030.16990840548
31990.789610017724
33578.14783005733
32886.50367907255
32021.08129139184
34601.0975116054
33349.893312913024
32491.165506319387
35335.03243848882
33195.339542311696
34051.14913870078
33153.08343924605
32883.86436381453
33272.08187942893
40561.871329402384
34679.76962850748
33904.33788549409
33664.79054495446
35625.860615435224
32683.70825164058
34035.69364780671
34232.003432801
33729.0314904812
33270.40094509147
33887.056201671825
33991.828281247814
31551.602549739197
32770.319471560404
32584.621102699468
33946.38547852954
33459.882614076545
33121.477491294456
34797.19437366027
32382.65590869945
33214.24566766505
31252.437980284016
34746.29128667219
34546.55128947332
33535.63988912994
33418.689566231515
33616.21671494515
32214.148348494135
33017.18639749147
33750.60036751648
32085.478445940662
34879.43024602881
33425.23976352349
34715.72035204835
34887.35626904561
32483.275678071484
33720.66428468353
33067.65865651337
33454.80656723568
33613.56599774496
34507.14358964132
33136.74069343853
33452.30560503342
34173.93820653002
32491.138223132322
32492.1608034704
34663.8521013353
35597.32844282001
32441.54389920298
34463.00523341492
32441.3494976149
32704.316030161022
33803.592740084474
31654.920128595582
32560.701029600466
33937.2574862584
34955.067756456105
32635.021677278135
33913.30028335071
33040.29883424047
33639.45656118808
32078.78566407954
33190.532150456274
32601.82757949167
33742.024170774566
34017.3869418962
33917.682509051156
32679.97899729535
32798.688088364426
33780.73433080991
35236.449626215726
34077.64230316165
33196.186094616496
34781.9733619062
40593.76599222641
33792.29771696123
33484.82195455021
33164.15954791874
34105.65659005167
33491.62372942079
33339.905464581665
32236.584944949624
33083.76265613922
33172.07242175269
36108.9289653411
32606.4349188501
34334.47645458307
34000.24263852836
32302.97438750838
33814.697215943546
33371.35074648944
34612.63709757959
35419.02864914786
33917.13676475871
35043.31659168549
33096.46873805244
34325.102612785544
34190.205358470404
34118.89826722144
32872.41854409791
32757.516520343004
33143.080760898505
40714.03626907948
34502.0194004648
33509.0603416713
33977.74711336057
35119.94675760612
34751.61687677094
34344.18626356429
33032.05011945322
33375.354596685946
32544.818481156653
33150.64267518249
34794.0201140306
33536.9266937873
34082.52077994213
33772.891025455065
33032.85875409707
35062.6672616247
38761.334820676675
34451.11429826946
34080.86641252131
33494.74796859281
33552.50538308306
32964.155426920355
32853.59418776503
33022.56207585215
34177.31577981774
32488.381015209106
33541.02837481672
32950.832318158755
33345.27228354315
34040.6286139226
34122.005625354344
32790.88224521798
35046.71995698573
33411.35319955488
35586.9463643085
32461.64495881486
32508.140682226738
32063.764507424872
35288.30124436019
34348.545247767244
34799.23244049194
33908.82600699742
31969.17726812786
34789.117018338
32554.6219771614
33621.109384369185
34338.66837407551
32513.50399596988
31867.213688412277
34745.68055289043
32812.31174443241
36912.135477139935
33779.89213500283
32407.940474254345
35346.64373943045
33470.16726636164
33429.82862656323
34010.355625934906
34709.20039377836
34603.285992631616
33750.65512722701
34129.50113800437
32340.8825485461
34643.14448662728
33193.652430526556
33866.183916880436
33256.66231294125
34091.7081032336
33629.979036990946
33365.34521004846
34872.97792960311
33603.55891419103
32559.9987462018
33014.33913106384
32868.17984721473
33181.2230684251
33263.35605718772
34587.51899165562
33636.245122141256
34028.58406923966
32746.37569339525
32449.966782018484
33795.06178157288
33413.192060474255
33216.327029985696
33583.06106469567
32982.78579983012
31741.671205019786
33191.834378016174
33672.150508238075
36135.94719258832
33492.88304686653
32493.965780350794
33792.044295592874
32723.18105128844
34942.972045548995
33824.51418535937
33566.481477293826
32159.841852969676
32878.277338759886
32860.81844796186
33476.06599926513
33882.60994365956
33646.21114296801
35081.27692505483
35355.066517402105
33501.11024876886
32506.148773742425
33001.833582095096
33419.967941088384
32695.9948004509
34122.265681484154
32855.44865663532
34436.49002832266
33025.18956876093
33364.864647303715
34285.378194556906
34430.49801844936
34220.02077677065
33960.79445238827
34099.81976426392
33764.651689192964
32613.671822076834
33676.37523077561
32216.67350409884
34444.967287994004
33246.398674309596
33627.137630422236
33231.03460857925
33062.73216456357
32712.38755880549
34002.433713633734
32825.644334262484
32173.69028803917
33114.78756698254
33795.65233183177
33693.07518009213
32725.399826280398
33990.00094385594
34905.69279698884
34080.44707518616
34678.59320287594
33652.15140937902
34069.09388935034
33061.416433086226
35471.66000507215
35093.18951550549
33522.07937463938
34440.91096373015
34271.14575124142
32873.667915223225
32674.17308571629
36272.73109976893
34713.11302801804
34390.02550298609
33153.262626267744
32906.30018010502
32602.76437632338
34122.53710142196
33030.120474364005
35643.90582409825
32901.317618701985
32906.99191595431
33907.494662000245
35184.020832259244
33197.686411524206
33626.672267239686
34947.05534317251
33545.538283861846
30311.367498442076
33634.03657682956
32776.39874058625
34349.30390218677
32142.569848011284
33748.60064375958
33988.222164365136
32475.408101381512
32073.497196346398
32809.56425984312
33021.14753861549
31365.268843660622
33250.37110875646
35081.76594749008
33782.20383882434
34078.56204653927
33949.914543575265
33629.30168095149
32645.101631676804
34020.28614933789
34921.8246097727
32710.596180918008
33466.440303411386
33744.595775940455
34778.240227999915
34201.082702181506
33958.376786223154
33911.3028572386
34334.37135847539
33827.8210099917
32908.45453432373
33000.088074379106
31959.219970188664
33809.29029826099
32989.41595704191
34480.201334451296
34382.39885748126
33520.34021324793
33628.77904673586
33067.338677487656
32720.68554460746
32543.016606846304
32865.59132122005
33600.71887781748
33599.5299913683
33495.253910992105
34169.248165563724
33667.946243694845
32794.65206887685
33580.23873533015
34671.30390599777
33237.8415541851
32923.39470285923
34169.09722533978
33770.95227380701
34254.88997958492
34135.74584810948
32631.566290786817
33355.47032951727
33255.38214477535
33867.13999210089
34397.33145236828
33121.13301602109
33188.92089991809
39012.02265386428
33039.266963776645
32870.97006299835
33770.174641300546
33540.22660659987
35393.36426344097
33414.229487649456
32970.30825214195
33316.76430638961
33864.787112045866
33475.32823856513
33307.04060942858
34326.95104916386
33134.2611766227
33102.309398797806
32327.56848260208
33986.43822511675
33891.187831184965
35232.669851295504
33816.27433844195
33609.54869045015
33767.365994220156
33546.9948955126
34254.85408150936
32956.9704323211
34020.73421521301
33503.915188841944
32540.90335524399
33105.97158114811
34650.21234576161
32934.615571561924
35260.06726640146
32567.893322808024
32946.07236229966
35690.48726698704
34644.12531124641
32871.49809667237
32974.19974894259
33067.25459726096
34444.43357709523
33161.52708934864
33081.1915331948
33888.18974617412
32398.495748212325
33735.89362492272
32037.376932359082
35546.193413991496
33365.67602108631
32522.36473644364
33744.061002597824
33891.715117547894
33452.662426222334
32849.20667789995
34746.11006073207
35243.67777085093
33391.15488395368
33018.72556492827
33688.86023514699
35584.19829294088
33636.39717386942
34651.709679107116
33351.34385530476
32944.93351501593
39929.66624669332
33573.96314401302
36949.03159030003
35066.38506337042
33391.73892623215
33121.228834961075
34508.77151019209
32923.228046127915
33951.00605563436
32908.96293112653
34262.33198350217
33479.20780652499
32922.54794141162
32694.78747001205
33335.990234529374
33328.83789957932
32358.289334970217
32025.885482803496
32779.346111740255
32929.604395999064
34378.72841153318
33067.36832029497
33710.80710270413
34009.04368153479
32716.867276618577
32360.45721576382
33193.90977827857
36136.703517065784
33169.25790808224
33649.93853876466
35001.46939136207
32339.531394704718
32697.672985792393
34681.4327418104
33944.5291538598
33623.34284948103
32596.424864779026
32600.657985949805
33414.133808508996
34007.828018381275
32176.887492171623
32908.802551782865
35965.03016215924
33460.577265448715
31876.899193734946
34288.12143087154
33137.81306668106
33069.24179802578
33705.77131064248
34430.63827063146
33653.030306637775
32445.570826118394
34214.67774467676
32624.35228560123
34831.501454514066
33425.26927930569
32373.188667400264
32297.235158265536
33515.295660947995
32733.552769725797
33991.71700365615
34200.10918573184
32119.991857465964
32660.820209861075
33606.47315349423
34057.60702377947
33189.55593163494
32664.983268750762
32083.7727131706
32218.279059877896
34060.84775790546
34297.03120512924
32898.532410451
36082.2578723829
33598.467521304134
34276.539329919906
32884.11557767199
32331.571204288142
32727.643722796383
34106.702126846954
33590.74404303001
32825.552157743216
34419.02588845708
32533.020079156595
33197.9082758291
32432.489688290763
33838.735432240486
32033.36806638431
35021.55578670772
34472.45526741759
32509.8328515824
35213.778410696665
34052.126525949985
34062.26707693927
33667.556858900585
32036.798468020763
32770.1338534106
35012.000559357424
32751.276308359902
33833.311348446645
33852.182496549634
34196.4486298803
34840.653086525424
32718.8656917661
33138.276967895494
33671.62602293865
33362.720785375524
33932.973413126434
32993.16686016401
33442.98464112932
33524.76743030153
33357.19062239349
31837.279773390877
34014.27426023188
33664.53640338907
34546.08715673325
34559.85761101679
33087.84878348219
33688.112125319705
33605.66654553728
32755.72151647994
34155.70554185539
32847.07404593306
33388.092679375106
33871.11674370514
34516.85453559722
33237.98983368234
34523.909131547895
32026.766080827587
32487.81625128333
34760.851518736665
32693.443327671455
32365.393685100677
33362.02090839861
33349.91634213922
32339.90258927431
32878.77979779706
34081.67248005211
32942.02735167174
34127.32463211124
34184.1724976415
33581.50655138784
34198.42508405574
33614.68008787858
32632.842511435207
33446.43118353163
33586.80998786138
31900.96149201482
33451.85063015016
32982.29395939296
32632.287828600634
34873.0194577898
33125.260003748524
32768.50927725869
32898.0254026079
33974.56260799647
32284.926704027588
32775.436863264564
34004.85262291208
35431.78430989324
34755.941108817686
35094.501572220666
33891.66800595141
34447.833447870275
32728.79345169726
36737.85403231823
34573.23175265033
34005.59382260503
34184.062714738226
34321.743103434084
31861.186264510787
33727.25213334913
33961.07313727118
33078.95507509123
34879.632524570305
34918.14587356116
33634.614225964826
32647.35320884505
33690.7811942919
32628.98064175388
33092.722474630515
33015.94235395152
34061.77166311333
31743.217359832997
31263.812911774457
34353.91692464003
32892.798317070046
33764.814390140236
34163.504625337286
34232.28072981912
34087.390696081704
33314.93070344986
33636.63022698337
32826.191101999175
32915.76896692374
33627.788505309494
34471.79668253366
32802.588504286425
33438.53063774309
32569.245651245597
33367.326512856285
32088.555152796944
33845.219431191006
32337.12797240562
33922.81312752064
33068.01188288792
32824.269035322664
33019.22680803665
34201.78817116637
33087.32745782848
33195.27128562589
32370.32929982459
33888.26584335039
33640.078988951245
33152.162564957056
36604.92820876281
34442.74068544098
32366.42687135914
32557.41152311174
32927.70749769036
33312.99979617273
33858.13304646124
32513.31213927668
32445.18060286498
32983.980269852975
32673.649763065147
32791.172396988535
34379.25992122911
33997.07384280517
33509.53799730486
34486.55259198783
33353.50363820013
34373.56239428237
32522.964375667838
33291.11241533696
33026.11794989112
34194.84257506707
33112.939848244794
33952.6842600284
33031.09020360033
32810.99715912268
33610.22476886212
34944.91909709895
32840.333286567635
32650.55121251228
32944.51623099323
33206.00594441782
32766.527065906077
35201.65909867236
33719.118729195594
33665.0386563773
39288.28015167327
35055.697492351
34499.53964616193
34751.55314591809
34363.75840420482
32930.364006676355
33305.194058275716
32911.24740212048
32582.959434089942
33205.26086431465
33880.45765015819
33351.86127727027
34003.38917863985
32179.10078669983
33503.50881292393
33929.357201299084
34782.90433598337
34187.73139745161
33337.34489380692
32400.703863076895
33304.71777096554
33243.74365597407
35040.408058648376
31685.09670386263
33960.00099008251
33919.31969036359
34078.850244059046
32433.90571748533
34993.8672111838
32615.64694905868
33508.36876385905
33245.94175166672
33163.650790946485
32881.72802223925
34180.604218911954
33307.674062466096
32815.332519299816
33247.705078437495
32683.71742157427
33596.833956867325
31558.43965755525
33760.24047625439
33759.71428301779
32471.594685704928
34103.322358582795
33404.039379487716
32814.65882908568
34717.75589028368
32173.208827199163
33742.59529631882
33501.16054607489
34087.23554568864
32194.87915506382
33121.42573143514
33164.999811885275
34209.559238893824
33461.386823481575
34028.92474560361
33656.763779303685
32940.70443835026
31776.11106923848
33973.35104051619
31227.070608423837
32903.013272892706
33984.72626839488
34196.62199844896
32484.107759977534
34092.12238113238
34532.03119457678
33098.388036180804
32840.852113415196
33898.47072109654
32442.603108371306
33347.158178687016
34744.34152766291
35702.511872052186
31864.9719092134
32796.54213230696
32932.13327151545
33715.00086436117
32469.46590774301
33937.12285597531
32217.900492685916
33650.69723839864
33320.264246797014
32769.90460725702
40590.33606768788
33626.28283527691
32210.22665645557
33212.60455013414
33351.82643063542
33703.14741910324
33837.45519201443
34543.65713416125
33048.94132217449
33295.291803977154
36630.65741978038
33018.47886742989
33681.094989925885
32122.775502240074
34720.720328298434
33873.25635918344
35661.497793656425
32807.058088655336
33282.828721100566
33627.5707715184
32644.541926047128
32825.11455990948
32785.839333735275
35559.361547609515
32063.00768094195
33698.79545207508
34620.28571990914
32086.06073222693
34299.952799414124
33782.02300124111
34080.971446481395
33023.79194910214
33477.9558554457
34064.34103644382
35363.56759025044
33112.97579133596
32980.975820746404
33193.606445241196
32837.28093217662
33441.6551475748
35454.33602895641
34392.2032494788
32925.15369310874
32186.322897261252
33303.88096034176
32154.545700771836
31563.39293306763
33928.62284348786
32336.463621763723
33179.82367095258
34658.45828252345
33763.18623676608
33548.27327163759
33062.11988792417
35094.015617380675
32917.14680173082
33361.61096483964
33024.671982117245
34421.623368272536
32103.19806342279
32435.84144089781
32793.5854716202
32681.175836580616
34572.58172373272
32161.008313379127
32641.022334767138
32644.56923944671
33829.71216775029
33278.21669185564
32868.35829329154
33211.93989348629
33142.1219988663
34973.29778467729
35166.453221964046
36116.463025975376
32548.18165693142
32206.781419533418
34196.181999892986
40590.50124154712
34095.37540074769
32253.318414564856
33117.40200280588
34278.642670407535
32324.502422204667
35039.975982386124
31740.78296661336
33892.402970893105
34821.61608489847
32245.68259795781
34144.42431382884
34006.515286482725
34082.24866652871
34326.701965506756
38380.04885883859
34502.931612725755
32048.654634156348
32482.995709685656
35780.30042417381
34109.26464689191
31852.267079089343
33231.085164738564
34506.32601480215
32639.946970143308
31945.633110820632
35140.36343318964
32177.309021980644
31017.535767588222
35298.48502340158
33593.76469879288
34464.347057801824
34452.28948642918
34516.60409598284
34191.66957721432
40668.37227348462
31673.10690588013
33306.610344782486
32372.177023009815
33385.31485926091
32220.566151566232
35677.41508486879
32091.50884067437
33950.45000347083
34081.43402547146
33283.4461242031
33889.29314120585
33777.00752606742
33992.98756240895
34234.37999731919
33715.11925615003
33413.1981695598
34952.091796117966
33372.88716047987
average revenue:33611.71453798225
possibility:0.009