31697.526893619506
33398.02339063155
34835.207126593086
32897.51327836109
34005.16826674624
32675.29108410423
33664.26679002409
33448.892997321804
40982.48038073755
33312.078650538344
32687.280309563805
33923.05019628772
32203.97959204747
32496.898351648102
33612.06898187713
33987.51165829667
32151.343756072885
32844.061385872905
31983.801502835388
34527.82865278327
33150.13411700932
33878.362148581546
35417.03388768521
34191.129830745085
34286.39816624012
33532.0686869297
32614.905970086704
32630.026796001886
34649.9260443738
32749.123726052687
32657.7150057476
32747.293416002663
33183.74572563483
43787.58085349218
32464.13166669178
34300.667857242974
34168.57821359935
35224.46273614213
32960.79276461436
32322.70876699945
33043.38070660279
34463.48264039176
32888.33566388849
33229.879183902114
33599.205929729054
32767.584448718113
34539.98419521554
34810.195373361086
31997.476662867062
33879.89783315302
33235.536326783156
33128.70707042674
34489.40637487937
33322.416304194216
33346.9638379228
33362.90334165289
35820.17505753304
33346.81611746231
33655.414599338386
32916.550502415426
34520.59390476883
32784.43372808237
34505.55854376003
33046.2141628346
34182.21761268684
32799.3374141129
34344.85695392018
32556.98619922864
33638.32755161069
33346.66070496673
32699.003729811844
31818.72511198445
33423.07489162554
32789.896388490284
33306.15715611289
33875.20264255422
33923.74841344237
34740.351986295726
33992.574768610895
32884.239569800025
32350.432828745434
32255.38768521427
34337.50601545607
34905.51715974473
33487.450346215344
33425.696417462335
32606.212496837048
32483.28783097412
33187.8170970237
35484.35044965886
33961.116387613074
34552.22220355272
35080.49111182619
34018.03519176533
34409.67655711383
33713.38939523987
33654.63521040192
32918.30518249255
34552.54411078782
33733.54833151663
33758.39425420076
31821.966735527396
31981.093032128818
35147.299001209816
33958.53013724194
32938.353209313034
32679.831581611073
33846.534054911346
33161.05715393483
35835.61670289381
33138.90788972925
34863.2557259849
34562.089721943434
35764.0507254926
32402.476324584783
32911.386340635225
34296.46642996574
35036.73511040054
34472.023765820675
32981.222929898344
33439.4312687238
32753.853855261335
33739.18329216859
34932.48704866462
33467.76643207441
32779.38869785604
35659.924763339826
32921.113565456784
33993.89527554507
34112.18509441866
34211.3516471531
33602.992317635224
32659.308470354892
32896.63894146244
34645.78057190726
32879.332125381734
32738.05690685745
33514.44916008033
33769.58551007496
32942.98579259019
32709.445731818865
33180.05325232947
34838.73071946888
33244.49330764152
32442.68354764579
32025.726332746854
33179.69914088993
33006.83473170043
33099.653356005154
33677.328100587045
34101.22067947512
33646.26335594602
34125.599370746866
33354.913374273645
34880.55959138884
32254.581820703483
33962.97440182579
33589.47146093018
34484.38254504346
32886.591979420235
32470.666810476218
32668.902680441992
32772.74813654894
33517.16906599016
32092.68260679879
33458.33342454273
33531.4589440676
35377.20088367702
32462.728973890862
33111.6558751312
32704.034813719034
33435.58805023583
35367.59734720856
34772.18348870619
34677.12596297431
34443.19445638878
33683.20314363237
35152.897339615534
33024.090107005264
33748.68941382609
33119.26538858755
32104.81844269062
32744.72429457107
33786.43276827732
33940.42862343207
34745.554792362826
32118.342275206393
35969.664614565976
32958.95712097286
32228.884179485864
34450.67356162379
33881.29826061329
32741.473046128125
31953.739171065088
33918.46667611972
34082.64944939177
35352.02105994591
34887.02109737214
33220.80133465683
34302.54683582475
32452.428768966594
33398.610328674375
32527.54614615499
34891.205983088155
33089.919324202405
32528.352751328544
33924.43826685972
33471.629399512094
33215.49609789596
32958.22446401653
34913.39243519125
32280.242534934117
32228.706832187338
33779.79533459448
33308.58616176856
33050.119699965995
33348.109700057175
33601.71587007029
33136.76600413566
33093.61903440065
33768.102648894805
33115.93571239376
32184.990156727417
34655.13003452938
33741.79925378971
34971.93460524301
33660.12540569781
33848.158018333874
33680.277242626646
34444.7024918824
31614.959399539992
32199.42159275052
34689.127055312994
32932.42578303017
32707.099423556727
32993.489725639476
35174.329702701296
32908.4898445717
33460.42472611357
33750.27697951928
35652.846109804654
33597.60203493973
34687.28507412696
36066.599194083006
35672.83402547001
33647.95872109624
34224.442176350974
31222.908889972903
33388.28771037935
31762.95400820027
33380.92653952731
33602.77087864647
33181.96318135102
34653.72226603236
36830.85836487482
32712.16708635909
32714.34431469768
32330.144781472663
32401.42257999774
43644.11200589402
32447.684291879774
33352.84267096125
33459.58058641701
34598.62311372887
33433.412659903894
33380.42978385775
32770.87684043632
32929.58934640832
33013.577259934485
32184.575413936185
33452.30391201682
33210.398493775276
34571.66745861876
33490.05949595838
31693.876533133775
34356.88138138917
33717.686046965064
34870.41720265518
33303.310473393736
34158.89313299478
34382.98474549319
35504.10397309481
32979.12749025868
33534.37947819521
31776.643160062773
34448.46168919299
32208.274038719366
33768.895615726025
33230.237473437235
34280.55808973192
35427.977127968705
33981.18761530493
33257.18867845117
31916.976525800823
33318.853459196456
33903.894618914004
35534.047936565556
33393.792468225554
32409.154433819127
34090.84894183382
35059.255631747685
33555.93274255154
34563.949831278675
33798.7154543472
33481.57932478502
32456.16789776884
33579.21757435807
34393.30843580039
32050.44819419977
31615.627854711718
31395.986005398318
33836.743181331694
33937.88205701161
35336.41725982742
34119.89355821107
32663.974481818605
32719.37617723424
33183.23652347578
33327.39113308787
34325.933083078715
34082.31752706312
34331.57449386268
34184.360431920875
34914.82057937697
34203.6165011738
32397.907440645402
32772.26801666097
32200.513496098625
31466.725122844
33928.64896612263
34534.72609499466
34158.71522233186
33533.03165502999
34740.778636526906
33801.60463873096
31426.892506825905
32537.349970998883
33019.07054703714
35087.86737458413
33826.79065903052
31142.173921943144
33092.779290441016
33964.77193724634
34615.881568173136
37806.28234025994
32335.31886175929
34772.68607284588
33478.22296036886
33490.43303788969
32414.81985129557
33133.99337646534
33496.79594443479
32289.3468283565
34254.39520755107
33370.60423809068
32237.901741204376
34028.56632243625
33132.66636142117
33812.940505875005
34684.35856319614
33139.29895955034
32213.951792795633
42352.53664021385
32767.004218652015
34605.838410117976
33560.30106310596
35056.17751760784
33264.62722567332
33243.13297712328
35484.69714011331
42568.7431420251
33719.77903138622
33634.422420062394
34045.91757915512
34166.61096100697
33800.22027108702
33213.094802242544
33455.12647184434
33737.58343922372
32053.355402092508
33351.474083538065
36786.53774597098
34096.86223392298
33280.063803167846
32641.559433904178
33412.46933781083
33842.58171176936
34011.090079905356
34516.3002413831
33067.47491404398
33788.92220066078
33733.68650342181
35321.99296336502
32192.125300050186
33501.4960382209
33603.87263775107
33127.617879129684
33650.98182602471
35445.83125976331
33458.18734438182
33566.56886392082
32888.31581148933
33094.677883827775
33308.437482653164
33413.093190267966
32975.544150327594
33214.732665388256
33315.643730956755
34344.43933627682
33846.989346121605
33075.696031003914
34955.713697289764
34034.94748788165
33357.352609452355
33865.11622338569
34019.86046470514
32547.543678914786
33470.741919184395
33276.66570200446
32602.01476975532
33758.49182670176
33109.56564102237
34411.89595910943
33480.85283890094
34091.54813114411
33987.66351559633
34077.35221136178
34417.00686940883
33698.485705384985
33561.82451088259
34564.66706797262
32955.097096377394
35427.63720131541
32130.514886686447
32244.774872249236
33392.07206950611
33066.33053207504
33848.83402288255
33741.38486380426
32789.98517927681
34854.10103086829
34175.156802904174
33758.190867012585
34010.3119273185
33478.288474209076
32487.582739755704
32505.51838596287
35473.67918443709
32747.53473398093
31615.999972958827
32936.90005840859
34589.377951354865
33124.7140887647
33953.43279448467
34071.8209985272
31414.268994601385
32809.780949618806
31468.311744323473
33355.444160927975
33042.38876851328
34636.06870136728
32638.080774781574
34296.19413685236
34245.83370824725
43601.945855204955
32764.47236580359
32918.321408886055
32056.049343234903
34255.43602887141
32518.656646958905
33710.29188580758
33629.14187922342
32210.854680475855
33363.60536440342
32939.255276158336
32757.14636797921
34451.251794000375
33501.728891559556
33261.94509063582
33018.71991514699
32012.691850768588
32862.96581556812
33406.34462254817
34167.817127098235
33536.90525477964
34721.434023959984
34833.58516726554
32955.08096087022
32773.31286376431
33025.492218914704
32329.65464061376
34100.861555276715
33653.36940518218
33984.78555692523
32741.350508762403
34236.52618496461
32234.635721390845
33999.03787712866
33213.868586959215
31820.19557607744
32387.087332383806
32825.99978323239
33459.055015914775
33155.59754557965
31864.930691755806
33377.84961649395
33009.45578394238
33217.60930469692
32678.309911483673
32874.72604746497
33433.109761617794
34463.38052923669
31046.53895884244
34839.74556832414
33087.81905631118
33576.16338513885
32863.269229192476
32286.086484968404
33775.539694363724
32280.878476158294
32877.313083116605
34817.11109784775
43323.98530466967
33027.48212448554
33555.18930278879
36285.68693446687
33481.51524539805
34187.683763988425
32993.22852303263
33408.500478755646
34935.3210941507
31757.85013270858
34792.624146966686
33713.244555484845
34948.928006836846
33919.51910802949
33585.71985335916
32612.00140312031
35586.41001340702
34460.46346072195
32339.666583831127
33291.39787612046
34065.1774341066
35569.71341276052
31867.44577831119
35785.50308158025
33366.30462161419
34467.358106847525
34115.10281142823
31862.76424609446
32161.997659187182
33316.51576454421
32729.137430077488
32414.871048141027
34212.82192313119
33960.41284433481
32231.667433349212
35067.530280833475
32806.99948067219
35243.10824880217
33374.96291189297
32094.297095706715
33341.69776916546
32908.502350200055
35200.254445356266
33470.20231889651
33506.016962436166
34600.43942008808
33280.159868217685
34593.03508188879
35288.72298565204
33241.03485747194
32071.20552974675
34683.89855664186
33582.122335236236
34279.28022858472
34418.60804640188
35739.81974255822
32728.28514670592
32322.93860915725
33515.49190947043
32260.114564970645
33842.23492751211
33046.737286863376
33877.585388427564
32446.792695229266
35196.222523956116
34357.51751440519
31951.064165571283
41196.55040359685
33002.76839120534
34527.436168166365
35285.42669964706
32239.25052047993
32923.5831024482
30883.854312298892
31923.088457920538
34511.60157058942
33478.948391413505
32845.41621724374
34799.4404286104
33403.21898113365
33163.80699400154
35491.801798221895
35645.97137213461
32753.383508348496
32355.412172595217
33813.56008742494
34247.614452347945
33295.36628952143
33944.56786963223
33502.67452994039
35009.483335316276
34319.923379442545
32196.95999242864
33291.22243855842
34031.16511354592
33610.841036542864
34018.79239954738
32457.70950211476
32779.82915537679
34547.82260968859
32338.142536801253
34804.281271815365
31525.74731076685
34408.518249919376
34152.59698790106
34566.260769119406
32866.17665919457
33068.875300949956
33585.31162464963
33990.25226234908
34362.920952529916
31377.65416383234
34181.29690649948
34803.08098663864
34689.295574159965
32877.209705533234
33135.625972204994
35134.89417784822
33025.294876648775
34078.309705740685
34128.59889030398
32726.468860349032
32349.149201109063
33088.9814331801
33371.828610006836
34258.924566973816
32402.717567059037
34321.44400158121
32918.61346030774
32058.08893580773
36660.73811337012
35538.165516105146
33529.19357669415
32885.55971311963
33863.528538256774
32899.048763386694
33582.75430636444
32069.42709721711
34010.34616724499
32886.93055764463
34059.258045766765
32851.27941595288
34700.357326413294
33170.58881301601
33263.60368968951
34924.57633072633
32937.218406547916
32764.97962339461
32821.36080594969
34189.55991756472
32858.98429673908
33089.22460929785
33913.552717779035
33557.83301661735
34458.05810737943
35335.23480943537
34399.36732910366
41807.262626177704
33798.68750958875
32999.347181840065
34265.92504681166
32438.207425035136
32127.67331158395
32962.350051622176
34689.88088868038
35155.82943116605
33858.26095902795
33466.49112705701
31697.676574987785
35421.04708227729
31714.37235666858
32889.02390628936
34365.57742440429
33245.088155244535
33700.23682632563
33898.38295958743
35071.354907505825
33811.47108251462
33229.07085315386
35262.38499377778
34620.32428281496
33754.25263540591
33306.60405431375
34686.99866555625
32635.50425406821
33098.56661102249
35182.87532165591
32935.25926833303
34232.51759482971
33518.01257560344
33617.68991314788
32145.22285993002
34523.752414355105
34453.248500284666
34089.74093986289
33284.764008722195
34195.56171483447
35717.25604863866
37832.196459277744
34609.30118748126
31769.692898439247
34163.38901137828
33309.70595574176
33488.597580586684
33877.12940219244
33386.38180286369
34845.204641434495
33743.03597662979
32695.612817023888
33499.278665171805
34610.276086478334
34940.20283469006
33576.512918079985
34258.57931785519
31893.769950244074
32798.14077193487
32977.631839572314
32038.38962727046
35644.54468816044
33208.14943357513
33611.62395930032
33184.07265692425
32846.650763542515
31767.740938325816
32819.85129089168
34058.35264240432
35186.908966715215
32749.61989601603
33959.288517365654
33541.94990619993
33330.0939462985
34796.482628714766
33813.41065803725
31931.856481250456
32646.27750113286
33200.693018231774
33201.73032230102
34265.31495285697
34641.82744762118
32672.698569155178
33356.29721842377
33744.65526824282
33840.55579990027
32699.666863050174
34698.553285456066
34111.74551301888
33020.20195019533
32784.90607680271
32212.198820844897
41807.79084663521
32995.94070024781
34204.89592859633
34477.31059654659
32512.330767458086
33834.85240364485
33568.92018002402
34619.04655780619
33721.55632436437
34393.08905163765
32363.045069380732
33755.5492082396
33884.78428198916
33333.40376014958
33172.115370931126
31649.41371990741
33390.86677820182
33631.26776151108
34349.515466511235
33886.02276025619
33093.047194615116
34521.26176912783
32708.574974422427
34179.8547526112
34753.92683727828
32847.571614928645
43484.59720308582
34931.58657763746
33257.871799192595
34422.21396213904
32641.311799653682
33649.255306304156
34129.48055183417
34120.91301759219
33591.03145719374
33549.94861102631
33387.10777127156
33133.8298336443
37420.34621110231
34021.93249542848
31866.086382904017
32849.24734453437
34058.85287885441
34378.04306291813
32741.683767590523
35577.813737348304
35304.856842019195
33379.36438933458
33978.08349400475
33249.73140120331
33460.056098230896
32441.802897968417
33037.379916432765
32690.295112848547
32991.579717829074
35991.68729314803
35000.82929246112
33713.91945520187
32689.89949419767
32427.94581670588
34078.85061872237
33970.665460829296
32389.137793119782
32063.310003028662
32866.80330981909
33778.45608553668
33794.56347141079
32841.45262073795
31101.849426891396
33299.74969921776
33620.220579405366
33206.71260229113
33744.25896388412
31987.7168142031
32566.109031160166
34133.187679198694
33608.560724604446
33385.11735073769
33223.09572587285
33087.32167798645
32452.889278654005
33329.43036623222
34785.38658219974
33050.87844496596
33685.025161521364
34483.59958901983
33309.37428243227
34970.99274569283
33601.84127814128
31536.429629959366
33219.45550183266
36381.9581277637
33159.650438372075
33680.6200662731
35466.45877538441
34401.378766251604
34725.495790119225
34306.38213803774
34102.81705832418
32752.744156307854
34471.20694635765
33722.2609390628
33817.52795231543
32626.30531394047
34363.87255118315
34045.427830567896
32605.180106747626
33382.6278291193
32744.904094770824
35222.06325379303
33888.06102091306
32064.80062699771
33369.43110693187
34144.39311491828
32478.894355349228
33297.36039806794
33325.36307405679
33830.8645928204
34435.447992606045
32153.881358375584
34472.00109554602
32793.72294075013
33380.35491505861
32285.110832351525
32467.716698254808
33765.750140353986
32290.221073874356
33073.421168766836
34183.83393510546
34307.11822373643
33410.39632158339
34100.884975222325
34903.121368202155
33559.12230487861
32329.19395565597
34263.976218202995
34280.300029102225
32422.995738339985
33730.59800724387
33710.31768217394
33182.24542543656
32521.980569910414
33226.32614296652
34443.62813168634
31701.94580138049
35650.51697715094
33349.16988426406
34461.86243759594
32418.91792424507
34160.096992866194
32283.17144850175
33946.11390703244
33847.15747665632
33586.20642024851
33233.10011397883
33314.43078722492
33306.87004157128
34186.48999276903
32479.257864597705
31598.462972200996
34858.102463606505
34146.13537474125
32656.982767915128
35062.28528619488
31290.77021746355
32783.65735251008
33980.50032044805
34236.671011932274
32885.78364678784
32298.07477900492
33003.76289722884
32788.425171399525
32257.89390668481
33987.82389238222
33514.65063794079
33000.414865954845
32914.291015154646
36842.67252776255
33510.75568717731
34310.37545277366
32980.49342501735
33229.27085100229
32662.967186530776
34843.191121712734
33688.05014337038
33995.53088565414
32045.373690834036
32675.74086139821
32765.69161127804
33266.35153063919
32140.455141209073
32128.307825333548
32750.993285884128
35012.78938739832
35449.25422734841
33360.090414934806
32666.30825852697
33597.74296159177
32520.363443471786
33105.721655087706
33148.40974405027
34156.84243249261
35055.3888263274
34749.55199682698
32664.30356887522
32687.628395307227
32415.705668095932
33925.70437755509
33081.19518694179
33859.85831667809
32486.997054100302
33985.303512659724
32223.836735260993
32244.14896855437
33960.781644221184
34148.02547143405
32162.795778261836
32857.4026855721
32422.819714734935
33394.015380701494
33745.90136013797
33120.07819987792
32308.35403380114
34291.321681534704
33002.86500928868
33538.5691956082
34077.02117201063
36032.22710040166
34066.539497130674
average revenue:33643.24764796612
possibility:0.007