36084.707345874136
33050.615532005904
32971.96950456941
33987.6449456845
34602.54397984538
33674.024888264714
32115.181651322346
34126.39094657579
49806.823432612546
33432.64109792382
32097.25094270463
33431.26958534524
31660.267943644045
34822.383449097564
33274.07485229151
35526.21869436001
33566.622142984386
49824.64086109214
33543.061103399334
34247.35486013984
34009.35198010825
32324.809105695436
34006.63596178279
32558.379750824173
35382.809730235655
32776.11999118862
34019.24990335951
33928.0588438272
32947.65016030721
34184.64369664179
32693.353573988617
33939.4374053221
33774.104108956904
33621.20197069252
33223.91741768789
32551.34707627186
33640.74785081833
32605.534258222797
33698.01419215243
37184.506507919854
33979.54653009062
36460.57242232464
33346.17445614762
33084.283960464585
31714.206768025968
32893.42664925021
34602.74973073967
32753.968007923755
32446.865493029833
32408.110300499644
33533.213936706554
33984.24050783262
33104.73528284738
33816.90157731383
33923.05513063008
33419.35702042887
33965.2083864558
33046.36252266576
32937.992143190466
32455.997310213013
33845.689430832645
32872.76186849897
33523.054583932215
33879.78386721874
33511.335481822054
33755.653469427
34099.41451698563
33676.69087268966
33273.89586884082
32687.15482542565
33128.52727151434
34063.41155974715
32751.603475180025
32569.51740263874
32686.832976697897
32903.27601644876
34674.52813670359
31831.15950337162
33192.45009051488
32950.21624868695
35438.23243493071
33999.12833165159
33692.394975391646
34167.85332157412
32868.14225213157
44376.04406626345
34006.69557358762
34121.2228638388
33116.82076710503
34099.640968717344
33327.0456668219
34112.664607214916
33520.09822841234
33635.33740323501
32294.263835622794
33632.013946680716
34272.46818970595
32505.070336260866
31966.644031616477
32119.514226345662
33113.92869884059
31897.183079008744
33563.85458106581
32829.4963340169
34902.941942744445
34367.04444983727
34510.18606011121
33792.39787553653
35176.65365462578
33002.28692125898
32653.893023273904
35048.15114810459
33205.43640284794
34014.30562049748
33994.257119158065
37359.34273826211
32010.378537153923
49989.14216301248
31568.606419676882
35494.086648996716
33147.98722163658
34215.636039702134
33196.56065743676
32577.933808900023
32388.772960328897
33298.371686012324
35167.3667630994
33231.72028663292
34096.17801919315
33377.41644652918
31780.140013697823
32802.87815373785
31954.525386831658
33184.445013720164
35599.63491440501
33628.6568839994
33176.68000115474
33005.497210901674
32154.932557918873
34611.56137077432
32860.45882403849
32965.91867384319
34979.749843802165
34669.87074705063
32149.22126990757
33551.3152103689
32992.21921879466
33599.84621516872
33935.33947274221
50106.09282413963
32157.924720950006
33924.99717844329
34177.37444369217
33934.582487996646
32207.99535132881
33982.469649581544
32082.666417812605
32439.58257859458
41022.241823045704
33706.61417438291
32934.88937423562
32841.22581485401
33572.57972605286
33425.60531904026
32980.280755074295
34743.13895148912
34556.07487143804
32985.28332670856
33953.474098659724
33125.39683447534
32020.38746887858
31820.44376183483
33524.80759390623
34088.93599139359
34133.28702499923
36251.611494153476
33966.785762699816
33842.054323598866
32128.265617695128
32927.25226238922
34687.39114529704
33834.75727047642
34584.76907549276
31711.673331983005
32126.4012577638
33364.51138464569
34234.465731703276
39112.738530260205
33933.51581049983
34084.04433608909
34171.3371672792
32565.741062160483
32996.20320364517
33796.521459875024
33382.93389063342
33976.50177315251
34862.701239967464
33143.20273500258
32044.741173850354
33166.54859787946
32720.332919494747
34514.01052557327
34362.19034695591
32984.44365845495
33928.60740542122
34475.27371182739
32696.011243379387
33113.16642664634
34214.26091828483
34973.52692292332
34206.663543833834
32047.788280383134
35139.44909351391
33434.80796997798
34777.503213134536
34345.10586351798
33282.10353119105
35155.01762995751
33042.72285447781
33017.66536863883
35016.80062419662
33507.0645524543
33790.944116226434
34619.064381005126
33738.86204972004
33806.54170416329
31803.984777800102
33499.19487545529
32471.920672499655
33610.675448923044
34270.97538877268
33124.552328092635
32533.14216062559
33046.998992196284
34224.30565136066
31502.989027220945
32119.11991883901
35074.4665982676
32135.048556006106
34060.72526540054
34760.41140597186
31840.10791489234
34077.02651781228
33569.92911073082
33106.7146998313
34794.874348276484
34341.449465735364
35378.18946712248
32859.94619245451
33776.80627138617
33154.524865117004
33912.73387225713
34066.33746576093
33438.013432645115
33811.50020219175
32236.728369116696
33821.409573690355
32791.965972851176
33570.24876097935
33971.00553822875
33574.6228179605
32844.682305533366
33705.742611379
33971.12923289094
32025.708135169687
33081.9112035111
34527.75473979134
34756.569746678484
32793.870534989284
32395.202518322123
34325.68056452296
33492.01951084708
33636.70570849633
33145.48708148687
33231.92516112074
32095.91162343268
34569.718980555605
33489.239600818175
33010.45202721029
34039.01648075356
34629.607130722856
33752.612241009374
34548.98889554428
33147.42050606385
34086.7194830039
32912.869128949125
32798.03362465906
33907.52158487828
33180.26987243966
34935.315719088314
33135.93072353136
33287.22962368031
32331.88043659191
34166.40537852854
33608.580444443476
35907.2046194799
35334.247220290155
35862.31789333447
32206.00953178064
34455.35471043243
33756.53229496145
32805.835469686404
34323.57129704503
33302.720320056826
36163.865270259594
33180.31360967883
37140.40711329159
32711.00986516797
33600.742261479056
33218.97157025969
33432.665713608745
32666.752029572464
34171.93493860841
33134.2130038074
33903.810005401414
31666.922311628983
34377.23012707586
33723.29905215481
33653.562014968455
33302.75529902922
34476.13595447819
34616.072836913925
32908.21592356224
33047.435801841064
34003.78890397333
32569.513718087244
33740.772353686974
33670.19960832184
32351.987014162856
33908.152137242054
34122.72040860599
33881.224033971375
32151.372876405596
35180.013006138375
34987.01272866358
32777.125022651744
31275.370858866547
34368.99769682851
32921.82303358349
33090.950054765664
34306.84679623332
35114.752479453215
34575.69300610197
33989.83057164249
33727.62800958914
44105.81988581166
33353.94757464394
33953.40482628135
36390.46862311729
34073.06878790125
33315.26370523983
33192.286890877505
33386.27650341081
34585.19979931652
34539.06718343065
32479.954478557913
31527.885739642606
41027.5493667275
33054.539546698965
34010.20483658548
31622.939862359402
32602.736040604126
33059.89847366402
31493.309989470217
33496.69919523563
35838.799855413214
34288.40488181856
32773.29399758853
33024.22711472892
34095.55365640017
33040.241098149905
33585.8858503739
32843.600281137195
33525.57033719757
31880.561047126343
32784.62139718856
33540.74189487391
33074.6752328095
33034.43753116411
33042.35043868057
34097.390684606005
34131.59314342821
32816.06905888871
32888.717643585456
32207.813203119596
32062.39135310723
32332.644144222013
32450.270685619154
32920.93745967721
33404.334927284035
34424.00895731209
33235.07683098873
35896.320357122655
34454.51396845005
33327.41349187537
32612.621299133512
36692.33635037789
34035.73978612533
32471.22927372155
34814.0015875669
34361.86945926446
33622.70914266138
32542.755488032595
34710.09342881942
34562.578703943705
33285.704896918825
33916.95481936119
33768.08649154427
32890.700652501946
33876.874996062004
32203.503651759445
34577.895507204616
33636.27330190689
33285.00088994398
32645.767460228497
33902.10980147483
33179.930514811625
32865.08748103297
49969.8621840614
33070.46249093738
32916.8050997356
34789.89105971313
34111.971008530396
33687.635176601034
31741.909535504263
34094.80983041484
33568.68355692504
33325.47329930914
32750.68630558222
35676.25421141672
34154.297234737605
32798.48380534997
33262.26603815596
35261.54527408865
32701.745848957362
31787.647966330365
32807.249867929466
33300.33303867527
32813.51259160028
32641.837810884834
33390.02842045329
31966.715879119147
33801.23048103695
33132.05462565487
33741.19242920804
38712.25575597163
33119.87881069455
33846.80769554688
33721.02220008006
32267.904651129167
34306.936517687944
33729.02097444005
33480.10357390478
34893.063547593636
32714.58572905745
32622.163151789886
34144.619242813555
33901.96740665067
35148.26712664052
32131.614935930513
32579.65826126307
34335.93365893093
34055.0943564972
34199.41726963746
32846.648828160854
33559.75327645035
32695.9814795016
45228.59866758877
34095.44750771068
33398.90541612622
33255.418995545064
49566.249184359556
33817.49579786982
35199.135465768435
49971.98359061301
34071.881003019815
35179.26979674937
33959.6892017119
34079.74717261645
32251.384229928128
34033.13185698836
33976.412356453286
33724.43164342254
33051.69110016451
32919.65373552457
33326.61819300139
32751.140008680606
34614.11236295758
35118.7000594701
32214.834426185036
32821.58138395541
33568.65863579444
32952.77674310462
35758.356206545686
33017.267920578175
31949.435461072953
34131.909984779086
34186.54473550796
34739.73965979913
35158.235824506635
33053.83426726013
34477.28708526494
33587.04128729833
32994.697576303275
33378.13119841992
33673.603767626046
32581.00056809732
33444.27364240307
33237.01368781423
34735.40757334294
34496.21138823639
33191.27447346527
32356.425993539666
34185.190639126595
34469.94563596813
33218.94590616329
31988.293819495917
33353.83583288038
33299.02228754538
32534.701308381853
33525.73504042529
32692.10763769787
32151.027308256558
33187.00816920136
33064.746132536835
32406.303854241807
33628.76379220172
35167.106182822965
33185.45513560886
33275.6121834368
32832.608442789526
34753.40521000223
32945.734612316184
32874.53901854448
32910.72127822098
34583.431778436716
32762.065366086856
34900.07616850237
31018.07973023178
31704.422527680654
31966.335675710678
33832.23307933066
34409.97837960585
33106.225954682566
33729.06501324059
34954.52664191479
34426.90967169015
35141.29103876325
33946.0196600521
33094.89276423323
31765.52169893571
33186.05006054203
33480.22886618674
31293.49237180851
33781.89436602705
34488.63838247141
43911.1733390231
36312.00157503326
33859.92969985518
33560.60107716908
33263.04577568901
32584.031297205744
33998.79534125744
33065.19253070393
33162.21124193403
33957.813370887045
34883.797257076185
33996.336395592276
32152.134725360454
34178.62516449864
34126.71509168128
32627.715180248026
33307.379066565234
32826.204398451344
32315.79574526381
34072.39999191286
32472.692261109303
33398.659129182495
33148.65622116366
34266.08052485079
33619.8467641887
34252.019160811426
34563.289457312705
34209.04295768261
32755.092155700517
33834.56067193186
34465.80785023982
32446.744879494934
33150.55656093271
33489.99045587251
34095.53640828655
33180.03691547353
31925.90105806839
34268.48815231078
41703.70271304685
33876.60378996802
32803.01421899507
33317.27620286947
33328.02607700282
33941.29886687381
33058.817721843225
32174.230728690607
38688.8282261749
34180.90771810387
34541.666994570485
33813.26304064299
33635.7583678178
34447.73581871119
33910.211440322695
32519.263554299152
33605.546960326
33222.67114506141
33937.23896105443
33486.62753992918
33665.189459521614
33786.80467077329
33709.519922168496
35821.86884585464
33438.76127855674
35357.291706682714
34683.42951292661
36056.130576872456
33727.81832298898
32345.353699442097
32852.16649696168
33761.802709841846
32261.086287719492
33995.47093152956
33581.21637094552
36143.58438995926
34404.42280831663
33890.01182784083
33554.61145064816
34995.11423941527
33513.08062200889
32754.44008328026
32729.92410346663
33718.05279530212
34575.977967131075
33158.845468132036
31792.434256639215
32779.01715472936
32014.19353460363
33829.913786152196
32268.04535643647
33305.02903971422
33141.541972902036
34131.11682513241
34570.87787285641
32898.9682854585
33147.42563271657
34341.458977314716
32363.49555205769
33843.394428713684
33428.70812061306
34229.00313424556
33909.38430839024
32903.242762750255
33830.00962831008
35420.52109428345
34527.18264362214
34919.154841780575
32967.997943198905
33265.1736620266
32489.882345639704
33912.57850442417
33289.93244615777
33467.17825023731
33506.80106480747
34534.56525036073
32958.23931465358
34910.04658778264
32801.370422927284
41650.11806125898
34900.18837057165
32722.16473286215
33775.45862483428
33815.45008090789
33603.5709138712
34967.564186649375
33042.94906868602
31690.56361982385
33365.457504936705
33350.81084369108
34417.288159458396
32754.10855512374
49074.26938495474
33925.945542704256
33271.349318509354
32164.487204109773
33729.235501220326
33615.12533677301
33081.83238447642
34253.22059725309
32707.63806181826
32313.06996907251
34620.02747084692
35930.57390310327
34244.73592487989
34653.85474097544
33175.213404252856
32906.308578161654
33825.90049885423
33162.484388458084
33159.08800034761
34390.07256698952
32190.806218691163
32493.806162545847
34207.183418451066
33940.81094178616
34217.11720032127
33518.33788259362
33576.73357965763
33513.41770994993
33643.50329604044
32182.242292102896
34765.46173609676
31669.288834469735
33471.651160728194
32697.70928132278
34335.29357731005
33257.83858351161
33252.88685160898
34891.29078254772
31604.963288268405
33457.566864959066
32668.03477059336
33191.62624321101
33647.867905637766
33889.93934093421
31073.474256677495
33790.508832931766
33649.612273193205
31705.478514030616
32017.09504890847
33321.58103512009
32752.21885437205
33499.25537032543
32272.99814485861
32516.582181063048
34788.10007299865
33878.582165868625
33664.67413013805
33146.06634718541
34442.18795173568
32284.705738966735
34201.2800093957
32335.26764759808
34423.82650435941
33322.21069362529
33096.21722559412
43891.95351830833
33735.26221514696
34029.527051472964
33555.343050837226
33009.06475649539
32136.48538006313
32705.277614894436
31737.875012577613
33342.40439128759
35874.198474453944
33534.65332451851
34021.19659846351
34665.00845756853
32915.742222544955
34535.53646394688
33152.44838470828
32285.405332928705
32462.196427058156
34688.97641774401
34797.76106955103
34219.88494553304
33967.41863212307
32178.649288104774
32597.334908103392
34940.90155329471
34850.14846886946
33415.95554963255
32315.334658628733
33897.969210353214
33659.18327701555
37117.30950623752
32444.054611973046
34913.595172047186
33360.118091017735
33932.85080956436
32481.557840588397
33411.35288722166
32457.970662934476
34409.60291259289
35489.34008250963
33671.82016119186
32298.295737892346
34514.64079636727
33473.0669134668
33845.10541530569
32320.44963701051
32458.334423768898
33938.96754977783
36918.63778674974
32226.19734203502
32860.70669696711
33951.38239043908
34232.277383794375
34632.06502311668
33644.89518925921
33866.206457938286
33451.012175845266
32137.279010488535
33075.47736552533
33842.2151320451
32581.16793289237
33436.21276561848
32561.06926417052
33472.91255075169
33164.5128858235
34031.192557745286
32189.755861209633
34061.96976455545
32862.774933824614
32722.51003909147
34105.711364822986
33810.43870592917
33133.706280138525
32843.06046565646
33099.57917648395
35014.69906504593
31985.95638088308
32709.831701278945
34329.67234480333
34573.068639631056
32308.285386119245
32039.844286587435
32775.46262323612
33614.454442779155
33695.132532286654
49958.30286510122
33157.355993672194
33644.88182925881
33262.387001262476
36398.647323814024
33936.644521048154
33548.229552719975
32131.823641968815
33172.79981526293
34218.3879655633
33072.34270857948
33511.67780754134
32918.561326852
34211.09606767726
33520.1596052097
33426.43974871136
33116.65074695145
33027.24643513044
31516.717504386525
32237.393644390908
31907.263621201808
32979.52263305377
32988.60348695017
34371.41822924368
34403.120074072
33385.12140465976
34545.51822834439
32576.374616213467
33397.70311149099
33453.62482661806
33166.32544036176
34406.71757833795
32727.019676477135
33098.98183278284
34332.2103544437
33287.53218105582
34706.702908732426
33246.42148965099
32728.348564542008
34654.7200249498
33709.05689731967
33700.25042008041
33408.298760000675
32414.99284614471
32516.697946468415
32770.23773049215
33066.162023012635
33430.1310948733
33415.7824005022
32959.24271998447
32516.89439476489
32110.87631109088
33546.76469036418
33283.69687584232
32348.04720628309
34006.65128043718
32767.113445339517
33828.96484775417
33502.792729309236
33241.1714566114
33424.70068555701
33632.7670927225
33669.65107660746
34008.25577112787
31474.001168268387
32689.637416918362
33113.83354644229
33697.398510863626
31989.89140003021
35334.72765915099
32953.5683102593
33220.31729103939
32672.75209194407
31637.65657103974
33733.965814674826
32631.99601266422
35155.703045960494
33040.105759452854
35730.546726080735
33796.27727948438
33024.58602104961
34701.4388500059
32577.335981315624
31954.647779066774
32600.783423980512
34395.24755471015
33133.672498969005
33472.31578749237
33227.87592956848
35227.34821554329
32672.426904680142
34054.773461940036
34946.77600047649
46941.991711134644
31600.45193448512
32599.243839982737
32620.1365296835
31090.30955674786
34641.22279439476
34706.115448902405
34119.508622643036
33290.12678047077
34842.817486261054
33802.77360276775
34001.51412690749
33519.67875756375
33701.68305876553
34310.653210889395
33260.8314874422
34689.56235843866
32505.10468042598
34568.67522032443
33949.71353820197
32448.943385578215
33298.02436505554
33364.13916147572
33697.106499523004
32940.924618545156
35171.44662260086
32925.71588231014
34366.67997726389
34085.81182745304
33027.111873237896
33458.359529989175
34753.30828656617
32787.79178149192
34326.868495288436
33425.08018705315
34751.53005045736
33193.79563678941
34619.06228283394
33282.040174397494
32580.786899716622
33057.75854288728
34165.20909528545
34737.565620753936
32694.087762649775
33626.82796619229
35464.45931391733
32434.93762911044
32669.446491333456
32901.64231383041
33742.8994198731
34935.409686302104
34636.959416068865
32503.2842902699
32965.03861375059
32229.22458849982
34206.8105058987
34290.823551933136
33221.08185146674
34525.57729163784
34521.717631523476
32668.077341918714
35222.03665247301
35341.886790588236
34496.254128611894
32784.582914654064
33355.27278624621
34640.70981783115
32446.879015171595
33914.53023075053
34368.80008425563
33258.76688540093
average revenue:33788.41644919147
possibility:0.009