32800.18610764627
33991.49348831907
34746.491228500934
33069.656328743
33126.27623692742
35771.6744340522
34030.33851259364
31687.40522222876
34616.27219625165
33442.80410250191
32533.024368638056
36276.92375176052
31912.434558889727
33797.99883632707
33884.14458843015
33270.20317130309
32546.083735068834
31913.96428538076
33797.42552135672
32895.78846539759
33435.42492853368
32533.849277827718
32580.766238161807
31907.342331614447
34338.303800656366
33020.025818901326
33824.79400312463
31916.66640328737
32994.31582404913
32828.99228028629
33778.614132982366
33717.87242776513
32655.85476085694
32831.758578516194
35553.684069386545
31984.511798543077
34020.83951487722
33569.89163127171
34804.251694011415
32869.933160207205
32748.240293764084
33573.70374801328
33557.81160358764
34225.43919621845
32654.832843277425
31532.28257166639
32818.117671200336
33346.71264049983
33866.226843962744
34713.95032909665
33736.50536151831
32072.793456036587
32345.69085835993
34041.8135284164
33414.30811145336
33065.157582095635
33168.07424554268
33492.26357151166
32018.643017894407
31225.112085575853
33813.82756427404
32345.975201534806
33192.48624876506
33401.60370087071
33973.538077260135
33094.65481411436
34078.95987413904
33121.13811864474
32452.494961415465
31217.308503810225
35133.51203235293
33902.73759137112
34163.508750020046
34051.538120609934
32166.25541285161
33330.65618117371
33995.48577279905
35151.015466902645
33641.807425243016
34036.60958875915
33314.25131796855
32247.67039986254
33799.82593752744
33473.082600109454
32494.00759027894
33614.58776287605
31851.21769708305
33099.018788478694
32806.93196624122
34965.29823364031
32919.345801404124
33625.07936470657
31869.697557537456
32604.11328193046
32441.952228519862
33457.691852574404
33566.57887665468
33269.708747838835
33359.6616953607
32315.09346153268
33075.78509380311
34483.745125859845
35829.2515383242
32758.142443402834
33068.479904364816
35594.127063399654
33017.18694130684
33321.33562929837
33169.80894982909
32133.22532660331
32559.057608038962
33057.675861824886
32384.999609765662
33437.27646166848
33645.32378651726
33848.346640429365
33439.39921334977
34429.271607733084
32223.533772013387
33855.127460780845
33982.37248955558
35027.54476502298
34019.37080537565
32184.087320971445
33265.66383461327
32045.388940261782
33751.16561836104
37522.164574350536
32951.81063041502
33324.3649523571
32406.91479895075
33334.604774509084
32141.139952446516
33222.25171359398
33496.670737994194
32819.394855153034
33226.77243476027
34050.64535867473
31901.660097426135
34833.697074553995
34951.90377354403
34026.43343742157
33661.97692574444
34252.98967213838
35464.32118582972
32530.44370127301
33244.84539566066
33417.41855809139
33536.175959354514
33289.38739866243
33670.3488193473
33206.226171714734
32048.258024875682
33042.39636254408
32176.098447215933
32987.21616630458
34472.01462894578
34365.87927014763
32861.64821877147
34654.616570165585
32552.862573349812
33766.0331593065
32716.676446607387
33087.02433377237
34522.124465264824
34340.75050100465
33583.14002596265
34183.47203818624
33049.20806517876
32742.27464177587
36124.685102528885
33351.41638611444
32847.044981438616
31536.086636183725
32038.433992058992
31888.062723953095
37504.890668379216
34669.6751713431
35382.75376734156
32954.87551517703
38535.06408421088
32681.387845449488
44983.43320763581
35327.37405257399
34441.28138839295
33966.589832398524
33801.652762301586
34147.73815848894
32785.48508014011
33146.57884593204
33558.97038252379
34954.49302389348
33421.4880563948
31797.731619336584
33078.86622452898
33575.71827254087
33620.94828035356
33179.42672904995
32266.114793764027
34109.21208692202
33254.20784573806
32649.73664281173
33222.37247240761
34313.782687822786
35413.85684930306
33241.411290503886
32729.99550664498
32806.80859500547
31745.560435735828
33116.53709559004
33940.589479532755
33591.82495311396
32625.86427783825
31364.801678855707
33551.16601755497
46736.64850329294
33278.75017612004
32507.684138649405
33245.51481848799
34211.39804408611
33930.941107066945
33087.72724611317
35197.57023528033
32962.20874786284
33248.045740306356
32956.06024720222
34185.86393318913
33616.86353226041
33790.41220896596
33415.08899621543
34694.08580491123
31986.105756495028
32807.98088368224
34088.15044271833
34974.24998608625
31279.482751508018
33046.63402118417
33493.7736810631
32577.362542291798
34940.083874450494
32669.283766071974
33901.0346013216
32095.475820281554
33623.62976705133
32991.861050161875
33524.31682887719
32973.331678816656
33655.01994079335
33442.82876796811
32434.092829770925
32435.915192610933
34237.48316064777
33447.172915202274
34294.66453722278
33121.38052750735
32891.95359417516
32054.813503773603
31972.56129567593
33215.13796677578
34261.23274913225
31990.232610666506
32679.149886429597
36267.13082389802
34305.48763858659
33685.573547549786
35455.12516733502
32392.546637139483
34834.31700092049
33923.717930075305
33478.5751632844
32842.42651030116
34513.43082401336
34627.48536261571
33026.00061028361
35810.175353928345
33809.79791679807
32202.435826945144
34138.21298034864
35013.94637828055
34841.02101551584
33310.13049017348
33999.16903959335
33511.5941197001
32862.851242937824
35355.784413099864
32534.354679854947
33763.00619129924
33199.57921406616
31842.466631387768
33154.32374966168
31769.901295594045
31593.389269016
33742.012653833044
33067.35561681556
31592.44765094081
33686.07751319459
32742.36245246015
33091.186982428815
32875.27809759788
32176.852814775986
33744.379929636074
33467.88600857728
33475.433840485355
34742.96081639412
33447.97944356594
34048.63605954428
34223.5350758069
33104.339282591995
33450.16456421586
34385.29546253191
33834.52894540317
34774.57306962975
33007.47181677549
33138.673201380494
33710.28463791933
33561.70099987938
36325.02252903725
33668.98334916435
33976.49015569457
33133.22454767412
34657.31297567062
33024.47241280088
33013.37872394874
33564.661590914955
32459.531356469637
33133.46119052339
32795.70387985944
32907.9409311309
33638.89371919035
31946.54678697535
33623.19835842798
46767.94930543194
33070.89867776003
33545.16694372046
32797.36855688085
33050.88778177702
32846.34553995642
35925.87671993759
34397.35342679782
32168.044121540832
33925.921591975275
33147.61809621082
33437.29342497153
33132.38280975401
33820.43519271821
33813.610960403494
32476.95999763679
33243.91455698291
32429.764599193393
33075.036243999704
35161.74936901897
32318.463421541233
33496.02673505408
34852.236543161926
32841.63136970308
32095.304486591078
32068.408256465384
33936.281823296435
32827.20508668854
34436.18480432099
33148.21461134496
33647.32908727563
33567.667108783775
34363.30446273259
34741.49327013169
31724.48703674091
33446.622081519476
33961.66013547574
33551.907466814955
32100.08084872191
33112.92340034485
35851.84575772463
34105.575864874736
32931.566669919805
32281.760513817964
34611.993602658724
33231.28250368011
34121.996734304215
34656.199072812706
36538.49789166625
35011.1976123566
33319.52983251995
32882.54591731073
42556.80088248945
33407.18430500547
32645.546283098523
35003.638406865655
33394.504154127484
33212.91313767752
34774.04712473413
32880.97204624235
33204.69291681869
33752.06136242974
33672.240983783784
33786.30543333473
32839.05967765588
32755.34620478323
36999.42232141853
35235.16342471182
33222.149737115156
34139.8025613673
34416.05593750532
34175.4183170601
38538.83295386494
32778.959614278356
33872.117958766416
34432.822234196035
32997.40712329043
33825.29375614871
32697.273871686262
33888.31665396443
35375.566473553634
35339.05975434977
33117.483334345445
34689.95843785876
32388.317851640637
33865.94557049053
34587.69846995791
32248.108105466268
33017.19810327894
33477.08127753027
34146.73688451903
34055.04239932542
33811.805263341
33214.88755154641
32799.570348088244
35488.11301296499
32765.744587980447
32173.461778690824
33147.15345838465
32298.60772104873
33271.39696048941
33023.8343739112
34702.85308253256
34249.17577152851
32662.774888276766
35222.01791918389
33330.276809643554
35367.25006478427
32123.498009238465
32444.842731505683
33376.37890714339
34162.52483665246
33131.32322851327
33697.340529684894
32799.43332413849
34589.63264020888
34592.21504437467
34175.622610839564
32830.43522534691
32887.642338002915
32068.87828414281
34379.79941170958
32071.544334385406
32610.610456923794
32453.244749651643
33045.30667680407
33824.99298104935
32319.23900381462
32753.761362374444
47116.005219754414
33268.91798384511
34817.50033869814
34646.1114734607
34649.4690916538
34529.24185499676
32869.74427996688
33355.0279775467
32747.31749808085
32685.12378904342
32844.10108461403
42475.25353488907
32678.690104669466
33303.43099016647
35012.63514289591
36127.11782534609
34458.081598208264
32481.51657934434
33883.44292678228
32956.283618211855
33890.14500240557
32959.5432334181
33072.579903751604
32460.728208796147
41378.162993386206
33466.57054691071
34519.25644697858
34134.65758404078
34146.48020365459
32422.942511179834
33673.068136063535
32304.540965651162
33109.85545492154
33109.60616758521
32020.344323580393
32210.6848531798
33724.81437688114
33549.06001266428
32775.65019268267
33997.02267589642
32631.279224657243
32807.488079609124
33259.849814512876
33842.26336109156
32620.24249364368
32378.62875896586
33749.81903009929
33687.25739033472
32224.362702934766
33148.31678085435
33611.428840152366
33752.38633501647
34335.45065006124
33792.93592724588
34092.60973910709
33277.53567018021
32977.92721220779
32042.559137353557
32951.82149687792
33283.49666208343
33010.55215137051
33735.896566150666
32884.65323285269
33345.99693399959
34450.87706876143
34409.52139925769
32786.159442387245
33288.544542474134
34990.99826699872
32675.052167208978
35637.87884890877
32243.276697030968
37392.026907260224
34753.30162380832
33118.024890003246
33592.661607228336
34435.701767996456
33915.64127876558
32198.665967217337
33271.25497624795
33872.95942736824
34099.3136479226
34318.972802900884
33591.1187184129
32562.333549247072
32800.758157154756
33251.396968720954
35357.80750414938
33754.451968124034
32683.65986964945
32513.65335481043
33233.57044836253
34905.93926653069
32707.37466317043
33393.88107259237
33128.191650284316
34762.52589641117
45619.29074501641
33216.480857966766
33595.90379006678
33476.20135329495
34297.426905584536
31988.997094074784
33161.47308122615
34379.326519002614
33354.57990670682
34460.90917305092
33045.94491952931
33951.24921518144
33417.62523770202
33295.4665840229
32199.711109394426
33119.39448266676
34237.22502284583
33980.191705053054
32966.092853281974
32819.51008974035
36138.09296694873
31937.393114924966
32273.785459728726
33944.17326270608
33041.6327447534
34147.64964834786
33614.46867928065
33514.966412608876
32825.46018220211
33015.39931168468
33929.27227263157
33045.07454334286
33233.51272679339
32833.22258780348
32393.867440566977
33402.01649874077
32274.616142671355
31810.214446911345
32061.96564479709
33534.987216482434
35490.801757731395
32276.048677793293
32183.867376865383
34801.293308197724
33585.42291993482
34130.70195262905
32712.06387200627
33062.38436115091
34589.38585316563
33071.48596021333
33679.882685168464
33027.56497820874
34979.24192772883
32895.52530647124
34069.727476487635
33535.57086140116
32956.90769124639
33513.81318459415
33239.334130572155
33689.12224367807
32814.282645663385
34278.07838509334
32952.61793411557
32734.522994762607
32272.56486045793
33112.23378263029
32656.39723068792
33363.464913047195
35068.32638979943
33895.83828466624
33774.957862777956
35661.87975180424
33388.64377331426
32795.17310987621
41445.40405188472
33877.18927368066
33466.38742589096
34601.77689632165
32934.058697088825
34224.30469249951
32334.405355802654
34862.292915475344
33226.43679290413
32634.54201911135
36282.22361041987
32915.37592448294
34449.205118809
33531.40817300703
34561.25451336546
32319.30524314442
32923.47829436077
34704.156232044035
33590.59490987084
34714.67981379886
33543.730505628155
33311.130823403524
34888.320060706064
32747.094732905145
33814.27601325296
32199.04585263782
33792.317881296665
32772.44870630561
33679.75017907361
32456.410796531956
33204.00612707616
34155.6471501308
33348.66096903609
35436.23611080671
34109.73483938244
34043.70085872982
36194.65730846783
32339.536716439605
32429.087974620346
33021.3796058973
33129.9384682036
35163.305242605944
32669.162527112945
32613.569755004504
34025.380996315536
32429.139902073573
34338.30579718357
34919.652668403534
35094.35674458905
33800.86723989405
34194.582129988295
33187.99744453302
33380.472395377095
33163.581831077645
32888.326689434405
33437.347497396295
33209.491279507805
34294.45896713383
33429.8822198498
32769.93516756596
35353.56729882862
33539.97554085318
35197.39817692592
33305.2456520591
33047.1765654994
35047.90785756092
32110.69554890465
34482.963597101676
36216.49214195346
33019.38497121794
32605.91087621709
34086.48772737746
33697.789059338524
32922.32361393429
35781.11106432744
31786.54782613601
33738.70428367043
34669.89682521104
33219.81756634687
33861.80042691843
31962.051485812935
33766.016728582144
32534.162537713524
34348.78662603429
33722.74930864095
33472.20312775492
32455.365089550258
33383.94794065569
33517.169848069716
33906.150038435015
33581.469907652776
33853.29847831436
33387.16661809869
33447.895699594286
31537.343033854653
31811.53266689799
34054.90286400055
33974.02503108402
33325.87481050769
32959.85021744792
34442.47539987279
33259.01391463665
33864.282943414255
33307.78568679585
33002.765282757326
32102.823784799028
32820.71531194532
33873.816047528446
34983.779189582085
34199.27545148755
36051.72620956164
34178.932062504085
33733.23246036772
33885.00189120649
34402.22955015319
32937.70556954526
33400.76246059572
32796.70217240458
33657.10474532718
33188.58419524259
33653.752545597185
33834.40619471714
32116.837541290042
33690.589556439634
34230.39642198581
32356.431833903232
32558.106432489378
33030.51105743418
33889.72670822435
33817.038583496076
33671.45944865647
34881.04277213329
33927.68818386779
33623.90440475772
33450.471332905494
34254.21876112046
33043.321961501504
33410.55000967753
33574.29869226311
33644.84739640103
45553.9004920907
34449.1571765691
35380.461856413254
35258.11190695122
32825.12667030946
35039.56156685567
34492.645017678355
33767.15394102653
32725.884392202657
34773.04207479352
33007.670271627605
33965.99496974721
32333.82048304638
32661.909323816333
33631.66344060039
32999.879339122686
32654.00370237118
32686.69027029564
33989.41309870621
33513.631015577506
34330.00569407008
32745.557104358762
33566.58719542536
33706.19296612487
33908.178595709105
47196.12958219067
33422.78422201707
33825.62983499333
33878.79231712274
34216.0676849079
33525.00047239975
33906.96285337181
33558.513856523154
33605.01609919406
34704.15141415345
34288.48252944613
32162.561947523016
34755.3655654765
33647.28447392888
34477.100202069865
33553.57794045303
35067.600993787244
33403.34078380388
33515.00138494573
33134.05516067435
34329.983613812066
32411.836895922672
33381.818069163994
32516.22745875534
33118.86595405143
34918.73272565574
33149.302212418625
34891.46321740956
33087.360790376566
32613.26715441612
34134.25478244714
33299.53592303834
32936.24007986935
33299.63263495729
32704.209083779842
32279.072829335964
34618.51819435082
32810.473056253126
32309.5140580599
35238.66010736478
32728.362763235673
32972.366429404174
34720.90821662022
46808.505921391064
32805.30241608175
33256.380491552474
33061.10348774881
33615.95620804404
33613.2304708057
34071.8594808624
32598.75286787487
32538.36152720493
33447.116489790635
32229.55645183168
33490.46369586426
35388.15479510124
33151.46304003233
34380.24136324172
32226.29319862676
32299.865324349452
33420.63007839772
33325.73146897467
33352.37956769287
34721.92196967148
33152.93212177172
33435.44042940291
33176.276520101026
32977.47502998806
33885.534719207615
33033.216006553055
34729.65680930318
33606.88167873987
32984.450478901184
33370.76968467971
33838.72658498786
44205.18984689389
33720.19246995861
32389.173326973687
34007.347578054156
34816.596403513395
32468.02548744482
34937.66302748674
32470.140136454364
32648.921625910767
34674.890211102436
32112.027477650558
33454.04929068441
32157.997347437777
33284.354792779995
34047.33260332043
34795.82082207568
33886.44131109831
31628.25795408276
32617.276044313625
34846.098162155686
33369.5429850547
35708.50145724401
33106.66590850977
31922.63736340664
32854.15847547518
31714.360788235954
34185.61982282062
33784.22553456745
34134.34308938752
33002.0855818964
33212.31064641078
33601.01126107029
34159.466789382604
34233.25815288009
32402.923680405314
33707.69407531947
34918.662291449604
33695.61971974215
31938.497430971627
34036.60192179379
33350.4285111534
33939.73342889396
34127.06478031239
33074.43625240583
32766.450584452024
34135.0731776142
33689.15188996761
32221.001886856142
33433.1845517735
34892.0839711989
32804.01118205155
34313.92578879648
32081.660067439687
35547.09370316468
31871.209513668553
33296.17352397191
34437.22745974176
35705.92451397105
40024.1771697873
33664.13182526984
33966.894415771385
33943.19433528282
36204.88701749231
33707.99078713596
34314.77411165748
34097.934491378626
33187.92421552537
33751.73816885215
33852.29900508545
34806.95486369406
31992.031857796304
34293.68254726785
32799.48978598412
34659.09906923624
34056.72181670153
34393.92087459655
32980.52992158207
31729.2117189527
35080.191679733056
33236.25272690608
32635.371006363
34009.725536107966
34645.326144773615
31979.43192093538
32543.57442324102
34200.930074802
33709.78405753919
31871.68132024329
32815.710813842736
34874.471628788
33691.99219613396
33563.08906701769
34461.92548898114
32731.2468113875
32927.79854338353
32842.02555835845
33959.54152646443
34068.03257143353
32418.73613112847
32823.18291279012
33475.86513579007
36145.51605329146
34697.253822475475
33348.09693627272
34244.48237245052
33348.757527408656
33019.05841453257
33422.068075754694
33702.72476931922
32016.996410699583
34679.41801398812
32991.90266944317
35454.67270521017
35608.304290126
34357.656069328754
33705.91478865075
32486.047897037362
33963.43042009693
33732.82593523961
32241.80523983905
33014.74859825775
34659.33449258037
34142.8551698639
33260.359723542206
34645.16698741759
33207.60855916789
33353.2396862604
33880.43604685931
34695.45102825581
average revenue:33676.926118141084
possibility:0.008