34262.32096643828
35131.079087096165
32705.93869499963
32718.258286868477
33495.947045553236
34969.08496962595
33153.80202251709
32667.95860645109
33542.764211651
33267.32372565559
32381.744002830837
33550.857458344006
34251.528043244725
32544.918504279613
33453.350957129005
34112.933043477526
36885.30018182336
32671.814681038657
34710.28561655978
33680.89303741845
34248.13151885123
33522.36423494615
34058.50157781947
32849.263094718895
31908.783477698405
32807.423371323974
33418.803267176576
33501.58667678454
33409.174106201324
33268.969414486724
34075.55150392765
34359.00589528967
32952.333081796074
33745.97256161863
32492.675620429934
33750.58538845988
32069.922255545374
33154.37760280694
32722.214829509652
33969.4496640216
33346.439141050636
32834.65858641938
32900.881558931105
35228.265674518436
32280.98510985592
33517.05392888712
34582.77400207408
32767.357264579496
34210.20988526054
34654.74063024599
33118.642875003214
34283.57891528611
32431.659423027013
33895.823597901945
32990.11227325486
31861.03051873982
32807.27483619178
32480.515304110915
35439.38894588583
32973.90598436833
34743.272083806994
32474.590737153656
34342.04906556582
33951.670634518996
34394.6702523056
33625.1862185954
34577.1237278324
32705.054083253202
33925.052061285125
34954.4149377605
34172.45644844679
33024.893455875084
32427.829089196806
33512.2931259121
32318.026258145674
32885.05913900926
32174.90900859701
34011.9342461294
33415.279982377746
33585.58115198152
35170.00646801728
34094.708529997704
33982.280287028974
33849.493384953734
33958.44293449924
32833.057948298876
34477.13563534596
32803.444108341224
33258.63885579003
32559.67986188408
34616.88006222968
33464.49273225487
35042.45798409508
33848.53001502141
32980.20822302826
32137.810828874215
34638.13510772342
35541.666029711654
33925.486969682126
33394.487593001686
32829.956705531375
34716.83644673518
33415.058554960524
32921.87302414631
33720.47902863704
32538.37033684892
32943.39422556115
33284.184906052404
32794.00434575165
34178.450358664275
33889.51348376629
35126.40658901254
33565.899635101596
34918.43740619204
34109.36227034156
31760.332402411113
32802.16273562621
33778.14319137141
34285.58882291024
33702.051252529214
35059.17463979186
33278.94834153337
33846.0283808044
32313.799945307826
33784.532525308656
33926.91248124728
33394.458879003374
34014.24260290777
33984.64649239423
33928.910926654484
34404.120000613235
33559.35211253396
31999.844834988326
32471.482364803247
33955.44287249811
34200.08626284539
34082.54518258766
33731.65367627881
34055.338863480225
32344.827705150823
33152.146520560025
34358.535702607674
32771.42738359791
34306.56786405573
33597.324443120284
33689.81413019936
34474.13281240423
34004.486059437695
33268.146616370315
33659.62023182482
34133.4027514099
32682.31131525954
33021.850647733845
33664.99510932264
33599.71443790865
33229.89569619589
36312.65112227781
33134.58380038569
32153.61141711402
33324.40906575309
32131.689182096794
32575.135034309693
33149.364291034726
34961.99974332619
39045.03460329716
32658.36624532915
32727.70986959552
33503.689380993244
33372.87696428758
35360.15056127627
31916.101540865016
34251.34922330368
33144.33015501859
34273.70472641555
34535.005296161005
33195.945212622166
32406.090599810042
33984.31085428832
34172.13686027808
34922.221012833055
32304.754292839043
32955.935719580506
33186.238901527286
35338.48729212453
33060.32108842614
33448.18931065712
33006.813068219075
32428.81825371265
34565.90350662281
31937.915540887236
33131.10901537284
32769.91790881659
34024.91539492865
33935.46127392266
33391.66783257731
33089.669481318764
32434.85978146963
33132.306985482246
33541.64014654698
33957.10750154042
33058.78928315083
33957.29866855503
34550.31980264275
34792.361256585864
34099.507315482246
33774.57175297443
32914.62366457775
34575.9898727161
33348.68856000497
34090.5021562023
33084.758950584684
33495.0489509203
34268.186762244004
33591.42194454981
33480.65679381768
35053.30253930332
33622.27405541271
34279.27432537019
33716.76996746421
34001.65723785829
33893.80268202782
34075.073452435856
33928.31803167859
34266.31732045607
33256.93712509066
33348.33715475211
34631.786053522104
34214.638404052435
33063.17064713534
33639.583594125026
32170.152822420943
33530.3332221301
34080.03199628937
34785.92356038323
32552.91383875689
32977.741986306595
34269.55717889805
33220.12316357183
33111.21362424926
34550.96483192404
34824.7350942212
33783.65419615883
34380.528904253784
33182.982135567676
32734.091836880692
33523.82833227359
33582.90919332523
32804.92668493477
34687.729392416935
33047.646097673845
34452.71865814724
35653.32368746037
33125.932546930984
31717.307206429465
33008.458327175074
32357.923156264897
33335.527661551576
33567.234966446005
35170.46315929963
32911.57320408871
32794.41484067674
33008.21373299566
33649.77456054595
34353.60328866058
34168.1190166267
33609.54022204046
32889.76397309999
34136.702795419355
32532.96290072756
32897.68739384757
34833.14524528389
32624.842899070052
32990.73963718105
33851.054663885065
34301.332946347946
33413.649088441605
33371.56222718162
32779.24664365218
33327.68076709687
33044.18801565544
33155.99988691672
31695.684498322138
32790.37446012585
31048.199115071377
33196.16270453945
32725.597180391214
33689.483136463234
31948.185420348018
32334.971033805177
33400.360129521985
36143.13570719289
33375.464915718534
33974.18848633161
33629.00296842
32307.038223473395
32661.230342655588
32520.974871331822
34411.836874027045
34289.70998779889
33204.151321443635
34725.355463458174
33557.97885951799
32546.823457447437
32749.38788612356
32681.741138159334
34195.49914163869
34163.985108001805
34099.48644829436
33931.97429720789
34100.31205840719
34519.41469827452
34824.90908333611
33795.428543989874
33220.76131711777
33975.87848864872
35133.928586731374
33120.21159367361
32622.7877118149
32761.121909922615
34199.45107758448
31417.23325519528
35087.53509513272
34457.92516031441
32665.37831396334
33883.63696471961
33745.01953726225
34649.86499078249
33247.06060713683
35530.38542951205
33509.64810525814
34498.7721878419
32766.993477146483
33449.83989165581
33382.2293065055
33012.21281712414
34023.947723418976
32996.8929456778
32143.01982327989
32868.061444577455
32676.933500623763
34612.000918516875
32355.933158387856
32102.59282541818
35894.850995041066
33478.671239874115
33452.27834267794
32942.494829088566
33698.29373042017
34195.27350062819
35118.28177325308
33670.42093332507
33150.749164507964
34123.08911880383
33031.77034013484
33174.46736723336
33379.69734152961
35065.75872223492
32904.54340353635
31606.15408979326
32742.469511460637
32581.955247030677
34467.73223658305
33725.81139746865
32843.46754166503
34000.39501894586
32514.254123246046
33568.37809867337
33701.59051966996
33384.377966298605
32895.3564369487
35700.54178473584
32620.803731995693
34154.2185870387
33915.379552848455
34081.43369845618
32857.799938380434
39028.01784360385
34477.548757083176
33539.682833722014
32679.50700922923
32842.184177262796
32842.61658097822
32520.260628533084
34054.398414781455
38939.06295677937
32820.714097585
34594.71575015176
31954.561513395325
32496.79686594041
35032.82141044239
34101.79845482028
33775.22604701434
33900.53171432282
33789.205900977126
33438.64973536167
32973.711395353304
34154.584803583806
32845.964631784824
32060.006770694887
33032.179745082416
32944.67342608659
33273.01637723019
35153.512014118984
32569.746901558497
31503.735317261977
33337.76885417608
33554.938650771066
33722.020316702496
31618.66502986446
33096.75559305886
34067.40931495497
33917.50936571716
33632.70823930949
35303.69581762513
33355.34233297781
33162.84425749256
34094.28227604962
32644.793035207844
34443.83732630457
33453.192982052526
33857.30201231427
33661.89484864452
33832.38785312025
33851.71143872722
33079.87155182278
34322.446160038955
34897.07768792537
34835.024194237914
35792.14536433039
34680.52218873516
34359.849051419624
35097.463926394754
34765.471424679155
32506.18045400952
33527.54916663466
33267.67837913256
33391.27816874175
34334.810244085296
33729.94084464978
32813.55584116981
34206.948427134994
35077.909868324794
31629.733262840466
33079.69178787395
32451.40260555114
34040.781386475086
39058.04495533741
33442.5676391633
32608.85770206331
33936.8871518356
32814.75973747639
34043.80957341099
32253.449221330517
33880.21402540066
32918.488369798775
33240.11606922822
34043.560129836835
34313.14935653287
33471.339478851834
33275.9161719481
35020.837261647794
33107.6790079685
33954.24583360436
32382.664157853877
33030.42092031042
32638.67969782537
32874.542055225065
32805.142052149764
33362.07261736858
34453.7426134889
33492.46788292662
34882.22336285562
32971.286443064586
33851.202120801994
32373.615299869314
32229.111403768762
32574.742277492493
34410.23327116725
32121.350401895852
34215.04308037985
32803.78538337528
35739.016014290086
34183.13897210661
33750.686068931886
32582.03046926207
33333.88829583937
34812.48075465863
33457.21618159145
33945.69907182979
33938.03360787522
32980.30970706375
33187.32133115468
32108.66851215094
31060.405543445704
32250.476069726672
33861.968179062234
32811.78153570835
34116.46285722819
33289.07430902939
33031.321077759305
32200.97777291118
33061.50057248239
34563.420684789504
33439.81996285111
32277.46980478794
32548.89693409557
34321.68708813688
32821.41061203012
33794.02198181316
33877.38959059076
34394.15987910472
31608.924271180244
34038.9037468227
32639.25862563615
33425.501308537416
34123.77026166388
34401.01473420078
32279.335664079976
32725.035756815894
33004.14257863066
34122.33055334864
31866.30671414242
33271.3244715734
33917.09123327924
33865.92591277536
33762.03473918169
38822.06441582418
36107.32279470237
32731.29759897306
32805.966136221665
33417.85685106387
33546.94153639437
34912.653944940925
34256.859758577
33385.134628023065
33026.18959002989
31706.901031294896
34010.57736795294
33644.31689654439
33321.452544345564
33249.37018038852
33958.02786177041
33759.35473150539
32638.185683153162
32564.44383171555
34060.43146902963
32081.282321861505
32401.766412274403
33223.57829640384
34335.218966434324
32314.8816788055
34574.665706479835
33294.803917545534
33712.58637806473
33208.183064578174
32538.922154047348
33048.96740446167
32003.64967102079
33194.95666382924
33534.83311277659
33740.16455005733
33695.978739077524
31752.092525005704
33916.93939825095
33008.41200622582
33331.87823731419
33942.54427507893
36675.40773149489
34687.26241831439
34317.01747664658
33392.612935410325
32724.629769750016
35294.472456090276
34625.74603091967
32736.829001458966
33543.240792261684
31978.796889389603
32213.406761392165
32155.287629370134
35183.67339184661
34577.746021240695
34077.35517947307
33858.19646221013
32471.63766030748
31447.901175654515
32846.578192367735
33528.318351986665
34363.54640178649
32091.542226265487
32273.134982718475
35813.3075894294
33235.73295977873
34231.94770225374
33078.248854079175
33617.584595570785
35060.70479771416
33062.64343214188
34046.7746437192
33638.86397705555
34210.62910376242
33610.593283038404
33232.969406665885
32987.193658618904
34301.55441698545
33647.89458005346
35143.617510701726
33001.494051667745
32914.34469148742
32939.70572261898
32963.332159406025
32263.938392923843
36564.91092279453
33391.79661377552
33858.19906573941
34531.22107000068
32890.98595645697
32968.26729783728
34076.69491530836
34453.87848965943
33400.046063296286
35047.668847773035
34072.74820912847
33395.13601114
33331.48471486202
32912.817201523285
33240.13377945749
33595.095010751356
34379.82000411368
34313.83045262104
33602.387946281946
32573.413837887874
33494.325996776744
35099.514671661964
32943.76913665934
33040.64022183852
33387.05041191303
33035.17856312536
33898.27654458239
32688.742776343475
33408.65205139425
33703.99698334379
32513.463786407156
33013.346771322555
31745.89985836523
32002.88609849696
34466.380408736804
33899.60169271437
34032.12261461904
34242.35464242591
35272.79773740111
34288.382221088556
34386.54806058855
31919.200305133643
33124.985694639734
34503.9638147032
35328.04288533312
35145.955936262515
33744.300072368926
33353.62334813074
32904.51400627599
32967.337741200135
33324.91317897963
34834.210749996564
32795.53712376746
32898.76532037531
33745.057771459484
31868.078825896635
33743.88543312753
32686.037117042073
35335.726450569644
33411.81211402152
33917.228255003596
33523.325547831555
32185.533126881357
33168.3202008735
33681.2934254944
32975.02157938877
34482.05063323832
33987.121319279344
33420.52765535135
33221.820703897
34319.61654903113
33637.33801611421
34096.8803595699
32972.100993432876
33657.121895266326
33785.84514184765
32369.221632215118
33380.72726679504
33602.435766150076
32967.523336350074
33186.84528519071
34727.44264395514
32882.25705605997
33027.77876363632
32723.190806706967
33037.957552471795
31782.683122195696
35200.93450355729
31746.291572251077
34452.08905755408
33335.691781661066
34799.20980225653
34643.663314098994
35399.26903317157
31991.965565384322
34269.1914685094
33650.13297476019
32470.517422707308
36579.44274576772
32583.09556339487
32727.161118817072
38919.094651165615
34474.40912591175
32165.18555735484
35051.63736652003
33320.873852032
32691.569565020716
33099.44627493604
32877.55252967439
33009.88220577561
33179.18217203884
33278.2973328545
32185.769592279015
32167.807674018983
32235.200772560216
34128.34641555703
33202.29254338611
33662.697502590265
33241.94944928618
34184.507715365886
33562.09894407878
32644.299626282515
32338.748305241275
32284.077941368134
38609.886142312316
33026.81718403958
32314.044740288202
33604.93924474447
32805.3117413025
33698.72508690367
32829.74326382972
34235.14129629744
32788.199871367804
32727.146194046578
33745.34843457854
34593.63215104092
34567.11313338215
33746.059750471264
33589.12090228617
34270.090469449584
33035.09360863046
32345.912504322157
32682.498435485642
36356.10850788992
35027.46513804221
34302.27739807528
32168.42123233152
32491.71027348746
33002.46788863377
34653.7500477827
32935.48763205249
32735.26209065417
32550.59178927853
35204.53129402743
32767.874230288653
38807.313185885374
32985.714163839824
32411.060974797838
32503.427190830833
33767.434315906125
35014.48026998197
33991.70052251014
32680.52146579448
34078.39005107093
34079.16200465408
33386.98341457782
32908.12581561809
32343.950797780057
33231.06981202559
35212.56674527358
32027.083993888176
34641.07197835639
32930.35433606016
33166.2707426026
31570.060616949027
32819.866886128264
31926.96784539405
32597.956967256563
33619.408606867604
33602.86243214697
33434.91426486957
33279.789869435925
33353.946095630825
33223.33221519274
32157.204034271195
33232.12605761789
33653.488321767516
33316.62379145742
34377.154696440615
33604.914547920875
34822.26170795564
34431.42890221261
33828.396253125924
34527.264039246686
33865.87584135799
31835.823995858536
35099.05079940057
34225.90727038761
31233.351874224107
33587.802899217786
34074.89057339144
32635.165555749943
33054.43376134309
32986.283548117965
33735.809351686665
33109.05644327069
33586.02214005654
32897.817129671836
33332.67298275361
31716.164588043197
34946.17124734444
33153.88840070019
33526.21273775665
33245.0320667986
34483.11838159587
32959.20646471917
32689.603450128292
32244.606056693312
34679.86320463942
34731.36076626394
33024.58795668507
33375.546975445795
34622.686591385456
34777.05103850819
33381.25427872882
33059.31897103612
34309.17393111381
33289.89364321724
35665.617129556726
32589.912303266938
32591.28363929725
34598.284801768204
33091.08544712459
32834.31821045828
32653.441783003967
33718.76636689656
31820.545858502297
33132.55694349077
33409.89818639902
33302.51404616841
32255.865674023113
33829.30765247084
33391.83922514449
32590.60478626521
33492.13008952614
33572.04773400064
31852.620500047018
33995.807484539466
33458.00459364577
33056.55135876902
33822.939252234035
32515.401910404194
33998.69757484958
33708.03945181375
32806.80119070652
34214.54516395922
34243.971664508936
33025.750036628204
33016.8526047245
33938.44014177701
35024.75084618371
33728.447834108054
33571.458084573176
33423.42704801344
32421.558498389022
31757.040441036195
33142.184450052744
34267.30464881181
33653.82825241849
34547.05733324517
33044.73758450204
33785.91432400561
30889.141604713506
33502.19680743438
35178.89501482548
33681.61205137284
34212.23202685693
31774.797654838767
33608.9161563245
34032.84143937285
32839.670023584884
33781.791232744115
33234.110648784415
33386.67241557977
32694.64632281849
33778.66973420499
32503.15872003984
35133.50589299629
32142.977281295865
33573.2794720005
32782.68169741203
33412.6788191824
33830.54346073527
38968.45152290695
32481.240218243074
34435.97679293334
32867.0764779636
32958.760728013745
32230.726494436072
33149.777798697374
34011.337703854246
33436.82608220654
34204.617837661914
35432.698270879206
32385.588014604968
31003.4414770925
32951.94663938708
33041.3011563486
35170.40211965342
32805.444509895045
32331.3522427096
31950.490890671317
33850.18093957168
33385.72450286305
33346.56975138826
34821.47639710146
33183.29020067513
34914.23670703897
32855.558818438556
33719.318172241794
32099.105497545646
33515.51287128681
33484.39436078783
33958.95832828539
32095.377970100228
33712.174613865434
33523.3201126374
35345.268704795664
33295.743487779015
34097.05672965104
33520.320929465386
34854.58878831941
34159.42720618786
32240.321111439218
33248.064401466036
33401.74456853451
33737.87927967204
33672.42622903207
33124.41779156967
33013.69568323896
32135.08221287493
34948.90588305164
34137.85179321431
33062.418214242774
34176.56123727306
33242.51940540117
33410.822857841966
34536.862908155905
33914.38194007221
31531.816658915035
33076.37217706368
33199.14536941066
33393.86370186099
33561.781335705644
33966.10275578759
33877.33043559724
34237.27955157824
33450.8813063082
33127.22631762999
34440.71279352141
33262.34328492285
33393.452788791015
34194.905515468454
33329.49646266922
33718.475518028434
32865.77542475647
32891.76630577815
32885.26828105983
33486.53808292165
33139.64967241288
31878.70076490136
32899.77078464586
34459.755271965514
34788.50633179515
34605.26775781799
31311.80198811068
33035.63288758191
32803.711240784636
34450.09105245949
34965.286871225864
34033.33034115573
33658.76678643033
32574.76313707754
32773.63517386421
35415.06876098604
33697.17885406258
35253.33413406745
33629.0668747642
35592.690302658986
average revenue:33548.8321545191
possibility:0.009