46208.083674233894
37859.770248584806
37527.726313561565
37820.64076579829
38268.92832952785
37928.59080463305
38897.83740403962
37542.94105663486
38169.96820412698
37790.32490048288
39259.320969406996
39331.62385584898
37918.772265616695
38050.98597270806
38986.44674910041
38680.3056907846
38680.801727117214
39446.11577428976
39525.60326508592
38441.12255621815
38289.08120002497
37775.841807731325
38202.73166540333
51514.23306373999
38433.65670058765
51318.440195975876
38319.90250903019
37868.92890520907
37530.16931202772
37719.90011684695
38151.40660580913
38537.10765909634
40516.51166097824
44500.53200948153
39211.01745043918
38175.20191426501
38260.3427878304
38740.08064998551
40095.819841470824
38165.83744826395
38337.76764700059
38953.96081352
37505.698727952906
38787.43851559782
38364.36091130587
39023.80376734525
37885.51082506753
37811.02973218402
37733.26196835354
38667.34083975363
40585.2213445052
37604.8408903841
37822.14041799739
38903.648580706336
37786.50737366297
38222.056507292684
38582.57547404473
39378.492705823206
37997.893089842466
39626.8797696182
37996.01735902487
42104.215102759495
38476.04385405217
37962.51994770488
37532.66256870094
37771.19530018511
38697.28899483748
37797.26400868943
37951.23881398197
38261.81565539607
37752.08596699039
38574.95630373129
37316.50341623122
37834.287036212176
37778.1365915799
38901.52997796563
40011.20240568821
40364.05494364005
37617.273058189356
38205.72878515609
37655.77266055325
37693.74558477206
38828.02804028486
37856.66454533997
37867.05091518674
39442.39539871548
38172.885281175906
38083.944207805005
37799.53160666411
38138.129490466985
37617.23499112159
37294.859314616624
38319.549373641275
38933.21097986648
38720.12196772367
38325.633678142374
38518.889345096875
44131.589905026805
38998.1453421066
38807.96779118806
37839.937102171854
37631.17805770678
38073.32901329668
38089.32375931606
38323.67657955985
37929.48026472196
47590.33618713336
38068.403717185036
37963.32180584277
38052.43730890236
37270.36865065655
38272.20861243262
38129.87008136699
39033.91741826143
37859.096984702046
37980.04600011489
38972.60219731426
38676.539313838526
38528.95772135339
38041.09761255751
38146.858053405565
38242.66312775989
44919.472618376276
38650.24649734647
38422.53653123619
39465.74855377028
37325.700196939506
38009.4650875719
38142.98839858154
39009.963813392475
38841.143397422326
49740.55713796372
47061.05429562181
38155.97448032307
38604.60423117747
37957.79544174647
50510.58220257963
37957.80637353033
42169.74161425885
38469.933074299115
38697.61960527681
38117.34235173707
37634.28257516808
38209.6548445101
39197.18934753063
38828.73914859953
37767.39995931839
42302.149694946325
38097.62429138948
37721.86095560353
37733.16598540841
38208.6399565339
37784.68662227959
38099.57596541211
38232.070091533235
37701.27523128152
37912.9347199408
37516.039040450574
38059.11349940838
45138.53712721432
37705.3285630743
38080.89073314065
37752.63202699686
47970.66885218973
37991.6258083723
38606.26340330296
38818.83030060555
37594.78119094971
40424.15723558198
47151.946064097654
38340.797206102405
39359.76281964487
38434.596390824525
38626.37677076957
41611.63085189029
51408.14519335412
38009.4428067407
37784.38471730208
38210.78369206628
50054.10551458261
38510.76347665644
38271.07776708747
37366.355403339665
37583.108524302144
39201.72604468404
37745.26790761154
38700.54920689162
38386.08436249965
38199.233866987466
38641.72835298879
37741.0354534237
37861.258846698984
38163.77934781804
44217.14255053977
38199.89372095478
38100.86235858109
38247.93119095616
38079.20500473757
39583.72043329019
38441.29040308508
40644.14318686002
38072.663857310705
37647.25799207605
37912.844046609585
40616.48254274173
38514.32507478014
37663.75587435536
38191.59154025459
38323.76197761285
37476.04273683158
37480.61358754821
38272.41062137384
38053.627030549025
38625.67464084685
37255.12858316624
39198.99816729926
40003.41958752121
38982.95599831459
38249.02007146151
38349.35565991546
38739.16833946023
37850.5186222071
38219.847773329864
39233.16671674362
37598.446408544805
37702.248601891304
37981.942871617895
38888.79280898179
38094.757061762044
38601.53609844578
38020.50871817956
38569.53035782056
37825.952209692274
37513.928373756666
38563.67820478096
38249.9698735822
37326.16351247072
38706.398087563175
38153.94059230682
38711.18105853946
37700.52774014641
38509.61904866064
38461.19074432931
38835.052338294205
37802.78102255805
37764.07122419323
49269.725230646465
50869.93928794352
37882.40722862413
37689.29716668739
38212.43084174366
38675.90327671784
38640.71320127618
48720.84038229244
38139.93631445216
38614.59604324036
39630.25958008396
38802.519860971566
37706.71413097785
37948.88025126468
39325.714858069754
37446.27672019389
37947.08320837805
39904.901803965506
51053.54486829268
38232.51130336481
38155.40532856325
38061.48278479997
38122.50735570719
37810.24468574276
37913.67091904124
38011.60628719998
45748.143470906805
38098.7504710144
38088.054760344625
41393.16792499174
38253.91833336881
37932.31712538664
37612.6312064961
38189.54041555783
39213.47689648198
38339.32688290267
38557.002194251254
38012.78521648974
37729.4928830642
37633.84308423897
38180.94831281938
37908.02969975998
37894.13874827855
38457.21748227486
37994.46193862798
37384.52034403413
38154.54877532009
51475.865890718065
45976.32510312157
50196.74477452711
37411.6274416209
38226.960224055765
38462.97359753801
37749.681685754615
38931.813151948474
38011.55616951834
38378.679752191594
39009.15269131802
37985.65499963761
37846.3807082266
37347.54710747662
47378.77101110487
38460.239476394665
37713.95715956921
38784.921024691655
38223.09676996294
38550.8175422442
38248.20327533436
51304.955233728964
38007.32013457032
37501.220127119195
38302.18764099919
37577.126846721
37961.90794985599
37985.23010726619
37916.22562526691
38781.36381490896
38551.78799830657
38715.44664658989
38448.408464135464
38225.02726395381
37781.219933061926
49824.394703078935
38947.48048480592
44661.60673804919
37695.30490810641
38186.21627437967
37890.46670638878
38546.76779759599
38773.32478640302
38540.283235584415
38310.090038419454
48039.16204332926
38372.43108761729
51623.12194272116
38181.88983402691
40400.99358647415
38418.47461455828
38488.07808397217
38715.404173325136
38198.72209291073
37332.30118766558
40040.13100969947
37427.10426856348
39670.07879205257
38061.00382714594
37848.37966608128
37806.398159498654
37865.21464244923
38411.12759426067
38061.26587877576
38138.677314107204
37748.08055859594
37987.32443997303
42305.88975781743
38218.05861532739
38860.61354268098
38037.2577377615
38501.09338972605
37957.795163592054
38481.9455930892
43828.10790506915
38540.924671377245
47505.28029708376
37998.88002685443
38063.35692322804
37470.922752172315
37736.57202254911
38156.18611363711
37435.12362776239
37920.0886899445
38380.82447572814
37653.47843775345
38076.264924349234
38810.555994975664
38615.05661978973
38132.79086385096
38980.91388929468
38411.38558344774
38482.43780827542
37598.939047838845
37803.26696184948
37383.82600896258
50330.46250877892
38203.67960289707
37919.09457103359
38236.42839839921
39938.40929893583
38300.404598766145
37746.38376036555
39907.78622338091
37660.26275522436
37399.833611751004
38317.43931294268
49204.88904439047
39290.065708640905
38502.00450974236
37717.01298159675
41412.897098330664
38264.93199513131
38316.42336847362
37929.12363235348
38100.35426270002
38035.587607954345
37726.386964587924
40406.280444541626
38605.88360801934
38250.069662952126
38527.086160778206
38358.442605753604
38772.49997228388
38182.27604850289
38709.627375599266
38153.84057809602
38958.019235317064
38133.82275580818
37056.46137157255
38471.69940507859
38076.44253562309
38293.02834095428
41251.489987620014
38941.41209924031
38992.56224924853
38927.290410371876
50480.82363084747
37916.064487967626
38409.72102634022
37531.0787103375
38280.429586005084
38738.24375277881
37795.939804323
38473.01743180586
38743.396345107634
38222.72585061745
39911.29866719442
37682.2268182838
46189.74356593836
38868.40579220366
48058.59647738432
37712.852913305884
39029.76252324491
37722.56074258907
40395.03716288336
38932.93072024959
37827.827020073986
38862.53204294042
38362.74184776215
37579.919091542375
40124.161779861766
38824.869526271315
37937.37161620254
39390.70524663312
37611.52134676236
37768.689413730586
38333.63585640458
37837.41476808945
41997.264282959295
37997.66856048771
37871.70717258364
38000.32482014943
38244.842488774906
37799.15251969799
38645.11740235338
38194.50665968203
38438.028741847855
37620.872221784535
39553.97039837132
48874.19698860893
38737.96573979867
38104.808907599356
38099.46736465443
37963.7130054847
37866.41239493502
38174.750861363784
37732.73597155861
48710.46042473281
38729.63226811638
37683.724209924905
38138.64608869427
38356.77628006929
38758.80729056056
38144.50279322323
37715.57723504986
48025.38171686762
38235.92342847734
38344.90581874289
37494.46858071473
38000.09972404091
37187.71981767891
38216.44326763477
38672.04828361299
38163.25205454731
47983.822421243975
37817.90875833993
38461.19075631218
42461.057383006846
38400.53027085386
38489.798059903405
38454.93969878729
37998.71594377258
37516.74184590235
37415.548202253914
37664.26348925972
42337.63454674576
38088.899667718535
38503.87894339154
39213.419087964256
44910.427965950985
39642.841261944406
37550.620593652704
38088.50170155804
38052.28376030425
38270.721857748766
37700.418474921855
37668.17860238528
50991.32133396755
38110.22826548483
37428.3473299909
37815.22004661011
38001.83669603891
38181.62601199022
37665.80484302573
38465.99329554792
44792.30630018089
37877.67242096989
37667.97538362934
37379.866790105545
37861.75216971958
51617.09191235406
38625.886337909
38310.96751490681
38826.8023520152
38130.91283313945
38145.525648893745
37186.64938537572
39199.567943046364
38814.17981266352
38178.31326225309
38035.38036143822
37922.608058699836
51709.87164629717
38106.31155327368
42862.65645809626
37996.89401427965
38310.46576476275
37975.77530590404
51396.25821365661
38932.548898402936
38540.39047353225
38262.946734393
37800.943833037796
37874.56444762976
37938.262043013434
38238.8546581895
40589.548921979556
38966.13660774276
38608.05997551103
38124.85044060885
38791.93583972602
38293.694920600814
37983.492840549756
38175.822376166434
38188.92239464206
38156.11733711881
38779.91445506307
39430.451693349285
39519.30349944923
37652.97580815329
46973.80474008115
38064.915275952095
38257.54800809441
39615.342645570854
42759.53983904875
37215.11086039335
38041.95746300348
38412.37315243187
38176.81023765021
38298.31242436644
40118.48698299102
37906.09301477066
44161.62998346282
40888.71631889187
41435.99360558125
38368.8025831608
50045.46522570546
38344.329527035494
38603.12122250174
46125.32032854634
37622.38259649158
37386.35788705311
38334.182740632685
37414.41366615852
38906.59895613824
42923.12448087846
37680.95336555327
38830.66266416766
50479.059327534764
38524.93324810199
37955.239611984216
38972.69427203269
37757.44654303029
45850.808460386324
37871.20371180589
49149.33014244858
44436.25208306881
37866.26122256844
38535.11035982215
38229.091306103415
37729.39932588275
40344.69923414368
37929.64750614004
38676.98499533831
39535.694449175564
38249.602465895136
38500.12156365867
38667.22082445993
37684.615901549776
38043.74727075451
38267.35267224637
38304.1001943508
37710.95574170872
38021.81472945788
38973.61392111859
37473.93110118034
37903.46645559285
38212.46112352153
38648.1378555072
39461.17403581508
38601.161907048096
43440.93339398257
37531.76349408393
38394.65051039222
37696.47767458292
37920.693345995474
39499.73347180389
37611.526505293405
37975.374369370686
38174.08608383271
37629.26761524342
38140.12683734018
44840.7834676992
38540.39554858589
44133.55032139144
38154.434543517425
38049.73786007993
38254.02946394558
38729.58462153118
38594.07164740098
37802.658972984354
37544.711938186665
38882.99765274042
39767.80812342189
38231.05029260216
38899.47861469949
39332.42876275209
38738.96377875596
38263.60430981122
38746.551161964315
37904.6774397961
37868.90064601798
37936.34793229723
39176.90564759907
38693.038122546706
39162.16836054714
37616.57849182727
47316.756031835575
38273.40996420371
39438.97201188959
40255.987957695084
37572.828401846884
41091.72251797275
45462.85569481889
37756.17123811478
38666.06279355279
38686.308505142
39619.77114948198
37643.82222691104
50260.75217167383
38067.29944797272
38137.038349246526
37719.539554788935
45372.44074105355
38138.96922762476
38663.269438889336
37384.95279989779
38834.49833369377
38163.548276384296
38006.3253545747
37199.39191344422
37680.61207661199
41232.28176692128
38522.9698208443
44165.74010033827
37686.52963662498
38310.27523029344
38717.77710912994
37855.066053479786
41226.80384946413
38064.211977381114
39041.131776534705
38553.84954519411
46840.32726699074
39466.326410745096
38695.68650907092
37995.85472110261
37581.71065712265
37323.90439579738
38007.80338546307
38215.25170003732
38896.617425912744
51328.35782693638
37911.767349620546
38282.34734355363
37759.33051661334
37168.67740228257
37256.511895105126
38212.05028384442
38477.08122519589
38552.55238911423
38355.388713374676
37715.74241257595
37607.19871360659
38593.45706726335
38170.2731212457
37945.99875333057
37814.66162632811
37821.511582392355
38795.421493085756
38697.57515744388
38256.20596016297
37470.77947642514
38224.38798283029
39402.95581268202
38519.978535913244
37931.59220380937
50943.52098696194
37865.79079353559
38063.38314628351
38765.72396501905
37852.864799454255
37853.02273277396
37953.01067281307
38267.97612897717
38021.47264634515
38259.79153017466
37907.8177885881
38470.5823518376
38269.66860968408
37710.81441847288
38287.16970349176
38065.57133031559
38847.31796274922
37813.19486323277
42120.0150911896
37712.00310954198
38827.99876001593
38540.05150897816
43631.179150695774
37629.467616838214
37854.49996725177
37873.83509625998
38503.248451202715
43333.497221808495
38390.088003260855
38096.91968660586
40076.85796586948
38350.4559092987
38161.70418348425
38294.70960109417
37752.53451535185
46334.16173580907
38521.62802044601
40924.10485654581
37894.758903026246
37785.16118256672
38486.42982314862
38149.881269250596
43116.11424708199
37708.554845322804
37812.17698710831
38181.632328181244
38732.1633210931
37942.999278441916
38660.61787950736
37797.544800631345
38487.02145056487
37712.70467123385
37654.72957950093
38039.68586425476
38369.00661406611
38275.56101237141
37485.34304649292
38026.20146481768
43612.281000842755
38013.07298445546
38666.136084941434
44507.08418434375
38201.77632718221
38195.73931591426
38202.621870948926
38231.30243640582
38310.08471235639
38429.46927382499
37956.49781285022
38148.14182514569
38283.16460818064
37979.624190233044
37407.67769060302
39269.89241767835
38924.900414538984
38765.130774451696
38795.737569087665
39298.512741864346
37621.76414757617
38040.13222546649
38421.44753090423
38165.623308046685
40075.31556707718
38551.188553027474
38252.21811222967
37984.63504980597
41820.5304971404
37220.9000035332
38196.971089401544
39285.11876050991
44170.614499884294
37435.95067520215
38075.42767395689
38947.991288499674
38204.845050633856
38657.677946823445
38541.98295360151
37938.6984342742
37670.47681368713
38452.70865344033
39163.202319656964
36958.52260550041
51568.710164398915
39010.46953738866
38888.081164553085
38231.93041198193
38412.45349946671
38605.38996155248
38427.552588510385
38603.64652366245
38086.82046772975
51066.862267835466
37857.75828710578
38365.664521375504
37589.75653904669
38437.16874782633
37550.85688642338
39215.82624932246
38106.86903414531
37665.088831282694
38717.08782653269
37816.73401901252
37893.79226029306
41048.113350402484
41434.24712863687
37939.97001837908
37765.256064426314
37782.88389883964
38037.19832924665
38065.65152526357
38224.23988724396
37537.58858682848
38330.19470446471
37864.29506393277
37997.89855332943
40613.73243386774
37979.90707544346
37578.37278425923
38693.510508799125
39261.51716830373
38465.18779384118
49359.32963336068
37918.5183681056
37426.529604538286
38053.418678691916
37807.214384658124
37890.58805426373
38132.230511886984
38377.110921478874
38576.15416783296
37955.2542039746
47022.368623387134
38037.8127250303
48264.19762108708
37762.260282163894
38641.03827105317
37475.863670374674
37761.22075135822
46117.298197654985
38646.101197582415
38565.23265015985
38218.47645011254
40384.82130307424
37895.84294094641
38353.164468855495
39135.69859911271
38638.90661239161
37817.06715304303
48619.01934180571
37973.97045752465
38248.17989374865
38956.86561072352
39326.29950055915
37802.589281140536
39596.65746892189
46459.89444228032
38287.68359543315
38131.28486390943
37571.64873243912
39809.836684347734
37399.620018199086
37831.81030347421
38340.58025181283
38695.409586701106
38623.91374467444
40334.578906261195
37476.71583371797
42431.099013077444
38490.795227160146
38458.69831593238
51648.966641572544
37986.74856493091
39311.18445480009
37840.248167880294
38544.579063923775
37710.46789150741
38415.20199764806
37208.36199555277
37422.46040302388
37945.14507739697
37737.76087450455
38774.49352603896
38448.35794057899
37942.57984185045
38878.24228229852
38819.393857471536
38060.76141702804
38459.66423029242
38339.85535261047
37781.89088129653
38267.37619169809
37270.45865916874
37705.48549102148
40312.823714916645
38075.292947597016
38792.094890528446
38364.230935817635
37984.145287797954
38731.406192660914
37967.00424614342
45610.859087428114
37678.888848124276
46582.584851699474
38393.61828989646
37329.34962164123
38070.41558474044
38339.20667442553
37739.754140848636
46590.34170261545
38472.24071279349
39296.878406569034
47478.82601050446
37957.86484639305
38049.5049270465
38541.0769051749
37356.11436774528
38643.613642294644
37701.24367993453
37622.1411982132
49755.818563411434
38722.70147689326
49825.225408442166
38047.55248317087
38192.592619828785
38196.987170378285
38394.6456553297
38510.890486690376
37849.823201269406
38297.78255072114
38605.93550256989
37668.07370935918
38080.66899946868
38087.28069554039
37443.29814666252
51029.912818363395
38944.31276567964
38824.31514718106
38242.51897983908
51213.02112887795
average revenue:39224.990267651796
possibility:0.036