37434.45646440377
38028.7439877509
37520.77090944555
38765.38934095012
37580.99501275728
38112.58280473401
38744.77065381943
37909.134003597224
37960.157604561835
38274.58473453604
38282.930032564094
37644.4682086251
38045.42909316034
37668.884131358565
37856.12733581371
37808.26902832275
37915.12516721148
38016.74948464914
38447.982627588615
37617.30639269054
37836.38923939184
38411.03600731975
37861.59207585579
37642.38650822378
37795.18799011856
38546.962767350116
37925.02091494943
40952.328866955606
38319.22848488813
37843.081250379815
37815.17833359985
37649.99581753168
37923.86099577111
43719.943625203116
38276.727551181924
37222.42904799895
43618.44786570089
37964.91854404702
37864.20822466004
38856.96692805214
37792.98028332571
37719.12187480643
38298.582869856655
38035.23679382741
37434.3388311672
38118.72073234824
37697.93246606633
37964.21862833509
37441.083852669384
37726.718751281915
37642.57869489413
37929.958466599775
37948.415035406804
38628.49317320288
37724.05836103297
37916.51461787934
38018.06165204279
37991.93926537283
37136.43356508729
37511.99652354543
37972.62168649206
40911.56119047381
37838.757376707894
37522.82870737293
38348.523768102394
38124.78593323173
38417.9399807681
38666.30921699291
38015.66342859079
37710.56419880665
38209.39447218558
39764.20671568633
37594.82594817741
38462.017271117074
38302.08439532369
37736.960162774456
37965.843523944044
37980.979156137626
38616.91497110197
38728.09736271791
37960.51665049119
37903.55699461151
38440.16188555802
37729.55461151391
37901.322720330725
37656.16219024477
38245.336605465855
40703.21395754047
38142.49088325131
39446.56489547248
38072.11884361833
37984.50847872877
38861.82175626217
37942.48962616968
38597.905356740725
37196.04548258388
38041.30451509258
38087.03477108601
37808.60769471039
38944.0684977225
38396.44885798918
37941.364317935855
37727.44402235045
37953.02705680108
37537.931030777734
38086.28026792822
37262.06927095716
38043.17053447968
37665.607299797426
41390.078029092416
37634.29593608283
37689.259910425775
37651.969563884166
38103.95446947491
38081.923864566874
37953.1679765278
37492.94960631561
37769.014328157
37768.11766250614
40838.18412400445
37628.10100945216
37929.94445285909
37976.72129647183
38221.20332416222
38288.618534326124
38072.985711379064
37573.30667865469
37831.70175586728
37901.766333572945
38501.90299148864
38309.96781253381
37570.35914337185
38371.759947941944
39784.24905659187
37613.14722324591
37693.17860279105
38045.50954999634
38510.286107006694
37571.09166968112
37932.970413835574
38154.701510656334
37662.70028779639
37872.727800314795
37724.06326808541
37393.2130441057
38917.02708537961
37524.34903360356
43052.01359847935
38041.33213228721
37014.12420013583
37494.998950103036
42978.67071972017
37955.969998855704
38103.63968778354
37700.856528732635
37769.80416343385
37647.52931745062
38215.888581236955
37545.956896912154
37367.228573341694
37685.182435358125
38166.15209266904
37837.04927525221
37134.29164661829
38384.0588528672
37622.12934889714
37464.30025296654
38051.37927984186
38192.750176134105
37967.932639348764
37440.37830150962
37233.10163751013
38378.581459393645
37763.96475736958
37169.76516635055
37267.030462566
37554.20661504185
37932.54055786681
38586.760082082
38151.75260891865
37853.22625287611
37543.77809239228
37714.42276693401
37956.87078117124
40176.76068749213
37832.48236416494
37866.83406285629
37699.06820451062
38163.90104760983
38568.60596947074
38306.17079201583
37910.594629566665
38021.88137996602
37817.85831995804
38229.174535229075
37706.014196452445
37744.386397699185
37293.36370589572
37839.21768489314
38188.50103992783
41282.37012722258
37799.536963581144
38164.96055542231
43633.30045135983
37647.89329110982
38244.44958303301
38432.358369146204
37961.99648986315
37805.348813160934
37693.091195296554
37786.957657334766
38419.89812525014
37596.50204964526
38441.73739533294
37859.69342288268
38456.0681868377
39782.5880655275
37838.07417953961
37579.251813790535
37858.4400565096
37881.54798579742
37870.72119407372
37965.74829426703
37493.647756307146
37706.59389314113
37995.464946793174
37633.92995045634
43211.50485486332
37702.88609031951
37769.39006565489
38560.03251175611
38195.19286691613
37676.11886350258
37969.56006088559
37788.580910234494
38321.05853201782
38830.667267341574
37377.819410884666
38788.84260813012
39261.2765147102
38229.55975982855
38299.53259688014
37575.579556702134
37888.89249153702
37409.61066955577
38298.22170409421
37493.47085228306
38281.32634201144
37558.501275011666
38085.71687100889
37583.641859216434
38324.35757982476
37884.15664659136
38426.623247023796
38349.20879583849
41995.642868447925
37497.41777075112
37607.50317496673
37766.07701452762
37488.798067237134
38401.530838080485
37860.82018679756
37923.18637914883
38386.54313088303
38442.199691843925
38036.28175216272
37749.81909392928
38349.26730689567
38337.26040828129
37560.53421358076
37433.892769412414
38390.396706004634
38378.13864799823
38728.922356496
37712.222340370565
38610.90032150436
38135.26453684123
37887.28646256994
37596.29798773247
37675.1768984276
38645.217559271776
38155.34392668466
37473.179047209465
38116.30829267441
37777.27445646692
38099.03511167941
37998.03938690573
38320.05585520041
37967.97851511335
38984.56723728869
38604.927013940694
37481.06969682485
38850.98758477587
37660.0381182427
37159.00359723452
37926.210585477
38121.34642757257
38602.63841623943
38693.218943473425
37475.704370627485
37995.479682462
37632.3140065685
37537.03506032854
38393.04797879703
37949.2592950435
38879.21466167662
37975.90257825342
38204.168399172406
37963.90612554225
38406.83572055493
38625.25398031991
38124.688615342384
37485.30312261349
37628.909708086285
38495.33656929134
37704.82570162159
37347.49439381183
39796.85307113269
37473.99056706964
38280.64640205311
38523.66138619529
37881.10022773774
37976.821837748445
37940.03283833772
37971.180564602095
38863.871360942176
37615.4747466757
37899.7536242658
38033.819513946735
38902.75227999721
41855.30846597793
38509.15736728784
38172.88798634687
38724.56804145129
38275.88224828412
38074.82563619552
38183.868270999745
37983.4015382862
38392.623288457806
38756.10981938966
37480.44532801074
37506.65244150956
37184.57940948769
38330.08016903095
38074.648921756736
37633.97198805792
37611.14006277472
38057.594203397006
37742.63259760662
37723.183630325344
38583.65452227733
38214.572500276234
37851.87127997036
37823.541817864556
37900.938454771574
37544.940429698094
37734.59554494167
37092.11258080745
37122.316223715774
37927.18093094097
37959.4863741869
37978.47209038681
38457.21787069966
37760.740880530415
41832.93441027944
37761.05778077002
38563.98700975432
37924.9609482854
37905.03299600551
37789.921926856696
38008.23859020218
37963.82791910156
41131.7407645704
37768.103851777334
37403.205987642126
37578.68936490397
38556.76810832294
38043.74598595289
37778.38294551828
37545.10046920376
37746.283498410965
37833.231818915985
38316.17144404741
38091.51021295937
38216.74251550332
37802.4216449349
37955.74502013972
37946.097558775844
43295.165896402934
38004.51606562539
37748.910024782264
38199.67456541049
38530.97876058392
38176.61045449098
38062.367663903155
37819.84071214938
38662.819315427754
38801.953553679676
38209.47980888992
37853.349652903285
37959.4763431191
38077.0737638548
37783.46729310336
38563.30306160935
38024.044520150004
38049.27042755366
37509.57620155967
38673.2171181657
37450.39295560176
40141.825816129276
37949.263931442656
38703.997073354345
37879.43117728341
38163.26354925942
42666.13356561183
39067.26532682848
37798.49812510783
37506.556811739625
38291.142144724894
37658.80087379941
38223.31120933861
38538.44405519118
37702.488910126835
37828.1230290008
38063.47863162025
37321.682338550185
38261.07975347924
37693.75534498457
38219.8174179204
37930.81987569344
42008.19183007827
37424.83705169465
37494.14092633185
37486.60033274399
38488.9491496804
37844.374082565
37999.064904650426
37729.14839085351
38254.475343891165
37900.222604190225
37478.70851786002
37806.858070838935
37723.171658669635
37526.1345593239
37935.03324480887
37747.233379717305
38271.13314070284
37597.066033270225
37567.69912343074
37803.3769548064
42326.48784620614
37396.663789346494
38686.60870595613
37606.58617813745
38248.743484617284
37607.7466730307
37787.261414518514
37778.674844144414
37956.058072465305
38077.51110108355
38470.77802495112
38227.629895994316
37563.1614205758
38208.86457105036
38366.568271321536
37906.177351385035
38251.479719331284
38549.31543953111
38051.900031135556
38310.37034019347
37877.0643801925
37394.27964976863
37841.770950572354
38320.1884656995
37900.62682274253
37962.34387411118
37449.30135719305
37703.8965600309
37863.735473175
37534.97796149122
37962.24745159148
37554.45852740632
38058.72175159525
42956.202740904184
37924.64803630589
38425.82706926656
37282.928606203204
37740.04463240411
39234.97342635829
37537.643278845906
37250.1920031208
37866.28791540444
37830.87832923345
38098.41137362657
38457.47161378724
37714.85823044301
37677.37072747243
38293.87034719685
38389.0733587782
41012.40484734147
37643.931786724985
37699.36847041111
37687.8854769878
37700.326750656364
37533.9605285698
38179.93607436988
37883.905088597036
37948.650601345376
38607.03065328858
37758.94990747169
40768.037479571605
37878.024664811725
37934.39664682769
37765.84027525302
38144.86763432614
37426.148848467186
37928.94937205525
41308.51648861452
37829.86663101544
37913.03264868469
37689.89862138876
38276.117835837955
38133.57978816756
38474.73842443906
40565.76043420505
38457.61811918452
37576.511845170186
38090.04927038077
37503.20854367195
37645.54940719718
38474.29477476068
38025.402254183056
38025.147275849245
37788.25190836484
37308.31394572526
37963.25556751615
37680.275841976225
38409.857369927624
43042.24600573138
37888.91025298479
38287.94910578243
37945.08796998222
37784.82295568484
38088.3436283822
38266.2402288057
38047.20506772963
38100.906505886196
37627.64521924145
37597.864526921985
37778.82485279693
37495.01725171983
37829.21839079809
42216.21476036943
38402.96702255335
38011.29756585342
42832.07874270256
42906.011671588705
38133.673370672754
37634.12346911271
38288.356913879434
37544.57960111807
37248.01203058452
38299.856226940145
38011.52661661047
38583.4820265125
37433.675845257174
38430.65103409733
37740.9851938582
37985.12856920723
37708.95297030574
38575.29602154382
42801.10285977267
38308.01357532757
38849.83805749782
38398.90976344871
37803.11567707338
37878.029853111206
38467.7995527035
37868.77055511731
38142.53591549925
37757.40861555307
38060.021487096
38756.81850455606
37671.6849766434
37633.13526618289
38009.89434714923
37356.419918816515
43620.55346806962
37834.37665527145
37949.28307081033
38777.22096407608
38352.111189794894
38140.248896488665
42672.585896819204
38805.48850648804
37899.2936457678
37688.45765856559
38276.30555851057
37877.0037790325
39452.11771162917
37690.874720382126
38205.72629308967
37963.37934759812
37625.93808211285
38105.812086863705
37774.29874857848
42916.5860234171
37753.85717448187
38082.45123344652
37423.917979909784
37954.09660671071
38329.30475421003
38245.651930127904
37811.3431557168
40453.84699851272
37772.903110389365
38468.52793011744
38368.74408684423
38114.724084320915
38040.315938214684
37783.722557197754
42981.16382268391
37515.2822403868
38761.426575102094
37686.53492543824
37824.195476499466
37825.16480849734
43236.07834171628
37896.87763443485
38459.25397850468
37765.04465204502
38058.082641399466
37814.638772127546
38733.75564620064
37654.091690416666
37794.709047087024
38229.492706729405
38253.17972608211
37622.008081807806
37467.50598389104
37947.62570955106
38058.508897807056
38521.50680051711
37644.38082612036
37231.99517256079
37745.90688158849
38222.28837164518
37750.63217121746
37690.153025654254
38414.43097438213
38220.889122393615
37927.51024391154
37557.34364700933
37868.29834591383
37754.53545679784
37700.61366133548
37475.68307087162
37397.61185691836
38001.06482331932
38209.95916275232
38364.852997286995
38193.43073030876
37895.02971991587
37443.455587303186
37786.286985777144
37656.24761648576
37660.82254869058
37133.658969563556
37814.83085044854
37488.20926164118
37620.1507226267
37965.154123107364
37419.57608768668
37939.859666435375
37985.20373424438
37750.14806800682
38563.907310382136
37878.02876406607
37886.059179352225
40287.41661093
38057.51261797478
37872.42710451906
37706.900075512465
37560.544065155715
37856.49860103216
39071.35614600586
38224.66826896446
38062.00824528238
37817.13663959425
38323.73433445474
40553.48556235365
38526.08648717039
38564.998571762284
38603.22185530719
38686.84320195086
37783.075191578064
37379.3402480172
38475.07421555892
38248.12444075151
38099.382145188734
38156.43624357396
41559.46975995407
38000.783750063914
37692.57686538899
38173.26406765677
37894.639115012986
37934.28579982707
38191.64537885539
37991.44239841493
39156.09378973647
38543.43138125075
37712.1283647077
38283.5513107558
40013.407720591
37876.865500234366
37446.343186387174
38631.74942539809
38052.359587186715
37858.46386774168
37580.99338161755
37556.67704225912
38281.63590957789
37776.13925373203
37756.60653220287
38426.618293017644
37979.42135880035
37925.722673211
37955.78657203111
37631.88296915053
38324.66977480162
37763.497922961
42426.34565898482
42654.34358761648
37665.458319986916
38185.219950282124
37874.70212230964
38136.09111127107
38437.82135884986
38126.42416693701
38482.629150674155
38155.763721147785
43146.767288026276
37924.528007870715
38161.45230216613
38048.61825178952
38947.1501048122
37865.094975028245
38021.08147260262
37959.60668989862
37900.236598348274
38744.6732946635
38187.3104628316
38791.26492913214
37957.35574633682
37592.564848826325
38233.92046914246
38150.48436204643
37877.7794218689
37603.417044238835
37763.31024666194
37359.90991081755
38276.75872955042
38162.97411955186
39098.1632344198
37375.23253184416
37981.461324399104
38189.01754466708
37862.61090601258
38165.36652383711
38101.916915571936
38052.150523977674
38058.18684996401
37793.79047997803
37828.6165235749
37234.93302561229
37739.39844970594
42572.57040505825
37966.9019191758
37621.752870039294
37183.19164533035
38257.033733451106
37649.3782137144
37841.589119073564
43284.21506613367
37846.46757081636
40218.529611396
38275.51524985662
39623.750769326674
37431.48010663059
38339.16051974192
37783.47035024479
37870.624805492516
38202.030492772625
38413.84047328858
38102.098886487605
37923.573673466955
37930.54151631318
37844.53616979626
38162.34645937105
37513.520864091945
42327.107254368944
37840.04540811625
38232.03293034047
37626.44126211622
39118.47908237483
38443.51857238456
37686.62330806043
38142.31743029294
42100.061038934655
37624.14955380265
37956.298815856615
38129.34369128773
37850.98686453082
37466.748823376394
42888.40447163514
37643.55285305283
38290.68852395391
37367.81149572139
37967.08002183037
37901.51793486324
38250.48634095439
38119.6843148451
38028.73950514811
37890.41836988852
38374.41734361764
38820.839289013165
37277.210697289804
37508.754307402836
38475.27696803363
38609.84509665712
37247.4139332585
37956.919736349875
37660.59429286435
40656.08312374188
38081.00122936421
37559.846560223836
37661.61218658127
37800.993008632904
39981.60580605442
38191.860132147995
38020.433029398904
37957.81647573243
37419.373581240216
38780.73072238334
38574.38999262351
37859.96724157774
37322.50748473692
38473.10241603257
40504.41545372017
38244.2807092891
38331.01367566998
38053.62365339849
38143.47073845363
37890.85417118606
38390.23429886658
37451.247383654714
38171.571979774766
40275.65396315321
38807.93948002947
37881.32559399644
37725.9929018016
38109.57664932833
39190.748786813565
37728.846400165814
37904.49802753991
40910.75324015134
38207.89742776582
38511.14124204555
42341.92389933318
37613.637175549746
37812.463453680146
38482.043369207684
38227.32229402124
42428.93775537138
37994.039504999455
37806.851553573964
37823.43886977036
38120.203053516896
38082.845242872434
40023.080482339734
37938.135738001714
38048.42908027758
37281.11073666776
38062.755875499264
38206.02899996508
37790.93406496994
37846.748034726865
37805.23649663349
39085.45458263595
37963.69627266044
38520.14333865181
38575.041241759405
37775.73728043424
41129.00014526633
37575.24990673027
38028.61241483718
37739.927239755336
37440.795689160324
37806.71334729366
39341.40560212885
42784.9916894787
43578.272408054494
38078.780680552576
38427.936396588215
37910.43885880275
37471.84993480248
38370.246717983675
37576.70573637712
38451.15172193895
39000.370766176035
37527.2034016448
38002.724973891636
37864.314238400744
37808.06866554756
37826.41941871937
37994.54719956127
38308.632666526064
38977.219360240655
37952.312688410915
38114.76742066859
37502.31322706353
38052.430556472245
37983.60051325774
38342.715091068174
38405.71814872527
38199.80494344805
38081.178173238906
39777.57302358477
43711.609415426356
38292.106923926505
38071.84316603167
37682.535376596185
38008.160971420504
38003.71729955385
38279.08681732947
38551.197485081306
38140.58188307993
38383.006961458064
37835.301099732475
37367.24613252762
38149.380385647084
37752.404734862015
37961.75904558979
38507.60767791725
37629.772108333076
38130.75905637256
37669.87681979064
37915.8519825591
37273.861569289846
41656.71732351326
37987.93106680283
37902.916695244916
37867.1607807968
43384.17556068352
38499.6258301303
38326.25162920173
38411.38945663415
38234.05699667344
37832.750067722605
37869.89623598088
37286.00529677591
37784.24769277099
37699.8108796935
37261.23400446924
37432.50344735416
39771.41488286642
38133.65833943058
38131.82370727934
42049.63071192455
37418.6446548169
38246.92772343729
38559.86041015938
37244.42621852566
37797.702900242904
37635.271744287864
38474.33131307452
37940.025988374204
38445.92657595797
38037.208119668714
38514.11052067506
37822.9079040662
37949.05974495301
37806.21162059796
37796.76638323238
37532.71013663226
37126.6431412602
37723.36396809762
38095.60347509254
38020.36330028592
37718.285639524394
38154.461990949
39580.871079091085
38589.43960776735
38300.165152591144
38415.546912659825
38440.477788340446
38278.0898087997
38163.74522759852
38183.51899696299
37809.45084365646
average revenue:38260.82088299896
possibility:0.037