37749.14235355559
39110.88532435572
37773.58830398693
37711.78806344972
37991.17596650157
38701.52051513045
38330.49643531883
37987.32617401026
38596.43062295962
38566.247430990916
37317.888061701735
37646.89854026079
38726.48098206657
37993.7153595563
38111.23981218339
37760.92250420112
37456.71994542006
37770.03948511254
43944.576245521734
38138.398181133045
37393.570248653625
37497.50274290286
39226.85745257038
38990.74806886799
38228.61045401122
38216.33980737444
38434.6963689051
37920.88840069936
37841.42903809836
37724.434991207454
37617.311375354686
38729.71644380915
38453.27505401634
38091.21900620513
37987.82333796439
38798.86930187708
38029.18549971593
41839.66156727394
38381.491443930616
39522.105209356836
37662.21938858215
38141.73115687904
37935.30603087652
37937.3122174325
38130.09855292915
38278.4670570244
37767.10070795073
37525.27572837025
44436.061392857104
37432.54407507135
38822.90909562505
37920.095207547005
37693.18418887621
41419.411548871416
37922.58724409809
38383.53699920584
37792.17589871713
42344.82081379414
37755.15984824094
40119.212237243984
38917.73896728691
37917.375380802805
42414.96142537169
39035.33842445008
38202.40343093643
37774.32054688319
38322.080068632815
37724.04314760092
44888.44000945736
37729.22378243599
38183.58668207259
38107.96571447054
38080.935538890924
37564.90552351563
38213.46877387011
37953.186643751054
38885.33927763966
38133.276399182636
37423.66472896835
38169.227267230934
37759.03261740618
39194.88971544638
44470.85934013836
37854.552162189844
38142.096856089374
38085.56624903717
48582.036862190784
37897.80622055566
37939.18469577675
37853.68302643618
38073.93202056408
37743.734257824224
37870.91791379459
42468.13982269385
38305.10096897565
38695.44879718885
37664.39638264459
37892.861932117696
38121.61575234525
38736.05474041574
38547.14697927008
38628.0419585332
37498.622850521
38184.51341211932
37886.283970450706
37444.842725546856
39252.679058980146
38074.842781926876
38801.709118845516
38261.32454741712
43709.59384729937
37602.541082079624
38260.18837402972
37801.14126423611
38459.13724030577
37643.66846994621
38315.76267671743
42227.991954389094
40141.38559522912
38598.34118319064
38414.80693950149
38340.001709347845
37988.80533521373
38900.29363552456
37740.5870548078
38792.559765623344
37895.55815206453
37683.88235061212
38138.076309250966
37565.89564245927
37842.34038068271
38214.9487649177
38688.164929780716
47355.32349802716
43751.91030758522
38155.94920632157
38888.80621662396
37619.57363967054
38452.77253527242
38000.55162105001
38602.27431143706
38984.81160090548
47018.26127339235
38010.04029878084
38049.18053546778
37250.86857167136
37802.27511428083
38750.31347380542
37616.05129912276
44024.430060677805
37828.12948176373
38249.039186600006
38521.71446003714
38320.925641723465
38179.38245468244
38695.71567049516
38356.84523349382
38419.88789657224
38421.6306701446
38119.99673766629
37913.33222969939
38338.263424978875
37646.96494359411
37995.57865190167
38175.50785266192
37869.75501066772
37828.5555754483
37854.32719009497
38172.70453452046
40975.423947696276
37958.34922235228
37462.94417688048
37858.66437904546
38242.21624648852
38482.78283872047
38168.277754441115
39095.588982822395
37942.448611582586
38011.52987606747
39147.46195522321
37554.16663780773
38328.9696494713
37573.846175257
37761.85803503528
38921.858331950636
38362.53835390645
37534.867986099074
38434.674099448086
37518.009826393165
37663.71398299801
38727.72933078013
37604.6252137988
45932.51667606933
38837.43492098577
37988.90439339394
39178.75520207568
37881.13973094051
37535.820558697735
38983.74377528903
38207.005808210546
38186.83756264964
37804.577073863664
38285.39402333378
37981.96186960035
38397.54867195503
38452.84147082253
38493.47692965769
38144.46560743838
37526.909050760434
38369.76501637649
43390.42232019661
38508.41210651959
38288.155362266894
37386.3841642183
37999.68023469515
37976.8496003655
37788.322313811026
38307.5021592007
37982.01201649093
45508.33915682006
37966.73042836303
37087.840371218415
38016.737337695624
38570.35932077931
37838.04604080898
37892.36287163803
37919.71824303417
38319.45746506803
38827.17390934955
38435.10145113214
38463.646695647774
37315.059330077434
38740.79293371238
38803.26041614426
46534.610993645256
37619.5199293616
37412.2945152695
38312.39195102548
38317.750396726646
44760.30162075788
38160.715248082364
38370.38166733794
37653.69128319627
38459.229184743126
37432.37898756328
38415.40057278228
38779.577605214276
37767.58315503841
37818.563279422175
38109.65564520668
37608.68463794066
37408.271161226294
37762.125192408756
37822.744877566576
38472.69285323587
37378.02391598082
38675.3621007524
44161.49592208745
37844.05544557625
37006.38098211973
37781.69786870422
38222.68628760197
37617.07825703291
38137.85697011458
37845.552733346776
37764.45955305295
37841.26365771629
37536.69867288195
38041.50438238349
38224.40528701448
38404.594914575224
37994.69582907671
37802.47546518252
38251.11478271115
48407.051811860154
37792.5019263074
37844.37940571507
38203.417908488096
37736.170650251275
38237.512143100495
38202.823645903976
38016.876444467525
38421.78152139655
38257.42730083075
37931.26992453228
37379.94460279114
38153.26096039992
39042.09356888835
46548.6592010191
37323.93637961234
38630.82354951146
42678.890662616875
38194.6720146495
38603.045617549426
39227.64190563095
44819.734090214515
38034.180319158935
38597.27515872147
37469.94231088835
37886.55368222569
38145.277746147585
38214.25811030016
38132.72528599508
37664.25996989022
41931.48444092059
37845.69224133865
37930.415251835824
38571.847880972964
38924.49096548912
41254.677714115554
39494.77893153337
38160.29180966155
38733.91274236566
38656.694129814416
37819.331265265224
46563.7181354806
41338.822010658994
38481.023366766414
37959.426672397974
38089.393751174706
37893.9217200209
38370.362766847335
37439.74367633456
37714.214639105056
38230.065986217625
38791.72767064692
37916.714855269005
46686.75155888076
47377.70210131038
37523.093393296156
37923.605645379634
48356.019588697905
38162.76342802706
37707.214832781174
37625.26980538115
38117.6844756056
40291.48904581516
37814.759288858826
38466.99533669654
37564.23304391157
38753.51612561505
37338.51111720139
37609.61848588783
38442.01437072213
38846.57117794109
37742.9902390524
37482.47212121269
38647.733686296495
37793.47844303244
38358.32709859556
37863.31424217254
38945.26374210804
38933.812365935104
37994.79287840093
37877.74349887879
38778.45115950452
39324.919350793454
38330.99743779866
37946.56552000909
38476.15219392601
37952.96678870873
37911.414268079425
37907.359972800594
37611.725762588336
43158.84745493819
38586.95470708623
37584.02343073966
39640.88712651708
37181.09098598364
38163.7028302522
38109.52263857028
38424.41734304237
38333.815868016936
46474.603847975224
38205.89265679283
38387.22797460132
37673.8323833188
37810.04216857349
37888.99987232615
38990.42443789086
37723.15110584188
38943.054795094875
37719.76840366153
38897.99067394701
38553.58095293526
38316.33784245649
38182.89251318759
44387.073494711636
37974.978449901915
37887.94617847242
37913.430996517964
37870.93408618752
39151.393485599314
46078.53533354565
37433.646074839045
37737.850906248386
37662.606956118354
37722.899577586046
37540.63856466612
38186.31124026386
38022.46906250222
37635.99024434742
38674.21981891961
47956.332030629186
37742.336740106926
38370.11360862621
37941.93294672062
37941.75910857373
38410.84999852185
38093.340377540706
37939.892480750925
42594.94024115037
37802.24224994732
37780.52118668577
38767.93133055931
37661.49240831356
37542.945620348655
46613.02057186057
38427.14308192992
38631.24520711313
37814.90387670509
39113.36100781871
37998.761793267266
38683.17661494326
37832.87257842024
38194.289254045245
38055.94352177848
39080.9528673101
37925.64842854231
39864.77256105359
38138.05648003575
38075.79957108979
38085.76122448586
37828.193857366445
38207.99122184175
38576.139275743924
37805.61428834443
38609.73156039826
37978.82970886054
38533.34864473285
38538.662053005035
38755.97892104456
47929.652591033075
38994.85975694237
44578.243065403985
47790.29969341627
38299.54389269894
38476.34571102425
38225.551424387115
37684.506607923904
38088.87875470883
38089.46700479518
37879.8924797004
39346.93477534723
39908.60269602888
38779.56703503434
39279.91645810712
38471.88285338343
37947.34364192005
38710.95967065112
37720.51892166951
38752.752100758466
37582.86110715425
38254.65751950091
39388.80027702669
42316.22210604511
37400.20772256281
38561.151614314746
37681.51957933258
37767.18727214483
37817.11383044188
37956.72647733717
38163.243817771494
39190.71279304274
37842.4508282062
37912.44548754347
37744.20797762283
37478.644496984896
46000.71969942617
37857.90030934087
38540.13894517297
37932.488383709824
38674.02849870649
38017.96049044761
37980.281581069125
38150.21655040442
38207.058337714145
37675.82061149172
37301.468107274275
38415.169913721285
37738.668576478616
38149.004217753376
37834.76443308726
39509.69108479998
38142.27136533708
47517.529324352894
37712.54594715121
37521.38373703306
37812.75462445643
37288.70678072354
38435.8109223066
37561.65705777378
38827.00496733295
38279.97583779228
38288.19940116336
38294.16913385861
38427.201916870305
37891.45717620016
39979.168424839736
39004.321135034785
39043.119193047474
37825.70484304338
37634.37428886494
38115.84082231556
38248.15746385363
38523.18249305551
37911.29592763405
37660.471587140986
37128.87725084591
38249.249879713396
38979.75248756751
38623.92179370736
48144.468044460205
37892.15978211016
37513.85421163887
37507.77821295012
38004.4717509006
38877.981002925495
37888.49769894768
38172.32472100684
37816.68764410282
37730.8460701465
38754.56796644772
38225.9612153257
37370.88203955974
37377.80070666792
38160.882952617205
45994.84858881669
37731.4465051744
37652.27562686173
46078.20576031775
37732.10629005208
38115.346559618
38267.91522360951
37400.559906357754
37757.50218976576
37732.21118541297
38368.266255933566
38078.846976120214
38006.67187896357
37526.701342963366
38789.70627619039
42108.507604231396
38030.1943339299
38043.402718155325
37740.73621727769
45831.670337083415
38228.39305586568
38015.51959274151
42760.786153921516
37639.80134111267
37890.470642654924
37826.36442541139
37811.454099974726
37624.27049772429
37753.8639476928
37691.311492231216
38715.77655020698
37715.32414039306
38289.49771371485
38082.31010579876
38207.106802783266
38545.96632430251
45088.67866562036
38543.80473652126
38145.93809971453
37350.103321690185
38372.6733478385
37570.42900142133
40885.72097372509
37907.46991379582
38508.17692260877
41287.13876500011
38295.31009861985
38155.217267244676
38357.67228967071
46319.63614714632
44590.7248285898
38141.91585844651
47635.234307985236
37341.81448908612
42425.42524640408
38747.040459564705
37719.36294046789
38587.03886332286
46794.766449339644
38309.78358875801
38962.16241943169
37242.06540920499
37773.91636951759
46679.49398134849
37705.454713719315
37953.21643836902
38347.05675442783
38456.80416482065
38207.689132448795
37878.55886476467
37852.63368429612
37579.17904137914
37813.2908667918
38016.187856275705
44283.09045535548
37762.96954843897
38237.190019640315
38179.36901316407
37521.66443261724
38012.98767513109
37601.22494958825
38463.53399333612
38299.45370582541
38272.357610910905
38117.38522740004
38165.4858618404
39117.999551112785
37947.909985795326
38269.48046032449
44577.551191548395
38363.511720983886
41844.94456766947
37891.873145852536
37675.242942272394
39698.87581131459
39672.45644408133
43016.39648245565
38541.481222177914
38155.130659312956
44826.865108618396
46370.33079919258
37387.19330313536
38788.55830728156
37950.774269166744
38721.148100785664
37942.51279564007
38134.91391128194
40983.0445086005
37497.699416355084
37881.34272738024
38236.96852783738
38455.29477951665
42710.492604705854
37583.41183614526
37527.42016132276
44803.93492912842
38913.86392558464
39912.75939207942
38180.20830105531
38006.38405874847
42040.579120372626
37914.0608400726
38215.4183476437
44268.8571988013
37705.221138199355
38048.56521333864
38445.966238086236
37884.28777365284
37968.52201162042
37924.73214720051
38218.10588303736
38490.9638400396
37587.550941845184
38361.81675359047
37791.767823211245
44260.23029460141
38605.94053038082
38093.077419022935
38999.505996449574
38238.38531466766
40310.88058654008
37847.52750625825
38097.93398571952
38918.39508464014
38171.890989063715
38411.577584896724
38252.77529824777
38360.65855434301
37740.17589698568
38768.66265042171
38079.567616307286
37360.98642466044
37572.57128342593
37206.752190975385
38425.474342588
38695.574753214
37498.93097814449
37702.84416884796
38336.03115849161
38531.01493851861
38308.304726432056
39705.67849980811
37827.709290856474
38627.56257634653
38232.37199014451
38622.514375239996
37380.119371184956
38524.421497966345
38412.33884576504
37956.57136613143
39093.960592121664
37535.957298572874
38616.6491305241
37309.065837613205
37841.882698067464
39665.21446403623
37981.04045806447
37632.95092025656
37641.31029391606
37685.47353655619
38182.822473144064
37763.5482593067
39302.7622513765
37758.42905246701
37350.304036693014
37699.62324630314
38367.30785004364
38145.43351769316
37959.63874564636
37607.92655881161
38463.32036684692
38307.634979440925
38204.240171746875
41986.99043532426
37779.86886903696
38487.323316480084
38195.53037850621
38626.41960397239
38250.931348534556
38210.79151579214
38376.349771655514
38530.707092048135
39413.973379206924
38343.082917116895
37522.44351442574
43106.27404744082
38506.3445334961
38012.89401576032
37656.18257016422
37631.86082186176
45740.274230996765
38866.43048822952
37604.46184903945
42934.66082654802
37636.86200896762
37890.99377312197
38252.69874300521
38034.291004245766
39187.24657847744
38675.54520628241
38394.78779222549
41967.400790366446
37495.98599691951
38070.14738678836
37318.85475323851
38089.71182571466
37619.611340591626
38545.98431360188
37866.90393470336
37796.20319313933
37493.865891969916
42808.601353766666
38633.485931872594
38045.402704914624
38455.58073813808
37434.92656826217
37993.141104141985
43943.97083638264
39031.40495046153
37636.67954435447
37947.05849575666
39196.08228849724
39128.789775307814
38404.64880026842
38180.540475081965
37923.57267523386
37859.142960098405
44697.31082408767
38088.21833392327
37855.74605423604
39003.55921944052
37863.3577748893
38521.257575535106
39920.960461611765
37950.50350522429
38454.56270850111
38184.67684996822
38816.93028897758
37852.74099726597
48135.92774826641
39422.34504195452
48020.54216877663
37448.738140915266
38312.58868031486
38278.80123686682
38712.12797053426
43356.25871527213
37573.373637627505
38219.143126455034
38114.00990501478
38120.42107012643
38020.09493397054
37834.73154542694
37739.475235071135
37747.25507257862
38136.6575229637
37779.469139805886
43890.80116410186
38370.26010505215
38510.34327196153
37945.229749912825
37461.62337420822
38390.36534116341
38715.70573360417
38057.77977556219
37840.947642050545
38201.911525642085
37812.215999645865
38416.5707292542
37986.455156052805
38131.18431988435
38217.21016909918
38172.60449859432
38030.187706206496
39648.24412254719
37878.52048570014
37969.11407511664
37827.8827439307
38097.420960145566
37918.06567157433
37830.63876589529
37836.01287241032
48058.12674973467
38026.4305629388
37828.961742749896
37998.68364348525
37695.750101219164
38237.18491607846
47454.67075632877
38517.78870100964
37747.72847116359
38722.57929302811
37447.68676016115
38105.25863910469
37767.867242100234
37673.94177624177
38339.58011027157
38620.44726427555
37882.90401664742
37883.60609249495
39099.88456878938
38080.48644356612
38288.15566545087
37567.20932499329
38039.68411086184
37765.11614841328
39422.09108581051
38249.625900900384
37849.101809803135
38181.94486342664
38253.835302089574
38322.6047555831
38254.54086985299
43805.08948503993
37856.154268311824
37754.992854514785
37583.77894096
38325.43555380993
42116.072740288124
37517.99576417149
38341.81761732141
38139.842721420835
38702.265517029366
48534.69105304011
38024.19463053066
38633.454795731894
38046.078299967165
37681.86112510788
46466.24693780515
37453.1912710284
47155.89906894196
37765.54280703027
37847.97911975074
38086.07959472536
38077.95226282445
39146.034457767266
37701.43745714015
38126.564325709965
46536.423141282605
37370.1292817388
38243.11137454532
45072.34599279925
37915.740911170535
38015.461787696244
38081.01657571429
38081.57748291002
38203.6567787041
39310.11924222667
37428.58161357827
37708.581058358184
37485.6825656366
38097.98268675664
38059.9800676152
37486.77461713712
37864.34884844367
37484.085057890654
37384.129923863584
38135.771232020066
38135.99525634555
37640.96620920077
38147.618413816526
38256.641428286035
40961.685832900264
37459.67207025957
37762.45570197043
37438.75668830649
38625.47278377713
37534.248022071544
42803.360178131275
37624.364512939115
38629.86457003797
38400.4710485125
37999.046793305926
38532.774402765994
37648.494782066264
37830.84147198521
37690.12122096911
37859.9028684845
37776.81666275587
38608.74671841067
37503.667506702266
38044.47421227116
39189.30297159669
38814.449997666474
37712.934769001535
38344.82994797926
37981.53866187869
37877.61821134746
37972.026761276444
37866.101042070564
47518.966057835605
38110.10195818926
37864.69318853088
37670.84261686137
38252.319434488425
38065.551332058596
38824.19677406493
38056.22698467518
37835.814713060136
37772.90928745668
39031.172228252384
42757.88743959997
38258.82790972359
37808.24460804384
38181.49715008936
38092.1202841976
37621.10954059856
37696.326359116945
38428.72743215465
37679.57092831232
38760.11817353603
37388.70599257159
38358.496812174
38258.28608232977
37789.89309903118
37618.598238707666
38612.21870081624
38065.16575568704
38168.59024507305
38241.55253448816
39322.48538593804
43334.0649726609
41352.05268388622
38185.556053243374
39994.0598078036
38411.01542016834
37553.47116830843
37914.2262627675
37766.2564394054
38398.67675255725
38236.27077444658
38323.02115198104
39409.7131195947
37545.57012928921
37647.1147919494
37814.538888909905
39057.04225065479
45391.41322667398
47004.008205652266
37155.85466110249
37449.76536502529
37941.12695249993
37605.74750932251
average revenue:38810.91625698708
possibility:0.034