37402.109106629454
37815.62588378054
38116.26502747517
37912.07004578572
37356.27915780761
38411.221143676106
37780.093383883825
37783.78233928247
37929.80492215091
42045.306222567444
38103.69988868234
37321.218374858
37824.96452560548
37402.8325510339
37832.902293563646
37775.75700569261
37524.49548555829
37916.84594668338
37501.79652279877
37885.490409421924
37387.92742164352
37965.82007022813
37406.81330086408
37812.9112505101
38576.5048214744
37846.69117922609
38567.9081942973
38123.75344825985
37638.76335879082
37409.460208851735
38355.81853796009
37519.11119944228
37725.78050761803
38020.963640027476
38323.78003152107
37848.0692259211
37918.65617574149
37068.44152398095
39275.72048283165
37787.3862982227
37545.6310549822
38422.45488057547
36944.30744544543
37354.06923539565
38060.16341793614
38107.72550135775
37887.97131056296
37767.0776992866
38061.45655601305
37656.42998390836
38827.41482851751
37692.050663870075
37722.700403871306
38231.248104746395
37713.165558337336
37816.33549866383
37326.85152339558
37935.31558867345
37755.568502218346
37914.71900539727
37696.06465016747
37586.38577874038
37592.54011250586
38437.05369428251
41861.452961737305
38286.38490531892
37587.464246516625
37640.30428919948
36998.27277473236
37832.46762448971
40167.06373886092
37898.84621718136
37693.15684109711
38140.477150799736
38499.15009039952
37539.05592201312
37508.99398458431
38349.09813162677
37598.57994447152
37529.474896565654
38783.79354732266
37863.93061167031
37474.05518769676
37840.476451432674
37609.55685929292
37232.428161797136
38234.08315771344
37414.7828959402
38275.79365324957
37620.28299390608
38235.50330029704
37948.12623930561
40763.050050634294
37631.85825120736
37159.62293166907
37753.20449217217
37854.741279955306
37928.28376905151
37743.1843150061
37456.99635848659
41554.46988720933
37856.684382063504
38009.90687778559
38829.13823846522
37623.95060269608
38193.7354137979
37458.674042798026
37185.395043181765
40431.10341308697
38970.2041574407
38195.71707973903
37653.7766695212
38079.877775905356
38234.8721879861
37726.51778543525
38567.66421578418
37499.94545587084
37892.83744988761
41152.51914062696
37675.739401934916
37820.1159156013
38275.84290857918
38036.54545266598
39401.95062395822
37670.90177305602
37842.93648241162
38275.877187190585
38222.731883308654
37968.92063204634
37414.29042543612
39172.921698410544
37795.45583212814
37929.29963749317
38139.750760858165
37922.65496785964
37620.95047103253
39430.56498871034
37968.9244872322
37474.935461125395
37960.384270004026
38439.96368841683
37757.230142170716
37690.35551824112
37917.95566812301
37662.17505464714
38114.41997737852
37923.50963874211
38069.886656549344
37411.68763825094
38184.30348104899
39211.339902775544
37528.03671740302
38251.21387743788
39953.75186544598
37835.74526191662
38408.638570698604
38153.28668059107
37618.28194791301
37503.84305384319
37519.67385477807
38224.186968331924
37502.11846048845
37958.188541738535
37761.9430077609
37211.564144686854
38628.64145566543
37656.26236990573
37390.306388752426
38076.45214264554
38173.98380233001
37736.19150354021
37869.20648468404
38383.05106523101
38214.458299434955
41138.56277682225
37761.78172949828
37488.249121742694
38040.26599568294
38111.34602999889
37557.8205190036
37407.34652105038
38063.85158458018
40981.774831795614
37546.45887773602
38272.238220747415
37657.07095611228
37682.718800409064
37503.419660161606
37643.024911158456
37701.81852172637
38325.90103191392
37852.668769681
38415.263667506675
37519.427006153164
37935.60181443795
38445.74540040542
38014.73027038252
37115.99819729857
37912.730360073736
37574.772677370034
38015.87020426444
37585.26986590879
38129.006745198734
37792.12488610076
37809.71095130706
38430.24612679677
38007.84571028846
37781.779540196905
38288.438184735736
37988.271618832616
37694.861999432505
38083.94661518993
39332.09114165193
38318.4429615853
41657.01491159233
37670.100083883735
38116.15999379158
37469.0037234377
37673.03356839588
37787.40163754641
37814.12336161375
37702.649156026666
37522.507309864435
37842.7180920412
37463.79425095725
37935.445593463686
38306.99567995107
38090.497523591526
37659.37287783762
37603.43157343587
37509.8905886547
41746.31152204494
38237.72445284768
37887.98031466721
37648.09692943246
37384.71322280482
37678.04392253449
38095.78828035987
37771.00767215544
38210.545877788194
38139.681801345905
38207.85731536397
38031.24064009577
38432.450345109864
37928.25891495616
38302.641641654416
37924.580627724565
37846.80834378184
37991.27100831534
37749.364252705396
38130.66407993242
38068.010304327254
37867.63291470011
37702.7232759488
37746.60464052793
37791.38082894852
41776.077633101464
38493.03185974382
37572.11730999116
38365.21487094875
37776.389317670415
38221.80536523931
37603.51353959304
39873.111159911976
37980.43661080559
37364.49044108621
37733.42945768531
37739.140663187805
37703.23537509171
37822.49226057196
38156.908832495224
38013.86916442797
41631.344799736755
37806.557944791726
38126.87326848125
37689.69280709212
38004.287521267965
37686.89450983622
38265.80952849719
37781.49615673127
38299.075164520065
37596.887990897914
37732.106945617896
37940.19890275403
37719.60991870487
37380.8957448097
37431.12537686144
41270.08526762882
40513.20905314236
37937.428631484756
37793.95332396621
40251.0475281849
37558.35957516633
37755.47124926534
41419.31472300862
38110.30074315416
37668.66083025684
37687.86586268323
37931.27654895285
37957.74168355934
37610.07520894663
37902.72277697441
38517.09790217386
37879.56083639635
37991.46538500452
37627.16342912058
38319.31945160022
38042.856821353555
37936.23805343576
37869.46219775563
38461.92980585801
37627.283518543234
38121.65870394505
38749.48199947035
38059.942485410014
37891.56829004739
37838.07049753674
37789.201847793825
37577.612520995746
37403.07161020989
38384.61253503336
39368.93716094687
38049.181779595274
38297.14424827457
38422.47839177433
38259.897226736975
37894.41098086308
37451.36136901838
38259.73650147835
37865.82589576859
38263.67035149937
37717.23535391299
37537.55167270462
37271.108257408196
36698.41430987033
37698.92177994337
38135.94904223485
37700.57333768025
38016.881586446834
38410.46604900243
37738.878269628716
38963.586326732286
37900.8897371408
38358.78611329946
37867.982837686206
38389.41214077658
38035.98845922055
37588.07426631972
38496.74241757415
37927.86218671282
37574.02897577597
38190.194770304806
38139.308020396806
37916.47028217607
37845.363532285744
37548.608441606644
37814.42620259009
38158.686904146045
37692.50420842649
37928.9234819677
37973.68579190568
37831.59426163252
38233.964392803195
38025.02962577378
40302.54508873221
39652.41348897696
37747.588339020105
37717.8005581481
37804.23458887783
38003.09830657681
38297.08795156403
41290.354456730136
37676.383704689164
38424.28138869437
37935.5604081788
37844.3159265298
37712.65291034944
37921.73903042884
38355.94460926427
37746.5823682131
42035.82956396217
38029.279157394136
38405.213998829095
38089.253487792186
37656.1777479027
38392.51070593495
37225.04822904212
38272.468308082505
38083.86376556227
40855.048531986875
37977.162685853546
38126.70052529852
37644.09833830668
37847.561903043075
38539.03177865609
38364.0881307144
37814.339659993995
37763.46713844124
41823.514178187244
38482.301566560054
37959.98657672389
38180.321955652806
37841.12842938183
37320.358900629704
37737.090123221984
37506.56993574543
37910.989640132844
38047.966037008904
36992.519810224185
37617.277179122815
38027.76029483687
37735.495374395665
37746.92477813606
39456.43430343742
37796.29938172737
38177.49144999777
37971.93283993079
41613.180631071315
36943.10588009935
38054.77026732912
37357.1763079208
37799.557367939
37576.54466057132
37183.94192199646
38028.289090481776
38322.089261915426
38619.570610257215
38193.82391182103
37933.4352491512
37252.77081432114
37940.740235798694
37885.85819436036
37869.95709885689
37978.37051707825
37895.7736524168
37713.48489991266
38375.637547192266
37658.949595531354
38221.73724482605
37864.969862800244
37915.961211838265
37504.48885427553
37579.98234579507
37674.549577235455
37914.31046228101
37594.414845408195
37806.97128625312
37558.948133675905
38384.47681136463
37417.731285425136
37761.03522449127
38291.03689164028
38230.878867032254
38253.24526577741
38051.17324255826
37495.40753385026
37490.61056071445
41190.92742697476
38214.74925941127
38535.46025256605
37465.74107714879
42052.971405946286
38161.192111432356
38913.62379250844
37729.22736809847
38016.84117109284
38222.17954976162
38130.33707663481
37273.84522084883
38240.83366739181
38041.56451631035
37422.978345048374
37532.440482726604
38154.33471074708
41789.1607512215
38034.78169340116
38351.49516487046
37870.63163165833
37699.17489344778
37787.34352012216
38242.29797654695
37816.83134782865
37749.200752700825
37891.10661198129
38162.27825210158
38299.715115574356
37527.722727762586
38189.92466637154
38102.79515116397
37807.42648372225
42155.47548127189
39834.508014034334
37480.849876727625
37286.24857831041
37901.878506861845
39546.07969860385
37702.544876902226
38202.69563005609
38115.00799956279
37071.29651034904
37947.06762307388
38267.894361940605
37267.277869980746
37450.541469385564
38484.19702645804
38078.10807138046
38317.78236415185
37915.655149340164
39938.319029306185
39030.83603389691
37630.63789772858
37634.9884868372
37590.00129006334
37918.86633733913
38281.300083419184
38521.615553632095
37552.03171511724
37697.95518167788
38234.63566885937
37731.68508129571
37849.14088332856
38204.24424020983
38380.69195453898
37764.86898397956
37467.11926777667
38203.87668563484
37938.73790622932
37678.88040776824
38029.0779447691
38380.17073932226
37522.24341716873
37535.321483117725
38565.413322681976
37694.058241040744
37729.4956376377
38031.79241539816
38510.41072703302
38215.27086514519
37817.78265176283
38264.82171638778
38063.862645106194
37572.07101935437
41296.694762167426
37694.42171689051
37862.88126536229
38026.32050324078
37801.05656730671
38011.84047968758
37862.93893306534
37730.0644214059
37647.27535484223
38164.74969892948
37972.46223588703
38323.62936035836
38055.99175461636
41185.46321235208
38986.521459984346
38439.609223254316
37627.808929791274
37555.70213563322
37991.3747143972
38006.313116941565
37611.30104542136
38198.0197850889
38030.41662344222
38787.79736221339
36979.380886704246
39125.740631360866
38757.97236777977
37406.63986448438
37556.12853929831
37626.6975214673
38430.380744951406
38520.16986554331
37983.77589254802
37528.62119910205
38111.16157644165
37828.37178271393
38395.339700107856
38023.292357516744
38380.040198999675
40253.34909175036
37935.31119789718
37807.52056637405
37893.534096791635
37778.5139826555
37905.80997573064
38426.70542690147
37746.609038844865
37528.732200662496
37751.85280402441
37952.879793952416
37953.73969820561
38043.83559501357
37492.67847439555
37719.503329172796
37855.56131859798
37149.00955582195
37671.949254024345
37636.31985855659
38229.3070381697
37325.9890379972
38310.6071018462
37938.10200551329
38600.020751220625
38240.71542574481
38224.710910738446
38051.022132091726
38700.566967242
37706.15605059568
37410.07629466371
38044.00498577438
37728.128792339536
37900.51114242582
37892.88908626658
38157.892760029456
37428.26646107243
37949.591345398185
38402.34269380186
38464.67601753751
37968.56078385584
38161.14226228847
37483.04065310283
38810.3561690205
37715.67037674203
37929.1236273513
37995.01559185483
38211.748603338856
38162.17915093565
37566.02376080487
37609.14101614645
37847.47280321045
37922.286794431784
37831.821679009256
38136.461172368
37854.447449257954
37862.092487148766
37757.094767819406
37401.04859215886
37972.30346857213
37605.37416876585
38867.75019409596
37709.96719066631
38029.42583604471
37623.38985569459
38441.21320369933
38518.17383838444
37819.6563502687
37591.84735837433
37280.7298346302
38115.557568940436
37418.727391603636
37857.76084146632
37773.045850163624
41177.4300757881
37908.620724598804
37926.853457260644
37605.1855511072
38360.31106545985
37400.97696693394
37465.82049508929
38082.76328256193
40904.59512880304
37236.09834545823
37334.607077023335
38141.13297941495
37439.9230941133
37615.53076990384
37506.374788169815
37914.05827105384
37600.025277129396
39712.786929712885
37460.44643753787
37890.81963382202
38191.80148556336
37646.98260388583
38095.61694225051
37700.74224052532
37849.802865574784
37764.265503629926
37669.54007328781
38153.74989238664
39906.05338222417
37931.941678460316
37982.15489801902
38050.97217351973
37631.95622833761
37888.486629443956
37614.42860552075
37561.33544208365
37436.61825183255
37936.1415038265
38229.0436706199
37471.748663266044
37907.21874964688
38519.18269047703
37577.956592509814
37353.36596513856
37598.41745032509
37778.53607746185
38016.22962684576
37895.9884511245
37874.50309464998
37350.11129459661
37810.2197622011
37568.197456341615
37599.456263414555
37846.81974399434
37873.48315613997
38796.14628739779
37529.519807547695
38255.73330174223
42101.73041874707
38074.84891908106
37873.503959260575
37916.947273609876
38845.43280986021
39972.749901026815
38512.2769113942
38234.45362105792
37774.854978856754
40734.55286937089
37991.0438308437
38600.325411402584
37597.01412170002
38162.41723820295
37334.14754159559
37908.737685790074
37396.685895573246
38243.11208043381
38117.12220127471
37565.716938943886
37522.80408672963
37982.92141881724
37381.96773388196
37614.88753889087
38059.40266355583
37985.74982848541
37178.74747141918
37981.45872522525
38136.299393368135
38024.28315609782
37979.87300954675
37957.29766337628
37557.21725281059
37846.73591571395
38538.381017312364
37335.10761123524
37694.1873621048
38299.894787665005
37289.73443482175
38623.33660041576
37736.07989906377
37519.00164990728
37559.26400723212
37964.22491523461
39597.4929023065
38016.6281970364
37801.02902931574
37567.19129616803
37680.59835242585
37856.68998385605
37459.252441042314
37667.721726662276
38050.90776043515
37526.02245529034
38027.40468662009
37361.33663339485
38471.18769613903
37596.61706980303
38457.80614326098
37323.22802833169
37499.18249566579
38011.104701824006
42198.4816551884
38203.175204780106
37623.285182671614
37842.182323068315
37406.07437312992
38204.48784251803
38151.59120831214
37861.84090157543
37786.66935842936
38163.446130945864
38779.409935306736
37842.0150149002
38587.209663237954
37928.93177148616
37281.368441956474
37795.15263563116
38036.576734978604
38034.53683110677
37679.13273154287
38101.072617665726
38174.5587214897
37514.62979828488
38193.38261604429
38246.520390951046
38356.701604911534
37900.8121451133
37446.03629004738
37903.70190323261
38535.48745827436
38196.08913061107
39218.190188580775
38342.451852072125
38133.75166042742
38475.326522370466
38332.59474655706
38356.234271606
38735.65306561895
40775.28625224313
38060.12511696685
37769.81111789052
38665.83469572949
37286.45952670461
37378.09465423648
37753.37874120723
42121.78779316887
37936.98707242974
37542.14130840229
38845.96594218068
39185.54750769154
39555.15542408505
37749.05710232934
37472.43722136326
37747.77743304474
37910.544300040034
38920.59137320286
38098.16448709743
37596.331777280306
38354.05687363697
37853.61213589506
37838.22433900919
38192.60800707072
37482.38071194759
37563.28030489456
38384.265892584066
37850.46455297296
38121.24283892622
37653.37097297327
38005.576118710575
37629.83246428913
37702.26316201724
37806.5059102316
37337.113787715
37443.0185421021
37579.86048191173
38399.65270051264
38362.31036874417
37659.30845734699
37841.98966042988
38071.67962211174
37818.78760710871
37643.17120011835
38472.61623535884
40515.157983067016
38699.508114760894
37420.793997539586
38715.67210349275
37993.51123122112
37591.179290910724
37944.73376105562
38051.4104962349
37700.597315379724
38457.62650559453
37792.716430251625
37843.315096797516
37402.17003251699
37887.92501471785
40853.077268411944
38791.173147332745
37295.19924814539
37755.02000139537
37198.56122000677
41289.06538014612
37500.90714242679
37617.338372998354
38060.08334821618
37169.05785880678
38114.92864431412
38230.87238891797
38174.459837881965
37780.78744756103
38012.41092955338
38137.90786522011
38016.39670912691
38121.990649311425
37766.784787605786
38805.80290023049
38011.280647303254
38678.34235950162
38001.66941521972
38518.192924593764
38160.104408143314
41010.43153699575
40894.91937187433
38238.925239647004
38205.76120874091
37913.048825394
38362.198645310855
37770.48500284492
37781.62186915019
37556.521648317685
37379.21215881658
37687.10852039581
38579.201977313816
38861.87008525877
38049.913487628044
37747.72949630862
38284.21872667809
37797.93942923894
37722.8838666389
40939.814490661774
38166.53371739366
37879.08531942814
37602.63626410153
38423.938843133044
37471.81945689878
41969.59970227492
37376.00249930239
38032.84937528971
37834.08850290205
38105.672081849014
38585.345524797725
37938.65718452113
37855.6131815548
37538.04473718841
38240.9641149923
37442.742427543795
37673.6954510547
37813.22035410113
37600.12635458818
37245.63914042136
37645.01534306878
38351.23086135202
37547.31143050607
37955.084308826335
38170.780618867044
38159.48544667679
37663.86761329552
38024.6635319907
37721.427485019856
38135.404454755255
37573.01526486654
38144.55370942881
37815.09344184969
37880.41858433178
37918.76967956158
38027.61991686255
37659.28961574551
38447.84649533803
37803.46099442652
37644.8825183003
37813.011283203465
37671.36181570738
38167.38268082068
37473.69938389385
37065.81679135366
37572.739704189546
38240.06005274421
37655.024562376326
38041.04035648829
37952.01937820602
37542.37957493208
37729.53551715875
38256.02580039559
37789.7288626091
38020.87814048353
37355.94458860457
37978.31260739296
37357.379066646114
37789.599537873844
37826.52634318804
37404.62205703183
37600.46431915262
38368.156776260126
37909.79932904697
38394.6824876983
37793.436213162044
38087.89419137579
37983.7214871965
37789.74709106104
37982.66786375874
38333.616439744896
37871.72693286137
37666.151128790574
37915.735895922524
37855.94243045896
37925.319810253415
37889.60411229342
38153.10973964318
39417.48170250638
38450.47742536258
37731.51334343692
37957.56189508933
38023.428950880996
37398.388472774765
37229.56727221601
38403.73269842872
average revenue:38085.3348391514
possibility:0.037