38130.561520777854
37790.87140448752
38292.067285191726
38018.82143393429
37925.720581272246
37565.784559436135
38237.732604368844
38597.353911525046
38397.95215134326
38771.7861420603
38564.11691270397
37886.81969152527
37536.986655302986
37695.99565355196
39479.05245612274
37897.695280617394
37702.548741852384
37562.50471278369
39419.616785381855
38841.59945571376
38100.23918261282
38326.57596847151
38032.819057913606
38834.71931188664
38634.02643185684
38253.21486171361
38040.44489356366
37513.102110003914
37735.832052113255
37824.74102867733
41463.36826030157
37382.98573696327
40303.42434374385
38402.42816209883
38255.1417984583
41896.09929691653
38349.839441220785
39267.87529561156
37894.89363134496
38292.781803302394
38088.90005153967
44955.06419612432
42148.49378442724
37864.44515946736
37719.74009077925
38276.95550263872
37751.05962515032
37755.15148213401
38407.402647759845
37054.828150569534
41049.79211413242
37901.567015702545
38119.27225278696
38251.20587158434
40719.61942639531
39897.831966310245
38074.37379713116
38222.01804706065
38358.259635280236
37104.662125558745
38288.96865138473
37811.60164257462
37596.716009676544
37977.0573173402
38057.143162127264
38049.27869717216
37397.425758855694
37681.514695812475
37614.13080271946
38203.77237852418
37370.00527595334
37336.48184794935
37523.86384160518
38248.483487051926
37815.692690178774
38417.71356732146
38252.091443158504
37862.62495041633
38140.63403203502
37670.92601420545
38786.412439842476
38424.616997426245
37841.58930754379
38522.144200148054
37792.64299901767
40643.59632288248
38979.10609073448
38167.40174491747
38266.95038532799
37513.60726559609
38023.74735314407
37969.14113628358
41336.718534030966
38422.88824408861
37894.2777799229
37884.55673231398
39067.28790284589
38676.04895706097
38899.656881401424
37834.52680980917
37768.225981210504
37846.82033214839
37642.306165527014
38356.00213365856
38568.95502723905
38205.0577787909
37897.30979178694
38306.05941853574
38333.52413985259
38355.09289852788
39617.096617906645
38234.801526575124
37785.75789579652
37657.39450238639
38306.209236071794
38050.237300934554
38214.6221081552
43970.37933485292
38006.25258100649
38325.70095128104
37597.252220126255
37576.640719841555
38345.904021253344
38259.495345417534
38607.63689120641
44693.433291251735
37765.44728131701
37911.44832428229
38570.42127275454
38036.76496179747
37792.61211289868
37849.37846088337
37794.2585953928
44461.00322409823
38499.05531057862
38026.09123976277
43287.83009008545
37426.96025250876
38716.73597829402
38198.26697103492
38016.3993066421
38477.39103144789
38567.67061432787
37906.40955357252
38228.85981542536
37880.25500597448
41174.10820350559
38380.12404381751
38151.01243864644
37745.01766136381
38171.26483584985
38110.49751922069
37740.576745967075
38007.12914736256
38073.23774051675
37852.37760229033
37620.01375508954
38357.961033618354
37401.58531885114
37750.84814660215
37894.557687184286
37652.006543542026
38255.311612348436
37761.08422427791
40107.093785831144
37901.38212960386
37472.11722736036
37346.23411802749
38160.40361102897
38576.26900890291
42585.62090340194
38022.383039171815
38546.58682264061
37719.38638860925
38351.643626487865
45050.796571283965
37907.204034673734
38249.350794557875
38395.991590331265
37866.344362427444
37865.86966328748
37770.281501139216
37457.21010481691
38393.76229425936
38338.199838869405
38230.07692759892
37725.03692411424
38142.71581617971
38158.84776057405
37584.72166351691
39543.5378360418
37566.10849661762
37557.94254470741
38115.138845321075
38062.61221434274
39605.26677924843
38062.6716053265
37697.34097180044
37419.94102262163
37499.56948656621
38086.73934722143
38157.192751747985
37765.31900191498
37958.4974386516
37285.010578136345
40690.31467919385
37677.310668026556
38284.56012647304
38590.85218861269
37478.50571444978
37640.13110182359
38546.751051459876
37942.282689848544
38309.78302718619
37917.050005674806
39187.787710280165
38430.17401129156
37898.764706775786
38889.63190192268
38782.16693413969
38308.47594877002
38335.09387558185
39083.506077079364
38343.16669581184
38475.18011195364
38064.85366091168
37557.894063113716
38149.13559594068
44200.513768024866
37857.49873042575
37483.54706441271
37688.47605581625
37726.083477481276
37670.980010420215
38050.88683417186
38501.325720404755
37969.51791405358
37351.95844159687
38986.67623747469
38063.15429040974
38002.160756410456
38073.2159925798
38414.05834337321
37948.79201391357
37801.5350771526
38189.01541038838
37909.15272732962
37977.21188341201
37835.1678680731
44380.954735140804
37674.40314563926
38534.618302429204
38500.930682875725
37799.17618379609
38446.80191156657
38027.37917076068
38288.62136638758
38004.359470082876
38055.23310639633
37613.87388780417
37427.818739891096
38168.44679095558
37897.350903546256
37684.9208265535
37988.946372328704
37891.20405913977
37493.701151277
37493.67622777641
37983.33739151577
37937.83260695981
38024.506369544775
38413.89267533638
37890.0169026545
40759.20985325053
37607.22752201212
37612.432515594155
37370.404675747566
37890.47514963607
41522.83768961985
38709.51624800212
38144.537852927504
37612.1609821518
37962.61481121099
37966.894824464325
37864.11938862665
38502.86734301734
37947.71923934664
37891.590480384475
40751.3379865451
38283.742056694166
37438.01315514685
37662.6368282825
37651.88257456902
38059.047464490475
37781.89869954731
45220.99285132976
38064.190516695184
38712.04026492574
37561.86906750682
37841.56536456197
37825.71291261778
37841.11323164574
42444.12430973189
37749.1313596479
37970.30199258442
38038.713259334094
40771.14226072589
38318.64628654474
38153.72041809924
38307.443270124684
37883.51879658696
38676.94209746808
37294.311333399564
38481.21066639691
38543.965171129355
38155.58410440963
37655.7546496956
38175.00143522171
38149.827711881015
38419.22001561053
37767.363130785896
44125.79888347333
38285.50559841875
38442.83707531389
37919.172824971116
37889.31286786649
38371.234339871
39831.49989082768
38685.67022142371
37295.66321766456
38202.6648617166
37917.283115884886
38290.4381015544
37977.00841729326
38050.429515267235
38519.99186328645
42301.407027370864
38229.167885957286
38055.391264710706
38311.29267252512
37937.13773605581
37509.3513488329
37793.97630488507
37979.8768587116
38076.404886841025
38016.1195260982
38256.64264697944
38269.59535601329
37627.59058829017
41457.20532775577
38221.922984969235
38230.79716571775
37926.306298188356
37998.44416032219
38076.39818401998
37775.233151589375
37839.83347838556
37798.73417973888
38718.23912910868
37938.78008873656
38220.88695352069
38153.55756795184
38065.76750110736
38358.695540209425
38594.75799873221
37718.50832952653
37844.57778593304
37613.60967975286
37806.10930376602
38361.92605669917
38170.194515324525
38154.80032820553
37917.611818296056
38024.311482109006
38092.45395516104
37943.83665385384
40213.91457974565
40846.57865059818
37951.20074613082
37984.62979965901
38314.72576031702
39701.2689490795
38244.593257040375
38063.05613055913
38952.874726469156
38910.975693201864
38201.63760360139
38097.90656119765
37597.795395116926
37810.74812147248
38077.17821837993
38376.04001368435
37342.68525202045
39214.233027236376
38233.12978134531
37783.78043263584
37900.23650019307
38399.22258345137
38683.691785925905
38105.097900924084
38152.27426734038
38010.87581979863
38150.26525214731
38129.30420201686
37613.59590996623
38308.54640511648
38258.293089786275
38300.16387512131
37953.68028136277
43114.798172302595
37744.974272930165
38029.008715638505
38024.82748305072
37844.61478803253
37753.03369997649
37978.178680774756
40848.327412997765
37499.030764472445
37396.4620337292
38599.89526680084
44536.43123472183
44824.04544035102
38140.626874801346
37798.662723035544
38574.30602477929
37695.30263561852
37910.20408778104
38707.316851383046
38095.79743454186
37880.08985553254
38359.30443315777
37799.74091320153
38466.80893397082
38097.507491271834
37521.77283866732
44982.66380722435
39190.24328935553
37543.04335500981
40376.21740936036
37921.115570751426
38092.09181129894
38757.45015759651
38224.42111804647
40051.12300049652
37795.06964422353
38379.753694784435
37932.643635697415
39451.014838592026
38331.64989061099
38336.16230202145
38010.908970111625
43732.882359851654
38030.000007827664
40329.742560697545
38517.08619083431
38479.61552807511
37720.46071719196
37937.14172166903
38105.931733838115
37743.96358746352
38900.11822200717
38834.77609655087
38561.917975600496
43893.80245658037
37847.07981961774
37702.80125972528
45233.00778020507
38736.65310519027
37843.46905790967
38138.32440073873
37530.60778612321
38946.73897346886
38227.92752096416
42328.03932126207
37833.560970754515
37697.39375088069
37785.14980607286
37939.45358673634
38500.736219179955
38259.27343912327
38303.27442189235
38260.8964031201
37668.96021338246
37666.29378404489
38166.875125288
38140.405369078886
38119.72461252886
38208.38210103473
37955.35078719413
41517.027389148665
38050.04063945333
38095.52939157703
37890.60084648647
37838.15734411931
39910.145015916496
38014.11904126879
38636.71960477645
38462.712625556334
37834.25830071831
38524.6738377527
38449.08665584333
38696.64567906739
37738.2179248462
37753.467501232975
37637.58873052948
38833.6831048031
38289.176340645696
38023.33607524302
38115.52131402993
43999.87643964899
37620.45977159747
38088.35404782568
37372.24183364738
37681.74117781814
43590.287254456554
38196.26120486962
37611.03337581629
38542.33260406477
38098.49751901792
38015.61780157731
40281.90367268324
44728.607274389775
40946.12476196299
37934.16456761031
37757.806074885564
38423.61604707591
37608.6532919353
37771.43991110585
38099.710984057994
37812.625158279094
38803.82256441538
37595.56124999621
38438.44428452597
37949.787686654214
37927.82936664563
37777.209614789674
38223.34563092842
38140.032684632984
38711.6890124185
37391.3992725532
37995.13034168895
38502.40725957572
37943.19356300306
37787.647801960826
37547.8986606229
38391.45634289381
38739.698135225706
39310.37704396268
40638.37030445463
38124.681156895065
38138.80502353009
37492.67091404027
38671.161176165006
37921.464414908965
43030.958150093706
42737.4041889556
38363.24205679915
40285.00520238947
37949.003953665626
38100.51435770323
37313.30740666225
38126.47018171177
37901.29431643634
37310.38775612713
38418.64330473951
38135.75639178917
37554.76385551342
37793.31967389741
42905.06702244838
37518.53205253492
38496.31753830853
37638.713981950634
45434.307775593814
38013.11958483879
38489.60141165012
37475.222476583025
45118.575970302176
43281.8310445551
38405.05080974119
38403.41747758125
37756.174829663985
38181.028667602666
44377.119496765525
37761.66073677625
37837.37449610574
37898.133615452476
38474.27005240283
38325.86137753458
38813.253187434595
38508.888595858225
37537.41853618128
37528.3254860769
38175.83773418585
37939.793261025996
37641.75342518266
38258.16073237796
38278.90945151236
37547.69685410417
37817.662171656455
38744.454023356346
38377.477968054896
37469.350603264436
37852.95182438442
37632.955301143076
38222.95878721749
37747.43592711938
38370.47238582641
37518.94591531523
38140.50704230194
37354.36608457873
38922.751544906176
37317.50102636718
37583.54134236861
37837.42203488283
37876.78345489362
43338.2811268294
38303.831971279906
38018.68933278291
45027.973353485235
37727.56598847229
39266.99527199273
37852.300635098065
38132.37228362451
37858.66392099253
37973.286372336304
37752.09712677296
37653.51162760798
38010.86742187358
37799.078205627906
38174.88554754969
38514.93942168542
37773.73034206538
37932.295151943195
38370.65279444966
37965.71927407767
37903.12263490289
38991.65666606468
37897.769969298926
40139.23866349757
37560.70770560547
38005.67313470657
38073.403953629895
38820.79304601172
38297.14345135
37932.82146373039
37876.78092032608
37483.93762828206
38434.55821320815
38043.89010892144
37812.04597203721
40850.9067956833
37585.6413397973
37998.75529746983
43178.393083825475
37546.973342695455
37772.83203274187
37998.178382397076
37771.24821404689
37887.86513549553
38875.03453695149
38009.66471273245
38505.065625266085
39252.608069171285
38128.359627597165
39041.47982185732
37582.19021313297
37956.9134899715
38084.582764404244
37690.687512727316
38340.04507925023
37559.35628864563
38225.88543422742
37692.87427505042
37491.04524911165
38500.28654644205
37920.774115793356
38020.50133890752
38513.31960670619
37580.64194165017
38233.40066580481
38545.75785182193
38529.88249252963
37601.082825614285
38390.1590602294
37970.62002490178
39818.6147384526
38042.2312581829
37577.55015589103
38482.33107562464
44389.043693120235
38147.52814563023
37549.23341526254
37757.09822851928
38650.87124210374
38381.99779125071
37374.683171380944
38888.878304422695
37863.44625878976
38376.39719514726
45109.19158433177
38941.28269277941
38077.791099575756
38689.65867002593
37748.37693837949
37753.6546442895
37978.06858030535
39249.563787797255
38295.848437274566
37923.30733145578
37682.58690887145
40989.432332136654
39505.580961513486
37376.878314103626
37247.70338437461
37749.19476271869
37601.251485185516
38253.47391207341
37729.78176467176
37625.610159253454
38292.94154130141
38895.982150374075
37680.1902868336
38038.97322572125
38817.486903720746
38492.10416113313
38249.400143975145
38520.19545528127
38910.46398884843
37856.85287040511
38157.62213355327
38451.61741845402
38086.66993980243
37847.78521375494
37468.39648389235
37558.1730098089
37417.01189861209
38259.83367393258
39163.178553775804
38876.85935440034
37848.622709766365
37803.84473577676
38742.67115780499
37587.267001179636
37680.94522897678
37722.55502096479
38073.10341024973
37558.82694121847
41697.28509950301
37218.36199568527
38605.608039890554
38009.942615202126
37594.2270173825
37716.13905950042
38046.919930307144
38067.73212379477
37536.57250437219
38590.268197815734
37948.79408735552
37696.345959999904
37450.34442271533
43198.355280515214
37905.25547510279
42259.061443130995
37659.75447995707
38488.005835260716
45145.498763986776
37964.4964637357
37745.460412031214
37575.68404450179
37894.021488720966
38524.78050931283
37901.617311191345
38228.26483198894
38174.83285603693
37890.969650466635
37439.69612733478
37688.39928895161
39715.430560116685
37707.54422342326
38225.190784148406
37754.15610733527
37672.86562088651
37079.871508920005
37947.92863537824
37873.10530946738
37881.292446459374
37432.0776062448
37614.60889399197
38573.39417149888
37610.27455062942
37706.473469878016
37847.16555883611
38776.17161817963
37841.190771391055
38876.36879516387
37407.097239767565
37730.15323759816
38143.761344991006
38180.182780791554
37691.580751156194
37464.43079352969
38630.1109410264
38724.61915277732
37817.707729769114
38258.4367340312
38816.31445938515
38163.94718128111
38040.529512130095
37812.75761155979
37735.251194980054
37715.43932271969
38467.773142029124
38175.32428090738
37770.37990406167
38142.71612499221
41232.535083403855
37462.97720807343
41737.424736734174
38224.872544802776
37312.39562433665
38404.714762783566
38126.711635390886
37587.34112480618
37959.577139129535
37553.153694774104
38304.8300330102
38446.48558280171
37458.83935008721
38602.3794083972
37635.58229548024
38388.77709925244
38329.2799076556
38444.27740004035
38431.32288911874
37799.09844326824
37452.89329773465
37910.99949097673
38113.68823202074
37683.97825166369
38380.61325543118
38516.89207792688
37662.58209486669
37698.56971616996
39033.04719811372
37523.581786417424
37880.50472065085
37451.80436977548
37337.33256533919
37844.976598639914
37422.26375021716
37727.95190322576
38196.39240937202
38992.28853522377
38382.48811375609
38258.53484931559
38188.24505388054
37989.346076857306
37845.484518950645
38056.13741909689
38054.65219561061
38270.59177775746
37971.77938545967
37900.53804689708
39180.853365499774
37707.61395241678
42915.318737639296
38532.9929323248
38171.85515582851
37888.314712107436
37962.01553224113
37857.68375000904
38378.948112205246
38624.50725863846
38040.18064271501
37590.97966952197
41384.671046496755
38480.43002342395
38806.410325565485
39575.976494224575
38005.44166764876
38079.49449880284
37653.12002358238
38172.14305447562
37977.983494212735
38146.780420947274
37337.687019064375
45427.59322425576
38377.13992390475
38849.937787759125
38046.29802501069
37976.50789681992
37800.85898444813
37940.69938760693
38034.085084988954
38331.88013912112
38088.03298157757
38059.02129537304
38436.36706033714
37929.4456411889
37797.063336023784
37956.413185777645
41531.190927685624
38146.504689381094
37730.01664091265
38567.80357702163
38689.92074415836
37518.731054331765
45164.135125462184
38206.999097316846
37935.51116729774
37444.31227424758
42059.69931498568
37448.761806637696
37695.79354419664
37497.426198764624
37778.4747987592
37606.72363993379
38171.3301901633
38263.67602479832
40518.56791333057
37852.014443992346
38948.103808044914
38017.61566124606
38166.99932060253
38453.28193399863
37985.767966302046
38380.07683805927
38017.69775757706
37836.97397753648
38480.64093082199
38012.961925152194
37616.614443934384
38487.94184481034
38576.642712091496
37736.02910832816
37813.06221283316
39032.4799268072
38379.016151682634
37990.76018797826
38409.83382800036
38105.55472172518
38330.79722538136
37386.263668167485
38389.83100681298
37629.77727348413
37355.48572612265
37523.06670065503
38487.194133963974
38491.05548640357
37904.955025966316
38921.034927067514
38033.080455198295
38285.754112575465
38267.259110718776
37936.43863237467
37957.77472565539
37747.78074336057
37765.03742909814
38003.47515280256
38637.44853862074
37716.34127252172
37713.84999626899
39845.09041435964
37756.59711969292
37689.85838999081
37968.95736734931
37826.19808791583
37915.204125653356
39075.62822561394
38224.67853655445
38440.9174818442
38535.35410581498
38167.84327762633
41789.31312678187
38023.6222825157
37805.75771261712
38208.322747464124
37928.206110885054
38026.03089115333
37627.23301283831
40914.55098339405
38500.24301918249
37750.03243042863
37651.32200065342
37481.59365887644
42113.51973061971
40065.0105737966
37938.867343023296
37863.9278033856
37748.25034586661
37784.851342865026
38497.17847109531
37795.622521371544
43342.744449078666
38198.51555860457
37856.513909267276
38531.044753022405
38107.65284652925
38387.306473450866
37831.09368506291
average revenue:38450.396878262385
possibility:0.031