38672.984515450844
37760.22530322648
48020.70635975378
42614.7372945183
37584.60764473102
38253.29381850018
45843.29519394005
38171.452186364666
37883.095492666536
38223.7435157078
37512.24088185044
38819.239990675655
39068.73528432108
40696.355390667035
38355.40172733814
38059.74023049494
38388.487907010276
37812.46373089753
38734.769212339146
38853.66230268447
39359.040706135645
38117.57001092985
44709.29027177904
37331.02172799129
37605.0699002006
38593.99435778203
37674.211478705234
38277.86006416566
38800.33321507541
44983.74565176108
38083.24920280078
38022.68231281951
37573.84754743261
38134.71135327257
37936.43439592366
37769.9625403895
38212.18753784391
38163.151662302575
37572.37556593926
38043.74525331444
38618.41465674763
38035.188289625825
38361.7385478579
37631.24846040672
38468.3856605458
37990.36106819856
37865.21119068537
38303.35610551311
37952.17177981365
38694.94287479171
37623.52267234408
37337.31858453474
38307.139696221835
46772.768499179816
38480.52865565614
38032.78527351234
37697.51141795595
38822.23669265162
38221.08495830348
37934.32651761474
39531.44122921436
37651.93186970503
38391.67260610055
47155.99922858861
37845.17716597823
47784.211178525125
38500.82968470152
37867.41050621615
38111.57884605995
39236.454832742085
37895.17626470821
38174.62549512708
38374.8500760346
38486.269580450884
37723.50056989855
37665.5517330156
37492.8514201749
37878.929157312516
37705.70987771941
38629.99819436279
38256.72692259844
39141.2915505459
38447.62637369483
46998.047086195045
38007.40911375755
37826.82794681294
45319.595625405076
37564.016714193225
37471.763868814305
38089.425954526916
37684.18252932454
38504.99328321677
37817.067559480936
38855.20376542002
39623.09671326948
39215.508445475
47835.548378139625
37652.67366559877
38329.83395379846
37797.52056536528
37799.48932398546
39034.10517606057
38202.432179807714
43921.72790210212
38117.75493467066
39291.41255411483
38835.085213841885
38494.87312490656
39518.09472923359
38712.40253479512
38152.97853093543
37631.54770778861
38421.213832399604
38503.029478687415
37523.45555312377
38224.79494234264
37638.796128985065
37827.87197636858
46222.345865994255
38197.60411576458
38355.22396138786
37324.79997453992
38342.52621585451
38970.015321823
40569.78767431029
37826.44629454314
37777.46149698522
38600.08434857114
49778.83339896153
38323.8468876285
38218.708452632774
37900.19980029158
39434.334810025844
37178.11434824282
37583.67400739471
38228.19693452641
39279.83758998429
42100.87950599659
37857.47245780396
49547.265052585935
37309.629428255095
38106.25568753845
37833.47535696113
42721.698286768005
38281.58825127308
37722.34652660546
40258.50474538187
38311.01926248088
46004.48634003221
38049.74708696591
41473.42742375774
37588.32890215864
38681.38057176846
38205.0042700885
39841.04371148161
38404.73314789067
37688.76741420128
43124.17637993395
44525.14294179215
38284.28297296138
38124.44879951648
38494.907462004565
37893.79081646607
37979.297426026606
37755.03337914601
38268.93005953445
38003.51415337591
38036.45703350072
37934.98015919306
38219.4668538133
38477.206507438495
39232.74643378594
37745.89630253594
38118.962422173536
48551.87450124572
37928.504445700644
37831.90283577115
37507.39272911332
49746.88925555863
37900.76272901229
37884.812060057615
38125.454271830145
37461.798422904096
42036.81489649428
38333.22579995429
38520.069044550204
37940.447520382404
38072.46700076877
38198.520053281296
38257.339904732034
38446.11791513768
38800.75094150821
37459.99047599801
44682.07635466816
48505.942294397435
38080.168667922204
39021.76987796137
37303.28891975118
39276.56374299033
42581.001894443245
38642.88290763167
38401.610705721934
38617.44973314135
38584.815482538506
45400.67651553092
38283.567213610084
38207.707189715315
38143.92714993548
37574.21078001033
38296.771053789635
38801.590684024224
38102.839419414995
44267.57484894353
38316.52373795422
37739.515816169434
38504.05940987383
38395.007304332445
38903.48589314391
37742.34244206567
37497.91648352924
37909.430312645796
39064.75124589355
38801.13162056479
37833.70051322374
46177.01695875888
38749.25246867339
37420.69048699923
38310.041418056
38096.70389046041
38296.30358064862
38529.45925441688
37552.64756721493
37687.10528849827
38846.90684643007
38024.70319413067
37179.144383388
46570.47057071427
37781.59431539177
43206.480540994475
38408.7123334163
38271.88249140667
38480.081028056506
37862.15398842413
38123.77460272432
38132.8400739002
37575.92343787004
37799.95166527369
38312.308313049645
42851.01244583414
38400.93146106985
48143.921652630735
39280.34288804523
38547.307597735075
37476.53966784204
38489.52064158879
37643.37894922575
37845.99086982063
38120.76867270843
37988.204390365434
38541.021408182525
39149.506352154785
38264.47023873447
44015.9480978769
38405.67618486833
38192.790607773415
37774.17802039681
39188.93330546297
37824.84579146713
37645.87636117365
38605.15390444506
40388.26890306468
38154.05395442368
38230.97700574638
37384.39637557817
38819.61816185783
38085.31743084256
37971.42594768204
43214.53890104371
37768.769015924976
38435.23582941991
38548.95605478683
38065.12755066167
37874.520373145235
37772.343608156014
41208.300874885754
38240.660746821384
38457.96769420145
37993.594046740975
43514.10550142829
37595.78416236031
38279.75705113416
39305.50253652726
38076.90277710776
38013.81152403515
38017.611123844355
37896.84855410324
49213.164097947534
37851.196521576385
39389.89396015241
39654.642826044605
45445.44654661974
38366.38709745115
45129.32330346687
46244.369188647244
37933.92337488596
37620.300552451954
44699.579744926195
38347.425018933616
38239.93758297684
37747.456962132506
38283.547683772726
37552.83595380138
38544.97570119126
39247.71860737857
37786.46090272351
48393.27126188826
37933.90721227956
38254.52211241292
37665.76824457492
39041.81795691223
37826.714336551326
38217.42918604911
39841.61670939593
37825.15749972059
37395.90375410684
38026.62586217383
39103.40938623845
38579.47700098218
38158.87824698012
38852.8324472047
38576.68198467559
39129.936706172026
37361.229321177656
37155.09762027395
37462.651431435654
37748.03983436477
38891.04116905623
38451.51497246255
37963.67586580961
37897.74640224594
37614.591296462
38486.1223095943
37905.56627734229
38010.46005746073
39044.79289080468
38707.109952404666
38399.045531800846
44720.145475366095
38030.19253351892
37763.550912105966
38553.2955863407
38339.869191148406
42646.424168717014
38631.53579409899
37526.4848253716
39798.09992461577
43573.89596161963
38560.833523014306
37801.028884073945
38490.2099483848
38036.70909383098
37651.235652276264
37985.41872321358
39277.385369750606
38055.639514505434
38952.485556372005
37593.120227661995
48370.00264963097
49306.681049714185
38289.371918153476
38474.588784712054
38470.85835542733
38270.42514805628
39693.43465467237
37608.00037054706
38042.80757745016
38095.895498503254
37614.54443094358
38907.062248346796
47121.82273661476
38781.293337183015
38295.44898295999
38114.16908136224
38553.87895233895
38669.27889412454
38499.89731354188
37696.60286690852
41748.38497627607
38042.935959205075
37353.246147556165
49215.967207538095
38177.79133901093
38900.48861615965
38620.285312006534
38593.077308347805
49281.56119162264
38911.767984046324
38016.92443683228
38179.176931045295
38751.77125880921
38531.17696171172
43628.020374645675
38957.69210952513
48474.03580297848
37482.84182991483
38014.09812475849
38637.97452084699
38416.354570704665
38782.406312821426
38248.864292038794
38362.495017505666
38356.81206499689
37653.22358052203
38196.80140662736
38399.976041851616
38060.014777090444
38951.6928269785
38342.98464823957
38523.48121207566
38970.05458309089
38342.44624936293
39953.78170031417
37847.56340742577
37969.20629765938
49099.71119291307
37828.42808669965
38472.42699760967
38927.17729815765
38461.083381931414
37502.77269851438
38181.037568010586
40990.910545154176
39088.96707432963
38151.40064225755
37424.6042535893
37691.92362323188
38188.177480178594
37612.37428184291
38941.58135732324
38329.27780936574
37888.863123176634
38122.16546948177
37780.78929988749
38378.43991726989
39613.15624755011
39203.34977326226
44537.996332811425
38610.61755970926
44889.50907574287
37922.5888135139
41561.06156894915
37939.20295870003
37981.51917209269
38659.32728149435
38898.49383366841
38166.11098878566
37751.56994333389
38345.57939653917
37854.450405823576
38603.76737764522
45270.73398091149
38236.42674337872
38747.16122580673
38097.77501336529
48922.69642685486
49740.46604263647
37727.858963698796
38235.10964164406
38156.24186591718
37969.55921644142
49105.13025921509
38245.64660226523
37960.31078326085
37642.52100049492
37794.44855191961
38130.28092238172
37960.02162072454
37693.69388992488
37781.53940652606
37926.22103925661
38282.50638402951
37707.21812219721
37994.681561743586
38012.43659554359
43088.92748247517
38377.033232023925
38230.307357090256
37871.07705911725
37678.51801293346
37840.685811798554
37848.89836708368
38059.1241121484
38316.14113851489
38282.295253725475
37901.70708627783
37620.01670313415
44575.04357043075
38228.872998046085
37943.22829622585
37761.60985326404
39552.72341560925
38157.045011963695
38760.08402719169
39126.06444323332
37903.53767805326
39065.61934070503
37948.39238517417
37776.54229545477
37974.26355143622
37866.26895778578
38998.814103794866
37366.38904949184
38068.79284840125
37569.52102752095
37572.85603784003
38881.96295786588
38573.41003956987
38183.15493022701
49756.96780322704
38081.05658870976
37848.35962661797
38365.17124589783
38631.56857389855
38961.665863883536
37515.04783182522
38351.54785780296
38054.385704368084
45420.247649850025
48884.851525300495
38242.625624539265
38074.54766147468
38475.72197228646
37873.574717835334
38053.90636789568
38710.23669790512
37748.2843190854
38763.77541269534
38339.48660901288
48293.66466333506
37883.657514110295
38316.3949583351
38038.83655597263
37842.54658226865
38386.63344089206
37715.50842777434
37279.27320140931
46471.055554756924
37646.296432068935
37770.346329026004
37628.15013381291
37792.47893113134
38737.998548809366
38344.915288505435
48495.19353990098
38710.84075659522
37580.28771297455
40459.950877049734
38359.062264366046
38307.8129055151
40715.93739584141
38407.03675184793
40929.70266341611
38159.38268055774
38019.94864520701
38666.67924471066
37983.30971895593
48163.459574708526
37792.1029162728
38123.64525376462
38671.011939081225
49769.199813154744
42143.46859068671
38002.76236040094
37706.55007216039
37629.26244864251
39411.42521865353
37786.42435208333
38829.860505397184
38442.0624880234
38545.87399669646
38320.580076840786
38419.802541187884
38385.235037096
39831.429966725984
38454.27735380159
38257.028125651166
50211.00808728332
38085.401737508495
38749.93302179007
37618.961008560465
38719.13469331519
38233.09005457522
37937.08421754625
40261.85877780169
38154.108982420825
39042.12866380874
38136.42223616784
38179.86299430333
38089.05151204408
38209.33217576273
38520.6304775398
46837.3111682022
38161.561229472856
37683.05311740744
37886.032791601625
38161.667275854015
38479.54955313406
45847.34388499898
38112.26034290823
38977.65085227078
38493.05942545005
37864.04151495486
40070.08183523095
37756.93494723229
38701.26823898266
38153.21265192281
38232.98556984751
37653.57477618999
37292.9664287753
38034.9541891745
37071.070745945966
39140.85056545854
38026.351756887685
38235.80078598346
37809.181877905954
37485.641460585066
37838.85259787505
38287.862672476855
38495.92500779946
37797.308692349055
37937.13985557017
37389.44231736677
38202.622309714745
37676.25613255529
38451.73012951079
37779.54358481343
38672.912535109186
37931.844196998325
37659.367735764325
38329.90236610082
38253.74089861355
37636.70567606323
38290.27729756403
38352.54322937626
38955.54723223127
37869.981421736346
37648.150720105004
49764.23965081952
49627.79717041335
37895.77228729782
45473.636821864464
37916.13035884099
37772.811611598285
42938.38761893925
38310.02591472671
38238.21882678065
38865.546387914655
38426.834033801446
38479.85609081218
37738.05477030612
38203.66141448664
37591.77509591374
38944.151640639226
38905.635352382546
38202.18726816457
39204.128995719126
38016.120306602585
39211.69172108065
37959.44203008986
47843.91068548883
37415.01090560261
38465.84070519226
38524.65756041069
38435.41918556916
37724.884128536956
38778.62813225908
47539.50099999512
41010.04070140241
37350.32136050811
39854.941779731904
38792.896339136096
36877.93152741457
37940.19932168886
37835.17014192458
37783.052723141474
38201.59787001317
37154.39138747671
37198.941338026285
39488.96538973919
37680.06170731964
38175.5489719056
38625.86595555543
38427.52538224559
37922.417590193865
37509.495645463234
39333.89801313622
37651.64214366398
38926.909722184835
43870.509922502526
38860.09858704043
37610.57599277591
38442.39142966876
38765.57994116597
40282.919378448605
37917.087559715575
37969.206685136414
38158.505075949986
38079.27219598161
38318.1114465648
38401.912721007786
37741.67781479102
38074.1487760956
38762.67523819494
38578.353939510365
37487.8042560343
37965.86525812972
44795.965412565594
37881.81784109085
38460.34495886035
37956.44969467311
37522.705726597764
38930.97228012299
38549.17010993833
37496.93641799302
38059.98503863944
38235.00242049828
37899.057711112204
37893.298705112145
37756.58578793028
38587.66050676615
38110.677621790885
37896.046278988135
37982.7913683986
43414.29091600593
37891.085459297654
38097.58349885192
37742.42032251461
37390.14575428749
37674.61854981769
38837.17907701811
37859.49446294475
37803.050353692124
49833.04312998726
37774.72533375542
41059.3166948066
37906.99436263752
37590.560959480645
37629.3368436635
37906.36584346672
38289.113492073804
38403.231259941356
37882.356610717776
38485.05631544067
37727.1409234001
37921.65734236164
37688.094924143865
38455.93034739783
46395.80170108517
39252.47869347305
39296.04538273179
38004.50029666266
38320.31844575127
39140.96010675925
38108.079280776954
38852.39709961976
37417.3775787922
37584.41666997379
37881.30352359286
39289.105302460186
39025.21744484768
38195.08992428092
39333.05138320349
38716.68065508489
37996.30040471669
37969.26128981085
38487.84830123266
38303.095369044415
39252.10635690498
39059.91201859876
37896.7067464162
38063.516641511625
37884.92624265529
39367.064324192615
37968.303367215405
38364.77201182062
47078.198730822005
37995.12237259068
37639.481448602375
38198.15900237793
37775.8935409134
38010.058067347374
37301.64885716808
39608.698314440255
37116.09637182647
38252.773085127934
38323.89459518118
38026.88938423668
38692.82751322898
37653.587830393815
37554.856074885654
37336.179396750274
37778.6412450071
39216.33428394435
45886.66429568126
37859.34843619611
38147.45591532542
37824.2476445747
38734.83341514359
37960.56521145334
38491.22382680063
38804.06842139981
44807.163134419585
39006.29703999623
37243.890355744894
38471.69436509422
37375.01065036911
39837.94009944396
38107.77212283896
38179.340148417956
38059.607439554646
37833.213509819434
37924.97501649843
37905.409962389975
47291.03618123358
38100.25039433421
37710.557921638785
38962.884238883256
37888.68404072767
37798.615093462795
37915.44767920171
45340.89010055917
38049.77574724529
42648.26612355809
37396.07434421078
39138.03900412345
46103.513610141985
38088.16895254873
38500.57024585162
40462.30410427612
42389.48854476234
38030.63610866399
37207.53615503272
50124.70355279841
37863.53504524825
37920.29833301291
42708.651736062624
38083.324095621334
38970.74637811903
44217.38335146112
38943.49895615287
37801.75028180747
37911.81075193619
37834.608163273486
38412.998119930664
37984.06868445256
38694.99164799759
40184.668331946246
37860.27509226956
38937.77530797957
38307.2613704783
37659.28123313205
38110.17276489268
37914.81871002703
38698.58421185159
38130.004290027835
41996.66720659686
38054.04649817702
37724.08271473278
37534.81554256684
37954.26990968799
37970.33031217437
37794.646577155276
37897.55620736049
37330.61584665239
38027.4613091328
38185.455639452695
38335.95756786274
37683.14398160965
48372.491724950705
39154.69472899593
39114.75190738716
38106.560488393625
37879.16252000935
38482.76541434206
39165.079851466675
37624.546044146606
37979.557882797366
41714.63621132291
38966.29734507022
38103.86531559662
38431.275314047205
37842.27567577488
38530.35912825022
37954.58920842999
37655.49552119282
44576.69126566875
37665.36334094997
38444.996543829264
37652.77196446507
40688.19797682942
47294.67762458444
39415.65906058134
37640.0718732261
37941.49530000826
39119.423875975466
45359.82600042293
40160.92770790312
38770.47402012743
39232.7176907853
37932.80617411759
38222.73798188707
39140.8597815716
38332.36328385887
38249.85111260255
37781.54246621756
42436.394276401516
37183.570218519504
38376.125532755264
37880.706138697264
38322.508017496744
38605.34111601733
38440.185776539234
39504.08528803543
38037.84933743593
38894.60329340803
38230.15179012417
37552.445800790854
37578.450115018175
38096.16368772992
37578.962657616445
40493.379011323945
38767.56070435664
38580.77603099821
37667.834929421726
41285.39006776437
38934.638403141485
38542.5389505919
38198.0880191803
37744.987849842204
38607.968969324735
38190.05967730067
38064.90628943452
38512.92779671656
37802.309770230175
38613.464096743504
37910.809841487804
38273.89942187258
38439.65340263468
38798.01571986062
38141.40014940741
38420.75223600219
39284.30058981837
40223.53584920281
44368.23969318383
37416.4133149504
37612.87179852598
38278.58370822551
38311.55521691004
39158.6563428974
38846.476619777684
37973.6761088177
38269.62196305939
38638.55610634635
39149.40348196757
38083.06826133547
38097.21412717715
38064.13505396271
38045.318619484875
37818.64236231603
37823.37724727035
37926.19546538334
38195.96569239015
38310.72208681101
38222.874663017166
38417.91374600333
48586.601823847166
37982.15428237457
38904.6464126812
37745.4456966591
45394.804517748074
38192.951225575925
38415.24401144898
37820.83846702587
38155.20090593091
37883.53912737642
37836.016519919765
39171.133008881676
38009.774745945935
38086.17064084796
38140.704386990554
37980.19834108914
38164.21304552365
38777.60920988189
37923.79550918044
38056.09026061596
39090.486328259976
39345.78958651498
38085.0355344642
38528.45188119334
38124.79567232486
average revenue:39091.504109136884
possibility:0.035