37857.16469996401
37328.799293578624
37605.07188515876
38355.94292454493
38680.54192850185
37738.6164844475
37983.41609414858
37784.36400750712
37864.85829484885
37854.59421162143
37319.42043888157
37550.23772152392
37777.26066029448
38009.99551342637
37926.08697873866
37241.26010340278
37993.7377894194
37604.621217505955
37931.64832833466
37900.41263136913
37953.083635411465
38166.56367727875
39082.333455581895
39336.29404114443
37528.163738073206
38100.91343763127
37763.91246249202
37824.82532965234
37706.77268272027
38156.10327034939
38601.08806880511
37913.18374215072
38054.021623579385
38110.40222682924
37691.25166909548
38299.258699081
37730.34478912985
37915.41887756483
38254.41305696139
37558.15375684667
37803.84000507279
37806.59900975265
38387.55785070357
37398.31664743873
37819.83185744323
37893.014510089626
37989.5852895635
37807.51111467903
38198.81801661478
40157.95708174026
37912.983407929154
38481.51904660739
37419.6785205605
39259.70884130554
37909.78916161962
37869.70036013327
38023.32699339446
38670.23071591466
37979.475917651514
37997.02449837222
38194.12932943926
37357.499316199726
38223.39278276547
37287.75006117075
37546.68384964538
37928.26067612946
38503.59618209403
39969.48336098992
37482.358144038706
37699.31287310892
38205.35932666037
37756.006198830495
37376.219625506834
38224.550658641856
38510.90078496668
37903.767522124224
37954.4985427089
37939.2023131852
37600.305251456615
37394.169783538615
37564.561493394925
37931.88195552186
37995.548676276434
37702.0183553993
37585.64325333994
37737.07707311229
38253.086596435816
38059.906809486754
37230.40575917986
37976.47094706034
37844.52709498726
38129.79684977693
37986.147681114315
37294.018109517434
37921.7009069318
37787.73434108817
40028.8768964475
37826.25730926422
37557.11374004033
37944.580796883805
37911.62559252698
37976.44089443721
39030.451437811884
37764.24179563137
38285.78295010183
37703.90688707353
37759.640497140936
38337.170235350626
38334.11029268603
38045.143236583914
39972.215997661006
38122.9589664104
37183.67720880364
38002.94840515527
40408.05383546614
38025.9083780328
37596.17812043209
37450.34728171045
37286.924430277264
38048.7691672109
37866.853147762355
37737.10771974684
37568.097574662526
37783.399053343936
37451.06394100722
37678.33676793602
37777.77061937421
37889.03862528853
37846.53788979047
38015.15980415256
37430.89176409863
37698.43098829911
37968.74186477136
38210.57425229743
39021.02077718932
37564.851833046014
37811.16269444638
38475.06161446493
37649.75780561133
37688.739578389504
38400.521305978495
38111.030773917046
38280.517492732164
37854.542991765535
37744.522342452285
37801.92943803036
37954.07881908126
37951.862924171604
37763.896112032235
38029.85784442403
37955.60946836938
37553.65303988421
37442.68320910332
37950.9922398295
37770.94215803697
37382.94517330249
37955.248658450306
37924.98230551486
38025.49613734807
38923.69722751866
37654.10773746442
37892.01050459526
38286.109873855676
37774.559392137795
37609.22608412425
37833.75105779141
37995.92671527589
37702.89513653432
37866.319493085604
37758.8543709363
40523.81052742529
37841.93743670706
37903.400528472084
37624.73296632131
39400.93258897516
37814.18483578941
37649.47294778843
37569.694436937156
37293.795840387764
37994.38774956431
37741.834200083846
37892.69989837653
37891.645967072414
37371.79918987302
37427.009519791485
38158.925030736085
38014.239563765936
37989.70868081776
37679.28659385709
37700.029880475195
37448.64770993655
37863.99939041731
37939.54745631683
37624.765638199504
37480.55446148454
38015.312576162374
37934.19362389818
37563.51718522977
37564.05416795019
37704.75992323286
37584.68612764938
37317.24009040819
38302.43336530816
37810.37579125143
40448.78805252616
37424.892962162055
37502.57173278011
37850.41598140884
38234.70721369841
36936.549266721115
37921.00326432418
37762.802603688484
37843.77309482087
37632.67319575669
37583.92032577842
37965.23314797367
37452.227039982725
39147.42886140937
38128.10758552775
37800.71752001325
37655.52815788069
40477.60816400394
38177.645975910236
37113.830169566056
37945.812181240086
37341.95926907925
38289.789443420465
37315.856091979076
38164.16131132928
37824.74619528801
38047.86671660166
37330.76726188377
37742.42093079974
37540.013645379906
37871.759085609105
38145.92295507938
40343.97842774974
37619.64544282768
37578.7339667164
37872.78203141881
37812.031013446314
37655.42320403317
37775.70522881255
37655.64348550158
37770.776592464856
40193.699742650366
37675.57863513554
37215.48989476843
38267.16703446003
37857.909905801964
37470.55744452554
38100.12045611805
38148.62123750807
37877.98676331003
37637.02477679718
37871.40286764513
37752.17493128317
37544.18692373069
37915.39172304123
40620.47642421097
38285.87258287071
37543.53507665232
38032.41081156911
37610.276372535074
37769.22338765201
38410.573524137995
38074.77666721646
37938.80440222067
37603.940288049205
37625.98540357751
38135.961721320375
37871.79972542393
37827.992524224406
37675.50451361373
37992.381707848086
37387.07120622856
37882.2616320186
39821.82897846718
37915.735927180445
37645.30915231146
37660.81369641617
38283.20680704429
37594.51981740063
38311.41184515641
37937.10635532328
38128.76386751901
37912.983956110365
38176.25827533942
38211.05891256095
38030.38312507097
37276.67561123883
39629.85841257516
37623.386671769294
37589.5636247458
37837.47202460472
37941.25675822518
37452.662087452336
37809.11762322191
38083.11860665767
38521.27679232505
37838.714616049896
38151.97900117707
37662.39383855666
37891.28897131822
37385.859713054844
39422.06650618263
38132.7055118613
37203.52911449207
37892.02602753613
37542.59445891948
38179.506276154796
37249.800309270744
38007.7174832613
37793.370952088815
37889.358514097905
37490.42533748588
37719.6019914555
37862.762010994025
37934.242353930116
37853.974477467156
39845.257200124375
37193.75546152824
37986.199401594895
37994.33895257934
37657.45536927196
37757.97716686496
38275.47763186903
37958.736251242575
40657.083855670004
38221.444838702395
38228.328896876614
37618.19679360484
37558.76509035678
37844.72769660235
37580.60141401098
37684.390017850776
37654.117296976096
38001.75719596356
37771.46989371007
37809.48715623217
38228.97083213492
37979.932198638475
38083.02982062788
37729.088157500904
38092.95122478336
37598.9828843498
38043.7861231379
37851.75580957832
37927.815547565864
37890.231762180585
37827.60800047585
39520.83076267489
37866.84272190441
37910.41145842871
37373.993722064995
37988.21336157914
37296.87131624025
37420.60738769525
37712.393361263676
37861.987401050705
37356.192713352735
37737.92552338268
37953.407478491456
38069.102883810876
37449.22381902582
37913.72520779808
37736.20678267566
37723.113552060284
37558.21498230844
37606.30133856445
37633.03632524697
40331.31506779879
38087.16947052941
37740.58156696291
37732.402945873066
37495.49989147609
37574.64263625225
37630.18443181501
37682.164788919756
37360.42354999493
37704.860592472054
37725.82538915036
38142.126312944725
37450.94347437969
39620.63148669083
38212.62859797425
38033.9150002609
38009.72128052337
37718.006629466116
37639.98366370282
37305.738435757805
38546.47911184342
37600.677605706034
40144.05617018153
37654.947795859815
37299.143349013764
38340.12405702944
37711.013558427134
37491.99152571445
38901.86190184636
38018.967778219325
37651.532029939255
37922.99501489176
37680.91117601166
37439.77725487382
37594.00939948653
38483.02963192994
39888.28482487878
37153.81963609438
37155.251923094365
38040.716673736504
37718.323281932964
38106.83091503384
37619.343988235334
39500.90249422729
38038.860278308224
38021.40158553477
38278.04454403869
37689.51965251338
37514.44482057601
38082.17110618615
37145.08684690198
37699.481847605246
37878.84712414598
37594.762574895605
37743.737699737794
37685.89196116819
38634.03788138153
38285.472412961935
37741.39929874811
38019.27045474847
38101.36371082927
37674.3244660684
37972.65730548945
37573.129092284194
38019.9745223708
37429.234230307484
37183.508496756614
37904.18618020865
37812.80046288631
38105.50218876487
37863.72362748042
37976.382056269875
37740.45918604588
37823.47829247231
38158.623698878975
37660.69181431959
37366.96361811557
37879.28669895134
37615.71494325227
37939.90299313918
40596.02160537097
37741.95824681299
37519.13009437454
37962.44927446272
38052.307582441994
37539.22197708398
37732.591639490645
38014.004312019984
37484.912423110065
38013.43482330945
37949.195634616655
37790.57334215196
38441.99221341302
37705.78933976671
37769.007839727245
37895.72629182251
37868.43649840068
38251.3874574715
37996.46358373664
37318.06687067034
37160.40540420587
37798.91827697741
38548.66540346787
37759.44439294709
38166.5975769414
38076.841563661495
37934.55642738602
37568.60357703347
38145.462867128364
37405.93232979254
38133.25048720714
37661.40928487938
37866.56009559358
37843.23351273223
38088.19774560421
38058.88456996117
38264.608060094986
37844.96292285707
38695.99620364558
37872.72533484316
37619.29492989055
38027.21079649978
37906.482843370475
37400.00791948002
38006.27514866587
37817.11552753609
38448.47343039126
38434.24829420725
37968.537459975
37404.146172050285
37839.23006893956
38127.0975019991
38051.30030203093
37741.654444615175
37801.21008378385
37610.38117706579
38523.39498343125
37608.65891972082
37999.97122519206
37807.348131881976
39458.15541724008
38101.73200052481
38108.13075721705
37799.461108812815
37884.07145279683
38475.455102056665
38220.55289741317
38269.35359067478
37561.81243433793
38377.31263005874
37059.9579239731
37985.15652698015
37948.740836187746
37528.13766546969
37789.77202845567
37759.17269351922
37591.599280303926
37753.07702839586
37808.69665366922
37996.27333935997
37470.50170602168
37765.37881341532
37947.465876912014
37666.818197048415
37786.32589022452
37674.56678759225
37692.62683484995
37983.236963834046
37709.171345545634
38793.89980346483
38047.41059312984
38197.426329879076
37834.09192991956
37572.4740592863
38110.84255076707
37635.78893962671
38658.666204504916
37504.81548909246
37689.38490378401
38890.203730853034
37758.90758532611
37794.474856480454
37438.69285187476
37797.82242256605
37698.7478738335
37880.61098172235
37879.058889373795
37526.73746234864
38097.65028122834
38381.98004133567
38394.58508517973
37874.72471796401
37645.017236367705
37482.333228309675
37970.02769625058
37554.391758657155
37968.91721555726
37642.989532035775
38332.897510659
37697.902304126335
37976.944868994775
37347.85136700421
37349.31267668078
37875.18592767568
38251.005765619375
37637.81448934614
37855.522952949796
37830.999874810026
37471.28753818681
37889.83900594439
37539.05288238313
37506.29691280917
38211.03119957588
37648.35067650116
37882.27090205944
37546.62821989616
37694.5214425553
37835.58663562907
37643.63615517922
38244.513876012665
38279.045395970395
38034.84882480474
37560.80106960047
37759.20076302034
38251.036358693316
37735.630859439996
38315.69292495154
38063.05387183162
38217.14517092314
37730.61879687061
38078.222587249584
38583.528039128374
38164.571045688666
37745.16329043112
38600.2723900275
37324.7299905949
38220.664563285754
37576.55800119392
37949.647805362285
37820.71771568667
37657.06246924174
37981.511560072024
37913.462457565474
37432.87820272935
37344.031822849814
37938.74405016078
38260.60914748818
37938.75514892699
37641.25055473694
37648.49002345518
37650.77780403077
37482.018508442205
37824.17499215749
38027.757712848426
37898.576300095854
38024.66282790356
37804.992737858265
37548.08415725502
38167.28146670356
38044.760467906635
38257.40862890174
37862.98881832249
38960.9324653006
37456.34025499344
38682.0542098501
37501.02978760128
37818.17375016482
38407.031886741664
39651.861410493235
37685.677197554156
37965.94542870485
38048.87901867942
39263.75552189927
38078.710165744094
37907.38059119755
37715.60420524354
37927.70519876878
38194.48645267217
37819.40217266274
37682.001903528
37131.65899443818
37785.18927642306
37563.131073559874
37946.83818821834
37182.27917580352
37831.264294078814
37807.927944670635
37663.06835753309
37818.79617260149
37566.33061744068
38595.58692035136
38352.80465323355
38298.19917818096
37808.14097542843
38096.62459517565
37859.05349989347
37907.973043846025
37834.77351105809
38240.78226663253
37397.36422852045
37810.42697347136
38400.76954551727
37697.95108688928
37472.33472267392
38061.61628603167
37991.66973595253
38110.84272504901
38009.01443516857
38099.53205875655
37878.793509832925
37931.68180349358
37316.216704031955
37573.246881487496
37301.83039282645
38049.711815200746
38097.98365737321
38119.86814453001
38000.4350463413
38497.2906524121
37274.996855571655
37831.95873385528
37784.19674796476
37855.72206518602
37917.022638038645
38207.72125107573
38033.34108310582
37811.87401350943
37373.449435493094
37995.75913737476
38009.039209684255
37511.79060033775
37587.645642855976
37374.654335838655
38103.73441807786
37677.207259167255
37423.51885857819
38113.985478203525
37480.96409118837
39381.84187575034
38152.343159057265
38001.79392391861
37868.04647769842
37432.47321470153
37107.13785387219
38046.93413087691
37482.00523045959
37689.83139814542
38107.50676863332
38391.25270711904
37560.00120519578
37891.94163433569
37764.917669581635
38947.762152777745
37995.69915447009
37697.319750430375
37570.35784237252
37298.49052100196
37636.84974862829
38153.20067504093
37420.49966773317
37539.941618533754
37166.14482184869
38095.47867648585
37710.911369273126
37649.118031115424
37834.28225762654
37737.66382327349
38320.78596836117
37523.62644587136
38061.2228484998
37543.25330090008
37873.85037319034
38664.69634771677
37655.61671297543
37889.91653246517
37898.23239267818
37827.45407139337
37960.17190758219
37517.44667340321
37106.92290440828
38392.76527601772
38011.126034427776
38042.349921938636
37980.96335659008
37764.39733995614
37863.17842854922
38013.33980619808
37990.937433806765
38068.17174740557
38535.33194922727
38399.81097052135
37583.38234114135
38109.917362009524
38001.16482986871
38080.65833600359
37817.95413481918
37814.245560514864
37746.52892408464
37871.32838157564
38117.55719621005
37651.38195701458
38381.98893129616
38287.610287891046
37997.59862572437
37930.32886168482
37880.380212493874
37751.19551394353
38262.84630458594
40295.77656660929
37152.83797015683
37706.30054371633
38180.24466442098
37468.20439736609
37940.73617875702
37890.48078157882
38911.55974149239
37916.77695679871
39177.53496824458
37788.20098638884
38119.89551564603
38150.579939135234
38132.90876139212
37741.445806310694
38509.65552261278
37871.446019535644
37741.74446889997
38132.30758672124
37422.70271830156
37951.76861919442
38103.82786071399
37827.6214812977
38274.18340154838
40339.736661099705
37756.229455194996
38145.13479474701
37985.33427718741
37337.44966245243
37797.96382339429
38136.52953324416
40537.80269393855
37551.23102381329
37957.08018848515
37652.63875408348
38244.477370196924
38000.36714309842
40461.846094922934
37477.9336959795
37705.997793428076
37771.09012028888
37906.563638648215
37633.10956150348
38031.58687844794
40611.344118007655
37719.21411206349
38038.12852215409
37700.22095519277
37947.716202506184
38628.14390176645
38030.94651447605
38217.65649587247
37747.19971954092
37392.15501132626
37829.92123529217
37621.13069719541
37984.26880869306
37861.059229205704
37622.12090556514
37931.55653332645
37237.857431757584
37608.73692647615
38048.16474114992
38076.24513651596
39428.00118067642
38031.81572977358
37644.154010057144
37997.566320141224
38121.707312413615
37717.866310630925
38833.960851053205
38297.760034822895
37894.908970346885
37620.29092986093
38528.123807809796
37714.02577940911
37865.58531045413
38731.92984028007
37751.30668580595
37732.539972598424
38227.62815401176
37699.347268998616
38136.99440156968
37604.8668654079
39211.369374505484
37943.899682578965
37814.68048890493
37410.10739300277
37373.680190138206
37584.11181004035
37801.16986738745
37706.20271061868
38888.3254845986
37809.95858921343
37948.632308649736
37970.701333553385
38056.36733207695
37900.36923598659
37821.31214274345
38047.81570246362
37958.23776840561
38204.23851697057
37251.344148688804
38109.70699399798
37843.09210015395
38146.40281728853
37672.41754188627
37492.95529332566
38020.92194650525
37808.17192564785
37449.82296852783
37914.53539523239
37486.957512661655
37615.829986225384
37664.33523560958
39090.031249423126
37348.33240210602
37630.32424428652
37866.403664939935
37847.915234188076
37552.48903862419
37921.48412865892
37432.4702412276
38129.15212683543
37874.744033304014
37792.53434580934
37232.64640469291
37795.58770858738
37988.030115108166
37796.76426454349
37316.928094656854
39184.47134066915
37813.96753891088
40569.553121084544
38228.589976954114
38386.832057044
37693.41541375283
37539.05866352215
37658.99463423697
37473.1648622161
37456.873675012954
38093.8687616174
37908.61505473835
38246.66591703828
37655.297662877936
37399.4323805001
38365.93727045211
37724.88649180878
37841.09653710105
37791.43742247838
37898.359979031105
38365.09095150096
37667.28252251986
38445.34326687334
37632.51949670589
37570.63436996798
37755.63059053616
37769.66006940852
37813.88199442673
37765.44672321608
37683.828160080564
37861.58805773889
38094.15153938569
37436.168994666405
37831.118824855585
38843.692332070685
38565.29183333548
37652.24062974017
37909.44978864912
37795.60275529842
37919.70282068866
37515.75740571905
37945.02910292885
38621.99340509614
37711.45176227257
37210.467459840555
37542.46149009375
37887.21378413739
37482.983114400144
38132.8632520125
37432.884279090795
37738.27789325671
37636.11694084035
38211.96364511838
37519.31177746648
38112.963100748966
37753.141853032816
39032.514735971345
37769.74270922841
37772.78346557709
38370.999648433826
38282.5049314554
37555.15627095579
37384.01503657505
37772.71828249983
37979.6416145598
38020.91347378657
39042.09526724888
37610.80961926823
37644.771298457104
37690.60136263052
38090.36288281426
38150.97921371173
37868.0210414492
37516.13227451923
38260.50921517123
37696.52559171686
37872.9250001035
38093.62537343969
38104.19467238895
37770.9201017506
37976.03177198941
37560.81899236046
37532.64670739902
37806.37593105389
37965.526452762824
39802.15787741903
38302.410195601784
37391.54233432811
37465.1760565133
37575.13132540254
average revenue:37944.69049049735
possibility:0.041