38314.47088334353
37650.12731298674
38482.7321627176
37776.58951812234
38024.710746463825
38108.23084961317
38367.450582882
42655.751847855856
38117.66394390648
37746.564459735535
39492.055457436276
37585.3437810585
38428.51859907935
37334.167677813464
37844.09729271122
38335.62186230022
37892.23599849369
37971.01585196837
37563.617586631575
38118.86899210897
39958.16151328675
38258.112632942255
38437.784917591736
37982.06413473218
38280.55198602177
38250.103553860776
37872.072684157865
38252.010413214426
38132.30001923892
38493.67860575751
38240.450932160806
40394.25995725427
37689.20390362022
37611.83575913744
39078.100079606265
37197.2791526634
37588.58220366069
38180.25831591711
37773.80511649987
38343.380685055425
37689.91381479015
37633.63895232945
38110.89270697736
38506.6469100367
37831.020931388935
38431.790318233
38796.46201657823
46261.19711184319
38467.77486915095
38296.477385303675
38597.83445099366
42871.644403102444
38137.88986426447
41311.4680143503
38134.10947364411
38222.82176627974
38178.46906435736
45884.40595899037
37706.7548908055
38115.15750680416
38488.74709766813
37745.02170215408
40672.10546363367
37879.766579544215
37644.04268588945
46707.369347938984
38089.50714883771
37852.46545681242
37912.60048082087
37993.46486226621
40792.485070324794
41852.769240844515
37695.01371206146
37989.30392376856
38419.95641503078
39431.54832972963
38812.51978198294
37744.79814866641
37377.38269400833
37227.08553770154
38251.382649634965
38222.653380026604
38381.84850054248
38854.36984888728
37898.00749297318
38501.46246500219
37972.00097072179
37586.55863163187
37743.59483643213
45498.152752091635
38231.66126879108
38655.558186879054
38495.94572733507
37361.96718115966
38723.84594949681
38733.23117583541
37702.427176908925
42574.89659985808
37989.80392154589
38087.34135250468
45278.87885828246
40884.43385085604
38367.01072650534
38095.71973292818
37658.29313906617
39442.96127180505
45376.10634595129
37453.36963479485
40525.39145215738
37416.905755208514
38021.730396281855
37031.396018608946
37473.53340179049
37493.242604668536
37960.98268636308
38539.4366598279
37942.12087357805
36693.622555164
37750.9397052677
37557.826406766675
38275.40051159046
39604.67689463089
37982.15986892767
39496.85234619291
37402.254613954115
39022.95580574321
38090.406266148704
38498.68189607304
37937.52122665766
38598.646091021226
37578.05078830002
37879.80470883438
37446.40272818276
37988.83127166945
38419.08621168987
37854.94059493358
37722.31379179999
37083.023729729444
37780.69931082162
37985.63471044043
38099.868354485225
38291.365958613904
38116.565696950915
38198.806137424865
40546.55050151038
37567.136526810296
46590.29609369664
40503.39391880075
37893.54071251019
37594.29105998347
38443.66105673774
38303.6641464356
37766.425443016255
38666.49229974355
38446.9850227306
37800.026087581304
38147.51426505381
38166.09916717861
38013.30529324699
38015.672520135144
37964.27202621206
38292.394192586515
39489.71103752004
37703.90095138946
38234.51231049258
37787.804131463294
37726.16305321023
37539.568701794095
37576.839143909754
39398.02378490092
37773.48986955547
38115.03138006709
42829.38112594333
38259.30838708688
38120.69638706894
41672.30324388986
37912.410472712945
37785.531820400836
38827.25829648965
38411.72066157501
39150.56064905005
37966.51196891417
38107.761400200325
38022.708036981545
37770.91131811876
38128.29216082124
38009.29751676054
38335.648067831164
38370.16297054205
38071.95436997103
38333.187858226804
37626.150341016444
38096.372439580926
37982.23950455846
38067.886642546124
37357.09178682304
38842.9264329878
38598.8311820026
37918.706029477216
38258.45280747024
38849.45039093306
42203.46935849039
37874.35397589433
45433.568176123204
37743.23548826382
37822.00055972419
38772.42450425724
38019.85584128188
38733.594802562024
37689.74086474612
37962.572624390836
37830.67868852327
38413.39440928831
38209.43355823694
43810.67694040363
37298.65805716721
38082.96879987844
41702.605206671666
45983.827296314936
46586.57825976316
38254.4235230294
44812.756277154454
38296.11887718275
37987.80445685623
38718.28787167381
37978.14169686973
38476.50804130666
37817.64712232643
38093.18373584193
38038.05499277713
38108.935381401956
37444.09591524036
37880.10962826457
37513.24797437711
37976.341149492466
38314.56644425579
39919.069949470104
38112.500754188884
44304.75605184225
37907.83319694894
37501.54519785159
39135.15181882067
38308.60694028315
37258.63386434786
37643.27357277475
38859.321290326116
38036.922047645705
38852.44251654182
37676.887387656825
38226.56480773903
37710.912381090384
37590.96264367046
37989.33445280302
38149.561609052624
37849.22848466278
38064.32333779195
38239.88544931928
38528.49248577912
37656.360932861484
37705.044144031475
37793.29513270474
39222.585927437416
37867.65080927581
38653.127279403416
38212.11946029144
37595.082209023996
40408.22517813586
37864.45631326853
38295.76286228235
38630.91370668096
37149.57484319909
39306.98870834458
37767.28993512046
38096.051128630104
37739.59444982765
37918.25035217086
38760.473910043605
37741.30332572775
38634.24820785738
38463.0113986383
37779.307647529095
37719.195604715474
37737.07558691653
38511.843140322955
37778.96343731336
37780.24846596231
38432.86430441529
38073.00091463019
38530.45651410548
37877.90640663465
37569.605212866016
38022.358694733164
37868.16441131216
38246.245357699205
37930.0422096605
43195.13402844155
38606.77725781833
39380.37302737423
37509.55674210699
38876.27883278372
38071.16100434685
38397.67221915864
47189.65970123504
37921.12941037482
45180.05891391953
37383.96714712618
37945.2734164156
38221.3928041239
42357.7231272651
39304.17132046515
37788.08185222458
38417.379357195314
37924.18012179463
38551.612845965225
38190.255541930856
38261.99918532815
40122.78947098847
38055.65452371741
38534.34242195601
38396.4986261574
38398.0541782405
38550.8235765637
38460.52592306696
38143.11820535302
38170.35163721849
38877.853802569094
37887.501847560256
38069.47219875315
38231.71435411653
38501.62602582129
38666.768604439574
38109.23752126959
37696.228034069885
38407.938574827254
43851.6947524482
37650.64051285255
37858.24640387484
37927.514566898484
37885.760160675294
38971.46940944007
37773.28039277722
37681.40345323205
39694.74174790857
37968.99551757581
37586.23918878566
38136.35275332782
38325.5112789496
37461.398443789105
37874.546296119115
38362.2624155557
37836.47200156298
38889.778855839366
38714.84639667688
37711.32765855175
38046.42839859331
37820.69743885524
38627.683667073536
37458.77650273092
37774.98707739408
37335.79621663411
37945.85355481912
37895.024782590306
37793.490864397594
40942.63497161244
38909.924840302854
37449.442305061646
38684.91809966489
37654.286133467205
38165.69818265501
37360.74214948162
38341.700949895996
38069.421072500656
38408.91017558972
37924.324017753715
37598.95687117195
45730.88199480013
38055.16074003541
38517.830936964594
37766.75022997703
37510.3672538246
37533.27660177168
37591.57969445293
38188.19558707677
46785.74307306906
38095.334120955435
38306.52263831445
38732.062695169974
38086.08798360978
38473.60208117705
38510.66859195115
38061.979650718094
38377.72578924867
37620.8567122689
37600.38050895272
38007.1759768247
37903.50096337223
37760.106278370506
38111.04520510862
37533.93140951913
37919.72875812095
38606.4512011148
38271.09626054757
38369.415270212354
37986.989271509636
38016.67124208875
44834.01906439554
38379.44243976113
38604.6083160853
37636.244764126575
38259.49832159284
37504.57937960217
38203.95978198587
46529.65909628302
38188.983431497036
38572.84765099421
37984.00765802716
37737.330657749415
37858.45170080309
37884.250625856715
37558.814244548215
38714.701792849875
38715.98035991265
38767.77070554596
37437.40962799846
37845.398225759345
38713.379316706305
38048.512671340446
38222.9683633789
38310.89094168263
40194.56189135522
37893.778908942826
38379.24460476519
37696.82290108483
37536.992876169636
38083.06206369737
37842.924943807484
38427.23142052171
39300.12334734128
37439.096169584205
45650.203685537985
37825.083985499936
37005.9828106028
38792.19412606983
38202.49552174277
37728.61905512553
43435.34671484006
38771.51984047013
37737.75424340109
38401.80402679063
42386.12651926464
38624.264557955736
38324.40964524286
37687.878377831126
38099.15930279006
37999.53785070611
37403.33139953391
37509.639601339266
37706.88141276108
45172.095576803964
37683.491757010495
43920.81933686602
37869.04117434473
37815.547784885915
37226.51710727982
38329.86941058385
38326.07148022499
38166.42776069841
37865.98829282216
38828.57763238047
37675.945740665746
38040.33486534879
40021.890437195114
37958.65453120181
37692.47405006674
38054.13176470932
39594.64799152079
38063.633747768574
37749.57618857111
38823.117163245865
38528.66379049004
37698.33814723797
38284.88641479443
37882.02876814619
37772.16401685298
38252.027405385656
38559.83316163326
36956.508964995985
45426.19215926969
38812.043595010575
37555.144428106134
37107.82060683829
43311.78092477676
38317.80916923415
38053.91511334368
38141.21307061438
38422.83423213216
38439.56665906179
38131.902077447485
46391.417354759964
38120.5329977944
37783.1956486925
37976.52821750753
37558.73290537988
37862.72484631626
39985.555016382976
37425.15527699961
38371.43503217312
38214.52748550099
42624.41746853615
38106.116974376055
38068.83903461442
38158.00425478977
37592.84125369315
38753.584924589966
39092.355851573
37887.75891135371
38045.43174744234
37930.4979498633
37506.241545209414
38237.74858773668
38269.598657267394
37806.457641356224
43967.31055796281
37992.52989550494
37998.116557480564
38228.049332132025
38828.32151295645
38024.129335345344
37910.63770241887
38843.271320790926
38299.93526939164
38150.606241776855
38086.69836269138
38513.45489833431
38979.98102623462
44952.355434987214
37621.39404193614
37780.52559238876
37990.94455211878
38980.77755436639
39825.06652622599
37996.58942265789
37546.640026423855
38294.4853150408
37739.629012536156
38407.95951460331
38513.524903573256
38592.37290725349
44819.09233783767
46966.349373243596
37767.443915751406
39354.428579014435
37523.20716855204
38814.6947176596
37505.381232199856
38775.35365034427
37877.60149263454
37599.76908235
37623.609283030826
38389.660049977254
38387.81525725975
39173.73187294254
38688.557426124426
38076.594573003335
38227.30983259918
45944.843935848185
37951.01045692898
38469.607588773215
38059.1402590242
38257.54431909431
42785.70925935096
38346.451426644395
37674.00045780998
37952.6579767782
38018.990877631346
38934.19660960326
37361.15957849979
37666.669352288365
37699.412603734156
37803.560822975596
45069.73579922161
38197.652133955475
38091.507930253145
38601.03748705638
38440.081307098575
37738.994080710305
38359.108901428546
38037.6133358454
43742.37522569649
38123.46634848739
38752.72118379132
38087.27545853983
37942.97263859764
45832.41226325014
37463.398285842304
37887.66425971154
42494.149148164324
39193.12445407181
38211.58652949241
37635.136448980506
37614.94450260258
37799.90588988497
38470.84027984953
38305.324589928
39063.29460222017
38722.34404401932
37890.15567958282
38424.41966194223
42898.10270449593
37907.492638996555
38010.896785846475
37920.45147485054
38086.766252578745
38421.83624198627
38184.32099292389
42052.457896538785
37876.561343964575
40534.88195097145
37688.4233605498
38094.00415898519
38285.881828712176
39433.71780978991
38563.19468148194
38358.706793676305
38302.29488632054
39209.212531730285
38130.243935450715
38046.2223525746
38349.23841580922
37904.680589887495
37525.1307735166
40603.55033663934
38928.69926635871
37256.0133355985
38310.98326185113
37421.23416106893
38831.59340910686
38010.70226520058
41360.256313535094
37684.06334017567
46704.36971777236
38447.67438295872
37864.75577574206
37616.32576951873
38316.08760796726
37997.062993357526
38666.90183471245
37811.35527646375
37349.46192586245
37875.43122572099
38023.46403076701
46866.49549753762
39523.051992719425
37986.38641859201
37553.50494372348
38276.46697708532
37780.388299483915
37580.41084159059
38241.40830470435
38413.608880471824
37763.28419605273
38276.67769408245
38089.15069181137
38375.24822347258
37403.31988269957
38628.35028371009
38876.631791112464
38838.32190678886
39200.26256127088
37998.47517560448
44561.83437640153
38657.78912528045
37865.041558744015
37735.75338493672
38163.14991221692
37841.94396950592
38205.79279438142
37871.96138189429
38883.64229015236
37273.77196831569
38147.12272977388
37993.524719329565
38137.61361137412
38218.10394305895
38283.65812366553
37841.709209127795
38582.70426088294
38314.65294248213
39587.91611423423
38366.79875679285
46840.787971380385
41943.77434894991
37888.98821549265
38258.620969621916
43145.97548738929
37756.72724756983
38485.323877401526
39590.745251568085
38252.51357829171
38475.26020626216
38125.03641025056
37995.206725736185
38513.165835500586
37511.82809461225
43857.96536082736
45145.00278923777
38037.96168522337
37670.54848332163
43418.32837149743
38072.595424627034
38291.32946790845
38137.20900335767
37575.72230730018
38155.76621954214
44181.22574521688
37623.122668913704
38103.91716084048
37751.92577398612
38096.22440792709
39172.75253854543
38028.475917725875
39042.05456823314
44269.48492910399
39079.23081130452
37616.627761700875
37850.54653900546
38440.3348036066
37600.0723750035
38007.02044650076
38130.41735322892
37639.563374862475
37834.69164838401
38578.44097908741
37766.259543366075
38560.010256320274
39129.04757436468
37746.5236841181
39766.11909173096
37093.50811454468
41209.44213524748
38542.53335331598
37854.65078238102
38019.06689606351
38927.344269342946
37585.46783478143
42004.784855797676
38014.402410007555
37900.966534123596
37326.62404413102
37863.968309744494
37619.670550494775
40086.555084868516
38201.30806262291
38131.06899885426
37933.578817332775
40369.94866830423
37522.69417514525
38134.962503767965
39432.82828060714
37944.403719456845
38091.58586450893
37540.5207887757
37822.808984654956
38260.53390889676
37856.94147616784
45112.38469201478
37605.13462157657
37865.36099848277
36930.52993926857
37845.79610842569
38192.91647950671
37877.87526465361
38204.1163138271
43873.222001761336
37748.07896928739
38044.07851646151
38428.02712510745
45838.04380664944
37857.373390884604
38046.56124507525
37768.54058759125
37651.16285914162
38181.29451586297
39220.69554243988
38298.50462480038
38301.44166058557
37649.66400754007
38530.02860949629
37949.31327319512
37852.15627480987
38927.65754019834
37995.128222792235
37980.69479645308
38310.53611062355
39256.73851624832
42335.93305029061
38510.06097480222
37396.91306541501
37939.25131940575
37635.791998190056
38007.87134525561
38258.184678767146
38311.66765935159
38139.74062676986
38264.622838687465
37749.749010262196
37986.29347135727
38561.063743417544
38177.86371611255
37786.6539178212
38305.16313063654
37555.57912125397
39039.024013157716
38704.38636349344
37731.57599225196
38143.453643191286
37892.58493460428
37913.690564234916
37790.27043194022
37295.62676227822
39073.61231433382
37959.643508470006
41153.67242670745
39013.9586978144
38961.95820434449
37815.33412338728
37632.45850288694
41074.43670686067
38077.724348695025
38211.304080785834
38130.99327603054
38431.3738855477
37877.719511879564
38274.1334207668
37545.41653238316
38576.786028551636
37650.83549909565
38206.75962446773
37775.23011707138
40552.06084500352
44513.48906232664
37997.0149685059
38066.76478757536
38110.708151512714
37130.85304224927
38078.18496843365
38036.54431174041
38010.507585067375
38457.78869329491
37488.13483934332
46904.16486224972
38126.74622313926
38275.62505554528
44797.66041161295
37741.44643556169
38886.26733098396
39617.44593099065
37513.25160993066
37179.9385524334
37813.9746616912
38166.86927081005
37743.861273771014
38806.40708347279
38177.99373676424
38497.67384387428
43666.7558238603
37871.57175473746
38173.23990057802
37836.853753558855
46672.582929127224
37887.31922242085
38254.12148877681
38125.89065700375
37920.799609946494
37804.41962799392
38010.49833696025
37854.82080269822
37852.81067881122
39070.18645405968
37677.804394473234
37600.20936888501
41554.10769134039
38004.18781005945
38026.98694254016
37453.21039953513
38643.05208572698
40607.07918854345
38499.84444835689
37687.18659025823
37769.416242585736
38407.84041063839
38073.52138209917
38597.184858920875
38031.84901708783
38868.682073731325
38573.54158339675
38331.99391751296
39329.569010514526
38070.15595670393
37495.05217129792
42176.56944824559
37710.99894039318
38137.933057662965
40099.956937205505
37780.762881218216
38050.28053366706
37857.26786294522
37877.039720893335
37976.01843146144
38390.35426518174
38086.42460259068
46532.49355637534
37880.21797028414
37473.94945300281
42663.53552912017
37807.407331087736
38035.30890521822
37807.00827888577
46817.0039937814
37571.46325698648
38068.155784895476
39407.498292874225
37893.403309048605
38405.81388740005
38189.43657866113
38230.2674870684
38005.70999903824
37670.107226989945
37603.150314148734
37955.754416376956
39612.22916884953
38060.562891328256
37779.5975041527
38456.41605078114
37794.06176768085
37867.369495052066
37638.21941874843
38085.51775966538
37978.57831788278
37882.04957639318
37298.177287881146
37882.711888009406
37748.04635743275
37351.98845853163
37353.013322165636
38161.06940348211
38637.91316310734
38003.38703160635
41956.58575188342
38074.35066166629
38403.361534232914
38985.25093253742
37470.42044267374
37869.9399194751
43123.92646168908
37811.49307024986
38361.91947965935
39040.947571370925
38419.94585215626
38247.581812698576
37734.05612041914
37646.03476973743
38063.4495361037
37619.50146852276
37422.801922299695
45704.346724153984
38528.95744461264
38126.59865702178
38010.527579389855
38062.12601599055
38130.57678206684
38853.54190485725
38888.38248013504
38622.30381936447
38745.405961435645
37773.21658578529
37740.68682226292
43410.085738189606
38393.440401646294
37267.89504585772
38329.16062520513
38550.64002474734
37868.808866487125
40185.55707165216
38739.8075793209
38594.67647263987
38054.038300742905
40067.71483881273
43789.32347678589
37962.8183025058
37850.20566485257
38586.43705646994
37770.824709761124
37909.44776037263
38347.56634382126
38553.57157583715
38271.881728746856
38056.64061742267
37364.549805519775
37654.79006561408
average revenue:38697.48645209333
possibility:0.039