37228.64488261601
37445.922656047456
37941.956481912224
37944.22454986496
38205.59416442728
37532.198590963846
38018.70322375691
37709.42293995748
37332.46567284629
37597.99080657682
38040.1451827473
37801.98785131901
37412.20930627603
38095.28882010257
38965.78655324105
37590.40785173595
37864.97807966476
38103.32840137617
37642.99893152742
37843.7685055498
37710.72557404926
37791.313448892
37994.30134047462
37859.84698880155
38851.96956137003
37588.64734561129
37999.090641064846
37470.32505236869
37232.69998589731
37736.926605654495
37400.5670326147
38069.266530450026
38110.131183022364
38191.11976556854
38037.43527244864
38047.827613913265
37420.9046231376
37672.89884776067
38088.840992548096
38124.28471300244
37988.16877637869
37920.562081258904
37236.518316704
37476.05716740639
38021.677463986016
37738.74813323628
37334.014892064406
37368.80327128941
37640.41042547854
37722.72057906642
37780.248410403794
37922.29783808304
37830.070483725445
37815.84657146707
37763.795607763845
37964.470130351605
37692.69132773248
38090.11127410792
38019.774348427374
38075.06471362569
37866.63041671984
38188.596566407905
37604.89613574689
38755.52217386401
37297.09025191872
37691.673723286876
37419.71968380725
37445.79776371324
37711.321059320406
38708.04224074617
38011.45622469646
37472.504772490356
37914.57045633635
38022.07258569554
37280.30136673514
37456.923248250125
37643.39821009709
37387.20743905684
37898.25712585664
37434.840641875206
37503.831642687204
37871.27415413613
37637.795459234374
37631.80602604625
37475.42981989792
37396.98234910987
37400.14384675356
37596.07078984771
37602.03405176911
38039.41726305037
37929.47740761634
38350.0365744412
37988.67394971077
37381.703920028296
38146.08856526131
37804.66445968468
37572.59932131107
37618.6223027497
37330.25631427562
37697.4715806607
37894.210740826085
37486.36986062441
37727.06792271982
37861.59727755906
37381.30498729846
37784.202963364914
37864.05890462469
37250.97625082471
37839.34763459824
38036.51206852387
37727.84354599279
37697.533143757195
37710.12013866224
38157.14532543766
37799.29655120435
38550.511337687756
37767.31425642996
38401.45760253048
37798.005167529576
37824.58932915844
38045.86371402655
37649.78974145953
37216.493305066884
38119.72898070766
37731.11162985053
37561.12443019356
37463.45740560286
37826.56503983565
37644.3112709763
37605.05495770171
37719.969937926275
37729.633297293454
37511.577985914184
38056.45971291322
37667.73190561361
37688.81236310995
37210.477597719844
37561.322371404225
37871.125093902134
37502.75929728696
37856.617023183186
37928.26280122371
37725.4358868101
38004.02879815825
37826.82309893547
37539.25445367584
38415.994057635704
37634.326168571366
38542.17806180583
37743.9780003259
38474.419200742224
38159.10726095171
37661.44815114593
37801.42919115077
37426.916562887796
37483.30436943759
37673.619164896736
37895.85494135634
38166.22643057796
38459.70240858142
38048.698904885205
37593.40343429906
38116.11049097414
37816.24151604577
37805.30839110195
37561.31209903261
37609.672182208975
38790.83499481706
37784.236152546604
37863.26405468572
37772.14559782607
37468.49580995252
38059.655904079234
38913.36607693047
37626.779049705496
37899.56948169722
38989.84740142875
37594.747303905926
38125.01754487961
37635.202063991615
37519.35836108633
37867.69193723184
37721.9543529292
37746.99607608773
38137.89134256823
37602.69434508823
38284.22451810838
38024.83354403984
37608.597332392506
37977.81028569328
38169.255020279306
37724.16169116701
38404.8682024165
38287.83796913277
37892.93324918202
37422.60835450313
37695.76924810353
37598.997129017334
37914.37464377383
38078.778783843074
37853.173033908104
37928.883306071206
37823.94784272664
37746.5713103103
38180.506371436815
37525.940930141514
37638.848215580365
37794.56050697451
37888.88906634324
38329.89479641141
37995.72279535403
37926.32368323427
37256.42854378962
37827.47783113443
38023.31933905179
37604.078444315135
37892.32355502303
37944.657214188155
37985.33776322903
37195.659715022564
37605.32882471211
37788.47294413472
38064.59912937846
37834.45098818274
37549.45830283531
37967.6039837152
37774.74101223257
37668.134623059435
37876.05711822577
38068.80470950222
37811.25223334074
37089.44033396657
37949.57947802199
37805.105378409935
37367.247567102866
37841.547865215995
37743.99958604256
37598.99278685884
37770.40137419407
38001.70939937453
37645.66524245483
37821.81117365679
38071.08305936695
37488.351987656264
38371.63182796069
37787.623890397
37548.26980597462
37762.786641910854
38421.16831294385
37055.263021475395
37847.41087000882
37593.96062827257
37886.63591314653
37386.37865851215
38045.25984471912
38047.67505110971
38052.46406355097
38066.39526674578
37794.48040972472
37906.6048178934
37848.77319571579
37389.59087847027
37445.59818438309
37748.519504488155
37623.50291958737
37455.8061963259
37626.62048819667
37125.96700349484
37830.97409165239
38285.24361031698
37679.78474713014
38388.44469352444
37481.679897028946
37254.16252153803
37906.147078230504
38065.639349595505
39105.57222475081
37939.65114203515
37321.58176806067
37552.283821849414
38433.63566517939
37930.48506613735
38038.99162095636
37917.76008173471
37812.67818047185
37544.154965856505
37918.82647594709
37888.66211821201
38010.67188952549
37714.514033876214
37462.14257972095
37870.30630818376
37364.96449985967
37646.720444476465
37609.54839172449
38221.42687736934
37513.63336819905
38117.879756648734
37813.88057844526
38172.05129556912
37564.54265674213
37600.227478722474
38025.58063289474
37521.24778844619
37595.00093345872
37845.12107660405
37877.38994338682
38655.42149653581
37813.95043359379
37822.768334400665
37825.91979401664
37782.87921319108
37169.21892189144
37517.34273453421
38129.25883120917
37862.60804832319
37846.99773364528
37772.29077862235
37735.82212837749
37477.82539976145
37815.54798068975
37481.732357329456
37337.67383640304
37986.66967302795
37546.89392100498
37622.18735585061
38273.6769746431
38722.58487714333
37969.4295919179
37839.97737263076
37635.28695206268
37814.25488639307
38183.139348754295
39089.52723657429
38049.7446265173
37786.91094409767
37995.43342324037
37674.1079038605
37693.495752068186
37388.26336309897
37801.93813981009
37794.29807105004
38006.399489104486
37304.25592713502
37534.59870226882
37749.10787611513
37536.94953815015
37973.417156875854
37994.91466350782
37394.93150375849
37432.28649516886
38105.27758172299
38219.85204826192
37418.88865974837
38549.467265460415
37612.12191895627
37734.4439839454
38298.6184088054
37944.88593345258
37752.995920632035
38028.034467474805
38011.42208325073
37414.97554915483
37489.67085272152
37197.64687240582
37521.04275157653
38107.843663125816
37380.748755583445
38763.11601176175
37665.40968989988
37781.36646737692
37156.93946124058
37862.00557239732
37666.10502847387
38235.80595490099
37826.46654473963
37813.535604249075
37665.49380845825
37595.755629800326
37960.663558960776
37992.442431288124
38110.77429116029
37539.283438811806
37871.555506436554
37709.7038446945
37883.87444488531
37840.53253650827
38071.15686721516
37844.70725527094
37372.482659926376
37991.830610165794
37354.311335053455
37486.665258891015
37792.3210867674
37875.74140637635
37525.385482442965
37629.866147848166
37464.09662420981
37882.19075512591
37762.4510149724
37571.19584707684
37395.042917982406
38039.64201153996
37517.02329507708
37801.881310965386
37163.665383436186
37551.82332850905
37769.33160623131
37733.19194783949
39007.82451532816
37484.32144271831
38153.36979762593
37680.51352251282
37574.981518461835
37523.56498606244
37644.42268259452
37761.94392485806
37556.84454248026
37635.83964086031
37757.20507445525
37554.72776143345
37880.78976377051
37914.686358832194
37621.55038454505
37768.37034930411
37697.15979511942
37642.81768482253
38247.931853349
37566.18290474727
37220.806941646755
37660.31220346677
37902.50648868719
37820.400725340965
38065.67538207107
37921.192435394056
37557.98910899621
37895.49812259009
37582.150187179905
37734.61956033031
37420.32032321822
37957.89402567151
37846.00041493828
37599.1837060757
37715.03127895683
37474.025753258225
37943.63034697595
37732.00143661239
38009.1118753815
37862.04043685051
37839.63902652847
37089.436724563035
37837.09387939628
37751.8619529298
36719.39413481275
37876.04250866102
37677.80420675735
37956.38698334417
38026.50796051886
37800.28504829577
38018.592439615815
38159.3940999894
37484.73536237931
37866.66076181209
37834.81415728221
37559.76038840169
37506.535811155314
37629.40745798801
38065.299724880104
37951.05056383589
37526.14037689178
37979.264991983946
38016.71296616931
37225.67937796353
37662.662960207104
37658.17902768288
37901.18771368978
38879.733358220394
38113.64457205101
38599.47436892517
37987.58914017526
38850.70002871781
37304.71294390448
38073.10529654804
37474.988936129565
37443.738519163046
37191.425596627916
38059.86936013383
38112.72879935604
37883.57402028896
38007.95012663448
37801.471939558825
37887.115566318476
37849.329293013216
37926.725296966586
38195.807396621094
37998.11378880745
37809.114197274386
37567.37567015482
37812.589662744074
38051.625647505105
37998.32789664273
38042.73254684842
37906.36886902484
36909.9646084203
38101.548884961994
37631.76144425569
37925.90755857171
38127.69470834159
37769.83644226759
37867.07998335248
38130.88552098392
37908.630120801885
38195.92628937402
37998.75535165254
37902.278917610194
38156.38608498495
37988.88232413541
37687.66188554548
38486.13283058752
37890.523847282035
37929.686548648024
37595.17418732881
38121.287091721795
38241.17035473372
37681.88745584738
37688.315756116535
38022.574514706146
38083.65035149195
37874.089234301115
37860.5873970038
38026.77343691042
38016.543169163306
38370.641026043275
37964.74498176446
37292.98648932077
37447.24791171698
37809.762176289296
37253.24180554276
37491.07225867595
37543.261212512174
37353.322585014
37650.023928420705
37758.720911220465
37702.879914962985
37958.32999928003
37910.02074799499
37480.97732863696
38106.19332749597
38441.900470013425
38121.01058292248
37831.89739517582
38975.52067000065
37889.53230023972
37293.487611267796
37914.53053999651
38039.13967531942
37598.024654171444
37836.7781351129
38306.53770228351
37688.532845350564
37264.044579423076
37838.78355258569
38008.228305593184
37460.79612815848
37627.30833431517
37733.75217405117
37813.10850214419
37680.43869044545
37204.793880481004
37820.85658054617
37872.58038096935
37276.68510605999
37537.88343534676
37812.79437020247
37589.08850958138
38062.30938284259
37596.2663028594
37890.36182645292
38142.80257878152
37904.281252667635
37841.562793532255
37763.07126555035
37550.3846042499
37939.60398030196
37998.41297094323
38004.67722772919
37406.800441810294
37983.247149403076
37984.76639970249
37872.20086599587
37440.58113694008
37682.76762061271
37755.946490537535
38478.01115550611
37479.803894357334
37460.88030712216
38127.661554925304
38041.01670480854
37634.53641026721
37854.85954440391
37609.12964139735
38085.52767708109
37993.72607543359
37595.66776034941
38161.2854895841
37634.61577633572
37924.31040393973
37256.39796246286
37734.58325400051
37635.852283159584
38170.598470665405
37221.27097126618
37362.82028515752
37612.644477177164
37817.4304093761
37237.83307387304
37882.15656297967
38164.05131647264
37705.03962706926
38013.74094289668
38218.665987461405
37787.50071992912
37935.85040969203
38343.02261898528
38179.17634416074
37732.02464386858
37502.73296223589
38077.72356644434
37483.49663973634
37878.71432435707
37648.72226553465
37970.30321329921
37856.40103372871
37660.168346310886
38254.663500137794
38155.87693864062
37696.10719003267
37983.17387076466
37584.9414052399
37500.33841711851
39234.106915828546
37620.93012835342
37988.90716242114
37480.85459128095
38927.95183217121
37921.2980626115
37906.19652921166
38337.54389622994
37623.496587004985
38051.492455868116
37990.227607666675
37790.98936508898
37981.41568195228
37817.574927251575
37862.147672390434
37810.65181377381
37715.9667092367
38293.98397567478
38176.23695555792
37521.55905163782
37534.55247721687
38121.97586170793
37446.753125345625
38008.47782588102
38100.49498163172
37575.58267125935
38003.420440218644
37331.685884127146
38241.9466473816
37780.9129588614
37380.60761992842
37785.89215421898
37617.76702482822
37836.34982881266
37929.92607424802
37650.00649758004
37993.98607916247
37868.41413542002
38237.774632274944
37790.17975684005
38356.81939599915
37549.822670760914
38084.02867301585
37941.800528225984
37933.09561684972
37474.361466744595
37364.557835056155
37373.11393415438
37564.25241685163
37728.48543053677
37848.79029909435
37598.03065052778
37546.23901870724
37213.179429269476
37901.82834501879
38273.43759406233
37535.90781716219
38086.34142467022
37973.05822374579
37778.7236732308
37773.11401316614
37764.45467180359
37872.59719506339
38037.28705602002
38017.16823492801
37498.07865525465
37786.74389921727
37418.48778148974
37479.45143218021
37807.78607174096
37944.663312082324
37576.81984930983
38158.186078839804
37763.413516308436
37371.70887220932
37239.41551051426
37679.27302718493
37980.960788910896
37543.30731435682
38178.892403344464
37534.85964706846
37995.22349816015
37888.653131902334
38044.70154090315
38268.38754846406
37180.26205143736
37787.89428055366
37768.752272436555
37622.88099186714
37873.75335997629
37881.02839473077
37999.793656735055
38051.28316855339
37583.884187961536
37841.8925428479
37917.49577434738
37495.12589809753
38132.36757479904
37755.17359282675
38098.525546212775
38057.88825013474
37174.651606174346
37987.773843511066
37792.51586509319
39058.27592977825
37475.69503062446
37676.545059645396
37653.93468013665
37940.64333414339
37888.68043959113
37972.357129980184
37674.802063646355
38241.76674675729
37605.925596579764
38123.2026272094
38042.324666363966
37532.58322448107
37863.9940678878
37919.47533433405
36847.74268074815
37494.428175277855
37487.864906991446
37663.952572109774
38034.146320432024
37808.213630615865
37859.424881837316
37774.60663820114
37514.37034326532
37844.12014228613
38697.232704766975
37903.121144155484
37913.362184663034
37726.24727980754
37449.74951360904
37198.09007593816
37495.435108342004
37926.995613052735
38884.33039102327
37710.388966649334
37798.69416247716
37944.690013881416
37832.91272629332
39249.074851532714
37984.02989454591
38756.70716103717
37546.81339387563
37504.235047487775
37885.259588930145
38649.728576111935
38996.0153660909
37538.28875551432
37557.56800886762
37604.588089721634
37617.69303058246
37744.99677370753
37720.819658864704
37983.261565812485
37611.28999305164
37990.8002157719
37681.469551345035
37843.203010442216
37736.14768151262
37897.69093379774
37275.572028631046
37863.70818448516
37324.780970192376
37865.12142024073
37990.02377346698
37523.211212886315
37973.66885407169
37857.58644328216
37876.41376846694
38992.06333276965
37555.81962176344
37602.93964198849
37078.95982239374
37956.85559653181
37850.60864404156
37936.86435049141
37921.903561169405
37362.22858212948
37461.28338697671
37842.90799434707
37802.02106057728
37923.79981566457
37964.66197577545
37886.13607929122
37706.78168917999
37382.506519106944
37800.670244975496
37927.75520902032
37712.79385082733
37684.56435398715
37767.128352557425
38010.84305412011
38166.0164645197
37857.10094944114
37657.852798699576
37901.79268765922
38386.02475383302
37560.22671902927
37968.0867798098
37480.46982661288
37772.47562831747
37475.729245282644
38081.01600043668
38333.11085578999
37797.61487234453
37653.75049657352
37627.79341813772
37505.38264589752
39131.57198895694
37707.03499335311
38050.57394376433
37731.30250237795
37229.115559679354
37726.03759279829
37837.582239639545
37831.26325921478
37795.965075252534
38238.26528376708
37848.983024725276
38393.3925073515
38034.574461332966
37795.23922937447
38769.45477808756
37618.01390284167
37890.540607376155
37883.08055322426
37681.16080425328
37885.66549534663
37906.431916597256
37561.43991495292
37605.724738874735
37585.489456795505
38150.90205289211
37544.478062255344
38152.25279196014
37881.002825882264
38048.41390603387
37910.67915872283
37923.14849166314
37868.08971832216
37665.03378919419
37904.37034667224
37725.49768396033
37549.148246359684
37798.128739699634
37810.07377107343
37809.63918831471
38010.316661676894
37436.78097146598
37724.99808900136
38229.4083801629
37477.03028569839
37771.239174179376
38020.282566126545
38074.925345658434
37350.33853979881
37194.90261837635
37907.00015481327
37972.41830076541
37834.82441461568
37741.59420236085
37890.060417197135
36870.10629671411
37883.30321936849
37530.00684566004
37705.004465446465
37695.38284026167
37640.54470394427
37889.91958804478
37936.632614396236
37521.98761754761
38278.05321095811
37551.91243173362
37636.940482547536
37614.58282019775
37927.79782110966
37814.54207267293
37771.446390135956
37627.11305487839
37510.20137063977
37487.514370899444
37921.66228923196
37733.91223314842
37541.298460609054
37667.84262105467
37247.53227981068
38171.664958279565
37796.961816669405
38017.634678013965
37562.422075645205
37346.812975212444
37767.90066020869
37637.82365862298
37510.20543872092
38333.237289258665
37125.73744170557
37363.30823456121
37330.871194796964
37883.210418599214
37435.841532529375
37614.57463705267
37989.57424354114
37657.11041082165
38801.047464722615
37592.72230454902
38169.22892517212
37307.802948249606
37821.88846896306
37839.470726209205
37825.190687199145
37604.4568467545
38126.141904034
37541.713207751156
37848.185842776365
37532.53675508569
38850.93853083175
37289.244153406915
37730.361959823014
38114.13223929395
38490.07672613092
37255.36266525757
37734.27079423664
37585.651612506146
37835.12362664391
38065.327238349186
38100.41483695
38159.75881894653
37590.504345067304
37870.211842843746
37921.077675090135
37548.370225592706
38256.59946999969
37813.38159874379
37579.67205371452
37797.50688697827
37614.54885068578
37401.05609224365
37818.572337518024
38158.022710606194
37944.15077047615
38182.29753351449
37513.55792602264
37778.4475120337
37433.82304188729
37590.63554187666
37851.840310444655
38383.78409867993
37851.394614937664
38618.60811368337
38301.12532974661
37851.54528519809
37297.00826782793
37915.371388102
37632.59929795817
37689.30956803577
37918.0526666886
37766.49759379561
average revenue:37812.74542099922
possibility:0.516