37760.70189532544
38324.45852963236
38523.05762896052
51825.215974119485
39208.06187554201
38297.45487515528
38639.89199624696
37828.16429786595
38481.51994472335
38646.93547638983
39188.897280238554
37895.40376845345
38733.52878398746
38419.64733989018
39953.764736261466
38327.52576926772
37814.36098062797
38853.00339905558
37828.013869366594
38449.95822969182
38102.47123677571
38213.529820193195
38384.02765896915
38619.896099984435
38539.80850451993
38036.81527339957
41925.699802280986
38634.59928597503
37833.66386443694
38588.505998768036
39055.06156787374
37654.24794533301
39203.28517630584
38202.90696076152
38446.452638933086
39006.3850736693
44875.41126064674
38587.428821849484
40106.25356537063
38598.59028204131
38026.490322339894
39194.39477762936
38204.41109450651
38257.681386157616
39200.2650115425
39327.16537191248
38908.19786417148
38669.34718684723
37727.255478383035
38316.167432000206
40875.631367339265
38624.41331720712
37701.61125045197
38179.56064753983
38310.52172997033
38374.260904495764
38110.4136382044
38357.509089420586
52799.24329903079
38110.84470002507
37624.92031619779
38027.07831908358
40447.877178296025
37670.6213181114
39505.46007959198
38977.19275194588
38891.25234561302
38357.29620988278
48259.94328746523
38007.204296339914
38415.76369014849
38441.21810515968
38167.14058560971
37699.807804107884
38362.70445834347
38138.520914377616
37954.122609346115
38227.42360238399
38229.86124048673
48590.9098446883
39847.81106833146
38006.50449419642
47864.039889292
38047.63965610105
37839.60722252644
37800.392767296165
37731.616400944105
43454.579332223555
38655.299490018886
38542.09382322578
52495.29821927151
38469.352324935564
40133.8853794694
37604.33297630463
37752.494828001036
37405.32549597997
38564.72837659834
47997.7438454192
37920.33258774412
37960.110138087446
48663.74667040276
51330.9235588508
37945.06665407526
46697.21334877193
38447.76522667102
48793.231511282596
37507.13284269839
38324.42452621281
38258.28820414604
38318.58893059033
37922.95336109739
37991.56499699107
37730.44091754843
37198.07724452198
37945.06480778431
37654.31775200577
37836.69949377082
37848.036081373735
38260.710158115355
39456.357215001146
38232.336189249145
38172.461202755476
38739.2811377976
37443.87771351436
37371.467067214064
38767.08534766214
37995.28526280309
39362.88188275528
39191.18860367898
37908.77990944807
37725.98964179265
38110.7896524537
38011.454895375784
37494.20772278878
37879.956500963264
40901.48180098429
48379.81796881215
38302.822748850784
37963.44417866491
37483.83922539077
38090.42348824941
38632.10615574602
38657.98937984364
38515.68607375659
37960.65646545825
37891.22588695106
37470.20847793074
37776.84069774875
38771.04996667585
37721.82872238021
38894.042730392175
50018.723558916776
37988.2074429218
51979.76360460922
38065.80897464411
38998.91487863891
40496.57852656607
37987.31319186006
37587.12667159342
37727.692648363794
38302.02314471626
38751.59666519109
38359.297905107494
43595.499599240706
38073.39663026127
38727.65912012074
38361.69072401529
38008.36078587709
37814.21780330707
38238.225336283096
37769.14373365302
37785.7681805297
38845.181717278836
38344.931170610915
38582.706175682586
39296.21740827924
37762.43855472103
38071.78852384031
37265.74186690419
38681.63478625294
38602.1694998202
38445.20994409281
39140.65565393351
37655.19867528305
37629.325379673064
39357.20115393844
37936.807590494675
38301.5226207714
38149.39840903077
37878.190053665225
38200.467227928035
37871.36419697076
43281.234600623306
38110.564462579816
37913.0679160903
49881.65782987636
38036.626795217846
40389.064340287085
37878.3554947104
38882.96013461834
38093.21678859971
37825.00462102459
38171.23256953267
39108.95042362491
44784.72585313913
38251.90849129898
38205.291798661034
37309.69767316697
38924.649490050106
38293.24713254285
38624.14164213148
38321.93643462613
39303.622551496774
37764.01622374287
37957.049820193235
39949.0228014948
38416.152991485906
37894.97404644124
39715.098112221356
44712.46062069174
37272.092853520546
38376.65876134604
40316.927735894096
37820.767906057896
37911.30063887611
38033.522309546286
38393.646162324534
39069.89600326556
37760.46024206297
38702.85108253861
38236.18357295725
38390.03194307756
38608.52670457626
37959.594876098374
38020.60352335855
38061.25993115014
37613.91946750808
39364.5716491419
38188.32172859693
45575.78757561763
38054.80417934762
37729.284906601904
37892.61118030748
37664.216380025864
38581.3842977819
49771.51965465386
38670.70566105612
38043.70574992417
40161.74495250321
37976.21937433177
38057.528315725816
47485.72701631417
40934.70495603634
38034.895884264675
37828.53625853422
37998.6488602953
41465.48128825458
38797.573639043454
38263.67090888027
37189.14044018148
37755.51125919543
38129.19395202811
49629.153794968995
38420.948252421
37782.961176928904
37814.90791328765
37224.66879365852
38829.2819118596
37372.4589408183
37964.80885720737
39243.263733924745
40034.5741933331
39159.690874485976
37854.93300815564
37899.97030961943
38136.19043311728
38207.01260894946
49391.988237608224
38525.88437716595
49100.50196731643
38393.86877414857
38167.892678505006
38430.97621178093
46346.676014760014
39256.918220221254
37689.85204294897
37949.64652024022
38599.924888675836
37506.538461251585
37673.11136159493
37731.6423614906
38606.70728174543
38258.933491026284
39409.928370122034
38334.56654760752
38628.53616021424
38180.324247480225
39812.89688058184
37312.13758332466
38449.567588198246
38239.550712013894
39501.10401328455
38158.0095045262
38366.29163669879
39017.88610991061
37861.264697232786
37880.37973845237
38022.342686889795
37674.25167298044
38797.41470872688
38512.362444581
38090.63490324651
37809.35826091344
38465.96425805607
38614.71531191008
38508.266867075545
37960.02532436515
38161.704969122606
39653.37462354514
38024.44149275615
38391.278547666254
47968.928527025746
38000.61427491922
46345.104902976986
39130.61684822968
37754.23151835292
38655.801537453925
38490.77054969472
38612.21705250306
53123.6627512286
45917.58385847716
50764.164604583915
38168.70091311423
40167.79351491762
37920.56573106644
40307.113769402466
38640.55536894918
38404.24028500945
38511.2731136993
38605.886284239015
38631.67722771357
37824.03532370187
37322.59592657847
44251.94382851978
39341.84494464738
37414.112780229676
39263.08352974781
38594.4326933009
50980.09918852702
38069.787636972396
39234.02676319793
38147.693638951765
38224.44770456228
45158.65750386089
38132.43848726167
38718.57683819032
38452.22929411687
37659.66898724657
38481.389403762354
39947.36912510573
37832.97009584232
38867.69768260783
38259.17372249723
38430.68873463997
37593.270116066175
37561.75803332026
37942.429603446995
38120.80269806923
37760.775954007484
38230.420410524086
38022.727316323755
46407.04727973708
37465.72492290628
38548.918549655944
38263.415745156286
37846.66317745052
38822.805139378535
37575.99334561387
47736.849008522826
37914.285349051555
37675.789732706
38521.44386980074
38589.04095168349
37509.530443573516
37826.4317560016
49177.186273345535
37490.50970556096
37335.42219796781
38727.9192236058
38013.901251802155
42546.27106003282
38212.547386426886
38314.34884537337
39009.04139711752
39608.712575691316
38711.05568961522
39179.908933593586
38283.09166090402
50457.438221235105
39397.45793887036
38009.927304118035
38018.52243484206
50820.07988217947
38178.64488633776
38626.43099340331
37526.15741435233
37881.20709560689
37649.91186957973
38641.40240069669
37735.88415987274
38440.688053109574
37888.032295100114
38106.57102681705
38159.10285242839
38123.150797122005
38501.11167205025
38313.18151532276
38242.05939344162
37862.42322965311
37816.739751515066
39758.18452383739
38190.350682644
38974.52929519673
38832.81891852686
38440.923050072786
38145.52690341295
38887.090713949365
39383.75368586537
37378.597007710516
39917.238056377486
37921.59217106363
38069.397698031134
37771.01651973119
38069.02054168393
46381.51814074449
38563.94225370921
38337.635311201484
38429.79908928058
37828.9435516218
38425.493181771955
38003.94584563587
38790.97101411222
39013.33839844221
37478.8723827272
37850.60649687962
38051.82187727936
37370.24273855043
38017.094772776596
38845.10469005353
38756.10722260062
38211.58560504547
37991.834075049854
38462.07285258045
37260.53987053764
38062.35871564997
38815.34968288052
38642.0904759631
39669.01299688796
49178.03144951297
45789.827320854616
38731.13372221299
38787.35468936969
44889.69690851313
38096.22995426016
38423.05504688607
38122.45169074561
38950.36190311428
38635.531673311176
37785.082621769725
43658.51854274199
37409.30769104098
38530.25081301399
51544.08310946731
37761.69682775916
38529.68948072623
37862.71360490508
38347.12867718785
37208.55129313137
38723.342069752194
37803.76075741844
38830.81934024089
38453.458918463206
38398.324001553614
37674.60678802506
39108.432353035576
38430.957518765885
38734.37036355509
38315.07077039282
38563.24686723069
38429.61920722663
38788.35204738506
37577.15970929685
38608.37688694324
38111.57920868369
37783.40897895469
38811.26842876592
45673.45383480687
37984.6893747758
38811.65675850422
39933.307425597406
37953.95032568462
38375.3762698617
52848.484093891835
38430.621429387786
38785.61374779334
45588.642679655146
38963.81819449293
38401.81328089196
37745.47130639102
37747.76729616451
39041.936236328664
39402.41974046378
43409.89571421258
38146.24617211529
38232.02508222568
38319.338144226575
38388.08737502209
38500.71058151604
37777.08168800668
38565.0898460323
38128.35064478934
38549.707589238256
37696.10655322017
37641.78255795733
37851.39432590617
50635.223127040656
40914.01559525012
38333.44801765871
38163.922571717994
39722.1498781017
38290.4384408
37770.50421726675
38152.28643417671
38404.35307154216
37301.83679103178
37914.591603603454
39125.71851226151
38309.68139424714
37729.22220062693
39079.275859364745
39726.322962399216
38128.21682856154
38132.54397104642
37595.223064803016
37526.92424069229
38456.11669590538
38589.89984306165
39614.45007744387
38856.12371883232
48420.177206992885
38886.92468033117
39660.12763172314
37708.50588233688
37877.85544056402
51345.77352374594
45541.11932953113
37705.375122001
38925.182452809735
38208.906694676654
37815.170122226125
49738.80216088134
39616.4687858074
39620.757550621754
38062.05411143764
39926.78072732633
49551.0726802898
44602.3819137123
38059.30910779503
38055.556179055675
37798.51062984154
38154.36212251444
38962.56101772148
38018.5010947064
37618.95306592018
38983.43187741048
46820.537530166155
37787.50881979625
37631.134081509255
39124.3119403408
38638.883243246164
38784.28825335432
37903.961533519236
37819.38512754399
38191.87493749942
37864.7240329849
38646.90929985635
50083.55251614029
39026.12313869673
37615.69799600469
39177.21339116203
52506.62948013315
39964.162676778964
38360.535702471374
37632.20149047643
38066.8825973176
37961.24154157883
39258.10392849462
38105.472866792086
39214.39740315161
37893.46956000252
48383.6191471475
38424.50386599989
37775.348413539105
37851.797435603716
37930.82382829524
37899.31943390637
37587.62183324914
38505.360015769234
38212.80624725117
37995.413476150774
38500.59510687275
38269.61988566251
37569.60214301626
37892.433205853966
38295.91513650107
51384.4555981531
38468.69532719452
38220.55616765291
37589.84680463239
39827.26016173059
39479.399621758006
39927.57261069232
45866.9038237523
37976.08665456757
37546.480679033004
38423.275729975816
38711.26808658397
38021.342946100885
47129.346359069845
37879.10602676358
38287.40304896423
38218.93778615491
38377.41957744425
37831.287609877516
38119.58066790077
37865.61433972248
38961.25732296257
38087.65967459017
38047.05973382983
38270.341163376936
41734.912391999955
37559.39340513143
38078.196684504794
38536.695266225135
39174.34330665361
38726.13198951945
38807.85450526306
37641.79516447108
37354.844502801054
38584.18484723577
39210.355879491406
38380.18314876509
38096.227525575734
52748.89602945206
38501.937130809245
38772.22723128557
50398.86107243353
38976.3367300101
38452.10011635635
37898.347592705126
38371.569183804204
38537.7197514786
38380.52015250302
38148.17466551473
38485.19242599321
52732.4017598029
38167.011129266466
38649.50473058157
37714.81623397375
38383.497698462255
37951.95561655846
39065.216309800184
37309.33136994045
38148.17960693809
38509.26271334919
38850.92302920974
41338.96964917245
38247.54482612184
37178.02004469034
38279.702110983526
39762.07555809889
38758.84069534629
37820.66971269659
38191.17486909391
38551.669960864194
37577.65085108239
38843.41038604115
38560.79060771421
38090.30873883241
38129.83681501355
39269.219430309095
38825.37673378218
38673.55969406404
38823.89235329076
46236.90321017315
52271.43491762123
41664.499100314024
39022.394498853355
51009.010360974135
47902.284401196346
43065.29288840884
37918.74228937805
38554.325848446424
38061.888343194165
37411.09124286177
37808.104552455385
49000.60501484927
38574.13865221376
37665.585551571654
42357.39050490789
37768.62504822884
37800.54666564808
38143.31006200669
38826.17050159565
37545.26567853258
38097.957205906474
38240.060875476884
47614.598841711544
38615.567315479246
38129.17045537488
38652.28311606113
37723.83114769677
39207.10157726689
48303.66430772514
38953.877846271265
38121.30851299162
38390.47633840715
37841.62600450491
38383.592347526836
50281.213864024256
38430.290122891965
38014.09700295761
37717.73131967375
37251.339527725984
38191.286770739505
38805.689029686044
38330.67126151122
38766.20555537458
38073.734968222794
38186.644855626735
38659.4063855316
45852.71236890656
39011.727247226896
37927.4241179842
37645.293268791414
39332.39855401017
38172.57555892462
38305.76900360693
38088.603043687384
38340.00620284889
37743.14743966965
39729.73804882868
38780.217050162086
38627.121004717286
37857.97966467904
39030.739265509255
46667.251589068226
37972.86580519179
38662.10989271407
37551.37737670435
39160.81085878365
37972.52788228034
39198.99965087362
37632.48411025826
38620.3404249371
38386.23204649225
38132.68325705253
38168.500490854756
39434.5460416225
38955.876144065776
38260.47196739662
38522.916766636416
38613.75148060294
38025.054534896015
38314.76971530385
38378.33498748843
38515.36371464831
37883.594658762944
37554.926577823084
38787.36128105479
39069.96156364724
39186.34231401944
38494.83255227482
44297.53981860629
38599.359619512805
46951.555813575505
38061.57806972637
41228.010603903
38041.9203396795
39105.95914696438
38405.56985324762
37738.68296595168
38375.0872100344
37720.59085200938
39568.05470341008
37806.712969523964
38517.81222811368
48656.43989893342
37652.43357719241
38352.79205721367
38296.88795915494
38840.14645865506
44351.60810888572
37516.803840740635
38623.84013330806
38406.9468694231
43356.61034336769
38651.903118732305
37551.14268474803
37742.15516998266
37630.7798131708
37373.074761164804
37550.00259553389
39129.55306509069
37747.373089816356
38581.59285128147
38386.77122074298
37497.87263081597
38469.86582107223
44431.27934183671
40527.18814626269
38223.82479047293
38454.66881021422
37875.1628232728
37359.91861367428
37866.39774315558
37966.328007376425
38353.61998663495
37703.0556203936
38345.56963712478
39332.26050235871
37317.499457430764
37516.30509488632
38151.95257161409
38357.10252614003
52329.09519619692
38052.864791061846
38354.38724671478
52183.796451434675
49433.79535792585
38805.38019255677
38802.66037916141
38633.152912883525
38119.30446390294
44888.33234508565
38371.67293386919
38610.781886895355
37515.55355022173
49581.25102856883
39296.39545235833
37995.0929481868
38090.45248347383
39604.18778067205
38886.0389999072
38281.84155619676
37556.28620514588
38316.33992440033
38335.465598495146
38843.1807560185
37766.07471080101
52738.24436149351
48081.45874146715
38032.969231650866
37886.79808278352
37826.77511952732
38097.26065513602
38408.71609392227
38289.34378172338
38812.294488170475
39533.09296015048
38248.17452501608
37623.440235784
38318.40592981825
38625.92657628804
37477.02779180403
37528.66909291508
38381.35731091752
37474.854419540825
38686.59150519822
45316.222512363325
38834.1835276809
37791.8236575838
38617.59848257911
43736.45887024344
38272.04882022527
37897.43170830972
51983.443367530424
38605.03330740003
42488.91221938192
38851.86843167736
46675.861820050624
37897.12315855084
39172.52170322497
45636.22875586023
38155.02513754442
39538.83674128139
37981.76484665192
38564.122854095345
40010.86314026524
38211.42325279345
37621.83785689294
39093.995081628185
38284.29042891885
37674.20458231407
38385.33304213686
38253.0780445081
37814.512985214475
38118.69112321691
37911.98746548498
45954.182998736695
40834.622790295805
38902.52311167102
38045.43650761945
38139.23575455845
37848.79683146945
38563.72413022081
38510.68343292545
38090.998249962075
38888.97265301305
38245.129641142456
37826.75161652498
40040.68001957831
38098.41606708935
37705.43930865515
38452.36573201237
38980.0747877742
38184.6204260625
38101.00483699093
38063.233333772
37621.54987463067
37307.90986079064
38304.98409324159
37294.390717301634
38153.521775850815
39004.63184146837
38121.497084743445
39927.99300405931
46972.34361375722
37739.21165651602
38061.122235162846
38353.345906121496
37589.070640018675
38616.29150876019
39794.20392329384
38363.49055123323
38213.05482317757
38768.206786622955
47591.422556823374
37513.67194758688
38663.186348915995
38958.743556202346
38502.86972984667
38967.047603608
38060.104859666244
39039.85213986799
37815.24313299855
37408.59797042247
37719.231324201
38392.23351391935
38944.34114392112
37503.97859558759
38117.946494054006
37975.13111230318
38077.735277064094
38168.95092228511
38115.659143474746
38130.2207810035
38168.995035586275
37763.88974064852
42759.35136579637
43116.82135348925
38330.14642344239
37402.8730684819
38070.286976024865
37766.3077357303
38600.78292568027
37750.542264067924
38259.86706336777
38709.33225844971
39901.0423464544
37927.954466924486
37343.052997908795
42189.54570844515
38009.09104796075
37595.35769473806
37758.925857441485
38383.153188451906
38499.340555753064
38906.58959306604
37377.01355581398
38123.06151928511
37413.214983285805
38348.78787519187
38215.239771026376
47352.763750262144
38882.159728190614
42268.935500620864
38579.006909349555
38600.71305337333
38092.93432319546
average revenue:39369.40602254012
possibility:0.026